0.000000000000000000e+00 0.000000000000000000e+00 0.000000000000000000e+00 0.000000000000000000e+00 0.000000000000000000e+00 0.000000000000000000e+00 0.000000000000000000e+00 0.000000000000000000e+00 0.000000000000000000e+00 0.000000000000000000e+00 0.000000000000000000e+00 0.000000000000000000e+00 0.000000000000000000e+00 0.000000000000000000e+00 0.000000000000000000e+00 0.000000000000000000e+00 0.000000000000000000e+00 0.000000000000000000e+00 0.000000000000000000e+00 0.000000000000000000e+00 0.000000000000000000e+00 0.000000000000000000e+00 0.000000000000000000e+00 0.000000000000000000e+00 0.000000000000000000e+00 0.000000000000000000e+00 0.000000000000000000e+00 0.000000000000000000e+00 0.000000000000000000e+00 0.000000000000000000e+00 0.000000000000000000e+00 0.000000000000000000e+00 0.000000000000000000e+00 0.000000000000000000e+00 0.000000000000000000e+00 0.000000000000000000e+00 0.000000000000000000e+00 0.000000000000000000e+00 0.000000000000000000e+00 0.000000000000000000e+00 0.000000000000000000e+00 0.000000000000000000e+00 0.000000000000000000e+00 0.000000000000000000e+00 0.000000000000000000e+00 0.000000000000000000e+00 0.000000000000000000e+00 0.000000000000000000e+00 0.000000000000000000e+00 0.000000000000000000e+00
0.000000000000000000e+00 8.435261976753027013e-29 7.307288206025752009e-28 6.028989094620420176e-27 4.785395809593517954e-26 3.646937571236212540e-25 2.662404697385350212e-24 1.857150586177087098e-23 1.234288234201053163e-22 7.791252550000671408e-22 4.654504450910504316e-21 2.620996822131546809e-20 1.384825659400882328e-19 6.829296735155250136e-19 3.124446631574261122e-18 1.316810559877343849e-17 5.070451563809842248e-17 1.766618468285781320e-16 5.506570057081499872e-16 1.515345531847662003e-15 3.626302526537548394e-15 7.423301472603856574e-15 1.279425221811691603e-14 1.835900896098203904e-14 2.190821823294605664e-14 2.190821823257875669e-14 1.835900896000534719e-14 1.279425221684702510e-14 7.423301471363816140e-15 3.626302525523258653e-15 1.515345531112108965e-15 5.506570052220725342e-16 1.766618465365034912e-16 5.070451547494827466e-17 1.316810551481363960e-17 3.124446591469206717e-18 6.829296557647729840e-19 1.384825586358598185e-19 2.620996542085805386e-20 4.654503447034345951e-21 7.791249174604182447e-22 1.234287165866044654e-22 1.857147393142671205e-23 2.662395656291663554e-24 3.646913250201337395e-25 4.785333480638013293e-26 6.028836563744987362e-27 7.306931564969999126e-28 8.434494637222078177e-29 0.000000000000000000e+00
0.000000000000000000e+00 7.307288206025756493e-28 6.365401515459880761e-27 5.281488898968051416e-26 4.215450781698335888e-25 3.230274276829147520e-24 2.371054091726951810e-23 1.662814835759904938e-22 1.111011043556170585e-21 7.050067269298823559e-21 4.233769940049384208e-20 2.396497401216737111e-19 1.272789704183855410e-18 6.309404510507268872e-18 2.901617465659988659e-17 1.229277920920662315e-16 4.758109135040000060e-16 1.666404867465562801e-15 5.220746705800412278e-15 1.443762102150579221e-14 3.470778113683313043e-14 7.133098045566965931e-14 1.233155462703020964e-13 1.772799748821584319e-13 2.117024898365966296e-13 2.117024898361424224e-13 1.772799748809511086e-13 1.233155462687371731e-13 7.133098045415416284e-14 3.470778113561030136e-14 1.443762102063970498e-14 5.220746705246494660e-15 1.666404867143387077e-15 4.758109133296522796e-16 1.229277920046184856e-16 2.901617461563634891e-17 6.309404492614212575e-18 1.272789696880932825e-18 2.396497373329303294e-19 4.233769840211190895e-20 7.050066933317151930e-21 1.111010937009502181e-21 1.662814516425704393e-22 2.371053184915824357e-23 3.230271830405198470e-24 4.215444497173119447e-25 5.281473492409656756e-26 6.365365465907897675e-27 7.307210854941813627e-28 0.000000000000000000e+00
0.000000000000000000e+00 6.028989094620420176e-27 5.281488898968051416e-26 4.407083621521509599e-25 3.537250802104202136e-24 2.725515555123205216e-23 2.011401927296258307e-22 1.418114516963414471e-21 9.524890352681711593e-21 6.075426845308912588e-20 3.667121169265170274e-19 2.086257799101633663e-18 1.113591942512695730e-17 5.547902156020489044e-17 2.564192412029218876e-16 1.091776542806133246e-15 4.247114148060279134e-15 1.494891789005185610e-14 4.706557109857826508e-14 1.307788073337313729e-13 3.157898169001392585e-13 6.515235826129808787e-13 1.129699420470039275e-12 1.627003824233834884e-12 1.944221230119762376e-12 1.944221230119467128e-12 1.627003824233021436e-12 1.129699420468888371e-12 6.515235826117009298e-13 3.157898168989410987e-13 1.307788073327447793e-13 4.706557109785097950e-14 1.494891788958090930e-14 4.247114147784780507e-15 1.091776542661225611e-15 2.564192411334740248e-16 5.547902152973658627e-17 1.113591941279507379e-17 2.086257794472674908e-18 3.667121153050169515e-19 6.075426792083714033e-20 9.524890188096338208e-21 1.418114468867612846e-21 2.011401793884585140e-22 2.725515202950534959e-23 3.537249914226480220e-24 4.407081479127345977e-25 5.281483944783900651e-26 6.028978404695730856e-27 0.000000000000000000e+00
0.000000000000000000e+00 4.785395809593522546e-26 4.215450781698339562e-25 3.537250802104202136e-24 2.854700468577153178e-23 2.211432754193328835e-22 1.640604163646651529e-21 1.162641901320977156e-20 7.848305117308731327e-20 5.030701994838295045e-19 3.051212520333788905e-18 1.744120841223846217e-17 9.353412258306594207e-17 4.681566500514990195e-16 2.173819663816790241e-15 9.298583990402020668e-15 3.634045608330497336e-14 1.285045958857209778e-13 4.064495098162699782e-13 1.134434327353426097e-12 2.750781336726536531e-12 5.696084551681681914e-12 9.904479441073768303e-12 1.428863741986674100e-11 1.708478907215512253e-11 1.708478907215475418e-11 1.428863741986592674e-11 9.904479441073333710e-12 5.696084551682368539e-12 2.750781336728245015e-12 1.134434327355670956e-12 4.064495098184650058e-13 1.285045958873852093e-13 3.634045608438721479e-14 9.298583991008059903e-15 2.173819664118655361e-15 4.681566501866994248e-16 9.353412263825897741e-17 1.744120843295245502e-17 3.051212527541636418e-18 5.030702018227165772e-19 7.848305188537302724e-20 1.162641921759677881e-20 1.640604219187986224e-21 2.211432897545762055e-22 2.854700821418749662e-23 3.537251632195438734e-24 4.215452652206841286e-25 4.785399788330438272e-26 0.000000000000000000e+00
0.000000000000000000e+00 3.646937571236214836e-25 3.230274276829148255e-24 2.725515555123206980e-23 2.211432754193328835e-22 1.722090858855681151e-21 1.284079751584750681e-20 9.144835712685760349e-20 6.202746915825612754e-19 3.994421655540415355e-18 2.433650684053860692e-17 1.397245901346039450e-16 7.525507218891763623e-16 3.782649372531185011e-15 1.763799725518748655e-14 7.576290124507184424e-14 2.973348590021495348e-13 1.055827751654669468e-12 3.353453758141207471e-12 9.398041608996519663e-12 2.287629477278727286e-11 4.753089715773444137e-11 8.286342957122548945e-11 1.197269244433511964e-10 1.432309077897053430e-10 1.432309077897076695e-10 1.197269244433561854e-10 8.286342957122771250e-11 4.753089715772885144e-11 2.287629477277458404e-11 9.398041608979950201e-12 3.353453758124955877e-12 1.055827751642327190e-12 2.973348589940649853e-13 7.576290124052584710e-14 1.763799725290980215e-14 3.782649371505795996e-15 7.525507214683596957e-16 1.397245899758356545e-16 2.433650678501367069e-17 3.994421637431831319e-18 6.202746860423379823e-19 9.144835553001738742e-20 1.284079708025941069e-20 1.722090746050605968e-21 2.211432475850367320e-22 2.725514899186684557e-23 3.230272797993651493e-24 3.646934432579156357e-25 0.000000000000000000e+00
0.000000000000000000e+00 2.662404697385351314e-24 2.371054091726952692e-23 2.011401927296259718e-22 1.640604163646651717e-21 1.284079751584749327e-20 9.621795240388214205e-20 6.884747297844577886e-19 4.690973768098403596e-18 3.034028270098687076e-17 1.856240217263091240e-16 1.070012423360076669e-15 5.785368930813649054e-15 2.918921320220827043e-14 1.366070623234721460e-13 5.889256619849607334e-13 2.319671467462608679e-12 8.267153923597077662e-12 2.635361229269513503e-11 7.412239908186329320e-11 1.810453113834055280e-10 3.773089658520408060e-10 6.593257271129461439e-10 9.539341831879729423e-10 1.141684015530040719e-09 1.141684015530035549e-09 9.539341831879611550e-10 6.593257271129489356e-10 3.773089658520811311e-10 1.810453113834800776e-10 7.412239908195998286e-11 2.635361229279168252e-11 8.267153923671344587e-12 2.319671467512173277e-12 5.889256620131394003e-13 1.366070623377568392e-13 2.918921320869423431e-14 5.785368933495669636e-15 1.070012424378224532e-15 1.856240220841984548e-16 3.034028281820555540e-17 4.690973804081588897e-18 6.884747401839369538e-19 9.621795524607198156e-20 1.284079825284022372e-20 1.640604345588712648e-21 2.011402355991388296e-22 2.371055057338552474e-23 2.662406743918481436e-24 0.000000000000000000e+00
0.000000000000000000e+00 1.857150586177087686e-23 1.662814835759906348e-22 1.418114516963414847e-21 1.162641901320977006e-20 9.144835712685761553e-20 6.884747297844576923e-19 4.948452503663663000e-18 3.386041655881732826e-17 2.198842926642926111e-16 1.350371576027872746e-15 7.811905718472782195e-15 4.238011705248298802e-14 2.145081878677996955e-13 1.007001625806656981e-12 4.354304491227740625e-12 1.720176590260748430e-11 6.148869430944059764e-11 1.966001466875580232e-10 5.546218751261104794e-10 1.358608014935294079e-09 2.838782233072089859e-09 4.970539009292111670e-09 7.199624947146684656e-09 8.619188783474181977e-09 8.619188783474071134e-09 7.199624947146368673e-09 4.970539009291621152e-09 2.838782233071436800e-09 1.358608014934565540e-09 5.546218751253749091e-10 1.966001466869165188e-10 6.148869430898237836e-11 1.720176590231305324e-11 4.354304491064360337e-12 1.007001625724676031e-12 2.145081878308031540e-13 4.238011703721062827e-14 7.811905712676027160e-15 1.350371573988439720e-15 2.198842919954968780e-16 3.386041635328005697e-17 4.948452444209330474e-18 6.884747135301552517e-19 9.144835291306948455e-20 1.162641797399676644e-20 1.418114272534490103e-21 1.662814286663187377e-22 1.857149426227880880e-23 0.000000000000000000e+00
0.000000000000000000e+00 1.234288234201053634e-22 1.111011043556170397e-21 9.524890352681720621e-21 7.848305117308736142e-20 6.202746915825615643e-19 4.690973768098402825e-18 3.386041655881734058e-17 2.326151527584697395e-16 1.516120466785696495e-15 9.342362037738378622e-15 5.421226522173930826e-14 2.949315781162438597e-13 1.496638442926495134e-12 7.042590719584256475e-12 3.052046856311552606e-11 1.208329479728385747e-10 4.328580949620763901e-10 1.387044544261177043e-09 3.921753843542801092e-09 9.628199139035947672e-09 2.015888885704864144e-08 3.535230731305024807e-08 5.124874878593508129e-08 6.136239339606073447e-08 6.136239339605898746e-08 5.124874878593091230e-08 3.535230731304633716e-08 2.015888885704740729e-08 9.628199139037441560e-09 3.921753843545801276e-09 1.387044544264311230e-09 4.328580949644443497e-10 1.208329479743908308e-10 3.052046856397369363e-11 7.042590720012472692e-12 1.496638443117856987e-12 2.949315781946263919e-13 5.421226525127397656e-14 9.342362048068559508e-15 1.516120470156226197e-15 2.326151537896426824e-16 3.386041685580516120e-17 4.690973848922074397e-18 6.202747124295965950e-19 7.848305628413239323e-20 9.524891546463147910e-21 1.111011309499755599e-21 1.234288790635497514e-22 0.000000000000000000e+00
0.000000000000000000e+00 7.791252550000669527e-22 7.050067269298825064e-21 6.075426845308912588e-20 5.030701994838296008e-19 3.994421655540416896e-18 3.034028270098686460e-17 2.198842926642926604e-16 1.516120466785696495e-15 9.914337471152018303e-15 6.127121722267034368e-14 3.564529810963502573e-13 1.943440870288903637e-12 9.880196836766252061e-12 4.656443904157981240e-11 2.020649411252467774e-10 8.009493271045105383e-10 2.872553295411791878e-09 9.215859311654673162e-09 2.609095695772743907e-08 6.414316989666026185e-08 1.344750739164877347e-07 2.360640370008110248e-07 3.423651832940488749e-07 4.099092791487642651e-07 4.099092791487981994e-07 3.423651832941387663e-07 2.360640370009225155e-07 1.344750739165848523e-07 6.414316989672762744e-08 2.609095695776312364e-08 9.215859311667497770e-09 2.872553295413667510e-09 8.009493271025656299e-10 2.020649411232082942e-10 4.656443904024136955e-11 9.880196836082451576e-12 1.943440869985928543e-12 3.564529809770236984e-13 6.127121717984772995e-14 9.914337456991679486e-15 1.516120462429824105e-15 2.198842914100128930e-16 3.034028236119106939e-17 3.994421568613807671e-18 5.030701784206538080e-19 6.075426360831669224e-20 7.050066210702684701e-21 7.791250386523555089e-22 0.000000000000000000e+00
0.000000000000000000e+00 4.654504450910505068e-21 4.233769940049385412e-20 3.667121169265172200e-19 3.051212520333788520e-18 2.433650684053858227e-17 1.856240217263091733e-16 1.350371576027872549e-15 9.342362037738378622e-15 6.127121722267038154e-14 3.795897048724895053e-13 2.212658649826792513e-12 1.208168104342102351e-11 6.148433936047435843e-11 2.899450925981822273e-10 1.258542111999051490e-09 4.988800789221037795e-09 1.789073590987973742e-08 5.739546084226043920e-08 1.625073638937945199e-07 3.996245275486182485e-07 8.381228214396581218e-07 1.471694084432760736e-06 2.134316258016105850e-06 2.554643589897981668e-06 2.554643589898297611e-06 2.134316258016869874e-06 1.471694084433548900e-06 8.381228214401267428e-07 3.996245275487520268e-07 1.625073638937767587e-07 5.739546084221588394e-08 1.789073590984891336e-08 4.988800789208989082e-09 1.258542111996217983e-09 2.899450925987278563e-10 6.148433936138414078e-11 1.208168104401866635e-11 2.212658650114013613e-12 3.795897049889431463e-13 6.127121726422525162e-14 9.342362051143736532e-15 1.350371579993284429e-15 1.856240228124597063e-16 2.433650711769697271e-17 3.051212586477585255e-18 3.667121317133975432e-19 4.233770249350075815e-20 4.654505045091150905e-21 0.000000000000000000e+00
0.000000000000000000e+00 2.620996822131546809e-20 2.396497401216739037e-19 2.086257799101632892e-18 1.744120841223845909e-17 1.397245901346039204e-16 1.070012423360077063e-15 7.811905718472782195e-15 5.421226522173930826e-14 3.564529810963504592e-13 2.212658649826791301e-12 1.291527727186486019e-11 7.057218058968825687e-11 3.591845718124970479e-10 1.693021765873365328e-09 7.341565430702257752e-09 2.906198031611288387e-08 1.040569913482225077e-07 3.332915514439874634e-07 9.423115555154356963e-07 2.314598829014873608e-06 4.850272418602429807e-06 8.511091050229596815e-06 1.233474470717662279e-05 1.475499676444680044e-05 1.475499676444027321e-05 1.233474470715926200e-05 8.511091050207804352e-06 4.850272418582693093e-06 2.314598829000211044e-06 9.423115555063449152e-07 3.332915514392775896e-07 1.040569913461392566e-07 2.906198031529950393e-08 7.341565430419069161e-09 1.693021765782325002e-09 3.591845717852803242e-10 7.057218058184345688e-11 1.291527726966629328e-11 2.212658649216268193e-12 3.564529809291409269e-13 5.421226517688176787e-14 7.811905706862322659e-15 1.070012420501582972e-15 1.397245894749546843e-16 1.744120827188573507e-17 2.086257772261687142e-18 2.396497357450387422e-19 2.620996770801807881e-20 0.000000000000000000e+00
0.000000000000000000e+00 1.384825659400883051e-19 1.272789704183854640e-18 1.113591942512696038e-17 9.353412258306590510e-17 7.525507218891767567e-16 5.785368930813645899e-15 4.238011705248300064e-14 2.949315781162438597e-13 1.943440870288904041e-12 1.208168104342102836e-11 7.057218058968823102e-11 3.855970542262928444e-10 1.960797464804271148e-09 9.226651607482365084e-09 3.991331835987313468e-08 1.575217008685689945e-07 5.620808846495659481e-07 1.793927739989043131e-06 5.054698999679361439e-06 1.237869246348993914e-05 2.587629514187914478e-05 4.531933112537690517e-05 6.557897786361320438e-05 7.836701594195813871e-05 7.836701594192024584e-05 6.557897786352448954e-05 4.531933112529362489e-05 2.587629514184578862e-05 1.237869246350213980e-05 5.054698999705863406e-06 1.793927740011313744e-06 5.620808846631616739e-07 1.575217008753342466e-07 3.991331836273406125e-08 9.226651608547345233e-09 1.960797465158301555e-09 3.855970543335325716e-10 7.057218061950941042e-11 1.208168105112614307e-11 1.943440872146813493e-12 2.949315785361892799e-13 4.238011714125105075e-14 5.785368948195736828e-15 7.525507249592579363e-16 9.353412303840975627e-17 1.113591946760177528e-17 1.272789699665923435e-18 1.384825619619443713e-19 0.000000000000000000e+00
0.000000000000000000e+00 6.829296735155257840e-19 6.309404510507271953e-18 5.547902156020489044e-17 4.681566500514988223e-16 3.782649372531185800e-15 2.918921320220828306e-14 2.145081878677996955e-13 1.496638442926496143e-12 9.880196836766256908e-12 6.148433936047435843e-11 3.591845718124972547e-10 1.960797464804271148e-09 9.951479144282983162e-09 4.668591000776202106e-08 2.011378519350936950e-07 7.898632258213571079e-07 2.802509497997616660e-06 8.890768319265790072e-06 2.490284784265419356e-05 6.065536260604987629e-05 1.262123634516248928e-04 2.202471886274650411e-04 3.178585213871769409e-04 3.792500916465808706e-04 3.792500916477878586e-04 3.178585213903612427e-04 2.202471886313662986e-04 1.262123634550158706e-04 6.065536260844557007e-05 2.490284784406639399e-05 8.890768319961000834e-06 2.802509498289238668e-06 7.898632259275427464e-07 2.011378519690778480e-07 4.668591001736744085e-08 9.951479146688702316e-09 1.960797465333573269e-09 3.591845719130433846e-10 6.148433937600968921e-11 9.880196838366222930e-12 1.496638442883044120e-12 2.145081877919332131e-13 2.918921317868006480e-14 3.782649367919802348e-15 4.681566496100680369e-16 5.547902167053354067e-17 6.309404591618491799e-18 6.829297040812354928e-19 0.000000000000000000e+00
0.000000000000000000e+00 3.124446631574262663e-18 2.901617465659986810e-17 2.564192412029220355e-16 2.173819663816790635e-15 1.763799725518748655e-14 1.366070623234721460e-13 1.007001625806657385e-12 7.042590719584255667e-12 4.656443904157981240e-11 2.899450925981822790e-10 1.693021765873365741e-09 9.226651607482368393e-09 4.668591000776200782e-08 2.180486343124629021e-07 9.339074937375647793e-07 3.640944696178989158e-06 1.281068214362176298e-05 4.027335151680007554e-05 1.117700442967982399e-04 2.698878227929315653e-04 5.573935417724086138e-04 9.669265565098964389e-04 1.389579630401695850e-03 1.654157457523161567e-03 1.654157457521035881e-03 1.389579630394597795e-03 9.669265564979179564e-04 5.573935417569397593e-04 2.698878227774690534e-04 1.117700442853787314e-04 4.027335151007327868e-05 1.281068214028392123e-05 3.640944694745900467e-06 9.339074931952236651e-07 2.180486341288787811e-07 4.668590995148715713e-08 9.226651591715467156e-09 1.693021761801625218e-09 2.899450916226231455e-10 4.656443882330686910e-11 7.042590673711453918e-12 1.007001616688973255e-12 1.366070605954397437e-13 1.763799693926861748e-14 2.173819607188268165e-15 2.564192310310023262e-16 2.901617278287710820e-17 3.124446277058483586e-18 0.000000000000000000e+00
0.000000000000000000e+00 1.316810559877342770e-17 1.229277920920662315e-16 1.091776542806133246e-15 9.298583990402019090e-15 7.576290124507184424e-14 5.889256619849606324e-13 4.354304491227739817e-12 3.052046856311553252e-11 2.020649411252467774e-10 1.258542111999050870e-09 7.341565430702255271e-09 3.991331835987311483e-08 2.011378519350936421e-07 9.339074937375647793e-07 3.968730397047444698e-06 1.532182208878155144e-05 5.329031289859409231e-05 1.653869827914256931e-04 4.528721142528831928e-04 1.079440350782842097e-03 2.203937332872404117e-03 3.788433701224381417e-03 5.409693520856482217e-03 6.418300567164084841e-03 6.418300567029828520e-03 5.409693520510144675e-03 3.788433700819110114e-03 2.203937332549425927e-03 1.079440350579884220e-03 4.528721141458491822e-04 1.653869827445926587e-04 5.329031288146325075e-05 1.532182208351712987e-05 3.968730395714126748e-06 9.339074934795675433e-07 2.011378519091374291e-07 3.991331836629280400e-08 7.341565435696526964e-09 1.258542113965876883e-09 2.020649417346771085e-10 3.052046872667598422e-11 4.354304530809809582e-12 5.889256708161305825e-13 7.576290308992602691e-14 9.298584355889266063e-15 1.091776612327193493e-15 1.229278049444401651e-16 1.316810789924993077e-17 0.000000000000000000e+00
0.000000000000000000e+00 5.070451563809839783e-17 4.758109135040002032e-16 4.247114148060277556e-15 3.634045608330495442e-14 2.973348590021494843e-13 2.319671467462607063e-12 1.720176590260748107e-11 1.208329479728386005e-10 8.009493271045104349e-10 4.988800789221038622e-09 2.906198031611287725e-08 1.575217008685689945e-07 7.898632258213568962e-07 3.640944696178988311e-06 1.532182208878155144e-05 5.841688121772126851e-05 2.001169524133410301e-04 6.103234185796569018e-04 1.640092850891888962e-03 3.836699126135867215e-03 7.701904348740790454e-03 1.305931988301880890e-02 1.847194305901740316e-02 2.181099270529349501e-02 2.181099270688529809e-02 1.847194306330953231e-02 1.305931988842883029e-02 7.701904353676560996e-03 3.836699129835095205e-03 1.640092853163788210e-03 6.103234197471580020e-04 2.001169529305305928e-04 5.841688141909755124e-05 1.532182215870704181e-05 3.640944718097283381e-06 7.898632320853941341e-07 1.575217025141738047e-07 2.906198071617210682e-08 4.988800879724722326e-09 8.009493462429457711e-10 1.208329517696973908e-10 1.720176661117768331e-11 2.319671592063076880e-12 2.973348796549402102e-13 3.634045930458087325e-14 4.247114618337827137e-15 4.758109769630420603e-16 5.070452323144573104e-17 0.000000000000000000e+00
0.000000000000000000e+00 1.766618468285781320e-16 1.666404867465560829e-15 1.494891789005186241e-14 1.285045958857208769e-13 1.055827751654669670e-12 8.267153923597074430e-12 6.148869430944059764e-11 4.328580949620765452e-10 2.872553295411792705e-09 1.789073590987973742e-08 1.040569913482224812e-07 5.620808846495657363e-07 2.802509497997616660e-06 1.281068214362176637e-05 5.329031289859405165e-05 2.001169524133410301e-04 6.726054362569258227e-04 2.005276156873662344e-03 5.253276792609259775e-03 1.196996070562091410e-02 2.344651001799270829e-02 3.896353228212388192e-02 5.434777798142493427e-02 6.372768618194848966e-02 6.372768617398537339e-02 5.434777795906305803e-02 3.896353225241719342e-02 2.344650998867070860e-02 1.196996068192099708e-02 5.253276777464514075e-03 2.005276148796361797e-03 6.726054325461171442e-04 2.001169509170665445e-04 5.329031236039976597e-05 1.281068196862228444e-05 2.802509446006178703e-06 5.620808704124410354e-07 1.040569877285129961e-07 1.789073505017652723e-08 2.872553103682094953e-09 4.328580546346885686e-10 6.148868627992404873e-11 8.267152405432935330e-12 1.055827478366878046e-12 1.285045489487480128e-13 1.494891018630255622e-14 1.666403658238077740e-15 1.766616680541565836e-16 0.000000000000000000e+00
0.000000000000000000e+00 5.506570057081501844e-16 5.220746705800412278e-15 4.706557109857826508e-14 4.064495098162702306e-13 3.353453758141207471e-12 2.635361229269513180e-11 1.966001466875579974e-10 1.387044544261177043e-09 9.215859311654673162e-09 5.739546084226045243e-08 3.332915514439875163e-07 1.793927739989042495e-06 8.890768319265790072e-06 4.027335151680008231e-05 1.653869827914256118e-04 6.103234185796571187e-04 2.005276156873664079e-03 5.811835643300742975e-03 1.472852673932537569e-02 3.237574303740661796e-02 6.124617842367675175e-02 9.884108114530540390e-02 1.350691079645717496e-01 1.567863251412789649e-01 1.567863251565368432e-01 1.350691080115765108e-01 9.884108121313103790e-02 6.124617849745709469e-02 3.237574310105380965e-02 1.472852678006901679e-02 5.811835665249317877e-03 2.005276167016750970e-03 6.103234226822159061e-04 1.653869842729132874e-04 4.027335200143364227e-05 8.890768464545574368e-06 1.793927780285924724e-06 3.332915618703213637e-07 5.739546337583768133e-08 9.215859893147653619e-09 1.387044670913900283e-09 1.966001729678112629e-10 2.635361750415848808e-11 3.353454748292849394e-12 4.064496904200558785e-13 4.706560277355107602e-14 5.220752051618745642e-15 5.506578595638363886e-16 0.000000000000000000e+00
0.000000000000000000e+00 1.515345531847661411e-15 1.443762102150579852e-14 1.307788073337313981e-13 1.134434327353426097e-12 9.398041608996524509e-12 7.412239908186333197e-11 5.546218751261109964e-10 3.921753843542801092e-09 2.609095695772744569e-08 1.625073638937945199e-07 9.423115555154351669e-07 5.054698999679361439e-06 2.490284784265421050e-05 1.117700442967982399e-04 4.528721142528833554e-04 1.640092850891888962e-03 5.253276792609259775e-03 1.472852673932537916e-02 3.582322469409806448e-02 7.512775214071018559e-02 1.354692418460022585e-01 2.096871941609494139e-01 2.781481542555118147e-01 3.181528350358381330e-01 3.181528350517582870e-01 2.781481542848693866e-01 2.096871941859737853e-01 1.354692418566337819e-01 7.512775214527298018e-02 3.582322470354180194e-02 1.472852674587045441e-02 5.253276796661983210e-03 1.640092852976146208e-03 4.528721151606882197e-04 1.117700446427917916e-04 2.490284796005995654e-05 5.054699035554154430e-06 9.423115654666241885e-07 1.625073664123901315e-07 2.609095754068000454e-08 3.921753966833933254e-09 5.546218988257516486e-10 7.412240316730067425e-11 9.398042220818716186e-12 1.134434400195595862e-12 1.307788117992294076e-13 1.443762012943653606e-14 1.515345097450176291e-15 0.000000000000000000e+00
0.000000000000000000e+00 3.626302526537547606e-15 3.470778113683311780e-14 3.157898169001393090e-13 2.750781336726537339e-12 2.287629477278727610e-11 1.810453113834055280e-10 1.358608014935294700e-09 9.628199139035947672e-09 6.414316989666022215e-08 3.996245275486181956e-07 2.314598829014873608e-06 1.237869246348993745e-05 6.065536260604991695e-05 2.698878227929315653e-04 1.079440350782842530e-03 3.836699126135866781e-03 1.196996070562091584e-02 3.237574303740660409e-02 7.512775214071015784e-02 1.487803973960990511e-01 2.521470045192429343e-01 3.688802554744823881e-01 4.695390461164953289e-01 5.260691203816943995e-01 5.260691203128727844e-01 4.695390459290857965e-01 3.688802552105620580e-01 2.521470042273205037e-01 1.487803971303528761e-01 7.512775195405101136e-02 3.237574293539186021e-02 1.196996065586118825e-02 3.836699104818440658e-03 1.079440342484266511e-03 2.698878197981185089e-04 6.065536159426236651e-05 1.237869214188225081e-05 2.314598732706993724e-06 3.996245003882050923e-07 6.414316268678438479e-08 9.628197337422296394e-09 1.358607590826674112e-09 1.810452171994231218e-10 2.287627500575593738e-11 2.750777408071905724e-12 3.157890759649927008e-13 3.470764832390775676e-14 3.626280284948277720e-15 0.000000000000000000e+00
0.000000000000000000e+00 7.423301472603861307e-15 7.133098045566972242e-14 6.515235826129811816e-13 5.696084551681682722e-12 4.753089715773444783e-11 3.773089658520409611e-10 2.838782233072089445e-09 2.015888885704863483e-08 1.344750739164876818e-07 8.381228214396579100e-07 4.850272418602428113e-06 2.587629514187916172e-05 1.262123634516249199e-04 5.573935417724089391e-04 2.203937332872401948e-03 7.701904348740793056e-03 2.344651001799274298e-02 6.124617842367677256e-02 1.354692418460022585e-01 2.521470045192429899e-01 3.979514525093597599e-01 5.441251018765395076e-01 6.583336617435739946e-01 7.187193360808848963e-01 7.187193359775961854e-01 6.583336614972579159e-01 5.441251015949200021e-01 3.979514522669098664e-01 2.521470043161746499e-01 1.354692416687049428e-01 6.124617830460975937e-02 2.344650995932584872e-02 7.701904325574712891e-03 2.203937326470443124e-03 5.573935410523531966e-04 1.262123639172183583e-04 2.587629554735374209e-05 4.850272619939836264e-06 8.381229001561446224e-07 1.344751002821236032e-07 2.015889671095632209e-08 2.838784358196254896e-09 3.773094954056600091e-10 4.753101988120745845e-11 5.696111200384191806e-12 6.515290366564162317e-13 7.133203695448112587e-14 7.423491954312864187e-15 0.000000000000000000e+00
0.000000000000000000e+00 1.279425221811691130e-14 1.233155462703022226e-13 1.129699420470039881e-12 9.904479441073771534e-12 8.286342957122542483e-11 6.593257271129459371e-10 4.970539009292108361e-09 3.535230731305024807e-08 2.360640370008111571e-07 1.471694084432760313e-06 8.511091050229591733e-06 4.531933112537691195e-05 2.202471886274650953e-04 9.669265565098967641e-04 3.788433701224381851e-03 1.305931988301881237e-02 3.896353228212386111e-02 9.884108114530539002e-02 2.096871941609493861e-01 3.688802554744821660e-01 5.441251018765390635e-01 6.968017116954298151e-01 8.023624098472875721e-01 8.539297719777036999e-01 8.539297720909134748e-01 8.023624101793818131e-01 6.968017122211156433e-01 5.441251025580298162e-01 3.688802561490381327e-01 2.096871946193789027e-01 9.884108136328732808e-02 3.896353235404966669e-02 1.305931989232219509e-02 3.788433693183666188e-03 9.669265486258233787e-04 2.202471841472356754e-04 4.531932912655695881e-05 8.511090289906033402e-06 1.471693828415461489e-06 2.360639590305028730e-07 3.535228552935465590e-08 4.970533368935335955e-09 6.593243630299934358e-10 8.286311951945344598e-11 9.904412866746703500e-12 1.129685858534878069e-12 1.233129175890837417e-13 1.279377567297880681e-14 0.000000000000000000e+00
0.000000000000000000e+00 1.835900896098204850e-14 1.772799748821586338e-13 1.627003824233835288e-12 1.428863741986674423e-11 1.197269244433511189e-10 9.539341831879727355e-10 7.199624947146682174e-09 5.124874878593505482e-08 3.423651832940490867e-07 2.134316258016105850e-06 1.233474470717662448e-05 6.557897786361323149e-05 3.178585213871768867e-04 1.389579630401696067e-03 5.409693520856482217e-03 1.847194305901741357e-02 5.434777798142494121e-02 1.350691079645717496e-01 2.781481542555117592e-01 4.695390461164956064e-01 6.583336617435739946e-01 8.023624098472874611e-01 8.900206756466851887e-01 9.291052972583058178e-01 9.291052978019100905e-01 8.900206771082044277e-01 8.023624118717198606e-01 6.583336640448531618e-01 4.695390483451982178e-01 2.781481560009604892e-01 1.350691090490127311e-01 5.434777851660779063e-02 1.847194327704932901e-02 5.409693590925363470e-03 1.389579646596802954e-03 3.178585227580310547e-04 6.557897678804096948e-05 1.233474390786752772e-05 2.134315898888055506e-06 3.423650538125606808e-07 5.124870831262304995e-08 7.199613594174821274e-09 9.539312693213325368e-10 1.197262314634041941e-10 1.428848333786828483e-11 1.626971576280821307e-12 1.772735923966026302e-13 1.835783473965404849e-14 0.000000000000000000e+00
0.000000000000000000e+00 2.190821823294606295e-14 2.117024898365966548e-13 1.944221230119762376e-12 1.708478907215512253e-11 1.432309077897053430e-10 1.141684015530041340e-09 8.619188783474183631e-09 6.136239339606070800e-08 4.099092791487641592e-07 2.554643589897982092e-06 1.475499676444679536e-05 7.836701594195817936e-05 3.792500916465808163e-04 1.654157457523160917e-03 6.418300567164083974e-03 2.181099270529348114e-02 6.372768618194842027e-02 1.567863251412788539e-01 3.181528350358381885e-01 5.260691203816938444e-01 7.187193360808844522e-01 8.539297719777030338e-01 9.291052972583051517e-01 9.602497391093687273e-01 9.602497400693289498e-01 9.291052998466245993e-01 8.539297755528317824e-01 7.187193400779653407e-01 5.260691243013579932e-01 3.181528383707208918e-01 1.567863275573820325e-01 6.372768766127813456e-02 2.181099349199006748e-02 6.418300936296783207e-03 1.654157611778631293e-03 3.792501498515185934e-04 7.836703596471799671e-05 1.475500309873986230e-05 2.554645446525694872e-06 4.099097865942384130e-07 6.136252344474038804e-08 8.619220186961099066e-09 1.141691190946202329e-09 1.432324649568886913e-10 1.708511108785074711e-11 1.944284872376897447e-12 2.117145324398489039e-13 2.191036330045578403e-14 0.000000000000000000e+00
0.000000000000000000e+00 2.190821823257875669e-14 2.117024898361425486e-13 1.944221230119466320e-12 1.708478907215475094e-11 1.432309077897076178e-10 1.141684015530035549e-09 8.619188783474077752e-09 6.136239339605897423e-08 4.099092791487981464e-07 2.554643589898295917e-06 1.475499676444027660e-05 7.836701594192025939e-05 3.792500916477878044e-04 1.654157457521036531e-03 6.418300567029830254e-03 2.181099270688529809e-02 6.372768617398535951e-02 1.567863251565366212e-01 3.181528350517582315e-01 5.260691203128724514e-01 7.187193359775962964e-01 8.539297720909131417e-01 9.291052978019097575e-01 9.602497400693285057e-01 9.602497412892028184e-01 9.291053011482516277e-01 8.539297768163052194e-01 7.187193412967357586e-01 5.260691256124482296e-01 3.181528398348268949e-01 1.567863290128448661e-01 6.372768886732721461e-02 2.181099432313824554e-02 6.418301420975856993e-03 1.654157855726661255e-03 3.792502577257592209e-04 7.836707850611089046e-05 1.475501824750414299e-05 2.554650368159675273e-06 4.099112581618270804e-07 6.136293137470026367e-08 8.619325688549698322e-09 1.141716786243957954e-09 1.432383174879987621e-10 1.708637760805088950e-11 1.944545219461112083e-12 2.117654926312274821e-13 2.191969176659295382e-14 0.000000000000000000e+00
0.000000000000000000e+00 1.835900896000534404e-14 1.772799748809511086e-13 1.627003824233021032e-12 1.428863741986592028e-11 1.197269244433561337e-10 9.539341831879615686e-10 7.199624947146375290e-09 5.124874878593093877e-08 3.423651832941388192e-07 2.134316258016869874e-06 1.233474470715925861e-05 6.557897786352447599e-05 3.178585213903611885e-04 1.389579630394597578e-03 5.409693520510144675e-03 1.847194306330954619e-02 5.434777795906306497e-02 1.350691080115763998e-01 2.781481542848694422e-01 4.695390459290857410e-01 6.583336614972576939e-01 8.023624101793809249e-01 8.900206771082035395e-01 9.291052998466232671e-01 9.291053011482517388e-01 8.900206807512034413e-01 8.023624155205844044e-01 6.583336676236622997e-01 4.695390521269879880e-01 2.781481601204977006e-01 1.350691130943031948e-01 5.434778185993788258e-02 1.847194558528518493e-02 5.409694941640562013e-03 1.389580329122275509e-03 3.178588257630319191e-04 6.557909673188258505e-05 1.233478677070631972e-05 2.134329870779915519e-06 3.423692444731424649e-07 5.124987343107309431e-08 7.199915772204018674e-09 9.540047766885230461e-10 1.197430829160703462e-10 1.429213921968819798e-11 1.627724912051807517e-12 1.774213995892866916e-13 1.838495093187793675e-14 0.000000000000000000e+00
0.000000000000000000e+00 1.279425221684701248e-14 1.233155462687371478e-13 1.129699420468887564e-12 9.904479441073327247e-12 8.286342957122769958e-11 6.593257271129484186e-10 4.970539009291622806e-09 3.535230731304634377e-08 2.360640370009224361e-07 1.471694084433549536e-06 8.511091050207809434e-06 4.531933112529363167e-05 2.202471886313663800e-04 9.669265564979177396e-04 3.788433700819110114e-03 1.305931988842882856e-02 3.896353225241717955e-02 9.884108121313105177e-02 2.096871941859737576e-01 3.688802552105619470e-01 5.441251015949201131e-01 6.968017122211156433e-01 8.023624118717196385e-01 8.539297755528314493e-01 8.539297768163049973e-01 8.023624155205844044e-01 6.968017178000358580e-01 5.441251081277852508e-01 3.688802619136333227e-01 2.096872007062851873e-01 9.884108723262750862e-02 3.896353717463778982e-02 1.305932322076857818e-02 3.788435646791435667e-03 9.669275400514699276e-04 2.202476264141394391e-04 4.531950507251058651e-05 8.511153480369161258e-06 1.471714528175808678e-06 2.360701976478448073e-07 3.535402823079517901e-08 4.970987429227118772e-09 6.594353140671752558e-10 8.288866665312497379e-11 9.909979062185511435e-12 1.130837655418407538e-12 1.235398326108299700e-13 1.283556301751301276e-14 0.000000000000000000e+00
0.000000000000000000e+00 7.423301471363806674e-15 7.133098045415415022e-14 6.515235826117007279e-13 5.696084551682364500e-12 4.753089715772882559e-11 3.773089658520810277e-10 2.838782233071437214e-09 2.015888885704741391e-08 1.344750739165848523e-07 8.381228214401267428e-07 4.850272418582693940e-06 2.587629514184578184e-05 1.262123634550158435e-04 5.573935417569396509e-04 2.203937332549425927e-03 7.701904353676557527e-03 2.344650998867069819e-02 6.124617849745714326e-02 1.354692418566337819e-01 2.521470042273205592e-01 3.979514522669101995e-01 5.441251025580305933e-01 6.583336640448542720e-01 7.187193400779656738e-01 7.187193412967358697e-01 6.583336676236628549e-01 5.441251081277852508e-01 3.979514588696553279e-01 2.521470111277382964e-01 1.354692487794463274e-01 6.124618510193637760e-02 2.344651552081485762e-02 7.701908163724451896e-03 2.203939582438078047e-03 5.573946887528234478e-04 1.262128774669517501e-04 2.587650054710848279e-05 4.850346509902064685e-06 8.381471945636226680e-07 1.344824498445500690e-07 2.016095752821791898e-08 2.839323342054855260e-09 3.774416967853554536e-10 4.756157486503620285e-11 5.702793469558242661e-12 6.529169281780664359e-13 7.160647382417914947e-14 7.474204136956988671e-15 0.000000000000000000e+00
0.000000000000000000e+00 3.626302525523255497e-15 3.470778113561026980e-14 3.157898168989410987e-13 2.750781336728243399e-12 2.287629477277457435e-11 1.810453113834800259e-10 1.358608014934565954e-09 9.628199139037434942e-09 6.414316989672756127e-08 3.996245275487519739e-07 2.314598829000210621e-06 1.237869246350214150e-05 6.065536260844559718e-05 2.698878227774689450e-04 1.079440350579884004e-03 3.836699129835093904e-03 1.196996068192099708e-02 3.237574310105380965e-02 7.512775214527298018e-02 1.487803971303530981e-01 2.521470043161747610e-01 3.688802561490381882e-01 4.695390483451986618e-01 5.260691243013584373e-01 5.260691256124477855e-01 4.695390521269880990e-01 3.688802619136331562e-01 2.521470111277382409e-01 1.487804043058326975e-01 7.512775935761260848e-02 3.237574987867091608e-02 1.196996624339463633e-02 3.836702915343980728e-03 1.079442564554546242e-03 2.698889446235345872e-04 6.065586344683721027e-05 1.237889218947076790e-05 2.314670814414699974e-06 3.996482117944863889e-07 6.415034377317454840e-08 9.630214081774793716e-09 1.359136072632948554e-09 1.811751324064167335e-10 2.290637574969869134e-11 2.757377837623722545e-12 3.171638242044333180e-13 3.498028351387214019e-14 3.676802259860683710e-15 0.000000000000000000e+00
0.000000000000000000e+00 1.515345531112108176e-15 1.443762102063969866e-14 1.307788073327447288e-13 1.134434327355670754e-12 9.398041608979950201e-12 7.412239908196000871e-11 5.546218751253748057e-10 3.921753843545799622e-09 2.609095695776310710e-08 1.625073638937768117e-07 9.423115555063453387e-07 5.054698999705864253e-06 2.490284784406639060e-05 1.117700442853787992e-04 4.528721141458493991e-04 1.640092853163788644e-03 5.253276777464511473e-03 1.472852678006900985e-02 3.582322470354178112e-02 7.512775195405103912e-02 1.354692416687050815e-01 2.096871946193789860e-01 2.781481560009604337e-01 3.181528383707210028e-01 3.181528398348268949e-01 2.781481601204974785e-01 2.096872007062850762e-01 1.354692487794462996e-01 7.512775935761259460e-02 3.582323188445492301e-02 1.472853316768910070e-02 5.253281756716719070e-03 1.640096133560581173e-03 4.528739871261079175e-04 1.117709780736063271e-04 2.490326015751909172e-05 5.054862223989937099e-06 9.423701116374443518e-07 1.625265777057794939e-07 2.609676952745609620e-08 3.923386216973630842e-09 5.550499827563096013e-10 7.422779470281704940e-11 9.422510019745125556e-12 1.139812660640714764e-12 1.319020957536421468e-13 1.466105939227411338e-14 1.556876131649901079e-15 0.000000000000000000e+00
0.000000000000000000e+00 5.506570052220725342e-16 5.220746705246495449e-15 4.706557109785095426e-14 4.064495098184651067e-13 3.353453758124957896e-12 2.635361229279167606e-11 1.966001466869165705e-10 1.387044544264310196e-09 9.215859311667497770e-09 5.739546084221585747e-08 3.332915514392776955e-07 1.793927740011313956e-06 8.890768319961002528e-06 4.027335151007329901e-05 1.653869827445927400e-04 6.103234197471583272e-04 2.005276148796359195e-03 5.811835665249314407e-03 1.472852674587044920e-02 3.237574293539186021e-02 6.124617830460973161e-02 9.884108136328731420e-02 1.350691090490127866e-01 1.567863275573819493e-01 1.567863290128448106e-01 1.350691130943031670e-01 9.884108723262759189e-02 6.124618510193635679e-02 3.237574987867091608e-02 1.472853316768909897e-02 5.811841021985408168e-03 2.005280082665171926e-03 6.103259064401428836e-04 1.653883592790313670e-04 4.027402302779860206e-05 8.891060333511471831e-06 1.794042123927870080e-06 3.333322940021545253e-07 5.740876814658279725e-08 9.219874231259532981e-09 1.388170692830263139e-09 1.968954639827861698e-10 2.642637425171605266e-11 3.370371398561844629e-12 4.101758223562193759e-13 4.784579328311386058e-14 5.376392710144469706e-15 5.796732217673952527e-16 0.000000000000000000e+00
0.000000000000000000e+00 1.766618465365034172e-16 1.666404867143387077e-15 1.494891788958089983e-14 1.285045958873853103e-13 1.055827751642326786e-12 8.267153923671342971e-12 6.148869430898241713e-11 4.328580949644442463e-10 2.872553295413667097e-09 1.789073590984891005e-08 1.040569913461392963e-07 5.620808846631616739e-07 2.802509498289239092e-06 1.281068214028392462e-05 5.329031288146323720e-05 2.001169529305306199e-04 6.726054325461164937e-04 2.005276167016749236e-03 5.253276796661982342e-03 1.196996065586119172e-02 2.344650995932585219e-02 3.896353235404966669e-02 5.434777851660781839e-02 6.372768766127816231e-02 6.372768886732711746e-02 5.434778185993787564e-02 3.896353717463779676e-02 2.344651552081485762e-02 1.196996624339463633e-02 5.253281756716713866e-03 2.005280082665172794e-03 6.726081581022754071e-04 2.001186072863993064e-04 5.329120005602310027e-05 1.281110493742416748e-05 2.802690252625039243e-06 5.621508298155783034e-07 1.040816934950506592e-07 1.789875779598315392e-08 2.874964803578863142e-09 4.335331677338866599e-10 6.166560296428803469e-11 8.310756787728016884e-12 1.065977531571459083e-12 1.307442920489207519e-13 1.541897850670342424e-14 1.760439141518575606e-15 1.942437201412689127e-16 0.000000000000000000e+00
0.000000000000000000e+00 5.070451547494826233e-17 4.758109133296524768e-16 4.247114147784779718e-15 3.634045608438721479e-14 2.973348589940651368e-13 2.319671467512173277e-12 1.720176590231306293e-11 1.208329479743908308e-10 8.009493271025654231e-10 4.988800789208989909e-09 2.906198031529952048e-08 1.575217008753342466e-07 7.898632259275429581e-07 3.640944694745901738e-06 1.532182208351712987e-05 5.841688141909753091e-05 2.001169509170664903e-04 6.103234226822152556e-04 1.640092852976145991e-03 3.836699104818438923e-03 7.701904325574714626e-03 1.305931989232218988e-02 1.847194327704932901e-02 2.181099349199006401e-02 2.181099432313822126e-02 1.847194558528517799e-02 1.305932322076857471e-02 7.701908163724447559e-03 3.836702915343978126e-03 1.640096133560580306e-03 6.103259064401434257e-04 2.001186072863992793e-04 5.841785209782430658e-05 1.532232780799323041e-05 3.641180390085865196e-06 7.899623050044656747e-07 1.575595650418394568e-07 2.907523259678773871e-08 4.993077442740663257e-09 8.022296604505582124e-10 1.211904941293553423e-10 1.729536418970396692e-11 2.342741315350375657e-12 3.027098784802560087e-13 3.752845977175973102e-14 4.497000655498337027e-15 5.259344687006445554e-16 6.010323790275004030e-17 0.000000000000000000e+00
0.000000000000000000e+00 1.316810551481363652e-17 1.229277920046185596e-16 1.091776542661226400e-15 9.298583991008059903e-15 7.576290124052583448e-14 5.889256620131395012e-13 4.354304491064361953e-12 3.052046856397370010e-11 2.020649411232082684e-10 1.258542111996217983e-09 7.341565430419067506e-09 3.991331836273406125e-08 2.011378519690778744e-07 9.339074931952237710e-07 3.968730395714128442e-06 1.532182215870704858e-05 5.329031236039976597e-05 1.653869842729132603e-04 4.528721151606881113e-04 1.079440342484266077e-03 2.203937326470443124e-03 3.788433693183667489e-03 5.409693590925362602e-03 6.418300936296781473e-03 6.418301420975843115e-03 5.409694941640557676e-03 3.788435646791433499e-03 2.203939582438076313e-03 1.079442564554545592e-03 4.528739871261078633e-04 1.653883592790313128e-04 5.329120005602308672e-05 1.532232780799323041e-05 3.968987470209190987e-06 9.340249585334626016e-07 2.011864705822491211e-07 3.993167961214110584e-08 7.347935493596205899e-09 1.260584896277615397e-09 2.026739032849828696e-10 3.069008415167025012e-11 4.398650217268967412e-12 5.998540327477570311e-13 7.831095339343302482e-14 9.862592338438421797e-15 1.210658584414429036e-15 1.468355437077516661e-16 1.766364600313115343e-17 0.000000000000000000e+00
0.000000000000000000e+00 3.124446591469206332e-18 2.901617461563636740e-17 2.564192411334740741e-16 2.173819664118655755e-15 1.763799725290978322e-14 1.366070623377568897e-13 1.007001625724676435e-12 7.042590720012471076e-12 4.656443904024136308e-11 2.899450925987277529e-10 1.693021765782324589e-09 9.226651608547345233e-09 4.668591001736744747e-08 2.180486341288789399e-07 9.339074934795678609e-07 3.640944718097284651e-06 1.281068196862229291e-05 4.027335200143362872e-05 1.117700446427918458e-04 2.698878197981182921e-04 5.573935410523534134e-04 9.669265486258238123e-04 1.389579646596801653e-03 1.654157611778631076e-03 1.654157855726658220e-03 1.389580329122275075e-03 9.669275400514697107e-04 5.573946887528236646e-04 2.698889446235346414e-04 1.117709780736063000e-04 4.027402302779860884e-05 1.281110493742416409e-05 3.641180390085863925e-06 9.340249585334619664e-07 2.181014205221686972e-07 4.670746461389691403e-08 9.234705771189802352e-09 1.695793466053920767e-09 2.908286859740712964e-10 4.682676520022027729e-11 7.115469594905018119e-12 1.026031002936819737e-12 1.412954642320385481e-13 1.873184649119301319e-14 2.416276538474483152e-15 3.076266765558870167e-16 3.934010021570798938e-17 5.071043871017738646e-18 0.000000000000000000e+00
0.000000000000000000e+00 6.829296557647731766e-19 6.309404492614217197e-18 5.547902152973656162e-17 4.681566501866995235e-16 3.782649371505794418e-15 2.918921320869424062e-14 2.145081878308032802e-13 1.496638443117856583e-12 9.880196836082451576e-12 6.148433936138415370e-11 3.591845717852799623e-10 1.960797465158299487e-09 9.951479146688703970e-09 4.668590995148716374e-08 2.011378519091374026e-07 7.898632320853941341e-07 2.802509446006177433e-06 8.890768464545572674e-06 2.490284796005995654e-05 6.065536159426237328e-05 1.262123639172183854e-04 2.202471841472357567e-04 3.178585227580307837e-04 3.792501498515185392e-04 3.792502577257588414e-04 3.178588257630320817e-04 2.202476264141392493e-04 1.262128774669516959e-04 6.065586344683720349e-05 2.490326015751909510e-05 8.891060333511471831e-06 2.802690252625037973e-06 7.899623050044656747e-07 2.011864705822489888e-07 4.670746461389692726e-08 9.960181683504100719e-09 1.964019746464406650e-09 3.602856239888078954e-10 6.183349537429099673e-11 9.983473115452749079e-12 1.525263296729863417e-12 2.219735880096907435e-13 3.102815881750748501e-14 4.211969015175423601e-15 5.634462785684556873e-16 7.564382203960933430e-17 1.038484617245612680e-17 1.453432755383576338e-18 0.000000000000000000e+00
0.000000000000000000e+00 1.384825586358598185e-19 1.272789696880933017e-18 1.113591941279506608e-17 9.353412263825898974e-17 7.525507214683599915e-16 5.785368933495670424e-15 4.238011703721066614e-14 2.949315781946261899e-13 1.943440869985928947e-12 1.208168104401866474e-11 7.057218058184341811e-11 3.855970543335323648e-10 1.960797465333572442e-09 9.226651591715463848e-09 3.991331836629279739e-08 1.575217025141738312e-07 5.620808704124410354e-07 1.793927780285924724e-06 5.054699035554153583e-06 1.237869214188225251e-05 2.587629554735373870e-05 4.531932912655701302e-05 6.557897678804098303e-05 7.836703596471794250e-05 7.836707850611087690e-05 6.557909673188263926e-05 4.531950507251058651e-05 2.587650054710848279e-05 1.237889218947076790e-05 5.054862223989941334e-06 1.794042123927869869e-06 5.621508298155784093e-07 1.575595650418394833e-07 3.993167961214109260e-08 9.234705771189800698e-09 1.964019746464406650e-09 3.867812278811401873e-10 7.097441272579960118e-11 1.220866298220389041e-11 1.980882300465875201e-12 3.052886107342042698e-13 4.507868132394140747e-14 6.450067766449564173e-15 9.078428176735847615e-16 1.280498353826198838e-16 1.845434462126762680e-17 2.755521497028653321e-18 4.195578156261345812e-19 0.000000000000000000e+00
0.000000000000000000e+00 2.620996542085804483e-20 2.396497373329303776e-19 2.086257794472672982e-18 1.744120843295245502e-17 1.397245899758356792e-16 1.070012424378223743e-15 7.811905712676035048e-15 5.421226525127392607e-14 3.564529809770238499e-13 2.212658650114013209e-12 1.291527726966629490e-11 7.057218061950934580e-11 3.591845719130434880e-10 1.693021761801625218e-09 7.341565435696527791e-09 2.906198071617211012e-08 1.040569877285130358e-07 3.332915618703213107e-07 9.423115654666252473e-07 2.314598732706994995e-06 4.850272619939837111e-06 8.511090289906048648e-06 1.233474390786752941e-05 1.475500309873986230e-05 1.475501824750413621e-05 1.233478677070632480e-05 8.511153480369161258e-06 4.850346509902064685e-06 2.314670814414700397e-06 9.423701116374450929e-07 3.333322940021546312e-07 1.040816934950506989e-07 2.907523259678775525e-08 7.347935493596205899e-09 1.695793466053922008e-09 3.602856239888080505e-10 7.097441272579961410e-11 1.305125598235564217e-11 2.255431833594989445e-12 3.690332247842962343e-13 5.768690838899917014e-14 8.716666142353349183e-15 1.292905365457310739e-15 1.918434979673663021e-16 2.904244481605908098e-17 4.551049133241297658e-18 7.402612278453483491e-19 1.213636919817822403e-19 0.000000000000000000e+00
0.000000000000000000e+00 4.654503447034345198e-21 4.233769840211191497e-20 3.667121153050167589e-19 3.051212527541638344e-18 2.433650678501367069e-17 1.856240220841983809e-16 1.350371573988440903e-15 9.342362048068554775e-15 6.127121717984775519e-14 3.795897049889429949e-13 2.212658649216268193e-12 1.208168105112613499e-11 6.148433937600971506e-11 2.899450916226231455e-10 1.258542113965877090e-09 4.988800879724724808e-09 1.789073505017654047e-08 5.739546337583766148e-08 1.625073664123901580e-07 3.996245003882052511e-07 8.381229001561452577e-07 1.471693828415464877e-06 2.134315898888056354e-06 2.554645446525694872e-06 2.554650368159674850e-06 2.134329870779915519e-06 1.471714528175809737e-06 8.381471945636228798e-07 3.996482117944862830e-07 1.625265777057795204e-07 5.740876814658281048e-08 1.789875779598315392e-08 4.993077442740666565e-09 1.260584896277615397e-09 2.908286859740713481e-10 6.183349537429100966e-11 1.220866298220388880e-11 2.255431833594990252e-12 3.930079856374843657e-13 6.521050368566816580e-14 1.042928546668676717e-14 1.633323160473198319e-15 2.553612028392997767e-16 4.066036349824792899e-17 6.690635100375426858e-18 1.141573371911079207e-18 2.001160026715065003e-19 3.472600201281906481e-20 0.000000000000000000e+00
0.000000000000000000e+00 7.791249174604185269e-22 7.050066933317150425e-21 6.075426792083715237e-20 5.030702018227164809e-19 3.994421637431832860e-18 3.034028281820553691e-17 2.198842919954971491e-16 1.516120470156225605e-15 9.914337456991679486e-15 6.127121726422527687e-14 3.564529809291409774e-13 1.943440872146813897e-12 9.880196838366226161e-12 4.656443882330690142e-11 2.020649417346772378e-10 8.009493462429458745e-10 2.872553103682097848e-09 9.215859893147648656e-09 2.609095754068000784e-08 6.414316268678441126e-08 1.344751002821237885e-07 2.360639590305032700e-07 3.423650538125609984e-07 4.099097865942386248e-07 4.099112581618268686e-07 3.423692444731424119e-07 2.360701976478450985e-07 1.344824498445500160e-07 6.415034377317452193e-08 2.609676952745609620e-08 9.219874231259532981e-09 2.874964803578863970e-09 8.022296604505588327e-10 2.026739032849830506e-10 4.682676520022030314e-11 9.983473115452752310e-12 1.980882300465875201e-12 3.690332247842963353e-13 6.521050368566817842e-14 1.106949294255964084e-14 1.834697752033993460e-15 3.028305207220763722e-16 5.079880286808387348e-17 8.789479966142009686e-18 1.574046968837162583e-18 2.892841418280313584e-19 5.370636020812756460e-20 9.696387897375081413e-21 0.000000000000000000e+00
0.000000000000000000e+00 1.234287165866045124e-22 1.111010937009502181e-21 9.524890188096341218e-21 7.848305188537302724e-20 6.202746860423378860e-19 4.690973804081589667e-18 3.386041635328007546e-17 2.326151537896427317e-16 1.516120462429824499e-15 9.342362051143734954e-15 5.421226517688179942e-14 2.949315785361892799e-13 1.496638442883043312e-12 7.042590673711460380e-12 3.052046872667599714e-11 1.208329517696974167e-10 4.328580546346888271e-10 1.387044670913900283e-09 3.921753966833932427e-09 9.628197337422299702e-09 2.015889671095631547e-08 3.535228552935470884e-08 5.124870831262310289e-08 6.136252344474046745e-08 6.136293137470027690e-08 5.124987343107306784e-08 3.535402823079520548e-08 2.016095752821790905e-08 9.630214081774793716e-09 3.923386216973633324e-09 1.388170692830264586e-09 4.335331677338871252e-10 1.211904941293555232e-10 3.069008415167027597e-11 7.115469594905025389e-12 1.525263296729864831e-12 3.052886107342046232e-13 5.768690838899920800e-14 1.042928546668677033e-14 1.834697752033993855e-15 3.204801245862189475e-16 5.675073066996216442e-17 1.034295173960600225e-17 1.947043237055946365e-18 3.754075971262049700e-19 7.303593210342577655e-20 1.411313888376667336e-20 2.615684551980029338e-21 0.000000000000000000e+00
0.000000000000000000e+00 1.857147393142672381e-23 1.662814516425704158e-22 1.418114468867612846e-21 1.162641921759678332e-20 9.144835553001736334e-20 6.884747401839369538e-19 4.948452444209328163e-18 3.386041685580517352e-17 2.198842914100128930e-16 1.350371579993284429e-15 7.811905706862327392e-15 4.238011714125106337e-14 2.145081877919332635e-13 1.007001616688973659e-12 4.354304530809813621e-12 1.720176661117769301e-11 6.148868627992408751e-11 1.966001729678113146e-10 5.546218988257517520e-10 1.358607590826674112e-09 2.838784358196252414e-09 4.970533368935341745e-09 7.199613594174826238e-09 8.619220186961110647e-09 8.619325688549698322e-09 7.199915772204017020e-09 4.970987429227123735e-09 2.839323342054856500e-09 1.359136072632948347e-09 5.550499827563099115e-10 1.968954639827864541e-10 6.166560296428812517e-11 1.729536418970398954e-11 4.398650217268970643e-12 1.026031002936819939e-12 2.219735880096907435e-13 4.507868132394143271e-14 8.716666142353352338e-15 1.633323160473198319e-15 3.028305207220763722e-16 5.675073066996216442e-17 1.091781104299955667e-17 2.164514133611799751e-18 4.385757625593587671e-19 8.948424492842972644e-20 1.811459525337468585e-20 3.594382800487410654e-21 6.776607964805791533e-22 0.000000000000000000e+00
0.000000000000000000e+00 2.662395656291667962e-24 2.371053184915823182e-23 2.011401793884585140e-22 1.640604219187988105e-21 1.284079708025940166e-20 9.621795524607202970e-20 6.884747135301548665e-19 4.690973848922079790e-18 3.034028236119108172e-17 1.856240228124597063e-16 1.070012420501583761e-15 5.785368948195736828e-15 2.918921317868008373e-14 1.366070605954398194e-13 5.889256708161307845e-13 2.319671592063076880e-12 8.267152405432938561e-12 2.635361750415849777e-11 7.412240316730071303e-11 1.810452171994231735e-10 3.773094954056595438e-10 6.593243630299938493e-10 9.539312693213329504e-10 1.141691190946204397e-09 1.141716786243958988e-09 9.540047766885236665e-10 6.594353140671761864e-10 3.774416967853556604e-10 1.811751324064167852e-10 7.422779470281703647e-11 2.642637425171608498e-11 8.310756787728028194e-12 2.342741315350379292e-12 5.998540327477574350e-13 1.412954642320385481e-13 3.102815881750746608e-14 6.450067766449561018e-15 1.292905365457310739e-15 2.553612028392998260e-16 5.079880286808386731e-17 1.034295173960600533e-17 2.164514133611800136e-18 4.618471492082508131e-19 9.901026084369524784e-20 2.101524233923889838e-20 4.367569292642682068e-21 8.817999015255981428e-22 1.681645795257229007e-22 0.000000000000000000e+00
0.000000000000000000e+00 3.646913250201346578e-25 3.230271830405196633e-24 2.725515202950534959e-23 2.211432897545765346e-22 1.722090746050604087e-21 1.284079825284023576e-20 9.144835291306932807e-20 6.202747124295976543e-19 3.994421568613810752e-18 2.433650711769696347e-17 1.397245894749548076e-16 7.525507249592579363e-16 3.782649367919803137e-15 1.763799693926862380e-14 7.576290308992605216e-14 2.973348796549405131e-13 1.055827478366878247e-12 3.353454748292849394e-12 9.398042220818722649e-12 2.287627500575594385e-11 4.753101988120740675e-11 8.286311951945345890e-11 1.197262314634042975e-10 1.432324649568888981e-10 1.432383174879988913e-10 1.197430829160703979e-10 8.288866665312506426e-11 4.756157486503623516e-11 2.290637574969868164e-11 9.422510019745125556e-12 3.370371398561848668e-12 1.065977531571460497e-12 3.027098784802566651e-13 7.831095339343306269e-14 1.873184649119301003e-14 4.211969015175420445e-15 9.078428176735843671e-16 1.918434979673663268e-16 4.066036349824793516e-17 8.789479966142011227e-18 1.947043237055947136e-18 4.385757625593592486e-19 9.901026084369525988e-20 2.207912870122456714e-20 4.810703347232106395e-21 1.017186917698626143e-21 2.077807646164165142e-22 3.994999977912351940e-23 0.000000000000000000e+00
0.000000000000000000e+00 4.785333480638028216e-26 4.215444497173112100e-25 3.537249914226479485e-24 2.854700821418754952e-23 2.211432475850363088e-22 1.640604345588715469e-21 1.162641797399674838e-20 7.848305628413253768e-20 5.030701784206540969e-19 3.051212586477586026e-18 1.744120827188574740e-17 9.353412303840976859e-17 4.681566496100679383e-16 2.173819607188269348e-15 9.298584355889266063e-15 3.634045930458092374e-14 1.285045489487479623e-13 4.064496904200555756e-13 1.134434400195595458e-12 2.750777408071905724e-12 5.696111200384186960e-12 9.904412866746706731e-12 1.428848333786829452e-11 1.708511108785076650e-11 1.708637760805089596e-11 1.429213921968820122e-11 9.909979062185517897e-12 5.702793469558239429e-12 2.757377837623720122e-12 1.139812660640714966e-12 4.101758223562195273e-13 1.307442920489209538e-13 3.752845977175982569e-14 9.862592338438428107e-15 2.416276538474481968e-15 5.634462785684555887e-16 1.280498353826199331e-16 2.904244481605909331e-17 6.690635100375429169e-18 1.574046968837163353e-18 3.754075971262053552e-19 8.948424492842982274e-20 2.101524233923890139e-20 4.810703347232107147e-21 1.066355967773999166e-21 2.281111534396977152e-22 4.698869615240210939e-23 9.092108225387492813e-24 0.000000000000000000e+00
0.000000000000000000e+00 6.028836563745016778e-27 5.281473492409646424e-26 4.407081479127342303e-25 3.537251632195446816e-24 2.725514899186676916e-23 2.011402355991392527e-22 1.418114272534487658e-21 9.524891546463164461e-21 6.075426360831669224e-20 3.667121317133975432e-19 2.086257772261688298e-18 1.113591946760177991e-17 5.547902167053352834e-17 2.564192310310027699e-16 1.091776612327193493e-15 4.247114618337834236e-15 1.494891018630255938e-14 4.706560277355102553e-14 1.307788117992293571e-13 3.157890759649924484e-13 6.515290366564157268e-13 1.129685858534878271e-12 1.626971576280821509e-12 1.944284872376899467e-12 1.944545219461112891e-12 1.627724912051807517e-12 1.130837655418407740e-12 6.529169281780658300e-13 3.171638242044333180e-13 1.319020957536421216e-13 4.784579328311388583e-14 1.541897850670344002e-14 4.497000655498344916e-15 1.210658584414429430e-15 3.076266765558871646e-16 7.564382203960938361e-17 1.845434462126763605e-17 4.551049133241299199e-18 1.141573371911080170e-18 2.892841418280315028e-19 7.303593210342578859e-20 1.811459525337469488e-20 4.367569292642682820e-21 1.017186917698626519e-21 2.281111534396978563e-22 4.920716365622561914e-23 1.020309986176242495e-23 1.985035661271996558e-24 0.000000000000000000e+00
0.000000000000000000e+00 7.306931564970047555e-28 6.365365465907891218e-27 5.281483944783889172e-26 4.215452652206855061e-25 3.230272797993640472e-24 2.371055057338558939e-23 1.662814286663185026e-22 1.111011309499758044e-21 7.050066210702680187e-21 4.233770249350076417e-20 2.396497357450386940e-19 1.272789699665924784e-18 6.309404591618490259e-18 2.901617278287715751e-17 1.229278049444401404e-16 4.758109769630425533e-16 1.666403658238078529e-15 5.220752051618740120e-15 1.443762012943652028e-14 3.470764832390775044e-14 7.133203695448106276e-14 1.233129175890837922e-13 1.772735923966026807e-13 2.117145324398491059e-13 2.117654926312275073e-13 1.774213995892865906e-13 1.235398326108298942e-13 7.160647382417907374e-14 3.498028351387215912e-14 1.466105939227411653e-14 5.376392710144472861e-15 1.760439141518577184e-15 5.259344687006451470e-16 1.468355437077517894e-16 3.934010021570801403e-17 1.038484617245613759e-17 2.755521497028655632e-18 7.402612278453490232e-19 2.001160026715065966e-19 5.370636020812758266e-20 1.411313888376668238e-20 3.594382800487412159e-21 8.817999015255985190e-22 2.077807646164165847e-22 4.698869615240214465e-23 1.020309986176242201e-23 2.127620617339549672e-24 4.160389941511171725e-25 0.000000000000000000e+00
0.000000000000000000e+00 8.434494637222154407e-29 7.307210854941809143e-28 6.028978404695712919e-27 4.785399788330459509e-26 3.646934432579142122e-25 2.662406743918490252e-24 1.857149426227877647e-23 1.234288790635500335e-22 7.791250386523550387e-22 4.654505045091153914e-21 2.620996770801807279e-20 1.384825619619446121e-19 6.829297040812350113e-19 3.124446277058489749e-18 1.316810789924993539e-17 5.070452323144576186e-17 1.766616680541566083e-16 5.506578595638355011e-16 1.515345097450175305e-15 3.626280284948275354e-15 7.423491954312857876e-15 1.279377567297880996e-14 1.835783473965405796e-14 2.191036330045579349e-14 2.191969176659297275e-14 1.838495093187793360e-14 1.283556301751299698e-14 7.474204136956977627e-15 3.676802259860685287e-15 1.556876131649902065e-15 5.796732217673955485e-16 1.942437201412691100e-16 6.010323790275010193e-17 1.766364600313117192e-17 5.071043871017744038e-18 1.453432755383579420e-18 4.195578156261350626e-19 1.213636919817823606e-19 3.472600201281909490e-20 9.696387897375088936e-21 2.615684551980031595e-21 6.776607964805796235e-22 1.681645795257230183e-22 3.994999977912355467e-23 9.092108225387494283e-24 1.985035661271995823e-24 4.160389941511168969e-25 8.177435472231976322e-26 0.000000000000000000e+00
0.000000000000000000e+00 0.000000000000000000e+00 0.000000000000000000e+00 0.000000000000000000e+00 0.000000000000000000e+00 0.000000000000000000e+00 0.000000000000000000e+00 0.000000000000000000e+00 0.000000000000000000e+00 0.000000000000000000e+00 0.000000000000000000e+00 0.000000000000000000e+00 0.000000000000000000e+00 0.000000000000000000e+00 0.000000000000000000e+00 0.000000000000000000e+00 0.000000000000000000e+00 0.000000000000000000e+00 0.000000000000000000e+00 0.000000000000000000e+00 0.000000000000000000e+00 0.000000000000000000e+00 0.000000000000000000e+00 0.000000000000000000e+00 0.000000000000000000e+00 0.000000000000000000e+00 0.000000000000000000e+00 0.000000000000000000e+00 0.000000000000000000e+00 0.000000000000000000e+00 0.000000000000000000e+00 0.000000000000000000e+00 0.000000000000000000e+00 0.000000000000000000e+00 0.000000000000000000e+00 0.000000000000000000e+00 0.000000000000000000e+00 0.000000000000000000e+00 0.000000000000000000e+00 0.000000000000000000e+00 0.000000000000000000e+00 0.000000000000000000e+00 0.000000000000000000e+00 0.000000000000000000e+00 0.000000000000000000e+00 0.000000000000000000e+00 0.000000000000000000e+00 0.000000000000000000e+00 0.000000000000000000e+00 0.000000000000000000e+00
