0.000000000000000000e+00 0.000000000000000000e+00 0.000000000000000000e+00 0.000000000000000000e+00 0.000000000000000000e+00 0.000000000000000000e+00 0.000000000000000000e+00 0.000000000000000000e+00 0.000000000000000000e+00 0.000000000000000000e+00 0.000000000000000000e+00 0.000000000000000000e+00 0.000000000000000000e+00 0.000000000000000000e+00 0.000000000000000000e+00 0.000000000000000000e+00 0.000000000000000000e+00 0.000000000000000000e+00 0.000000000000000000e+00 0.000000000000000000e+00 0.000000000000000000e+00 0.000000000000000000e+00 0.000000000000000000e+00 0.000000000000000000e+00 0.000000000000000000e+00 0.000000000000000000e+00 0.000000000000000000e+00 0.000000000000000000e+00 0.000000000000000000e+00 0.000000000000000000e+00 0.000000000000000000e+00 0.000000000000000000e+00 0.000000000000000000e+00 0.000000000000000000e+00 0.000000000000000000e+00 0.000000000000000000e+00 0.000000000000000000e+00 0.000000000000000000e+00 0.000000000000000000e+00 0.000000000000000000e+00 0.000000000000000000e+00 0.000000000000000000e+00 0.000000000000000000e+00 0.000000000000000000e+00 0.000000000000000000e+00 0.000000000000000000e+00 0.000000000000000000e+00 0.000000000000000000e+00 0.000000000000000000e+00 0.000000000000000000e+00
0.000000000000000000e+00 8.817121068781193208e-31 8.451437172165794204e-30 7.738652305763674508e-29 6.822541260238486750e-28 5.779571741949359476e-27 4.693539833463361880e-26 3.644492926462088464e-25 2.698072547583364822e-24 1.898220063117973418e-23 1.264539134456803890e-22 7.943487330956114085e-22 4.682989837276904437e-21 2.576862734029333424e-20 1.315074719804090448e-19 6.178139571106113414e-19 2.648371744035993179e-18 1.025057375414815582e-17 3.537535514034209534e-17 1.072250971820037242e-16 2.804094310821302107e-16 6.199401649539757266e-16 1.134553973287152568e-15 1.690975975441044295e-15 2.049069115772109982e-15 2.049069115267466984e-15 1.690975974100600604e-15 1.134553971566989497e-15 6.199401632984313087e-16 2.804094297471736385e-16 1.072250962199190469e-16 3.537535450390916517e-17 1.025057337831762741e-17 2.648371535819041518e-18 6.178138528512863742e-19 1.315074235103200876e-19 2.576860667224337808e-20 4.682981665315983176e-21 7.943457362979988042e-22 1.264528878268489992e-22 1.898187212336050894e-23 2.697973566525057955e-24 3.644211633188666671e-25 4.692782458267916049e-26 5.777635600853060105e-27 6.817824113544825981e-28 7.727680448036229741e-29 8.427033654161121126e-30 8.766904483068149641e-31 0.000000000000000000e+00
0.000000000000000000e+00 8.451437172165822230e-30 8.154674291578446432e-29 7.517125424158667583e-28 6.671500223423142113e-27 5.689105328570265558e-26 4.650512161518572970e-25 3.634732728232088513e-24 2.708383282708758588e-23 1.917848296899985162e-22 1.285896894141043589e-21 8.130027311829826843e-21 4.824117166118894045e-20 2.671853312804170187e-19 1.372511428889033672e-18 6.490627926152378104e-18 2.800831112423046390e-17 1.091283750361912936e-16 3.790936370851836548e-16 1.156435538433592355e-15 3.042512401267632197e-15 6.762392207027082442e-15 1.242751380269189157e-14 1.856922115108384106e-14 2.252059541047868394e-14 2.252059540991296970e-14 1.856922114960326905e-14 1.242751380089071702e-14 6.762392205482727081e-15 3.042512400201553737e-15 1.156435537817861570e-15 3.790936367830910475e-16 1.091283749024448205e-16 2.800831106913542604e-17 6.490627903945593873e-18 1.372511419777735669e-18 2.671853275042890768e-19 4.824117010870352896e-20 8.130026695485560398e-21 1.285896663518946987e-21 1.917847484287697955e-22 2.708380619458823540e-23 3.634724520879702696e-24 4.650488551836982808e-25 5.689041169285436571e-26 6.671336343348947605e-27 7.516728145927284367e-28 8.153765188887786758e-29 8.449588835982782777e-30 0.000000000000000000e+00
0.000000000000000000e+00 7.738652305763634150e-29 7.517125424158679242e-28 6.976475967316587804e-27 6.233308848944527279e-26 5.350816521099741082e-25 4.402795562977670489e-24 3.463570688494349225e-23 2.597529212652564894e-22 1.851152381586648807e-21 1.249096018781855635e-20 7.947565388677109359e-20 4.745811739309116128e-19 2.645219640851571945e-18 1.367522740359405517e-17 6.508672560223924179e-17 2.826812813392898902e-16 1.108562369869545657e-15 3.875829402240835744e-15 1.189789146109441304e-14 3.148907495540256540e-14 7.035828136593659763e-14 1.298350331246115326e-13 1.944833600546232496e-13 2.360569989941258990e-13 2.360569989940368398e-13 1.944833600542860463e-13 1.298350331236420794e-13 7.035828136394392237e-14 3.148907495280009434e-14 1.189789145834342314e-14 3.875829399812016636e-15 1.108562368183770413e-15 2.826812802917861460e-16 6.508672504719559954e-17 1.367522713791196233e-17 2.645219526808877905e-18 4.745811291156713945e-19 7.947563769752898596e-20 1.249095475633450027e-20 1.851150682415097228e-21 2.597524217316668001e-22 3.463556858884179347e-23 4.402759256584263186e-24 5.350726075470493194e-25 6.233093725209652728e-26 6.975987451646724816e-27 7.516061915009656603e-28 7.736470869101583487e-29 0.000000000000000000e+00
0.000000000000000000e+00 6.822541260238519036e-28 6.671500223423130633e-27 6.233308848944534166e-26 5.606275165118733705e-25 4.844055856177920171e-24 4.011534506064927784e-23 3.175845171500304272e-22 2.396686890169514837e-21 1.718598982485196890e-20 1.166758385346683240e-19 7.468788565511413701e-19 4.486878467580619488e-18 2.515994675971237801e-17 1.308587818174195563e-16 6.266071712734896708e-16 2.738121515611453712e-15 1.080393527222753046e-14 3.800551313694660065e-14 1.173713411755692500e-13 3.124135702195473657e-13 7.016053847051768736e-13 1.299880022052702491e-12 1.951783630113180265e-12 2.370743767872638855e-12 2.370743767871078198e-12 1.951783630109527422e-12 1.299880022051350245e-12 7.016053847108232497e-13 3.124135702307009754e-13 1.173713411897773543e-13 3.800551315072284467e-14 1.080393528214564354e-14 2.738121521984955605e-15 6.266071746909339171e-16 1.308587834739521704e-16 2.515994747426780600e-17 4.486878749500900990e-18 7.468789585413529139e-19 1.166758727529787059e-19 1.718600051966163969e-20 2.396690026848562165e-21 3.175853830159227156e-22 4.011557139273520074e-23 4.844111965283925321e-24 5.606407783839526429e-25 6.233607896503988718e-26 6.672145842131472840e-27 6.823856791436043010e-28 0.000000000000000000e+00
0.000000000000000000e+00 5.779571741949340822e-27 5.689105328570278186e-26 5.350816521099734653e-25 4.844055856177920171e-24 4.212363960228245877e-23 3.510397490904764923e-22 2.796279371897440691e-21 2.123026585651411543e-20 1.531411024463743994e-19 1.045746233035894733e-18 6.732648684865457951e-18 4.067637412268183671e-17 2.293786326317037711e-16 1.199740109590092517e-15 5.777348354079340350e-15 2.538934266885570639e-14 1.007544240105286284e-13 3.564649944259941025e-13 1.107101926054226442e-12 2.962791429616885723e-12 6.685990262819376554e-12 1.243455481137010007e-11 1.871283813704338317e-11 2.274442356885546227e-11 2.274442356886361452e-11 1.871283813706317411e-11 1.243455481137720381e-11 6.685990262785874931e-12 2.962791429551320755e-12 1.107101925968944848e-12 3.564649943424141760e-13 1.007544239503815059e-13 2.538934262972479446e-14 5.777348333104304331e-15 1.199740099346299592e-15 2.293786282046349092e-16 4.067637236877936308e-17 6.732648048812631624e-18 1.045746019131603576e-18 1.531410354667558461e-19 2.123024619066216611e-20 2.796273938901909526e-21 3.510383292602664589e-22 4.212328783077585639e-23 4.843972858687164760e-24 5.350629802974476161e-25 5.688703654474441576e-26 5.778756853447754544e-27 0.000000000000000000e+00
0.000000000000000000e+00 4.693539833463373359e-26 4.650512161518568378e-25 4.402795562977671959e-24 4.011534506064929547e-23 3.510397490904763982e-22 2.943393939601999864e-21 2.358657058111652724e-20 1.801198746607527201e-19 1.306625582877883200e-18 8.971684922618272807e-18 5.807161793124914706e-17 3.526975140475887500e-16 1.999218629937229177e-15 1.051047039568110932e-14 5.087309409576575768e-14 2.247229441443273919e-13 8.964305545625978634e-13 3.188168026055541235e-12 9.953359187495690669e-12 2.677057744120969113e-11 6.068550310922112960e-11 1.132657144356327902e-10 1.708107197871561708e-10 2.077249146669608081e-10 2.077249146668871631e-10 1.708107197869662036e-10 1.132657144354868704e-10 6.068550310930707884e-11 2.677057744149468394e-11 9.953359187921588518e-12 3.188168026494011583e-12 8.964305548822904474e-13 2.247229443569322216e-13 5.087309420985094801e-14 1.051047045197856698e-14 1.999218654295208020e-15 3.526975237407369923e-16 5.807162145114698687e-17 8.971686108244877704e-18 1.306625954321522989e-18 1.801199836958501779e-19 2.358660067663971126e-20 2.943401789092848376e-21 3.510416885423847521e-22 4.011580082146296711e-23 4.402897582158516160e-24 4.650730207683545835e-25 4.693978871391701401e-26 0.000000000000000000e+00
0.000000000000000000e+00 3.644492926462084331e-25 3.634732728232090717e-24 3.463570688494350989e-23 3.175845171500302392e-22 2.796279371897442948e-21 2.358657058111653025e-20 1.901015029848655398e-19 1.459808991547954907e-18 1.064652322988673026e-17 7.347907265145231529e-17 4.779726162627889900e-16 2.916870394922805555e-15 1.661081880779402681e-14 8.772585307741086152e-14 4.265286982808371285e-13 1.892621701122165658e-12 7.584175428452561693e-12 2.709771919265570297e-11 8.498991281154901503e-11 2.296197943057073445e-10 5.226579165320480438e-10 9.786826516427223725e-10 1.478666216277355893e-09 1.798985303549289278e-09 1.798985303549698319e-09 1.478666216278508776e-09 9.786826516438858020e-10 5.226579165322519438e-10 2.296197943049732217e-10 8.498991280993306601e-11 2.709771919077413203e-11 7.584175427023469859e-12 1.892621700126805656e-12 4.265286977417945628e-13 8.772585280601501795e-14 1.661081868992935024e-14 2.916870347646364011e-15 4.779725990648386076e-16 7.347906684687283974e-17 1.064652141206033374e-17 1.459808458727739812e-18 1.901013563534409279e-19 2.358653251117302284e-20 2.796270023068240279e-21 3.175823380652068981e-22 3.463522405982776660e-23 3.634630846820428987e-24 3.644290911645010360e-25 0.000000000000000000e+00
0.000000000000000000e+00 2.698072547583366291e-24 2.708383282708759175e-23 2.597529212652561603e-22 2.396686890169517471e-21 2.123026585651410640e-20 1.801198746607528164e-19 1.459808991547955292e-18 1.126953264324012011e-17 8.260361402989346126e-17 5.728192339535818735e-16 3.742866579030849511e-15 2.293818638789743124e-14 1.311538933679285392e-13 6.953350486800507853e-13 3.393481528719146880e-12 1.511386797969064171e-11 6.079206136889531918e-11 2.180363531962561343e-10 6.865132104446565940e-10 1.861914679482876250e-09 4.253163623145895896e-09 7.986674654908562879e-09 1.208597636784626429e-08 1.470808352022099775e-08 1.470808352022853336e-08 1.208597636786499662e-08 7.986674654930235011e-09 4.253163623164620783e-09 1.861914679496836371e-09 6.865132104566100776e-10 2.180363532061886606e-10 6.079206137549629802e-11 1.511386798409261581e-11 3.393481531024944341e-12 6.953350498451450784e-13 1.311538938698240866e-13 2.293818659021785609e-14 3.742866652480027844e-15 5.728192587579705941e-16 8.260362177510876456e-17 1.126953490407514550e-17 1.459809609513623554e-18 1.801200335920152679e-19 2.123030439426551281e-20 2.396695724910399952e-21 2.597548375555151601e-22 2.708422630501654101e-23 2.698147921595867897e-24 0.000000000000000000e+00
0.000000000000000000e+00 1.898220063117973124e-23 1.917848296899984692e-22 1.851152381586652192e-21 1.718598982485195386e-20 1.531411024463745679e-19 1.306625582877883008e-18 1.064652322988673180e-17 8.260361402989352289e-17 6.083096494799926358e-16 4.236644523493013103e-15 2.779287025800782160e-14 1.709480535204906621e-13 9.806787550607254228e-13 5.215144866131538480e-12 2.552473372318889871e-11 1.139960209705427843e-10 4.597856029298398307e-10 1.653727218700586173e-09 5.222265313283273819e-09 1.420593316435063666e-08 3.254290728518296601e-08 6.124934015001753934e-08 9.279890374213664005e-08 1.129405982979528285e-07 1.129405982978668018e-07 9.279890374190083402e-08 6.124934014971356039e-08 3.254290728488931690e-08 1.420593316411176840e-08 5.222265313116033615e-09 1.653727218599410196e-09 4.597856028773564616e-10 1.139960209433054198e-10 2.552473371109791892e-11 5.215144860690927637e-12 9.806787529104581114e-13 1.709480526944404051e-13 2.779286996990842265e-14 4.236644428514480392e-15 6.083096204816930504e-16 8.260360572567444630e-17 1.064652100748024881e-17 1.306625025001908286e-18 1.531409711958473316e-19 1.718596088423887469e-20 1.851146420702173664e-21 1.917836893284621626e-22 1.898200304556128037e-23 0.000000000000000000e+00
0.000000000000000000e+00 1.264539134456804125e-22 1.285896894141044153e-21 1.249096018781855635e-20 1.166758385346684444e-19 1.045746233035894733e-18 8.971684922618277429e-18 7.347907265145233994e-17 5.728192339535818735e-16 4.236644523493013892e-15 2.962125051413473691e-14 1.949834452923389497e-13 1.202847883281331480e-12 6.917737556300203935e-12 3.686580381013306475e-11 1.807596598155845952e-10 8.085791221459168426e-10 3.266228444593831780e-09 1.176621350484988186e-08 3.722030848665445246e-08 1.014402873683147898e-07 2.328219403495404667e-07 4.388792614944638896e-07 6.654259585304278593e-07 8.097173410971962531e-07 8.097173410953608386e-07 6.654259585258215883e-07 4.388792614894883122e-07 2.328219403463084801e-07 1.014402873669632693e-07 3.722030848633839668e-08 1.176621350492113686e-08 3.266228444721313133e-09 8.085791222429989986e-10 1.807596598644568039e-10 3.686580383297419041e-11 6.917737565114739901e-12 1.202847886553216524e-12 1.949834463747479729e-13 2.962125085486820394e-14 4.236644622292134073e-15 5.728192608872041933e-16 7.347907947070166499e-17 8.971686528144820138e-18 1.045746580851496807e-18 1.166759068862633011e-19 1.249097195338769542e-20 1.285898515168657048e-21 1.264540270280807635e-22 0.000000000000000000e+00
0.000000000000000000e+00 7.943487330956115965e-22 8.130027311829829852e-21 7.947565388677118989e-20 7.468788565511409849e-19 6.732648684865465654e-18 5.807161793124914706e-17 4.779726162627887928e-16 3.742866579030849511e-15 2.779287025800783422e-14 1.949834452923389244e-13 1.287118462261245498e-12 7.957803007039613160e-12 4.584009451486175351e-11 2.445442045892988616e-10 1.199705175642010751e-09 5.367546515054553827e-09 2.168171812696467481e-08 7.810437151880327786e-08 2.471078548545915960e-07 6.737629005292640942e-07 1.547417126337596495e-06 2.918668511599304524e-06 4.425588162833934081e-06 5.382626851402411830e-06 5.382626851440687555e-06 4.425588162936457255e-06 2.918668511723188598e-06 1.547417126441723314e-06 6.737629006009282696e-07 2.471078548950362016e-07 7.810437153756215921e-08 2.168171813433679629e-08 5.367546517521482692e-09 1.199705176366156506e-09 2.445442047657424833e-10 4.584009455151866303e-11 7.957803011988628303e-12 1.287118462294779028e-12 1.949834449601771885e-13 2.779287010941968859e-14 3.742866531241372671e-15 4.779726039372142242e-16 5.807161527598989521e-17 6.732648241062838266e-18 7.468788177129422081e-19 7.947566349772269596e-20 8.130034104028775879e-21 7.943512471053081811e-22 0.000000000000000000e+00
0.000000000000000000e+00 4.682989837276905189e-21 4.824117166118897657e-20 4.745811739309112276e-19 4.486878467580624110e-18 4.067637412268183671e-17 3.526975140475887007e-16 2.916870394922807527e-15 2.293818638789743124e-14 1.709480535204907630e-13 1.202847883281331480e-12 7.957803007039614776e-12 4.927063668977778346e-11 2.839938770433733207e-10 1.514757747336305294e-09 7.424461094046794947e-09 3.316730263378989357e-08 1.337210675988880428e-07 4.807250122202639321e-07 1.518072584027090434e-06 4.133048580102515238e-06 9.482755176599989968e-06 1.787319945751197919e-05 2.707956371258313260e-05 3.290601648481738319e-05 3.290601648485626539e-05 2.707956371261848776e-05 1.787319945742856338e-05 9.482755176329769518e-06 4.133048579738784891e-06 1.518072583744633956e-06 4.807250120558046503e-07 1.337210675200746975e-07 3.316730260172734070e-08 7.424461082643903407e-09 1.514757743762685697e-09 2.839938760301916348e-10 4.927063643145719454e-11 7.957802946264139702e-12 1.202847870220247957e-12 1.709480508814728259e-13 2.293818588441116784e-14 2.916870299330043655e-15 3.526974950150897253e-16 4.067636986907545138e-17 4.486877397228229512e-18 4.745808854688033576e-19 4.824109347113880490e-20 4.682969543263608342e-21 0.000000000000000000e+00
0.000000000000000000e+00 2.576862734029334928e-20 2.671853312804167779e-19 2.645219640851573100e-18 2.515994675971236569e-17 2.293786326317038204e-16 1.999218629937230360e-15 1.661081880779403312e-14 1.311538933679285644e-13 9.806787550607246150e-13 6.917737556300209589e-12 4.584009451486172767e-11 2.839938770433734241e-10 1.636206229240236713e-09 8.713792654086093940e-09 4.259948983135973103e-08 1.896345309770706690e-07 7.613197691305013601e-07 2.724370381347257821e-06 8.564320138230771049e-06 2.322289395627582498e-05 5.310840748855836548e-05 9.984998593515233951e-05 1.509815779248583972e-04 1.832012524721935657e-04 1.832012524629903156e-04 1.509815779008580371e-04 9.984998590756836599e-05 5.310840746761993464e-05 2.322289394378132668e-05 8.564320132008414503e-06 2.724370378793953658e-06 7.613197682517462878e-07 1.896345307199293333e-07 4.259948976781865452e-08 8.713792641147773204e-09 1.636206227307400792e-09 2.839938769349485022e-10 4.584009457642369479e-11 6.917737587747727857e-12 9.806787653062151861e-13 1.311538961139925535e-13 1.661081947816444895e-14 1.999218785083786095e-15 2.293786680717783010e-16 2.515995491531193669e-17 2.645221550077097774e-18 2.671857824109239156e-19 2.576873219280728817e-20 0.000000000000000000e+00
0.000000000000000000e+00 1.315074719804090688e-19 1.372511428889035598e-18 1.367522740359404130e-17 1.308587818174196549e-16 1.199740109590092319e-15 1.051047039568111247e-14 8.772585307741087414e-14 6.953350486800508863e-13 5.215144866131539287e-12 3.686580381013308414e-11 2.445442045892989133e-10 1.514757747336305294e-09 8.713792654086098903e-09 4.626799065300776663e-08 2.251832114351892327e-07 9.965348670829961694e-07 3.972550740538654844e-06 1.410459819902398919e-05 4.398507184157431532e-05 1.183787953989576058e-04 2.690010131645648108e-04 5.032457855309751572e-04 7.581824573735399062e-04 9.179540352147153807e-04 9.179540353597330591e-04 7.581824577661145509e-04 5.032457860056455904e-04 2.690010135643065197e-04 1.183787956760037869e-04 4.398507199736974939e-05 1.410459827188178734e-05 3.972550769834228685e-06 9.965348774129974891e-07 2.251832146773667364e-07 4.626799157046653375e-08 8.713792890462886761e-09 1.514757803274073892e-09 2.445442168177767261e-10 3.686580629473362245e-11 5.215145336335119855e-12 6.953351317605220611e-13 8.772586672397244630e-14 1.051047245924946445e-14 1.199740387701731431e-15 1.308588121648457019e-16 1.367522893714068876e-17 1.372510950095231482e-18 1.315072469001189841e-19 0.000000000000000000e+00
0.000000000000000000e+00 6.178139571106112451e-19 6.490627926152375793e-18 6.508672560223929109e-17 6.266071712734895722e-16 5.777348354079342717e-15 5.087309409576575768e-14 4.265286982808373305e-13 3.393481528719145668e-12 2.552473372318890517e-11 1.807596598155844660e-10 1.199705175642011165e-09 7.424461094046796601e-09 4.259948983135971780e-08 2.251832114351891269e-07 1.088848905538446679e-06 4.777531136734787394e-06 1.884663976061560356e-05 6.612225649686765165e-05 2.036220213875966460e-04 5.413719889094243103e-04 1.217087323282182000e-03 2.257689446366247139e-03 3.381050125888666706e-03 4.080179068380545768e-03 4.080179067163156731e-03 3.381050122486033930e-03 2.257689442108959908e-03 1.217087319466891469e-03 5.413719860697869309e-04 2.036220197289526394e-04 6.612225568947435554e-05 1.884663942262267104e-05 4.777531012745858936e-06 1.088848865008053561e-06 2.251831994682479057e-07 4.259948660556987964e-08 7.424460293056384874e-09 1.199704991096571213e-09 1.807596201117211768e-10 2.552472570697990871e-11 3.393480003013891325e-12 4.265284236893197993e-13 5.087304724509187222e-14 5.777340771196126893e-15 6.266060084949929900e-16 6.508655761985212263e-17 6.490605368776815981e-18 6.178112675352298713e-19 0.000000000000000000e+00
0.000000000000000000e+00 2.648371744035994334e-18 2.800831112423047006e-17 2.826812813392899888e-16 2.738121515611453318e-15 2.538934266885571586e-14 2.247229441443272152e-13 1.892621701122164043e-12 1.511386797969064494e-11 1.139960209705427455e-10 8.085791221459173596e-10 5.367546515054554654e-09 3.316730263378988695e-08 1.896345309770705896e-07 9.965348670829959577e-07 4.777531136734786547e-06 2.072316348537083151e-05 8.058162146468856853e-05 2.779686515536999012e-04 8.402710908834565414e-04 2.192794489045352038e-03 4.847215923329194556e-03 8.870366013026815058e-03 1.315912184190918058e-02 1.580382890397183729e-02 1.580382891011298738e-02 1.315912185980561318e-02 8.870366036210480115e-03 4.847215945326324368e-03 2.192794506320518578e-03 8.402711011162580183e-04 2.779686566494412214e-04 8.058162363911168568e-05 2.072316429704887766e-05 4.777531406768652963e-06 9.965349482576077525e-07 1.896345532706098843e-07 3.316730827918835331e-08 5.367547843316185721e-09 8.085794144142876701e-10 1.139960814426671395e-10 1.511387980149267054e-11 1.892623893292874561e-12 2.247233310673397044e-13 2.538940784431522270e-14 2.738132014702112135e-15 2.826829004876914730e-16 2.800855009985658366e-17 2.648404959836911131e-18 0.000000000000000000e+00
0.000000000000000000e+00 1.025057375414815890e-17 1.091283750361913306e-16 1.108562369869545657e-15 1.080393527222753361e-14 1.007544240105285905e-13 8.964305545625975604e-13 7.584175428452561693e-12 6.079206136889529333e-11 4.597856029298396756e-10 3.266228444593830953e-09 2.168171812696464834e-08 1.337210675988880428e-07 7.613197691305010424e-07 3.972550740538651456e-06 1.884663976061560356e-05 8.058162146468855497e-05 3.075451424880191564e-04 1.036921137404609719e-03 3.053678017006201777e-03 7.753629825580078856e-03 1.670447585711757818e-02 2.993126539485651064e-02 4.375872738874882206e-02 5.217895172690836803e-02 5.217895170969990420e-02 4.375872733451426078e-02 2.993126532121656233e-02 1.670447578243355879e-02 7.753629764030882561e-03 3.053677980913415465e-03 1.036921119155441483e-03 3.075451346740024159e-04 8.058161853992032572e-05 1.884663878479289926e-05 3.972550446460429226e-06 7.613196881576101440e-07 1.337210470329782966e-07 2.168171327011874040e-08 3.266227370714901463e-09 4.597853792933643841e-10 6.079201727106721475e-11 7.584167157251541399e-12 8.964290728259882220e-13 1.007541696090881637e-13 1.080389328639213668e-14 1.108555693749766101e-15 1.091273507923298167e-16 1.025042421769700093e-17 0.000000000000000000e+00
0.000000000000000000e+00 3.537535514034208302e-17 3.790936370851835562e-16 3.875829402240834955e-15 3.800551313694658172e-14 3.564649944259940520e-13 3.188168026055540023e-12 2.709771919265569974e-11 2.180363531962562119e-10 1.653727218700586586e-09 1.176621350484987855e-08 7.810437151880327786e-08 4.807250122202635086e-07 2.724370381347256974e-06 1.410459819902398919e-05 6.612225649686766520e-05 2.779686515536998470e-04 1.036921137404609502e-03 3.395150088467824203e-03 9.651933398922738286e-03 2.357018440004279500e-02 4.887226456814010300e-02 8.478731445743965811e-02 1.211968682005485215e-01 1.429703702734708426e-01 1.429703702876997384e-01 1.211968682647519974e-01 8.478731455567779796e-02 4.887226468108486765e-02 2.357018449830767040e-02 9.651933451472265516e-03 3.395150115467753405e-03 1.036921148418883630e-03 2.779686555035340676e-04 6.612225774551061855e-05 1.410459854937611667e-05 2.724370469201560003e-06 4.807250319271133131e-07 7.810437545363879781e-08 1.176621419388158793e-08 1.653727320503416216e-09 2.180363644565638630e-10 2.709771959068704565e-11 3.188167790698421541e-12 3.564649035838312201e-13 3.800549055984632803e-14 3.875824778836064788e-15 3.790928028167600966e-16 3.537522105764437755e-17 0.000000000000000000e+00
0.000000000000000000e+00 1.072250971820038105e-16 1.156435538433591369e-15 1.189789146109440989e-14 1.173713411755692500e-13 1.107101926054226644e-12 9.953359187495689053e-12 8.498991281154901503e-11 6.865132104446566974e-10 5.222265313283273819e-09 3.722030848665445908e-08 2.471078548545915960e-07 1.518072584027090434e-06 8.564320138230767661e-06 4.398507184157428822e-05 2.036220213875965918e-04 8.402710908834565414e-04 3.053678017006202644e-03 9.651933398922741755e-03 2.622831476862060723e-02 6.073105631405899263e-02 1.191352681957016796e-01 1.968718901359546303e-01 2.718598575140985796e-01 3.154754417497513397e-01 3.154754417983646753e-01 2.718598576056504013e-01 1.968718902370072132e-01 1.191352682774381444e-01 6.073105638200352457e-02 2.622831483168907435e-02 9.651933429027009792e-03 3.053678033460415202e-03 8.402710981200503526e-04 2.036220243598939675e-04 4.398507297236019638e-05 8.564320536833217265e-06 1.518072714280846941e-06 2.471078942847707605e-07 3.722031955263087463e-08 5.222268198870671656e-09 6.865139117733784384e-10 8.499007225846515642e-11 9.953393223940313886e-12 1.107108773158817948e-12 1.173726438230470255e-13 1.189812659916004748e-14 1.156475915501518079e-15 1.072316004975078891e-16 0.000000000000000000e+00
0.000000000000000000e+00 2.804094310821301121e-16 3.042512401267631409e-15 3.148907495540255278e-14 3.124135702195473152e-13 2.962791429616884108e-12 2.677057744120969760e-11 2.296197943057074221e-10 1.861914679482876250e-09 1.420593316435063335e-08 1.014402873683147633e-07 6.737629005292638824e-07 4.133048580102514391e-06 2.322289395627581820e-05 1.183787953989577006e-04 5.413719889094246356e-04 2.192794489045352471e-03 7.753629825580075387e-03 2.357018440004277418e-02 6.073105631405895793e-02 1.314317084010750425e-01 2.390297098850946989e-01 3.683010919134135919e-01 4.832093649433610305e-01 5.470774866607888143e-01 5.470774865899793449e-01 4.832093647460770636e-01 3.683010916196365336e-01 2.390297095399182559e-01 1.314317080803324989e-01 6.073105611336349768e-02 2.357018430941258680e-02 7.753629778893582174e-03 2.192794468840779647e-03 5.413719798439799516e-04 1.183787915408741160e-04 2.322289242857316442e-05 4.133048026249991194e-06 6.737627176041923884e-07 1.014402321981373200e-07 1.420591788961644835e-08 1.861910773393133907e-09 2.296188660915555643e-10 2.677037130908855601e-11 2.962748431099509044e-12 3.124051066201507336e-13 3.148749657167067605e-14 3.042232636694730446e-15 2.803629656347073698e-16 0.000000000000000000e+00
0.000000000000000000e+00 6.199401649539760224e-16 6.762392207027084809e-15 7.035828136593663550e-14 7.016053847051765707e-13 6.685990262819374938e-12 6.068550310922115545e-11 5.226579165320478370e-10 4.253163623145899205e-09 3.254290728518297263e-08 2.328219403495403608e-07 1.547417126337596706e-06 9.482755176599996745e-06 5.310840748855839936e-05 2.690010131645648650e-04 1.217087323282182000e-03 4.847215923329191954e-03 1.670447585711759553e-02 4.887226456814009606e-02 1.191352681957017212e-01 2.390297098850947544e-01 3.967626132483109136e-01 5.594433884809494328e-01 6.866435263705555903e-01 7.522668046831394451e-01 7.522668045081009058e-01 6.866435259652848844e-01 5.594433880141063131e-01 3.967626128244653994e-01 2.390297095109834014e-01 1.191352678797625297e-01 4.887226439091751223e-02 1.670447579383205899e-02 4.847215908159579860e-03 1.217087325783120693e-03 2.690010175414062022e-04 5.310841020357365760e-05 9.482756403245260515e-06 1.547417585057675899e-06 2.328220897231333059e-07 3.254295080280498253e-08 4.253175162883781920e-09 5.226607357045385746e-10 6.068614342322194791e-11 6.686126445008854259e-12 7.016326641617063227e-13 7.036345324538564111e-14 6.763323578984087340e-15 6.200972732759476037e-16 0.000000000000000000e+00
0.000000000000000000e+00 1.134553973287152766e-15 1.242751380269189788e-14 1.298350331246114821e-13 1.299880022052703097e-12 1.243455481137010331e-11 1.132657144356328160e-10 9.786826516427217521e-10 7.986674654908561224e-09 6.124934015001752611e-08 4.388792614944638367e-07 2.918668511599304100e-06 1.787319945751197580e-05 9.984998593515227174e-05 5.032457855309750488e-04 2.257689446366246706e-03 8.870366013026818527e-03 2.993126539485652451e-02 8.478731445743960260e-02 1.968718901359546580e-01 3.683010919134133698e-01 5.594433884809493218e-01 7.233266182849008574e-01 8.328253891655363894e-01 8.840943147493041110e-01 8.840943147870905516e-01 8.328253893019432752e-01 7.233266185560097705e-01 5.594433889259375903e-01 3.683010923744177711e-01 1.968718903632995509e-01 8.478731448684256877e-02 2.993126536514853150e-02 8.870365977348955086e-03 2.257689423092746391e-03 5.032457743368569337e-04 9.984998139818126669e-05 1.787319786046198585e-05 2.918668009503522123e-06 4.388791181207313117e-07 6.124930250693200535e-08 7.986665481167828699e-09 9.786805607849416562e-10 1.132652660042324192e-10 1.243446384147202568e-11 1.299862490197045105e-12 1.298318111926803454e-13 1.242694769044966741e-14 1.134460090916940640e-15 0.000000000000000000e+00
0.000000000000000000e+00 1.690975975441044492e-15 1.856922115108383790e-14 1.944833600546232748e-13 1.951783630113181072e-12 1.871283813704338963e-11 1.708107197871562225e-10 1.478666216277355066e-09 1.208597636784625932e-08 9.279890374213660034e-08 6.654259585304274358e-07 4.425588162833933234e-06 2.707956371258313599e-05 1.509815779248582074e-04 7.581824573735396894e-04 3.381050125888666706e-03 1.315912184190917190e-02 4.375872738874883594e-02 1.211968682005485770e-01 2.718598575140984686e-01 4.832093649433609195e-01 6.866435263705555903e-01 8.328253891655362784e-01 9.156537896954727307e-01 9.502520785935000269e-01 9.502520791029260838e-01 9.156537910247536383e-01 8.328253909229561547e-01 6.866435283786797017e-01 4.832093669024439264e-01 2.718598589566286194e-01 1.211968689628324380e-01 4.375872765587195123e-02 1.315912189853334600e-02 3.381050111984040991e-03 7.581824376563974909e-04 1.509815660733801294e-04 2.707955841356042041e-05 4.425586186143165615e-06 6.654253136550440773e-07 9.279871498977561864e-08 1.208592598211204826e-08 1.478653806617212905e-09 1.708078749647737613e-10 1.871222691048990261e-11 1.951659847771379641e-12 1.944596202251770048e-13 1.856489435606204838e-14 1.690237287911828311e-15 0.000000000000000000e+00
0.000000000000000000e+00 2.049069115772110377e-15 2.252059541047868079e-14 2.360569989941259495e-13 2.370743767872638855e-12 2.274442356885547843e-11 2.077249146669607822e-10 1.798985303549288865e-09 1.470808352022099444e-08 1.129405982979528683e-07 8.097173410971967825e-07 5.382626851402410983e-06 3.290601648481739674e-05 1.832012524721934302e-04 9.179540352147152723e-04 4.080179068380545768e-03 1.580382890397183729e-02 5.217895172690834721e-02 1.429703702734707316e-01 3.154754417497513397e-01 5.470774866607888143e-01 7.522668046831390010e-01 8.840943147493037779e-01 9.502520785934988057e-01 9.752914554373184330e-01 9.752914563631073230e-01 9.502520810317853783e-01 8.840943179878555380e-01 7.522668082538226386e-01 5.470774901666585199e-01 3.154754446816283031e-01 1.429703722837181723e-01 5.217895284031795478e-02 1.580382943963908743e-02 4.080179291055618593e-03 9.179541164092631022e-04 1.832012789845074757e-04 3.290602427984780565e-05 5.382628937913067821e-06 8.097178530075074857e-07 1.129407140930779096e-07 1.470810778146069511e-08 1.798990027695777911e-09 2.077257713601444975e-10 2.274456833323314203e-11 2.370766528458438120e-12 2.360603131626473857e-13 2.252103741732541215e-14 2.049122168808843757e-15 0.000000000000000000e+00
0.000000000000000000e+00 2.049069115267466984e-15 2.252059540991296970e-14 2.360569989940366883e-13 2.370743767871077391e-12 2.274442356886362422e-11 2.077249146668871373e-10 1.798985303549698526e-09 1.470808352022853833e-08 1.129405982978668150e-07 8.097173410953609445e-07 5.382626851440684167e-06 3.290601648485625861e-05 1.832012524629903427e-04 9.179540353597332759e-04 4.080179067163155864e-03 1.580382891011297697e-02 5.217895170969992502e-02 1.429703702876995997e-01 3.154754417983644532e-01 5.470774865899791228e-01 7.522668045081005728e-01 8.840943147870905516e-01 9.502520791029251956e-01 9.752914563631073230e-01 9.752914575116995444e-01 9.502520822254723054e-01 8.840943190829663179e-01 7.522668092474690260e-01 5.470774912837328419e-01 3.154754460259992510e-01 1.429703736532060010e-01 5.217895395412897042e-02 1.580383017484817201e-02 4.080179696332473203e-03 9.179543078343552426e-04 1.832013580933534687e-04 3.290605336608703471e-05 5.382638581345550496e-06 8.097207679331594726e-07 1.129415247245825427e-07 1.470831677459451745e-08 1.799040304320428152e-09 2.077371199254674496e-10 2.274698351870936747e-11 2.371253188492627076e-12 2.361535047682727551e-13 2.253804215633315689e-14 2.052035203500042309e-15 0.000000000000000000e+00
0.000000000000000000e+00 1.690975974100599026e-15 1.856922114960326905e-14 1.944833600542859453e-13 1.951783630109527422e-12 1.871283813706315796e-11 1.708107197869660744e-10 1.478666216278508983e-09 1.208597636786500158e-08 9.279890374190080755e-08 6.654259585258215883e-07 4.425588162936458102e-06 2.707956371261848098e-05 1.509815779008580642e-04 7.581824577661145509e-04 3.381050122486034797e-03 1.315912185980561491e-02 4.375872733451428159e-02 1.211968682647519557e-01 2.718598576056502347e-01 4.832093647460765640e-01 6.866435259652846623e-01 8.328253893019431642e-01 9.156537910247521950e-01 9.502520810317860445e-01 9.502520822254724164e-01 9.156537943106451971e-01 8.328253941062875310e-01 6.866435313767991211e-01 4.832093701457884638e-01 2.718598626955966435e-01 1.211968727180177119e-01 4.375873071271024761e-02 1.315912392822289438e-02 3.381051238654095119e-03 7.581829734139985347e-04 1.509817888435737788e-04 2.707964077102245366e-05 4.425613625912305527e-06 6.654336447188032570e-07 9.280104121058785049e-08 1.208652795762059847e-08 1.478799126796195849e-09 1.708407851944860681e-10 1.871925288587636551e-11 1.953079883173415175e-12 1.947323488668260864e-13 1.861480297532569515e-14 1.698810199066052637e-15 0.000000000000000000e+00
0.000000000000000000e+00 1.134553971566989694e-15 1.242751380089070755e-14 1.298350331236419279e-13 1.299880022051349639e-12 1.243455481137718766e-11 1.132657144354868057e-10 9.786826516438845612e-10 7.986674654930235011e-09 6.124934014971349422e-08 4.388792614894882063e-07 2.918668511723188175e-06 1.787319945742856338e-05 9.984998590756839309e-05 5.032457860056458072e-04 2.257689442108959908e-03 8.870366036210478380e-03 2.993126532121656927e-02 8.478731455567779796e-02 1.968718902370071577e-01 3.683010916196364226e-01 5.594433880141060911e-01 7.233266185560098815e-01 8.328253909229558216e-01 8.840943179878550939e-01 8.840943190829659848e-01 8.328253941062879750e-01 7.233266235698881941e-01 5.594433937993578132e-01 3.683010974154697359e-01 1.968718958526232687e-01 8.478731985110880831e-02 2.993126970072683066e-02 8.870368861174225683e-03 2.257691032440577606e-03 5.032465447514920158e-04 9.985030403123656192e-05 1.787331799736895273e-05 2.918708321313511152e-06 4.388914423586865018e-07 6.125276699696832463e-08 7.987567918120218196e-09 9.788998099787964473e-10 1.133152287345107681e-10 1.244519531151705704e-11 1.302044356471719608e-12 1.302532934862876954e-13 1.250451666176557929e-14 1.147855144277754223e-15 0.000000000000000000e+00
0.000000000000000000e+00 6.199401632984310129e-16 6.762392205482723137e-15 7.035828136394384664e-14 7.016053847108228458e-13 6.685990262785868469e-12 6.068550310930706591e-11 5.226579165322510133e-10 4.253163623164621611e-09 3.254290728488931690e-08 2.328219403463086389e-07 1.547417126441722678e-06 9.482755176329774600e-06 5.310840746761994819e-05 2.690010135643062486e-04 1.217087319466892336e-03 4.847215945326325236e-03 1.670447578243355186e-02 4.887226468108487459e-02 1.191352682774380334e-01 2.390297095399180338e-01 3.967626128244657324e-01 5.594433889259381454e-01 6.866435283786804789e-01 7.522668082538229717e-01 7.522668092474691370e-01 6.866435313767996762e-01 5.594433937993578132e-01 3.967626185143844353e-01 2.390297153599129087e-01 1.191352741828785866e-01 4.887227052758860713e-02 1.670448076115563923e-02 4.847219225251262788e-03 1.217089186108260938e-03 2.690019128663052200e-04 5.310878719596740129e-05 9.482897548706822186e-06 1.547465202476082688e-06 2.328367250728329393e-07 3.254708655373890981e-08 4.254258006115583600e-09 5.229251485219240714e-10 6.074669838713243406e-11 6.699196778796700978e-12 7.043028767337331848e-13 7.088172200359681683e-14 6.859150884327607386e-15 6.367174857602628037e-16 0.000000000000000000e+00
0.000000000000000000e+00 2.804094297471733920e-16 3.042512400201552159e-15 3.148907495280008803e-14 3.124135702307008239e-13 2.962791429551316716e-12 2.677057744149465486e-11 2.296197943049731959e-10 1.861914679496836784e-09 1.420593316411176178e-08 1.014402873669632693e-07 6.737629006009278461e-07 4.133048579738784044e-06 2.322289394378133684e-05 1.183787956760038276e-04 5.413719860697870393e-04 2.192794506320519012e-03 7.753629764030878224e-03 2.357018449830765999e-02 6.073105638200351764e-02 1.314317080803325821e-01 2.390297095109836789e-01 3.683010923744178267e-01 4.832093669024439264e-01 5.470774901666588530e-01 5.470774912837327308e-01 4.832093701457879087e-01 3.683010974154695139e-01 2.390297153599128532e-01 1.314317141704043901e-01 6.073106262812423550e-02 2.357019054019919221e-02 7.753634745060786204e-03 2.192797749590124148e-03 5.413738070720269888e-04 1.183796672844226767e-04 2.322326036493441018e-05 4.133185671373192434e-06 6.738091648417713983e-07 1.014545221644166430e-07 1.420996245180513305e-08 1.862971906893408085e-09 2.298786012932872249e-10 2.683001537345705226e-11 2.975659872427095290e-12 3.150510909018587536e-13 3.200274632039311807e-14 3.137826060203882155e-15 2.969975137847983290e-16 0.000000000000000000e+00
0.000000000000000000e+00 1.072250962199190099e-16 1.156435537817861570e-15 1.189789145834341999e-14 1.173713411897772281e-13 1.107101925968944242e-12 9.953359187921583671e-12 8.498991280993307893e-11 6.865132104566101810e-10 5.222265313116036097e-09 3.722030848633840329e-08 2.471078548950362016e-07 1.518072583744633956e-06 8.564320132008421279e-06 4.398507199736976294e-05 2.036220197289527749e-04 8.402711011162580183e-04 3.053677980913417200e-03 9.651933451472260311e-03 2.622831483168904312e-02 6.073105611336351156e-02 1.191352678797626824e-01 1.968718903632995787e-01 2.718598589566285639e-01 3.154754446816281921e-01 3.154754460259989735e-01 2.718598626955965325e-01 1.968718958526232132e-01 1.191352741828786282e-01 6.073106262812426326e-02 2.622832119455450681e-02 9.651939140106469833e-03 3.053682356848061788e-03 8.402738516008309740e-04 2.036235200427936301e-04 4.398577784633268681e-05 8.564613402666515230e-06 1.518181497846432014e-06 2.471444473141881440e-07 3.723154168996142207e-08 5.225442759155293075e-09 6.873473449980158738e-10 8.519439704667723697e-11 1.000042146420628453e-11 1.117318459448686877e-12 1.194718977897768930e-13 1.230841550918581642e-14 1.232897241087753085e-15 1.205826179887517665e-16 0.000000000000000000e+00
0.000000000000000000e+00 3.537535450390915901e-17 3.790936367830910475e-16 3.875829399812017425e-15 3.800551315072282574e-14 3.564649943424143275e-13 3.188168026494011179e-12 2.709771919077415788e-11 2.180363532061886606e-10 1.653727218599411023e-09 1.176621350492113686e-08 7.810437153756214597e-08 4.807250120558047562e-07 2.724370378793955352e-06 1.410459827188180429e-05 6.612225568947436910e-05 2.779686566494413841e-04 1.036921119155441483e-03 3.395150115467750369e-03 9.651933429027002853e-03 2.357018430941258680e-02 4.887226439091756081e-02 8.478731448684258265e-02 1.211968689628324380e-01 1.429703722837180335e-01 1.429703736532058900e-01 1.211968727180178229e-01 8.478731985110889158e-02 4.887227052758862794e-02 2.357019054019918874e-02 9.651939140106471568e-03 3.395154807710410762e-03 1.036924469593768000e-03 2.779706709824441365e-04 6.612331641057270031e-05 1.410508608402130095e-05 2.724569868929796638e-06 4.807983194892676783e-07 7.812883316179535062e-08 1.177369199632856663e-08 1.655838220325585189e-09 2.185902335343106897e-10 2.723358929731489426e-11 3.219488076185451748e-12 3.632798202694836196e-13 3.941071600571706105e-14 4.151378225605055866e-15 4.306069181808042893e-16 4.440879242023014372e-17 0.000000000000000000e+00
0.000000000000000000e+00 1.025057337831762895e-17 1.091283749024448082e-16 1.108562368183770610e-15 1.080393528214564196e-14 1.007544239503814806e-13 8.964305548822906493e-13 7.584175427023469859e-12 6.079206137549629802e-11 4.597856028773565650e-10 3.266228444721312306e-09 2.168171813433680622e-08 1.337210675200748034e-07 7.613197682517462878e-07 3.972550769834232920e-06 1.884663942262266426e-05 8.058162363911171278e-05 3.075451346740024159e-04 1.036921148418883630e-03 3.053678033460411299e-03 7.753629778893583908e-03 1.670447579383207634e-02 2.993126536514853150e-02 4.375872765587195817e-02 5.217895284031790620e-02 5.217895395412893572e-02 4.375873071271022680e-02 2.993126970072683413e-02 1.670448076115564617e-02 7.753634745060789674e-03 3.053682356848061788e-03 1.036924469593767349e-03 3.075473610716442921e-04 8.058290594101005767e-05 1.884729152906178346e-05 3.972843528225183528e-06 7.614374313357008285e-07 1.337637880699203773e-07 2.169585786541681329e-08 3.270528883057811119e-09 4.609959228932849799e-10 6.110922735802560781e-11 7.661985246516858596e-12 9.143873907258757587e-13 1.046693384308537664e-13 1.161332546376277791e-14 1.267784725323922263e-15 1.390027723187426009e-16 1.550914342650002651e-17 0.000000000000000000e+00
0.000000000000000000e+00 2.648371535819043829e-18 2.800831106913540139e-17 2.826812802917861953e-16 2.738121521984955211e-15 2.538934262972479130e-14 2.247229443569324741e-13 1.892621700126804041e-12 1.511386798409261258e-11 1.139960209433054069e-10 8.085791222429986884e-10 5.367546517521487655e-09 3.316730260172732747e-08 1.896345307199294657e-07 9.965348774129983361e-07 4.777531012745857241e-06 2.072316429704888782e-05 8.058161853992031217e-05 2.779686555035339591e-04 8.402710981200492684e-04 2.192794468840779214e-03 4.847215908159579860e-03 8.870365977348958555e-03 1.315912189853335121e-02 1.580382943963908049e-02 1.580383017484814773e-02 1.315912392822289438e-02 8.870368861174217009e-03 4.847219225251264522e-03 2.192797749590125016e-03 8.402738516008307571e-04 2.779706709824439738e-04 8.058290594101003056e-05 2.072387921247362301e-05 4.777883530156511994e-06 9.966895901748026739e-07 1.896956663280919780e-07 3.318923013238949682e-08 5.374742456624527993e-09 8.107553015072697468e-10 1.146063847590486912e-10 1.527354602793403246e-11 1.931783963047773238e-12 2.337681960203540948e-13 2.736475983502334258e-14 3.147527950119494346e-15 3.634637614491892094e-16 4.321852528742808692e-17 5.335598129566392120e-18 0.000000000000000000e+00
0.000000000000000000e+00 6.178138528512871446e-19 6.490627903945586940e-18 6.508672504719568582e-17 6.266071746909335226e-16 5.777348333104305909e-15 5.087309420985098588e-14 4.265286977417943608e-13 3.393481531024942322e-12 2.552473371109792215e-11 1.807596598644568815e-10 1.199705176366155679e-09 7.424461082643897617e-09 4.259948976781865452e-08 2.251832146773666835e-07 1.088848865008053984e-06 4.777531406768654657e-06 1.884663878479290943e-05 6.612225774551059145e-05 2.036220243598938862e-04 5.413719798439799516e-04 1.217087325783120259e-03 2.257689423092746825e-03 3.381050111984041859e-03 4.080179291055617725e-03 4.080179696332467999e-03 3.381051238654094685e-03 2.257691032440576305e-03 1.217089186108261372e-03 5.413738070720269888e-04 2.036235200427934133e-04 6.612331641057263255e-05 1.884729152906178007e-05 4.777883530156511994e-06 1.089018112572782023e-06 2.252560368845492677e-07 4.262782697552672741e-08 7.434509097106081254e-09 1.202975540366273819e-09 1.817431036704783010e-10 2.579958698512447320e-11 3.465252661861596628e-12 4.441224997418092428e-13 5.493924198700284896e-14 6.666726291510622129e-15 8.113513520713730317e-16 1.016452325794358581e-16 1.339746212148908900e-17 1.842455932410266606e-18 0.000000000000000000e+00
0.000000000000000000e+00 1.315074235103203043e-19 1.372511419777734128e-18 1.367522713791197312e-17 1.308587834739521457e-16 1.199740099346299789e-15 1.051047045197857014e-14 8.772585280601499271e-14 6.953350498451450784e-13 5.215144860690929253e-12 3.686580383297421626e-11 2.445442047657424316e-10 1.514757743762685904e-09 8.713792641147768241e-09 4.626799157046653375e-08 2.251831994682480381e-07 9.965349482576077525e-07 3.972550446460428379e-06 1.410459854937612175e-05 4.398507297236021671e-05 1.183787915408741973e-04 2.690010175414062565e-04 5.032457743368571506e-04 7.581824376563975993e-04 9.179541164092627770e-04 9.179543078343544837e-04 7.581829734139985347e-04 5.032465447514922327e-04 2.690019128663053284e-04 1.183796672844227580e-04 4.398577784633265971e-05 1.410508608402129587e-05 3.972843528225180987e-06 9.966895901748024622e-07 2.252560368845492148e-07 4.629882013609117433e-08 8.725631670594485175e-09 1.518913397503221008e-09 2.458866728122044122e-10 3.726739066259400776e-11 5.327002808938984866e-12 7.244910408942840143e-13 9.486933554711033176e-14 1.216231792573220528e-14 1.561562112444631915e-15 2.061808021766656198e-16 2.862208569808925470e-17 4.205674256205171929e-18 6.356198478284614374e-19 0.000000000000000000e+00
0.000000000000000000e+00 2.576860667224342021e-20 2.671853275042886435e-19 2.645219526808881757e-18 2.515994747426778751e-17 2.293786282046350571e-16 1.999218654295208020e-15 1.661081868992935024e-14 1.311538938698240866e-13 9.806787529104583133e-13 6.917737565114743940e-12 4.584009455151866303e-11 2.839938760301917382e-10 1.636206227307400998e-09 8.713792890462886761e-09 4.259948660556989287e-08 1.896345532706099108e-07 7.613196881576099322e-07 2.724370469201561274e-06 8.564320536833215571e-06 2.322289242857318136e-05 5.310841020357368470e-05 9.984998139818140222e-05 1.509815660733802379e-04 1.832012789845074486e-04 1.832013580933534416e-04 1.509817888435738059e-04 9.985030403123656192e-05 5.310878719596742839e-05 2.322326036493443051e-05 8.564613402666520312e-06 2.724569868929796214e-06 7.614374313357010402e-07 1.896956663280919780e-07 4.262782697552672741e-08 8.725631670594486830e-09 1.640703639213227794e-09 2.855591039446927336e-10 4.634248990664657506e-11 7.067337698781234932e-12 1.022224873841059425e-12 1.419657929676506129e-13 1.925873443828742917e-14 2.611872840090348101e-15 3.637653827982284073e-16 5.319542405391605164e-17 8.223773878367732286e-18 1.328018934554619177e-18 2.151786247859570381e-19 0.000000000000000000e+00
0.000000000000000000e+00 4.682981665315991451e-21 4.824117010870345674e-20 4.745811291156717797e-19 4.486878749500896368e-18 4.067637236877940622e-17 3.526975237407371402e-16 2.916870347646364800e-15 2.293818659021785925e-14 1.709480526944404304e-13 1.202847886553216928e-12 7.957803011988629918e-12 4.927063643145722685e-11 2.839938769349484505e-10 1.514757803274073479e-09 7.424460293056385702e-09 3.316730827918837317e-08 1.337210470329782966e-07 4.807250319271132072e-07 1.518072714280846941e-06 4.133048026249996276e-06 9.482756403245263903e-06 1.787319786046201973e-05 2.707955841356042719e-05 3.290602427984779888e-05 3.290605336608703471e-05 2.707964077102245027e-05 1.787331799736896967e-05 9.482897548706818798e-06 4.133185671373193281e-06 1.518181497846431802e-06 4.807983194892678901e-07 1.337637880699203243e-07 3.318923013238948359e-08 7.434509097106084562e-09 1.518913397503221008e-09 2.855591039446928369e-10 4.981164952511430787e-11 8.130543110073058532e-12 1.254092313985981385e-12 1.851450623450221546e-13 2.662827063193754946e-14 3.820429589914369655e-15 5.619044272596873412e-16 8.663441067177199128e-17 1.409518411671871056e-17 2.391674965890809656e-18 4.139730375214639802e-19 7.020772904091853337e-20 0.000000000000000000e+00
0.000000000000000000e+00 7.943457362979995565e-22 8.130026695485548361e-21 7.947563769752910633e-20 7.468789585413518546e-19 6.732648048812639327e-18 5.807162145114697454e-17 4.779725990648388048e-16 3.742866652480026266e-15 2.779286996990841634e-14 1.949834463747480487e-13 1.287118462294779432e-12 7.957802946264141318e-12 4.584009457642367540e-11 2.445442168177767778e-10 1.199704991096571626e-09 5.367547843316188203e-09 2.168171327011875364e-08 7.810437545363878458e-08 2.471078942847707076e-07 6.737627176041935530e-07 1.547417585057676323e-06 2.918668009503526358e-06 4.425586186143170698e-06 5.382628937913067821e-06 5.382638581345549649e-06 4.425613625912301292e-06 2.918708321313514964e-06 1.547465202476083323e-06 6.738091648417716101e-07 2.471444473141881440e-07 7.812883316179540355e-08 2.169585786541680006e-08 5.374742456624525512e-09 1.202975540366274646e-09 2.458866728122044639e-10 4.634248990664659445e-11 8.130543110073063379e-12 1.342050175131132787e-12 2.112326233133712340e-13 3.228665990793729671e-14 4.909991359013328760e-15 7.637919493895443039e-16 1.243099930410055359e-16 2.130726512095528840e-17 3.800748806534423023e-18 6.904852233430665927e-19 1.250715569071287923e-19 2.181760496493175616e-20 0.000000000000000000e+00
0.000000000000000000e+00 1.264528878268490933e-22 1.285896663518946046e-21 1.249095475633451833e-20 1.166758727529785614e-19 1.045746019131605117e-18 8.971686108244871541e-18 7.347906684687286440e-17 5.728192587579705941e-16 4.236644428514478814e-15 2.962125085486822287e-14 1.949834449601772642e-13 1.202847870220248361e-12 6.917737587747727857e-12 3.686580629473362891e-11 1.807596201117211768e-10 8.085794144142884972e-10 3.266227370714903531e-09 1.176621419388159124e-08 3.722031955263087463e-08 1.014402321981374523e-07 2.328220897231335442e-07 4.388791181207318411e-07 6.654253136550447126e-07 8.097178530075079092e-07 8.097207679331592608e-07 6.654336447188030452e-07 4.388914423586870842e-07 2.328367250728330452e-07 1.014545221644166694e-07 3.723154168996144193e-08 1.177369199632857159e-08 3.270528883057811119e-09 8.107553015072694366e-10 1.817431036704783010e-10 3.726739066259403361e-11 7.067337698781241395e-12 1.254092313985981587e-12 2.112326233133712088e-13 3.441844404379227140e-14 5.561891253632129301e-15 9.169212290472720690e-16 1.577886248186415654e-16 2.853349913738398051e-17 5.357756305715558897e-18 1.022318468807264571e-18 1.942067153312112318e-19 3.617899012928986677e-20 6.421180937993926436e-21 0.000000000000000000e+00
0.000000000000000000e+00 1.898187212336052363e-23 1.917847484287698425e-22 1.851150682415099485e-21 1.718600051966163066e-20 1.531410354667559905e-19 1.306625954321522604e-18 1.064652141206033220e-17 8.260362177510881387e-17 6.083096204816926560e-16 4.236644622292138018e-15 2.779287010941969490e-14 1.709480508814729016e-13 9.806787653062151861e-13 5.215145336335118239e-12 2.552472570697990548e-11 1.139960814426672946e-10 4.597853792933645909e-10 1.653727320503416010e-09 5.222268198870673310e-09 1.420591788961646323e-08 3.254295080280498915e-08 6.124930250693204506e-08 9.279871498977569805e-08 1.129407140930779493e-07 1.129415247245825162e-07 9.280104121058785049e-08 6.125276699696841728e-08 3.254708655373893628e-08 1.420996245180513802e-08 5.225442759155295557e-09 1.655838220325587050e-09 4.609959228932853417e-10 1.146063847590487171e-10 2.579958698512446997e-11 5.327002808938988905e-12 1.022224873841060031e-12 1.851450623450222050e-13 3.228665990793731564e-14 5.561891253632129301e-15 9.742693803681225982e-16 1.776511562002696675e-16 3.395544660779857611e-17 6.722913862304221112e-18 1.349481091641071811e-18 2.690862873032393979e-19 5.254521416628572539e-20 9.959016298286960191e-21 1.787253163344622548e-21 0.000000000000000000e+00
0.000000000000000000e+00 2.697973566525061628e-24 2.708380619458821189e-23 2.597524217316671762e-22 2.396690026848558404e-21 2.123024619066216912e-20 1.801199836958501779e-19 1.459808458727739427e-18 1.126953490407515474e-17 8.260360572567436002e-17 5.728192608872045877e-16 3.742866531241371883e-15 2.293818588441116784e-14 1.311538961139925787e-13 6.953351317605218591e-13 3.393480003013890921e-12 1.511387980149268993e-11 6.079201727106724060e-11 2.180363644565637855e-10 6.865139117733782316e-10 1.861910773393135148e-09 4.253175162883779439e-09 7.986665481167832008e-09 1.208592598211206315e-08 1.470810778146070338e-08 1.470831677459452241e-08 1.208652795762060012e-08 7.987567918120229776e-09 4.254258006115586082e-09 1.862971906893408085e-09 6.873473449980160806e-10 2.185902335343110258e-10 6.110922735802569828e-11 1.527354602793403892e-11 3.465252661861595821e-12 7.244910408942839134e-13 1.419657929676506381e-13 2.662827063193754946e-14 4.909991359013330338e-15 9.169212290472720690e-16 1.776511562002695936e-16 3.597525741990695679e-17 7.526529821474047142e-18 1.592411572389712217e-18 3.338896154172167921e-19 6.840975740574384724e-20 1.358638840137706857e-20 2.603758819742103290e-21 4.708937942343775542e-22 0.000000000000000000e+00
0.000000000000000000e+00 3.644211633188674936e-25 3.634724520879701226e-24 3.463556858884185225e-23 3.175853830159220103e-22 2.796273938901911783e-21 2.358660067663971126e-20 1.901013563534409279e-19 1.459809609513624132e-18 1.064652100748024419e-17 7.347907947070166499e-17 4.779726039372143228e-16 2.916870299330043655e-15 1.661081947816444264e-14 8.772586672397240844e-14 4.265284236893197488e-13 1.892623893292876581e-12 7.584167157251547861e-12 2.709771959068704242e-11 8.499007225846516934e-11 2.296188660915556936e-10 5.226607357045380577e-10 9.786805607849418630e-10 1.478653806617214146e-09 1.798990027695778325e-09 1.799040304320428359e-09 1.478799126796195642e-09 9.788998099787972745e-10 5.229251485219241748e-10 2.298786012932872765e-10 8.519439704667730159e-11 2.723358929731493627e-11 7.661985246516868289e-12 1.931783963047773642e-12 4.441224997418090913e-13 9.486933554711028128e-14 1.925873443828742286e-14 3.820429589914370443e-15 7.637919493895444025e-16 1.577886248186416147e-16 3.395544660779858227e-17 7.526529821474048683e-18 1.682447952536218096e-18 3.717475332082161063e-19 8.007183309335818437e-20 1.668137833504037309e-20 3.349149274777978231e-21 6.468503051639889499e-22 1.176875591268089635e-22 0.000000000000000000e+00
0.000000000000000000e+00 4.692782458267937286e-26 4.650488551836970869e-25 4.402759256584277145e-24 4.011557139273506556e-23 3.510383292602671172e-22 2.943401789092846495e-21 2.358653251117304089e-20 1.801200335920152198e-19 1.306625025001908864e-18 8.971686528144809353e-18 5.807161527598994451e-17 3.526974950150896760e-16 1.999218785083784911e-15 1.051047245924946761e-14 5.087304724509185960e-14 2.247233310673400830e-13 8.964290728259890298e-13 3.188167790698419521e-12 9.953393223940320348e-12 2.677037130908856247e-11 6.068614342322192207e-11 1.132652660042323546e-10 1.708078749647737613e-10 2.077257713601444975e-10 2.077371199254675271e-10 1.708407851944859906e-10 1.133152287345107810e-10 6.074669838713239528e-11 2.683001537345705872e-11 1.000042146420629584e-11 3.219488076185457402e-12 9.143873907258767685e-13 2.337681960203541453e-13 5.493924198700284265e-14 1.216231792573220370e-14 2.611872840090347707e-15 5.619044272596879328e-16 1.243099930410056345e-16 2.853349913738402981e-17 6.722913862304224964e-18 1.592411572389712602e-18 3.717475332082160100e-19 8.437286664033088299e-20 1.847635939653973075e-20 3.890635654664657675e-21 7.871047112651708923e-22 1.529475672788346558e-22 2.797209439515146773e-23 0.000000000000000000e+00
0.000000000000000000e+00 5.777635600853117502e-27 5.689041169285402133e-26 5.350726075470526254e-25 4.844111965283902545e-24 4.212328783077599157e-23 3.510416885423841879e-22 2.796270023068243664e-21 2.123030439426549777e-20 1.531409711958475242e-19 1.045746580851495074e-18 6.732648241062842118e-18 4.067636986907543905e-17 2.293786680717782517e-16 1.199740387701732023e-15 5.777340771196128471e-15 2.538940784431526372e-14 1.007541696090882394e-13 3.564649035838309171e-13 1.107108773158818352e-12 2.962748431099510255e-12 6.686126445008856683e-12 1.243446384147202568e-11 1.871222691048990261e-11 2.274456833323314203e-11 2.274698351870937070e-11 1.871925288587635905e-11 1.244519531151705704e-11 6.699196778796691284e-12 2.975659872427094482e-12 1.117318459448688089e-12 3.632798202694841244e-13 1.046693384308538800e-13 2.736475983502334258e-14 6.666726291510626862e-15 1.561562112444633098e-15 3.637653827982287524e-16 8.663441067177211453e-17 2.130726512095530073e-17 5.357756305715565830e-18 1.349481091641073352e-18 3.338896154172170329e-19 8.007183309335822049e-20 1.847635939653972473e-20 4.089403460787205518e-21 8.676364828813059288e-22 1.765842219805217351e-22 3.449601997077463712e-23 6.339959121327382531e-24 0.000000000000000000e+00
0.000000000000000000e+00 6.817824113544967680e-28 6.671336343348857205e-27 6.233093725209718161e-26 5.606407783839486021e-25 4.843972858687187535e-24 4.011580082146286720e-23 3.175823380652074153e-22 2.396695724910396567e-21 1.718596088423891081e-20 1.166759068862631325e-19 7.468788177129424970e-19 4.486877397228231823e-18 2.515995491531193053e-17 1.308588121648457758e-16 6.266060084949931872e-16 2.738132014702115290e-15 1.080389328639214299e-14 3.800549055984632803e-14 1.173726438230471265e-13 3.124051066201507841e-13 7.016326641617065246e-13 1.299862490197044701e-12 1.951659847771380045e-12 2.370766528458436505e-12 2.371253188492627076e-12 1.953079883173414368e-12 1.302044356471719204e-12 7.043028767337323770e-13 3.150510909018586526e-13 1.194718977897770192e-13 3.941071600571709892e-14 1.161332546376278265e-14 3.147527950119495135e-15 8.113513520713740178e-16 2.061808021766659156e-16 5.319542405391611943e-17 1.409518411671873213e-17 3.800748806534424563e-18 1.022318468807265919e-18 2.690862873032396868e-19 6.840975740574384724e-20 1.668137833504038512e-20 3.890635654664660684e-21 8.676364828813061168e-22 1.851836845665297098e-22 3.788821602292240014e-23 7.439117852520909753e-24 1.374020153701571560e-24 0.000000000000000000e+00
0.000000000000000000e+00 7.727680448036550358e-29 7.516728145927085270e-28 6.975987451646851089e-27 6.233607896503914102e-26 5.350629802974522079e-25 4.402897582158495589e-24 3.463522405982785477e-23 2.597548375555147839e-22 1.851146420702177802e-21 1.249097195338767586e-20 7.947566349772275614e-20 4.745808854688038390e-19 2.645221550077098930e-18 1.367522893714069492e-17 6.508655761985215960e-17 2.826829004876918181e-16 1.108555693749766890e-15 3.875824778836064788e-15 1.189812659916006010e-14 3.148749657167066974e-14 7.036345324538564111e-14 1.298318111926802949e-13 1.944596202251771310e-13 2.360603131626471332e-13 2.361535047682728056e-13 1.947323488668260107e-13 1.302532934862876449e-13 7.088172200359675372e-14 3.200274632039309914e-14 1.230841550918582904e-14 4.151378225605059811e-15 1.267784725323921868e-15 3.634637614491894559e-16 1.016452325794359444e-16 2.862208569808931017e-17 8.223773878367743072e-18 2.391674965890811582e-18 6.904852233430671705e-19 1.942067153312113521e-19 5.254521416628577956e-20 1.358638840137708361e-20 3.349149274777980487e-21 7.871047112651711744e-22 1.765842219805218056e-22 3.788821602292242952e-23 7.791140307458401229e-24 1.537621194312348307e-24 2.854909023513909480e-25 0.000000000000000000e+00
0.000000000000000000e+00 8.427033654161768526e-30 8.153765188887406726e-29 7.516061915009889779e-28 6.672145842131342261e-27 5.688703654474515045e-26 4.650730207683509101e-25 3.634630846820447354e-24 2.708422630501649399e-23 1.917836893284626798e-22 1.285898515168655731e-21 8.130034104028784907e-21 4.824109347113886509e-20 2.671857824109241563e-19 1.372510950095231482e-18 6.490605368776819833e-18 2.800855009985660831e-17 1.091273507923297427e-16 3.790928028167601952e-16 1.156475915501519262e-15 3.042232636694728079e-15 6.763323578984088918e-15 1.242694769044966426e-14 1.856489435606205470e-14 2.252103741732540269e-14 2.253804215633315689e-14 1.861480297532568884e-14 1.250451666176557771e-14 6.859150884327601075e-15 3.137826060203882550e-15 1.232897241087753676e-15 4.306069181808045851e-16 1.390027723187426748e-16 4.321852528742808076e-17 1.339746212148909825e-17 4.205674256205175781e-18 1.328018934554620140e-18 4.139730375214644617e-19 1.250715569071289608e-19 3.617899012928987881e-20 9.959016298286963200e-21 2.603758819742105923e-21 6.468503051639896082e-22 1.529475672788346793e-22 3.449601997077464300e-23 7.439117852520912692e-24 1.537621194312348674e-24 3.051032121878031297e-25 5.697070195134122240e-26 0.000000000000000000e+00
0.000000000000000000e+00 8.766904483069335490e-31 8.449588835982114358e-30 7.736470869101985940e-29 6.823856791435829564e-28 5.778756853447868621e-27 4.693978871391653761e-26 3.644290911645032860e-25 2.698147921595864224e-24 1.898200304556131857e-23 1.264540270280806695e-22 7.943512471053083692e-22 4.682969543263616618e-21 2.576873219280730924e-20 1.315072469001189600e-19 6.178112675352299676e-19 2.648404959836913827e-18 1.025042421769698860e-17 3.537522105764437138e-17 1.072316004975080124e-16 2.803629656347072219e-16 6.200972732759477023e-16 1.134460090916940640e-15 1.690237287911828508e-15 2.049122168808844151e-15 2.052035203500042309e-15 1.698810199066052637e-15 1.147855144277753829e-15 6.367174857602626065e-16 2.969975137847983290e-16 1.205826179887517418e-16 4.440879242023016221e-17 1.550914342650003268e-17 5.335598129566390579e-18 1.842455932410267376e-18 6.356198478284619188e-19 2.151786247859573511e-19 7.020772904091859356e-20 2.181760496493177121e-20 6.421180937993931702e-21 1.787253163344623676e-21 4.708937942343777423e-22 1.176875591268090105e-22 2.797209439515148536e-23 6.339959121327384001e-24 1.374020153701571193e-24 2.854909023513909021e-25 5.697070195134123388e-26 1.070637894430778149e-26 0.000000000000000000e+00
0.000000000000000000e+00 0.000000000000000000e+00 0.000000000000000000e+00 0.000000000000000000e+00 0.000000000000000000e+00 0.000000000000000000e+00 0.000000000000000000e+00 0.000000000000000000e+00 0.000000000000000000e+00 0.000000000000000000e+00 0.000000000000000000e+00 0.000000000000000000e+00 0.000000000000000000e+00 0.000000000000000000e+00 0.000000000000000000e+00 0.000000000000000000e+00 0.000000000000000000e+00 0.000000000000000000e+00 0.000000000000000000e+00 0.000000000000000000e+00 0.000000000000000000e+00 0.000000000000000000e+00 0.000000000000000000e+00 0.000000000000000000e+00 0.000000000000000000e+00 0.000000000000000000e+00 0.000000000000000000e+00 0.000000000000000000e+00 0.000000000000000000e+00 0.000000000000000000e+00 0.000000000000000000e+00 0.000000000000000000e+00 0.000000000000000000e+00 0.000000000000000000e+00 0.000000000000000000e+00 0.000000000000000000e+00 0.000000000000000000e+00 0.000000000000000000e+00 0.000000000000000000e+00 0.000000000000000000e+00 0.000000000000000000e+00 0.000000000000000000e+00 0.000000000000000000e+00 0.000000000000000000e+00 0.000000000000000000e+00 0.000000000000000000e+00 0.000000000000000000e+00 0.000000000000000000e+00 0.000000000000000000e+00 0.000000000000000000e+00
