0.000000000000000000e+00 0.000000000000000000e+00 0.000000000000000000e+00 0.000000000000000000e+00 0.000000000000000000e+00 0.000000000000000000e+00 0.000000000000000000e+00 0.000000000000000000e+00 0.000000000000000000e+00 0.000000000000000000e+00 0.000000000000000000e+00 0.000000000000000000e+00 0.000000000000000000e+00 0.000000000000000000e+00 0.000000000000000000e+00 0.000000000000000000e+00 0.000000000000000000e+00 0.000000000000000000e+00 0.000000000000000000e+00 0.000000000000000000e+00 0.000000000000000000e+00 0.000000000000000000e+00 0.000000000000000000e+00 0.000000000000000000e+00 0.000000000000000000e+00 0.000000000000000000e+00 0.000000000000000000e+00 0.000000000000000000e+00 0.000000000000000000e+00 0.000000000000000000e+00 0.000000000000000000e+00 0.000000000000000000e+00 0.000000000000000000e+00 0.000000000000000000e+00 0.000000000000000000e+00 0.000000000000000000e+00 0.000000000000000000e+00 0.000000000000000000e+00 0.000000000000000000e+00 0.000000000000000000e+00 0.000000000000000000e+00 0.000000000000000000e+00 0.000000000000000000e+00 0.000000000000000000e+00 0.000000000000000000e+00 0.000000000000000000e+00 0.000000000000000000e+00 0.000000000000000000e+00 0.000000000000000000e+00 0.000000000000000000e+00
0.000000000000000000e+00 7.457339347875095445e-09 1.598825277589680578e-08 2.764543681445921372e-08 4.414252949992666632e-08 6.785279731313520006e-08 1.022682398800315308e-07 1.518175868121832824e-07 2.220421223559481424e-07 3.198725223990745519e-07 4.539414578694387603e-07 6.340115085208214101e-07 8.705217966036736507e-07 1.173844379463788481e-06 1.552896086068624259e-06 2.013215313833073436e-06 2.554660292108408181e-06 3.169263462084409483e-06 3.839423180916178629e-06 4.536999270107264898e-06 5.224004486922265408e-06 5.855306937450855037e-06 6.383334465160869684e-06 6.764143948253193321e-06 6.963818824891768807e-06 6.963839004950293636e-06 6.764183984098187950e-06 6.383359280819134476e-06 5.855308845446794082e-06 5.224008584897932100e-06 4.537029894575616647e-06 3.839466455454740875e-06 3.169295968354052647e-06 2.554687096987802692e-06 2.013269450786444460e-06 1.552982652775099904e-06 1.173915126698907340e-06 8.705713644433878310e-07 6.340786946566707607e-07 4.540493283427974798e-07 3.199643923818544284e-07 2.220732554536390345e-07 1.518884916472878322e-07 1.023708756941513557e-07 6.789366929098340158e-08 4.409007822916404071e-08 2.764052080818017628e-08 1.603211216278276883e-08 7.335195310686444161e-09 0.000000000000000000e+00
0.000000000000000000e+00 1.598825278058118253e-08 3.498672538354729427e-08 6.066525706620263945e-08 9.712752707928324938e-08 1.500006687447345094e-07 2.272081149314499402e-07 3.387419430558522227e-07 4.975395189884784420e-07 7.201874842556258854e-07 1.026942746306796728e-06 1.441166528029041357e-06 1.988316338770948487e-06 2.694153090510493052e-06 3.581332284718975252e-06 4.664775947864737518e-06 5.946251639008149034e-06 7.408750987259436330e-06 9.011635770006734959e-06 1.068798004133089671e-05 1.234590783313480251e-05 1.387499983469907086e-05 1.515778590446749153e-05 1.608498267039816496e-05 1.657180553358874036e-05 1.657184289165237730e-05 1.608506572097391648e-05 1.515786231963836761e-05 1.387504370238086461e-05 1.234593932013159265e-05 1.068803775452670832e-05 9.011718638782522601e-06 7.408818247019443560e-06 5.946289140730710046e-06 4.664833219864095698e-06 3.581441327476623127e-06 2.694270518619164327e-06 1.988382242293793432e-06 1.441209320111174974e-06 1.027048000225004058e-06 7.203116324546120723e-07 4.976041632851703400e-07 3.387940366790040116e-07 2.273412418065819340e-07 1.501483472790945143e-07 9.713563138880654765e-08 6.069376955466894740e-08 3.511058909777808261e-08 1.603632810431245897e-08 0.000000000000000000e+00
0.000000000000000000e+00 2.764543681026060706e-08 6.066525706125981839e-08 1.053719972514675661e-07 1.694403140078598715e-07 2.634061085340899191e-07 4.014511779932430294e-07 6.022932784396466359e-07 8.906818301732461368e-07 1.298405194399200832e-06 1.864675326909492076e-06 2.635636721506019519e-06 3.662765953281582079e-06 4.999167641634649775e-06 6.693161315854170993e-06 8.779261792450768331e-06 1.126703526794106462e-05 1.412890615481697644e-05 1.728914024680717229e-05 2.061725079968259916e-05 2.392945809686404540e-05 2.700086798602984841e-05 2.958891552904520324e-05 3.146563262585525000e-05 3.245293236598675797e-05 3.245296108130410657e-05 3.146570729015145298e-05 2.958900110628695480e-05 2.700093117910105678e-05 2.392949440287912786e-05 2.061727997912300131e-05 1.728918033179672968e-05 1.412894181059069472e-05 1.126704663051372107e-05 8.779272357730737386e-06 6.693210477537082761e-06 4.999245008234582524e-06 3.662811266165268304e-06 2.635640202583877333e-06 1.864703906154351528e-06 1.298477508994659227e-06 8.907306012713967073e-07 6.023105028525761618e-07 4.015011165241563363e-07 2.635102615990273671e-07 1.694879159359321766e-07 1.053646564641962239e-07 6.070145583049526904e-08 2.764723610711459715e-08 0.000000000000000000e+00
0.000000000000000000e+00 4.414252951091799084e-08 9.712752707371056668e-08 1.694403140122677516e-07 2.743890383597271784e-07 4.296832123801296710e-07 6.598444834561294862e-07 9.979845055476993688e-07 1.488386858268945229e-06 2.188553428430603321e-06 3.170673115031036107e-06 4.521538253630746039e-06 6.339957940276951577e-06 8.730475169737481644e-06 1.179198484385045422e-05 1.560083766834697227e-05 2.018879617049687802e-05 2.551792769918718738e-05 3.145680882964011025e-05 3.776459897237223641e-05 4.409059048136866160e-05 4.999573221720947044e-05 5.499849266549470823e-05 5.864071938094670626e-05 6.056148607222845893e-05 6.056150863153668764e-05 5.864078576437822035e-05 5.499859124991613016e-05 4.999583859400797396e-05 4.409067848181438462e-05 3.776466631966808092e-05 3.145687045959449853e-05 2.551798967978966830e-05 2.018885702982191739e-05 1.560089619627555947e-05 1.179204907636686147e-05 8.730545199899950322e-06 6.340014217780573554e-06 4.521574226356035409e-06 3.170714773036201444e-06 2.188592112381346380e-06 1.488409318592386824e-06 9.979962521872128890e-07 6.598519220949961279e-07 4.297125261517266881e-07 2.744015581022914664e-07 1.694996275434881020e-07 9.714658256643770144e-08 4.409618310442493690e-08 0.000000000000000000e+00
0.000000000000000000e+00 6.785279730471864394e-08 1.500006687385197493e-07 2.634061085363062867e-07 4.296832123782011358e-07 6.783797411161873279e-07 1.050912378820973954e-06 1.604204481078899088e-06 2.415327812381512183e-06 3.586181480376113774e-06 5.247029867684094237e-06 7.557581835569747958e-06 1.070377869475136557e-05 1.488783529061663057e-05 2.030857801876678116e-05 2.713033679223778475e-05 3.544045383761840510e-05 4.519875028148223655e-05 5.618694747342237850e-05 6.797102439988196663e-05 7.989282313348707119e-05 9.110616288399293308e-05 1.006649251843115512e-04 1.076561205116809031e-04 1.113534147464928216e-04 1.113534327885075490e-04 1.076561712633324958e-04 1.006650006059516217e-04 9.110625241895935590e-05 7.989291373823683470e-05 6.797110589516420956e-05 5.618701649869882632e-05 4.519880835097054813e-05 3.544051372756428582e-05 2.713041342809424883e-05 2.030866649749311036e-05 1.488791408527770183e-05 1.070384050054574996e-05 7.557656426102306954e-06 5.247144057843379019e-06 3.586288833642906387e-06 2.415391459228843133e-06 1.604258630075719769e-06 1.050999351254945961e-06 6.784624714479781154e-07 4.297246815168732678e-07 2.635261924913490244e-07 1.501554212565419825e-07 6.789578952532998298e-08 0.000000000000000000e+00
0.000000000000000000e+00 1.022682398844928136e-07 2.272081149291598278e-07 4.014511779913258233e-07 6.598444834540410206e-07 1.050912378816826246e-06 1.643435509750333938e-06 2.533473277666827445e-06 3.853416001285281700e-06 5.781344194040276456e-06 8.549033267271484530e-06 1.244652012968000041e-05 1.781947473685364919e-05 2.505439250747305458e-05 3.454552955354026875e-05 4.663899625822545556e-05 6.155239519985139648e-05 7.927447553849622207e-05 9.945888980407586175e-05 1.213374280171526930e-04 1.436872712090548156e-04 1.648873612727771651e-04 1.830850200210777450e-04 1.964635080524988807e-04 2.035612855873846036e-04 2.035612995770006014e-04 1.964635400794529946e-04 1.830850561993214954e-04 1.648873966356191329e-04 1.436873131645231578e-04 1.213374833007926229e-04 9.945894430289004180e-05 7.927450816901831284e-05 6.155241118146293844e-05 4.663903293393654835e-05 3.454560232472755855e-05 2.505446841877509613e-05 1.781951812867095590e-05 1.244656221907782775e-05 8.549136196277523178e-06 5.781473945261692812e-06 3.853502619347570554e-06 2.533511106567694420e-06 1.643501031624936515e-06 1.051001002329258233e-06 6.598611373154950790e-07 4.015077071673231468e-07 2.273386062312221757e-07 1.023663314250553749e-07 0.000000000000000000e+00
0.000000000000000000e+00 1.518175868199347986e-07 3.387419430584174091e-07 6.022932784317008316e-07 9.979845055529636786e-07 1.604204481085823371e-06 2.533473277661691037e-06 3.945970148497842474e-06 6.066196961046510504e-06 9.201386267359984721e-06 1.375898949702149623e-05 2.025974565137066911e-05 2.933910981609280183e-05 4.172731549433730878e-05 5.819611109358057961e-05 7.946083327616604633e-05 1.060310739713129363e-04 1.380141526687243120e-04 1.748949309813461420e-04 2.153403516219865000e-04 2.571003479014223668e-04 2.970847059269989617e-04 3.316724978546407377e-04 3.572478943041207107e-04 3.708651195097839126e-04 3.708651281006086330e-04 3.572479141909969819e-04 3.316725179288196562e-04 2.970847221190891108e-04 2.571003709680903544e-04 2.153403916452947082e-04 1.748949771716267734e-04 1.380141751505911034e-04 1.060310640810153575e-04 7.946082808593004222e-05 5.819614519458620892e-05 4.172737377299029650e-05 2.933913480404908944e-05 2.025973697669683924e-05 1.375901407724316710e-05 9.201469569246793165e-06 6.066289302557612161e-06 3.946008759624355721e-06 2.533514243489610950e-06 1.604260593325021074e-06 9.979989852773717784e-07 6.023089794541379855e-07 3.387838344309595686e-07 1.518807217003453720e-07 0.000000000000000000e+00
0.000000000000000000e+00 2.220421223674621524e-07 4.975395189687386568e-07 8.906818301826806015e-07 1.488386858276570432e-06 2.415327812374208641e-06 3.853416001293991739e-06 6.066196961041441859e-06 9.429331651109631703e-06 1.446606234281121304e-05 2.188407876661568251e-05 3.260724094728842203e-05 4.778982001705452977e-05 6.879500873739192144e-05 9.711389091545115739e-05 1.341989974864390468e-04 1.811924125101010519e-04 2.385472048423021424e-04 3.055779780911474812e-04 3.800294152173341379e-04 4.578083008326911470e-04 5.330567079065181950e-04 5.987122738228240577e-04 6.475753731206823063e-04 6.736963349882295338e-04 6.736963355705934435e-04 6.475753783760697943e-04 5.987122866954659207e-04 5.330567263347655129e-04 4.578083219003683721e-04 3.800294384052534959e-04 3.055780016372382311e-04 2.385472141667775248e-04 1.811924021250819810e-04 1.341989879124707468e-04 9.711391281170533569e-05 6.879506129546828852e-05 4.778985527013006042e-05 3.260724324579954169e-05 2.188408672623975496e-05 1.446611899577770738e-05 9.429431633955674834e-06 6.066295234711394300e-06 3.853511687152475432e-06 2.415396523955132539e-06 1.488411800319581127e-06 8.907293342169368925e-07 4.975965319599153587e-07 2.220694660221804555e-07 0.000000000000000000e+00
0.000000000000000000e+00 3.198725223779332978e-07 7.201874842546017167e-07 1.298405194396262687e-06 2.188553428427531556e-06 3.586181480375722868e-06 5.781344194034003330e-06 9.201386267365138069e-06 1.446606234280290195e-05 2.245462124127766798e-05 3.438000100183241235e-05 5.185987356226012557e-05 7.696391045265945957e-05 1.122041760680628377e-04 1.604220976724681934e-04 2.245163744114372006e-04 3.069604185230346443e-04 4.090872936207072107e-04 5.301877597109098473e-04 6.665764837608508181e-04 8.109141800438372967e-04 9.521745122008365078e-04 1.076620747576781650e-03 1.169914416372207526e-03 1.220012781079176300e-03 1.220012777988937081e-03 1.169914415089615654e-03 1.076620761661054027e-03 9.521745416767808711e-04 8.109142122499999467e-04 6.665765084650848108e-04 5.301877718976575520e-04 4.090872929339240066e-04 3.069604118978443391e-04 2.245163745738632086e-04 1.604221197909637864e-04 1.122042118851458340e-04 7.696392959891810764e-05 5.185987534038610509e-05 3.438000601845453983e-05 2.245464714867599206e-05 1.446611708727642340e-05 9.201472813498653663e-06 5.781480632245831496e-06 3.586289521358450232e-06 2.188591289498756878e-06 1.298476424862313173e-06 7.203076720166053348e-07 3.199619057315537058e-07 0.000000000000000000e+00
0.000000000000000000e+00 4.539414578770695213e-07 1.026942746319032119e-06 1.864675326906162813e-06 3.170673115028686014e-06 5.247029867689133236e-06 8.549033267264752312e-06 1.375898949701406606e-05 2.188407876662478980e-05 3.438000100182440281e-05 5.329534673405703814e-05 8.142200094332513742e-05 1.224186162902966878e-04 1.808490346301232482e-04 2.620478865843057603e-04 3.716990960122443450e-04 5.150064507851624890e-04 6.953741989009187526e-04 9.126322121267088031e-04 1.161056345508210087e-03 1.427732715621520725e-03 1.692096162330404248e-03 1.927530631377509735e-03 2.105486907904058520e-03 2.201538514199580764e-03 2.201538511912977565e-03 2.105486907736138589e-03 1.927530641306270673e-03 1.692096181646503749e-03 1.427732739234514013e-03 1.161056364496809625e-03 9.126322192327540475e-04 6.953741902908375716e-04 5.150064320307000962e-04 3.716990863018060538e-04 2.620478980161923392e-04 1.808490467141310877e-04 1.224185993823273598e-04 8.142197103228353055e-05 5.329533405514030409e-05 3.438000916697222094e-05 2.188408404831995567e-05 1.375901322695369834e-05 8.549139623166219492e-06 5.247141623887992097e-06 3.170712018879758657e-06 1.864705448161775859e-06 1.027043804533919964e-06 4.540426217723592502e-07 0.000000000000000000e+00
0.000000000000000000e+00 6.340115085497256683e-07 1.441166528039002676e-06 2.635636721508741460e-06 4.521538253646170509e-06 7.557581835561176832e-06 1.244652012969192833e-05 2.025974565136718272e-05 3.260724094728596902e-05 5.185987356226646138e-05 8.142200094332032627e-05 1.260358672616465126e-04 1.920680062898455617e-04 2.876803322789006937e-04 4.227268250090916463e-04 6.081507920324284765e-04 8.546164484874005287e-04 1.170142881352834565e-03 1.556691838417831710e-03 2.006065140578413512e-03 2.496105458876120026e-03 2.988917444739508898e-03 3.433207608610417891e-03 3.772183155060110718e-03 3.956206915158379071e-03 3.956206916591411583e-03 3.772183155988769777e-03 3.433207605333235112e-03 2.988917435696860758e-03 2.496105449325561332e-03 2.006065141622935186e-03 1.556691846119261481e-03 1.170142879043433197e-03 8.546164289765010138e-04 6.081507726588264700e-04 4.227268302545929995e-04 2.876803438204685254e-04 1.920679862615885954e-04 1.260358244913683623e-04 8.142197568810605169e-05 5.185988205630571426e-05 3.260724079630816698e-05 2.025973681407680312e-05 1.244657037191280565e-05 7.557660669915398695e-06 4.521578566010557848e-06 2.635645453252876858e-06 1.441202882331870619e-06 6.340705653127666485e-07 0.000000000000000000e+00
0.000000000000000000e+00 8.705217966099795992e-07 1.988316338765986992e-06 3.662765953290755023e-06 6.339957940268216126e-06 1.070377869477186207e-05 1.781947473684207195e-05 2.933910981611118922e-05 4.778982001704382327e-05 7.696391045265932405e-05 1.224186162903106740e-04 1.920680062898338523e-04 2.967983321541511617e-04 4.509529341900913473e-04 6.724107193789191942e-04 9.818339197082690591e-04 1.400530579343958965e-03 1.946358876749170255e-03 2.627347805183676607e-03 3.433412447614621853e-03 4.327832462315920128e-03 5.241893469943555497e-03 6.077487628090918158e-03 6.721848521117499732e-03 7.073956558625081256e-03 7.073956560699075011e-03 6.721848523488727079e-03 6.077487621261828780e-03 5.241893448928802192e-03 4.327832437400034801e-03 3.433412439288021593e-03 2.627347818740475086e-03 1.946358892643624194e-03 1.400530575619460174e-03 9.818339050918403321e-04 6.724107225305726116e-04 4.509529509981325258e-04 2.967983318568214010e-04 1.920679793586359935e-04 1.224185961171014609e-04 7.696392812529751143e-05 4.778984606423448630e-05 2.933913296934728571e-05 1.781953038574541422e-05 1.070384810768585870e-05 6.340016223601100690e-06 3.662808962886417869e-06 1.988370043544932883e-06 8.705612904228956537e-07 0.000000000000000000e+00
0.000000000000000000e+00 1.173844379445661340e-06 2.694153090507363266e-06 4.999167641615638968e-06 8.730475169740803707e-06 1.488783529060479582e-05 2.505439250749060510e-05 4.172731549431899254e-05 6.879500873739941599e-05 1.122041760680692480e-04 1.808490346301028381e-04 2.876803322789178784e-04 4.509529341900829990e-04 6.953857478044870319e-04 1.052779496343512295e-03 1.561328751734810533e-03 2.262533364616724999e-03 3.194417631176974578e-03 4.380000883846506612e-03 5.811068613807323507e-03 7.429724180613264325e-03 9.114051740701853768e-03 1.067838399869143126e-02 1.189954653554291947e-02 1.257174752433571144e-02 1.257174752366114513e-02 1.189954653369420037e-02 1.067838399218682364e-02 9.114051723271884842e-03 7.429724155171830643e-03 5.811068596897814124e-03 4.380000886824421402e-03 3.194417644917446879e-03 2.262533371011512476e-03 1.561328747566873920e-03 1.052779500446802703e-03 6.953857645269766359e-04 4.509529455922915491e-04 2.876803285959482048e-04 1.808490337568128181e-04 1.122042028824557746e-04 6.879504936329512992e-05 4.172737151135599626e-05 2.505448042693333071e-05 1.488791587382093299e-05 8.730532336313824942e-06 4.999231487459721104e-06 2.694253173467866746e-06 1.173901083913111371e-06 0.000000000000000000e+00
0.000000000000000000e+00 1.552896086064997264e-06 3.581332284713650803e-06 6.693161315844675754e-06 1.179198484384193645e-05 2.030857801876699800e-05 3.454552955352993495e-05 5.819611109357690010e-05 9.711389091545278370e-05 1.604220976724466449e-04 2.620478865843239207e-04 4.227268250090760880e-04 6.724107193789195195e-04 1.052779496343512079e-03 1.619154908628057813e-03 2.440511574288966451e-03 3.595535427347399619e-03 5.162025228324446796e-03 7.196896048391761454e-03 9.705520693313431438e-03 1.260331760844178063e-02 1.568034691093418351e-02 1.859049796506044225e-02 2.089445378646011264e-02 2.217284796976170050e-02 2.217284796651532164e-02 2.089445377975936505e-02 1.859049796096614443e-02 1.568034690563528330e-02 1.260331759552197825e-02 9.705520676361361482e-03 7.196896034149729421e-03 5.162025221204633377e-03 3.595535423750107016e-03 2.440511571572797581e-03 1.619154912667424527e-03 1.052779503290782962e-03 6.724107175237434590e-04 4.227268143057102685e-04 2.620478865728843951e-04 1.604221179788609640e-04 9.711391040756364420e-05 5.819615039052584152e-05 3.454561831495255145e-05 2.030866462872246581e-05 1.179203070421993499e-05 6.693198601620910766e-06 3.581428014247807434e-06 1.552972292122779403e-06 0.000000000000000000e+00
0.000000000000000000e+00 2.013215313842571217e-06 4.664775947866150369e-06 8.779261792458893071e-06 1.560083766834684013e-05 2.713033679223927214e-05 4.663899625821832015e-05 7.946083327616847223e-05 1.341989974864170375e-04 2.245163744114484221e-04 3.716990960122240704e-04 6.081507920324388848e-04 9.818339197082595182e-04 1.561328751734823760e-03 2.440511574288956043e-03 3.740751365391699161e-03 5.606990799299025469e-03 8.192411651593204877e-03 1.162543987826761792e-02 1.595427342817390751e-02 2.107043691644524402e-02 2.662719136729978231e-02 3.199322710707884487e-02 3.631120960780364476e-02 3.872677594215727381e-02 3.872677594027902626e-02 3.631120960726712948e-02 3.199322711338838804e-02 2.662719137663236216e-02 2.107043692034737958e-02 1.595427342027359169e-02 1.162543986081542545e-02 8.192411630190805927e-03 5.606990777978115154e-03 3.740751352894428148e-03 2.440511575236724382e-03 1.561328752956915198e-03 9.818339025800977820e-04 6.081507625846990653e-04 3.716990851403743717e-04 2.245163868570516723e-04 1.341989989260072922e-04 7.946084155307862179e-05 4.663905340606295673e-05 2.713041419909127780e-05 1.560088342410056569e-05 8.779270520992093856e-06 4.664831509234490540e-06 2.013265968507393554e-06 0.000000000000000000e+00
0.000000000000000000e+00 2.554660292111803936e-06 5.946251639016487226e-06 1.126703526795478486e-05 2.018879617050496549e-05 3.544045383762747852e-05 6.155239519985557066e-05 1.060310739713109983e-04 1.811924125101039521e-04 3.069604185230173513e-04 5.150064507851788605e-04 8.546164484873783026e-04 1.400530579344004718e-03 2.262533364616675993e-03 3.595535427347421303e-03 5.606990799299026336e-03 8.555561526126359215e-03 1.273125702270631356e-02 1.840412014311817307e-02 2.572873576088517342e-02 3.459998688607573286e-02 4.447803361421460294e-02 5.424750897126241755e-02 6.225897292356374901e-02 6.677265294422408959e-02 6.677265294730945488e-02 6.225897293259259613e-02 5.424750898545865896e-02 4.447803362868955196e-02 3.459998689438954084e-02 2.572873576059356640e-02 1.840412013423765175e-02 1.273125700392402707e-02 8.555561498325377212e-03 5.606990777465619726e-03 3.595535428776497778e-03 2.262533378030840737e-03 1.400530576558280159e-03 8.546164261726785184e-04 5.150064409200811894e-04 3.069604340261152886e-04 1.811924198444645829e-04 1.060310778186065273e-04 6.155242908036094617e-05 3.544051848135942846e-05 2.018884904711467246e-05 1.126705104529546146e-05 5.946292614453754521e-06 2.554678570380658993e-06 0.000000000000000000e+00
0.000000000000000000e+00 3.169263462077175399e-06 7.408750987267690666e-06 1.412890615481911266e-05 2.551792769919784644e-05 4.519875028148662079e-05 7.927447553850713185e-05 1.380141526687297872e-04 2.385472048423014106e-04 4.090872936207161012e-04 6.953741989009122474e-04 1.170142881352879017e-03 1.946358876749098481e-03 3.194417631177036161e-03 5.162025228324442459e-03 8.192411651593199673e-03 1.273125702270628580e-02 1.930526341768417850e-02 2.844750686078119026e-02 4.054145473741170569e-02 5.556467674656576788e-02 7.274351423428603025e-02 9.019796369959831583e-02 1.048314350077214491e-01 1.131010361683794929e-01 1.131010361737743442e-01 1.048314350221114105e-01 9.019796371575464211e-02 7.274351424469330252e-02 5.556467675031234732e-02 4.054145473711901621e-02 2.844750686076778085e-02 1.930526341128329174e-02 1.273125699934754898e-02 8.192411626000671576e-03 5.162025224649556543e-03 3.194417650978400702e-03 1.946358896302116757e-03 1.170142883455610851e-03 6.953742041375568072e-04 4.090873164542078717e-04 2.385472276154641878e-04 1.380141800361965327e-04 7.927452209834567670e-05 4.519881467499436550e-05 2.551798209245875488e-05 1.412894512941360795e-05 7.408814302148496425e-06 3.169277182518938027e-06 0.000000000000000000e+00
0.000000000000000000e+00 3.839423180913914510e-06 9.011635770010455128e-06 1.728914024680441096e-05 3.145680882964365423e-05 5.618694747341790617e-05 9.945888980408534852e-05 1.748949309813421847e-04 3.055779780911523601e-04 5.301877597109300134e-04 9.126322121267110800e-04 1.556691838417802436e-03 2.627347805183733852e-03 4.380000883846510082e-03 7.196896048391719820e-03 1.162543987826761098e-02 1.840412014311821817e-02 2.844750686078112434e-02 4.274470632347297100e-02 6.211508445217876762e-02 8.677758905866557460e-02 1.157336370607220527e-01 1.460197586140649650e-01 1.720745395053198956e-01 1.866886244848627308e-01 1.866886244888579793e-01 1.720745395153565893e-01 1.460197586236209877e-01 1.157336370631720790e-01 8.677758905246873988e-02 6.211508444428079367e-02 4.274470632234941142e-02 2.844750685893109032e-02 1.840412012657005256e-02 1.162543985286700575e-02 7.196896035211078346e-03 4.380000893831901068e-03 2.627347827542081665e-03 1.556691856652758950e-03 9.126322326284751034e-04 5.301877885956201176e-04 3.055780064489655281e-04 1.748949746905478731e-04 9.945895811994019339e-05 5.618702420345068833e-05 3.145685906937347034e-05 1.728917450050399543e-05 9.011704442109722387e-06 3.839444365103804662e-06 0.000000000000000000e+00
0.000000000000000000e+00 4.536999270116469605e-06 1.068798004132997853e-05 2.061725079968792531e-05 3.776459897236519587e-05 6.797102439988515147e-05 1.213374280171423118e-04 2.153403516219833558e-04 3.800294152173493167e-04 6.665764837608413856e-04 1.161056345508204883e-03 2.006065140578434328e-03 3.433412447614666522e-03 5.811068613807262792e-03 9.705520693313452255e-03 1.595427342817388669e-02 2.572873576088511791e-02 4.054145473741182365e-02 6.211508445217868435e-02 9.200228540485619333e-02 1.308735502315735710e-01 1.775108770019899196e-01 2.275855442077715229e-01 2.718830930296967097e-01 2.959823464119658576e-01 2.959823464117323222e-01 2.718830930286385006e-01 2.275855442062036937e-01 1.775108769967561617e-01 1.308735502187953204e-01 9.200228538972672621e-02 6.211508444330065409e-02 4.054145473274384237e-02 2.572873574965992699e-02 1.595427341097497426e-02 9.705520679352644051e-03 5.811068610305127578e-03 3.433412455750327937e-03 2.006065153897551839e-03 1.161056372138787821e-03 6.665765170385600739e-04 3.800294406291683416e-04 2.153403923385347699e-04 1.213375000900518283e-04 6.797111570644456487e-05 3.776464976886661400e-05 2.061726548734511320e-05 1.068802633783517377e-05 4.537012218378231544e-06 0.000000000000000000e+00
0.000000000000000000e+00 5.224004486929920045e-06 1.234590783313377929e-05 2.392945809687245813e-05 4.409059048136643221e-05 7.989282313349174681e-05 1.436872712090411276e-04 2.571003479014312572e-04 4.578083008326912554e-04 8.109141800438109506e-04 1.427732715621536554e-03 2.496105458876157323e-03 4.327832462315883699e-03 7.429724180613254784e-03 1.260331760844174420e-02 2.107043691644527872e-02 3.459998688607573286e-02 5.556467674656571237e-02 8.677758905866564398e-02 1.308735502315735433e-01 1.890379505995209430e-01 2.593114741138152768e-01 3.352769440164753423e-01 4.032249400060661793e-01 4.377222701677319638e-01 4.377222701647126568e-01 4.032249400009449425e-01 3.352769440128441358e-01 2.593114741088439201e-01 1.890379505892892664e-01 1.308735502173509480e-01 8.677758904851842758e-02 5.556467674200963464e-02 3.459998688204211914e-02 2.107043691334458194e-02 1.260331760518812634e-02 7.429724177708342363e-03 4.327832458228193444e-03 2.496105459173432115e-03 1.427732741478378612e-03 8.109142203890168593e-04 4.578083334477828724e-04 2.571003803460167412e-04 1.436873344378014627e-04 7.989292417830515952e-05 4.409065674016227938e-05 2.392948256295438276e-05 1.234594036833294720e-05 5.223996718555185666e-06 0.000000000000000000e+00
0.000000000000000000e+00 5.855306937445092671e-06 1.387499983470132058e-05 2.700086798602950960e-05 4.999573221721640933e-05 9.110616288398709194e-05 1.648873612727824235e-04 2.970847059270072016e-04 5.330567079065027993e-04 9.521745122008322794e-04 1.692096162330427233e-03 2.988917444739502393e-03 5.241893469943534681e-03 9.114051740701799992e-03 1.568034691093423208e-02 2.662719136729969904e-02 4.447803361421462376e-02 7.274351423428604413e-02 1.157336370607221082e-01 1.775108770019898363e-01 2.593114741138153323e-01 3.557129711946780404e-01 4.535429991588003640e-01 5.258165295441404874e-01 5.621831868842108726e-01 5.621831868837204871e-01 5.258165295446264320e-01 4.535429991625581914e-01 3.557129711976940722e-01 2.593114741106773979e-01 1.775108769954128751e-01 1.157336370576760309e-01 7.274351423619128398e-02 4.447803361992525017e-02 2.662719137735822597e-02 1.568034692434755809e-02 9.114051752737353101e-03 5.241893469419152927e-03 2.988917440301726725e-03 1.692096183987696961e-03 9.521745589628632673e-04 5.330567516227336300e-04 2.970847381490879994e-04 1.648874170818512156e-04 9.110625969503066224e-05 4.999581567824444892e-05 2.700092882922429727e-05 1.387505263796486409e-05 5.855296757485922119e-06 0.000000000000000000e+00
0.000000000000000000e+00 6.383334465148174354e-06 1.515778590446786253e-05 2.958891552903731228e-05 5.499849266549737808e-05 1.006649251843027014e-04 1.830850200210924360e-04 3.316724978546448576e-04 5.987122738228030242e-04 1.076620747576807454e-03 1.927530631377523829e-03 3.433207608610391436e-03 6.077487628090878259e-03 1.067838399869142953e-02 1.859049796506044919e-02 3.199322710707879630e-02 5.424750897126245919e-02 9.019796369959839910e-02 1.460197586140647985e-01 2.275855442077715507e-01 3.352769440164752313e-01 4.535429991588003085e-01 5.531246290321708559e-01 6.217631639925731424e-01 6.559431111080153975e-01 6.559431111114893964e-01 6.217631640031719975e-01 5.531246290462955573e-01 4.535429991691852791e-01 3.352769440188655969e-01 2.275855442065818357e-01 1.460197586190554730e-01 9.019796371157998149e-02 5.424750898635394281e-02 3.199322712526679602e-02 1.859049798829503358e-02 1.067838402369518727e-02 6.077487638219351840e-03 3.433207607157153299e-03 1.927530649557168468e-03 1.076620790139983311e-03 5.987123176615861053e-04 3.316725320574428408e-04 1.830850671898942323e-04 1.006650036392035211e-04 5.499857229911362793e-05 2.958900164597234712e-05 1.515787267195771626e-05 6.383342743754221940e-06 0.000000000000000000e+00
0.000000000000000000e+00 6.764143948249120787e-06 1.608498267039465825e-05 3.146563262584908360e-05 5.864071938093845955e-05 1.076561205116798460e-04 1.964635080525083675e-04 3.572478943041095976e-04 6.475753731206785116e-04 1.169914416372242654e-03 2.105486907904042908e-03 3.772183155060098575e-03 6.721848521117448558e-03 1.189954653554301314e-02 2.089445378646000509e-02 3.631120960780370721e-02 6.225897292356379065e-02 1.048314350077213380e-01 1.720745395053197291e-01 2.718830930296967097e-01 4.032249400060661237e-01 5.258165295441401543e-01 6.217631639925733644e-01 6.856207156743384656e-01 7.170883291512328839e-01 7.170883291573735274e-01 6.856207156909700506e-01 6.217631640129800408e-01 5.258165295582353238e-01 4.032249400098192327e-01 2.718830930304053650e-01 1.720745395140768352e-01 1.048314350253615468e-01 6.225897294435746299e-02 3.631120962728778129e-02 2.089445380844724698e-02 1.189954656146599739e-02 6.721848535321149273e-03 3.772183159561128766e-03 2.105486923357720308e-03 1.169914445762895326e-03 6.475754032388646685e-04 3.572479159522344593e-04 1.964635393846095605e-04 1.076561743193641876e-04 5.864076929597463454e-05 3.146570444282268238e-05 1.608507775065143644e-05 6.764169517123632751e-06 0.000000000000000000e+00
0.000000000000000000e+00 6.963818824901693492e-06 1.657180553358486772e-05 3.245293236598458279e-05 6.056148607221816579e-05 1.113534147464987712e-04 2.035612855873847392e-04 3.708651195097606022e-04 6.736963349882523020e-04 1.220012781079185841e-03 2.201538514199564717e-03 3.956206915158357387e-03 7.073956558625096001e-03 1.257174752433573225e-02 2.217284796976164846e-02 3.872677594215730851e-02 6.677265294422411734e-02 1.131010361683794513e-01 1.866886244848627585e-01 2.959823464119658576e-01 4.377222701677320749e-01 5.621831868842106505e-01 6.559431111080150645e-01 7.170883291512327729e-01 7.469758461744179234e-01 7.469758461793067905e-01 7.170883291648778579e-01 6.559431111269166115e-01 5.621831868994329184e-01 4.377222701733938792e-01 2.959823464142267713e-01 1.866886244922167648e-01 1.131010361844629192e-01 6.677265296505767445e-02 3.872677596085881413e-02 2.217284798999887702e-02 1.257174754589353814e-02 7.073956570980869524e-03 3.956206922660568046e-03 2.201538528876267279e-03 1.220012802019011669e-03 6.736963500088297488e-04 3.708651217614992199e-04 2.035612980814659211e-04 1.113534438517071676e-04 6.056149787430572552e-05 3.245296646762164467e-05 1.657187418317157472e-05 6.963839188629450081e-06 0.000000000000000000e+00
0.000000000000000000e+00 6.963839004961585432e-06 1.657184289164968373e-05 3.245296108130460124e-05 6.056150863153554246e-05 1.113534327885175643e-04 2.035612995769907623e-04 3.708651281005945384e-04 6.736963355706241264e-04 1.220012777988919517e-03 2.201538511912968458e-03 3.956206916591398573e-03 7.073956560699114909e-03 1.257174752366110350e-02 2.217284796651535633e-02 3.872677594027899156e-02 6.677265294730959366e-02 1.131010361737742886e-01 1.866886244888578128e-01 2.959823464117324887e-01 4.377222701647127678e-01 5.621831868837202650e-01 6.559431111114891744e-01 7.170883291573733054e-01 7.469758461793067905e-01 7.469758461804710814e-01 7.170883291637324408e-01 6.559431111254577784e-01 5.621831868998877768e-01 4.377222701762127355e-01 2.959823464176408181e-01 1.866886244944598039e-01 1.131010361851842172e-01 6.677265296460772881e-02 3.872677596053055588e-02 2.217284799066194037e-02 1.257174754739866576e-02 7.073956573525799936e-03 3.956206924325196550e-03 2.201538529234456885e-03 1.220012802852138856e-03 6.736963494889093790e-04 3.708651221338210222e-04 2.035613007816780996e-04 1.113534445004027695e-04 6.056149886643910293e-05 3.245296900696914756e-05 1.657187510600852264e-05 6.963838684046095815e-06 0.000000000000000000e+00
0.000000000000000000e+00 6.764183984097585710e-06 1.608506572097131101e-05 3.146570729015390599e-05 5.864078576438483398e-05 1.076561712633418335e-04 1.964635400794341024e-04 3.572479141910102091e-04 6.475753783760822627e-04 1.169914415089591585e-03 2.105486907736149431e-03 3.772183155988739420e-03 6.721848523488786059e-03 1.189954653369411711e-02 2.089445377975943444e-02 3.631120960726713642e-02 6.225897293259271409e-02 1.048314350221114383e-01 1.720745395153564783e-01 2.718830930286383341e-01 4.032249400009448870e-01 5.258165295446264320e-01 6.217631640031716644e-01 6.856207156909699396e-01 7.170883291648774138e-01 7.170883291637319967e-01 6.856207156917840662e-01 6.217631640132276205e-01 5.258165295626407998e-01 4.032249400195087041e-01 2.718830930419843250e-01 1.720745395230285912e-01 1.048314350300115355e-01 6.225897294552430045e-02 3.631120962744688319e-02 2.089445381028327831e-02 1.189954656642782695e-02 6.721848542250142243e-03 3.772183165608439855e-03 2.105486927229875942e-03 1.169914447572032801e-03 6.475754034507841261e-04 3.572479186187826482e-04 1.964635452537768817e-04 1.076561784795512073e-04 5.864077277384553921e-05 3.146570983785604720e-05 1.608508053599710407e-05 6.764169482506672676e-06 0.000000000000000000e+00
0.000000000000000000e+00 6.383359280806772877e-06 1.515786231963395966e-05 2.958900110628722246e-05 5.499859124992174768e-05 1.006650006059528821e-04 1.830850561993048529e-04 3.316725179288538086e-04 5.987122866954526935e-04 1.076620761661051858e-03 1.927530641306271974e-03 3.433207605333219066e-03 6.077487621261864342e-03 1.067838399218676466e-02 1.859049796096620688e-02 3.199322711338846437e-02 5.424750898545863814e-02 9.019796371575471150e-02 1.460197586236209877e-01 2.275855442062036382e-01 3.352769440128438583e-01 4.535429991625581359e-01 5.531246290462952242e-01 6.217631640129802628e-01 6.559431111269165005e-01 6.559431111254577784e-01 6.217631640132276205e-01 5.531246290558643475e-01 4.535429991822519380e-01 3.352769440365790388e-01 2.275855442260874550e-01 1.460197586358501221e-01 9.019796372366378767e-02 5.424750899287023032e-02 3.199322712770518579e-02 1.859049799211492937e-02 1.067838403157120655e-02 6.077487647577962948e-03 3.433207617679698807e-03 1.927530658753985387e-03 1.076620793423550522e-03 5.987123201649102592e-04 3.316725369137681436e-04 1.830850722987610124e-04 1.006650108369657912e-04 5.499857847191409857e-05 2.958900725670972299e-05 1.515787764153834096e-05 6.383345406443195702e-06 0.000000000000000000e+00
0.000000000000000000e+00 5.855308845432128554e-06 1.387504370237658540e-05 2.700093117909627952e-05 4.999583859401048118e-05 9.110625241894843257e-05 1.648873966356184011e-04 2.970847221191182217e-04 5.330567263347423109e-04 9.521745416768022299e-04 1.692096181646471440e-03 2.988917435696888947e-03 5.241893448928788314e-03 9.114051723271895250e-03 1.568034690563530412e-02 2.662719137663242808e-02 4.447803362868948951e-02 7.274351424469337191e-02 1.157336370631720512e-01 1.775108769967559952e-01 2.593114741088437536e-01 3.557129711976939612e-01 4.535429991691851681e-01 5.258165295582355458e-01 5.621831868994329184e-01 5.621831868998878878e-01 5.258165295626406888e-01 4.535429991822517160e-01 3.557129712191529070e-01 2.593114741335671436e-01 1.775108770176687389e-01 1.157336370779634416e-01 7.274351425347969080e-02 4.447803363119406245e-02 2.662719138232895466e-02 1.568034692920649079e-02 9.114051760283721146e-03 5.241893478077888115e-03 2.988917451512222798e-03 1.692096194807427923e-03 9.521745647902830857e-04 5.330567543392963903e-04 2.970847414241159805e-04 1.648874211823590178e-04 9.110626547442368542e-05 4.999582263337018750e-05 2.700093456763974010e-05 1.387505790899629172e-05 5.855301149959684425e-06 0.000000000000000000e+00
0.000000000000000000e+00 5.224008584890241040e-06 1.234593932013331382e-05 2.392949440287367636e-05 4.409067848181588895e-05 7.989291373821696669e-05 1.436873131645411555e-04 2.571003709680949622e-04 4.578083219003566628e-04 8.109142122500219560e-04 1.427732739234463706e-03 2.496105449325621180e-03 4.327832437399994903e-03 7.429724155171880950e-03 1.260331759552197305e-02 2.107043692034743856e-02 3.459998689438946451e-02 5.556467675031240977e-02 8.677758905246862886e-02 1.308735502187952648e-01 1.890379505892891554e-01 2.593114741106772869e-01 3.352769440188654859e-01 4.032249400098192882e-01 4.377222701733937127e-01 4.377222701762125689e-01 4.032249400195086486e-01 3.352769440365788167e-01 2.593114741335670326e-01 1.890379506115864860e-01 1.308735502371425052e-01 8.677758906682993267e-02 5.556467675922921456e-02 3.459998689436939723e-02 2.107043691887544243e-02 1.260331760921943461e-02 7.429724182957076969e-03 4.327832464508408507e-03 2.496105467637120198e-03 1.427732751176073300e-03 8.109142284026644391e-04 4.578083354680656850e-04 2.571003810324619453e-04 1.436873389679327513e-04 7.989292779712951591e-05 4.409066029879226648e-05 2.392948750916889887e-05 1.234594364096542586e-05 5.224000022885725154e-06 0.000000000000000000e+00
0.000000000000000000e+00 4.537029894579248724e-06 1.068803775453673719e-05 2.061727997912348920e-05 3.776466631966808092e-05 6.797110589514768902e-05 1.213374833008195382e-04 2.153403916452744336e-04 3.800294384052614648e-04 6.665765084650811245e-04 1.161056364496778400e-03 2.006065141622991564e-03 3.433412439287989067e-03 5.811068596897865299e-03 9.705520676361351073e-03 1.595427342027360210e-02 2.572873576059354211e-02 4.054145473711904396e-02 6.211508444428069653e-02 9.200228538972672621e-02 1.308735502173509480e-01 1.775108769954126531e-01 2.275855442065816692e-01 2.718830930304053650e-01 2.959823464142268268e-01 2.959823464176407626e-01 2.718830930419842140e-01 2.275855442260873995e-01 1.775108770176686279e-01 1.308735502371424775e-01 9.200228540527215226e-02 6.211508445762537606e-02 4.054145474672026656e-02 2.572873576072214064e-02 1.595427341759735052e-02 9.705520684237444948e-03 5.811068615994171432e-03 3.433412461856300002e-03 2.006065160945503037e-03 1.161056382238824730e-03 6.665765257247086625e-04 3.800294439828960646e-04 2.153403942215778078e-04 1.213375044303727506e-04 6.797111947155655279e-05 3.776465006121849753e-05 2.061726849624652302e-05 1.068802906764179229e-05 4.537013715068174105e-06 0.000000000000000000e+00
0.000000000000000000e+00 3.839466455467788570e-06 9.011718638794611455e-06 1.728918033180489169e-05 3.145687045959173381e-05 5.618701649869854172e-05 9.945894430291192913e-05 1.748949771715993431e-04 3.055780016372601862e-04 5.301877718976235080e-04 9.126322192327586012e-04 1.556691846119288587e-03 2.627347818740459473e-03 4.380000886824462168e-03 7.196896034149728553e-03 1.162543986081538555e-02 1.840412013423766563e-02 2.844750686076781207e-02 4.274470632234928652e-02 6.211508444330070960e-02 8.677758904851848309e-02 1.157336370576759338e-01 1.460197586190553620e-01 1.720745395140767797e-01 1.866886244922168203e-01 1.866886244944596651e-01 1.720745395230284802e-01 1.460197586358499833e-01 1.157336370779632750e-01 8.677758906682989104e-02 6.211508445762539687e-02 4.274470633480995096e-02 2.844750687042463255e-02 1.840412013736241262e-02 1.162543986258114496e-02 7.196896043638306012e-03 4.380000902924437688e-03 2.627347836577558025e-03 1.556691865457755829e-03 9.126322425796116978e-04 5.301877965897463119e-04 3.055780133935832063e-04 1.748949814984059156e-04 9.945896348686449203e-05 5.618703018550999832e-05 3.145686266808502940e-05 1.728917595065003913e-05 9.011706252259866178e-06 3.839445978061481629e-06 0.000000000000000000e+00
0.000000000000000000e+00 3.169295968371622228e-06 7.408818247028555941e-06 1.412894181060282254e-05 2.551798967978438621e-05 4.519880835099030094e-05 7.927450816902564476e-05 1.380141751505728888e-04 2.385472141668020820e-04 4.090872929338736455e-04 6.953741902908684713e-04 1.170142879043443171e-03 1.946358892643620291e-03 3.194417644917471166e-03 5.162025221204642050e-03 8.192411630190746946e-03 1.273125700392404615e-02 1.930526341128334031e-02 2.844750685893095848e-02 4.054145473274389094e-02 5.556467674200971096e-02 7.274351423619122847e-02 9.019796371157991210e-02 1.048314350253614635e-01 1.131010361844629608e-01 1.131010361851840368e-01 1.048314350300113967e-01 9.019796372366363502e-02 7.274351425347952427e-02 5.556467675922912436e-02 4.054145474672024574e-02 2.844750687042466031e-02 1.930526341968366588e-02 1.273125700753488521e-02 8.192411635391730687e-03 5.162025234390445194e-03 3.194417661528638902e-03 1.946358908035495132e-03 1.170142894122087017e-03 6.953742117099625088e-04 4.090873242665896354e-04 2.385472371922118943e-04 1.380141893833207358e-04 7.927453110625053167e-05 4.519882342105895447e-05 2.551798942922762567e-05 1.412894628452857749e-05 7.408812003581948620e-06 3.169278910463355640e-06 0.000000000000000000e+00
0.000000000000000000e+00 2.554687097002785010e-06 5.946289140733627228e-06 1.126704663052456817e-05 2.018885702981846827e-05 3.544051372759767925e-05 6.155241118145622994e-05 1.060310640810142597e-04 1.811924021250987320e-04 3.069604118977996158e-04 5.150064320307359833e-04 8.546164289765089284e-04 1.400530575619454319e-03 2.262533371011527222e-03 3.595535423750105715e-03 5.606990777978065714e-03 8.555561498325377212e-03 1.273125699934759929e-02 1.840412012656996235e-02 2.572873574965992699e-02 3.459998688204217465e-02 4.447803361992522242e-02 5.424750898635393587e-02 6.225897294435739360e-02 6.677265296505771608e-02 6.677265296460760391e-02 6.225897294552418249e-02 5.424750899287013317e-02 4.447803363119393061e-02 3.459998689436928621e-02 2.572873576072208859e-02 1.840412013736241956e-02 1.273125700753489388e-02 8.555561502133022383e-03 5.606990784856516648e-03 3.595535436402433685e-03 2.262533385894830579e-03 1.400530588400725803e-03 8.546164369542687657e-04 5.150064466448277126e-04 3.069604396716325997e-04 1.811924269365224266e-04 1.060310854599802672e-04 6.155243917401996838e-05 3.544052789618433230e-05 2.018885468320139986e-05 1.126705339800589177e-05 5.946289058047428811e-06 2.554677684633343706e-06 0.000000000000000000e+00
0.000000000000000000e+00 2.013269450795140100e-06 4.664833219864844475e-06 8.779272357735252072e-06 1.560089619627515967e-05 2.713041342812508761e-05 4.663903293391836086e-05 7.946082808594061319e-05 1.341989879124744602e-04 2.245163745738368625e-04 3.716990863018351104e-04 6.081507726588456604e-04 9.818339050918253701e-04 1.561328747566889533e-03 2.440511571572776331e-03 3.740751352894407331e-03 5.606990777465605848e-03 8.192411626000709740e-03 1.162543985286695024e-02 1.595427341097497079e-02 2.107043691334461316e-02 2.662719137735819475e-02 3.199322712526683765e-02 3.631120962728773965e-02 3.872677596085880719e-02 3.872677596053049343e-02 3.631120962744678604e-02 3.199322712770510946e-02 2.662719138232885752e-02 2.107043691887533141e-02 1.595427341759727072e-02 1.162543986258110854e-02 8.192411635391720279e-03 5.606990784856513178e-03 3.740751360569121928e-03 2.440511580379066230e-03 1.561328758138393925e-03 9.818339122904680936e-04 6.081507721626055671e-04 3.716990900743776102e-04 2.245163895486131642e-04 1.341990032339407781e-04 7.946084768041853600e-05 4.663906059169910993e-05 2.713042311952241351e-05 1.560088936954631410e-05 8.779275295251686326e-06 4.664833000715742906e-06 2.013264723874625360e-06 0.000000000000000000e+00
0.000000000000000000e+00 1.552982652773493082e-06 3.581441327472519252e-06 6.693210477535253170e-06 1.179204907637091199e-05 2.030866649751402868e-05 3.454560232470815133e-05 5.819614519459963948e-05 9.711391281169900666e-05 1.604221197909585009e-04 2.620478980162123427e-04 4.227268302546148462e-04 6.724107225305462655e-04 1.052779500446827856e-03 1.619154912667387014e-03 2.440511575236721346e-03 3.595535428776476961e-03 5.162025224649581696e-03 7.196896035211044519e-03 9.705520679352661398e-03 1.260331760518812981e-02 1.568034692434752686e-02 1.859049798829508909e-02 2.089445380844723310e-02 2.217284798999884926e-02 2.217284799066189874e-02 2.089445381028321239e-02 1.859049799211486345e-02 1.568034692920642140e-02 1.260331760921935655e-02 9.705520684237382498e-03 7.196896043638263511e-03 5.162025234390421775e-03 3.595535436402417639e-03 2.440511580379051051e-03 1.619154918564810839e-03 1.052779508300592587e-03 6.724107247208619027e-04 4.227268238201774449e-04 2.620478944711889099e-04 1.604221236983347410e-04 9.711391587389403546e-05 5.819615650562600089e-05 3.454562414144797907e-05 2.030867301363261957e-05 1.179204023516225454e-05 6.693206090222937797e-06 3.581432893782216631e-06 1.552975304254653665e-06 0.000000000000000000e+00
0.000000000000000000e+00 1.173915126691730642e-06 2.694270518609661041e-06 4.999245008227209950e-06 8.730545199904915629e-06 1.488791408528063256e-05 2.505446841875259216e-05 4.172737377300082004e-05 6.879506129545942517e-05 1.122042118851473112e-04 1.808490467141448028e-04 2.876803438204946005e-04 4.509529509981065050e-04 6.953857645270040662e-04 1.052779503290747834e-03 1.561328752956909994e-03 2.262533378030823390e-03 3.194417650978427156e-03 4.380000893831869843e-03 5.811068610305165742e-03 7.429724177708339761e-03 9.114051752737309733e-03 1.067838402369523064e-02 1.189954656146601474e-02 1.257174754589351559e-02 1.257174754739862760e-02 1.189954656642777664e-02 1.067838403157115104e-02 9.114051760283667369e-03 7.429724182957025795e-03 5.811068615994130666e-03 4.380000902924400391e-03 3.194417661528606810e-03 2.262533385894800221e-03 1.561328758138367905e-03 1.052779508300580010e-03 6.953857697624014683e-04 4.509529523150154892e-04 2.876803396464908472e-04 1.808490444294132084e-04 1.122042108768981630e-04 6.879505532336857489e-05 4.172737612018163292e-05 2.505448390324907951e-05 1.488791970261843814e-05 8.730538323905342579e-06 4.999237089915812551e-06 2.694253964347787977e-06 1.173903870704818186e-06 0.000000000000000000e+00
0.000000000000000000e+00 8.705713644335197913e-07 1.988382242281982405e-06 3.662811266162786921e-06 6.340014217782352323e-06 1.070384050054169776e-05 1.781951812865818264e-05 2.933913480405418180e-05 4.778985527011958432e-05 7.696392959892034381e-05 1.224185993823420778e-04 1.920679862616100897e-04 2.967983318567974402e-04 4.509529455923040717e-04 6.724107175237258949e-04 9.818339025800856389e-04 1.400530576558265631e-03 1.946358896302151451e-03 2.627347827542052174e-03 3.433412455750367836e-03 4.327832458228198648e-03 5.241893469419105223e-03 6.077487638219370922e-03 6.721848535321173559e-03 7.073956570980859983e-03 7.073956573525773915e-03 6.721848542250117090e-03 6.077487647577923049e-03 5.241893478077836940e-03 4.327832464508364271e-03 3.433412461856266609e-03 2.627347836577532438e-03 1.946358908035471062e-03 1.400530588400698481e-03 9.818339122904442412e-04 6.724107247208443387e-04 4.509529523150045929e-04 2.967983357353809297e-04 1.920679852690647426e-04 1.224186007406902448e-04 7.696393111813021836e-05 4.778984820869444314e-05 2.933913215401992686e-05 1.781952761857819850e-05 1.070384589620035924e-05 6.340014585270998173e-06 3.662808884302094237e-06 1.988367075545326999e-06 8.705592940019949889e-07 0.000000000000000000e+00
0.000000000000000000e+00 6.340786946563551351e-07 1.441209320091254665e-06 2.635640202577513151e-06 4.521574226352049272e-06 7.557656426089486263e-06 1.244656221905715337e-05 2.025973697669185869e-05 3.260724324579165412e-05 5.185987534038436359e-05 8.142197103229893978e-05 1.260358244913775780e-04 1.920679793586174808e-04 2.876803285959398564e-04 4.227268143057152016e-04 6.081507625846868138e-04 8.546164261726522807e-04 1.170142883455648798e-03 1.556691856652741169e-03 2.006065153897586099e-03 2.496105459173442957e-03 2.988917440301678153e-03 3.433207607157145493e-03 3.772183159561153052e-03 3.956206922660572382e-03 3.956206924325183540e-03 3.772183165608421641e-03 3.433207617679667149e-03 2.988917451512178129e-03 2.496105467637078131e-03 2.006065160945478317e-03 1.556691865457746505e-03 1.170142894122081379e-03 8.546164369542535869e-04 6.081507721625864851e-04 4.227268238201529961e-04 2.876803396464628205e-04 1.920679852690470430e-04 1.260358241543767786e-04 8.142197634768620314e-05 5.185988275559260188e-05 3.260724108359303844e-05 2.025973609858779136e-05 1.244656887549860196e-05 7.557660774232269862e-06 4.521579156964182927e-06 2.635645326978406598e-06 1.441201755738026558e-06 6.340698504953102429e-07 0.000000000000000000e+00
0.000000000000000000e+00 4.540493283379293168e-07 1.027048000207528286e-06 1.864703906163794039e-06 3.170714773028770424e-06 5.247144057833497533e-06 8.549136196262786499e-06 1.375901407723957568e-05 2.188408672624123557e-05 3.438000601845199873e-05 5.329533405515413444e-05 8.142197568810244672e-05 1.224185961171012440e-04 1.808490337567908359e-04 2.620478865728983814e-04 3.716990851403759980e-04 5.150064409200514823e-04 6.953742041375913932e-04 9.126322326284715255e-04 1.161056372138815143e-03 1.427732741478394875e-03 1.692096183987657496e-03 1.927530649557147001e-03 2.105486923357735487e-03 2.201538528876274218e-03 2.201538529234449513e-03 2.105486927229862065e-03 1.927530658753967173e-03 1.692096194807400601e-03 1.427732751176041858e-03 1.161056382238801962e-03 9.126322425796059516e-04 6.953742117099590394e-04 5.150064466448168706e-04 3.716990900743614014e-04 2.620478944711641359e-04 1.808490444293851546e-04 1.224186007406704582e-04 8.142197634767784123e-05 5.329534227811893755e-05 3.438001583551200544e-05 2.188408892380188099e-05 1.375901885653954781e-05 8.549145559382175134e-06 5.247148208144317139e-06 3.170718548275479182e-06 1.864709596077329439e-06 1.027044059030255723e-06 4.540447479857747428e-07 0.000000000000000000e+00
0.000000000000000000e+00 3.199643923931752884e-07 7.203116324470878786e-07 1.298477509007212679e-06 2.188592112372627446e-06 3.586288833635388123e-06 5.781473945245295101e-06 9.201469569247926495e-06 1.446611899578007399e-05 2.245464714866444531e-05 3.438000916698927679e-05 5.185988205629179582e-05 7.696392812530317639e-05 1.122042028824243734e-04 1.604221179788703695e-04 2.245163868570662006e-04 3.069604340260837926e-04 4.090873164542265742e-04 5.301877885956255386e-04 6.665765170385853358e-04 8.109142203890367002e-04 9.521745589628325844e-04 1.076620790139950568e-03 1.169914445762896844e-03 1.220012802019017958e-03 1.220012802852139507e-03 1.169914447572031934e-03 1.076620793423548137e-03 9.521745647902707258e-04 8.109142284026332140e-04 6.665765257246742933e-04 5.301877965897274468e-04 4.090873242665856238e-04 3.069604396716365028e-04 2.245163895486143840e-04 1.604221236983240616e-04 1.122042108768749882e-04 7.696393111811075693e-05 5.185988275557373677e-05 3.438001583550055355e-05 2.245465377344058530e-05 1.446612016212001732e-05 9.201476795782372687e-06 5.781485486876844815e-06 3.586293905159848767e-06 2.188595403240427811e-06 1.298480514074489536e-06 7.203068373131363646e-07 3.199611956657102535e-07 0.000000000000000000e+00
0.000000000000000000e+00 2.220732554535508636e-07 4.976041632767929724e-07 8.907306012860213664e-07 1.488409318575925586e-06 2.415391459227547596e-06 3.853502619331927549e-06 6.066289302551011233e-06 9.429431633957421416e-06 1.446611708726335198e-05 2.188408404833450769e-05 3.260724079628445006e-05 4.778984606424330222e-05 6.879504936326939367e-05 9.711391040756131316e-05 1.341989989260278650e-04 1.811924198444405949e-04 2.385472276154672507e-04 3.055780064489732259e-04 3.800294406291934409e-04 4.578083334478029302e-04 5.330567516227056575e-04 5.987123176615464235e-04 6.475754032388635843e-04 6.736963500088464455e-04 6.736963494889205463e-04 6.475754034507806567e-04 5.987123201649002845e-04 5.330567543392843556e-04 4.578083354680422662e-04 3.800294439828679838e-04 3.055780133935646122e-04 2.385472371922068798e-04 1.811924269365316966e-04 1.341990032339517827e-04 9.711391587389197548e-05 6.879505532335677064e-05 4.778984820867975897e-05 3.260724108357227597e-05 2.188408892378332420e-05 1.446612016210960898e-05 9.429430418563248850e-06 6.066295248053449015e-06 3.853512523560885141e-06 2.415396678772718733e-06 1.488412802050664930e-06 8.907323766470577054e-07 4.975981711858778249e-07 2.220694492442030024e-07 0.000000000000000000e+00
0.000000000000000000e+00 1.518884916470863178e-07 3.387940366744700031e-07 6.023105028664577613e-07 9.979962521784158166e-07 1.604258630082060023e-06 2.533511106549431542e-06 3.946008759626186159e-06 6.066295234719845994e-06 9.201472813482554954e-06 1.375901322696963442e-05 2.025973681405337419e-05 2.933913296935302859e-05 4.172737151134355504e-05 5.819615039051279044e-05 7.946084155309343471e-05 1.060310778185973252e-04 1.380141800361955840e-04 1.748949746905479003e-04 2.153403923385478617e-04 2.571003803460377747e-04 2.970847381490809521e-04 3.316725320574158984e-04 3.572479159522261110e-04 3.708651217615040988e-04 3.708651221338251421e-04 3.572479186187752214e-04 3.316725369137627768e-04 2.970847414241155468e-04 2.571003810324544100e-04 2.153403942215584548e-04 1.748949814983848279e-04 1.380141893833087554e-04 1.060310854599900114e-04 7.946084768043303720e-05 5.819615650563272972e-05 4.172737612017758072e-05 2.933913215400644209e-05 2.025973609856158078e-05 1.375901885651400638e-05 9.201476795759309674e-06 6.066295248042590053e-06 3.946013902627145552e-06 2.533519757045048133e-06 1.604264399573645403e-06 9.980013271405565009e-07 6.023131033943468076e-07 3.387881194588404317e-07 1.518851629278933513e-07 0.000000000000000000e+00
0.000000000000000000e+00 1.023708756839477056e-07 2.273412418017216325e-07 4.015011165423078818e-07 6.598519220827954653e-07 1.050999351261428304e-06 1.643501031614202067e-06 2.533514243491601901e-06 3.853511687164064537e-06 5.781480632231857993e-06 8.549139623182045456e-06 1.244657037189827735e-05 1.781953038574377097e-05 2.505448042692809944e-05 3.454561831494156035e-05 4.663905340607533696e-05 6.155242908035793751e-05 7.927452209833522770e-05 9.945895811993557198e-05 1.213375000900701514e-04 1.436873344378340972e-04 1.648874170818544682e-04 1.830850671898593752e-04 1.964635393845811815e-04 2.035612980814658669e-04 2.035613007816914624e-04 1.964635452537790772e-04 1.830850722987561606e-04 1.648874211823588823e-04 1.436873389679346486e-04 1.213375044303691862e-04 9.945896348684798505e-05 7.927453110623323865e-05 6.155243917401411369e-05 4.663906059170310793e-05 3.454562414145304094e-05 2.505448390325151219e-05 1.781952761857084625e-05 1.244656887548513414e-05 8.549145559367978862e-06 5.781485486863140669e-06 3.853512523556433983e-06 2.533519757040328042e-06 1.643510404381436367e-06 1.051008118902045820e-06 6.598622612198211733e-07 4.015082091186473608e-07 2.273391430029013899e-07 1.023690786840583025e-07 0.000000000000000000e+00
0.000000000000000000e+00 6.789366927655329536e-08 1.501483472781455727e-07 2.635102616116091416e-07 4.297125261377465681e-07 6.784624714608350168e-07 1.051001002320414786e-06 1.604260593328105333e-06 2.415396523972216346e-06 3.586289521350971778e-06 5.247141623899674375e-06 7.557660669902127383e-06 1.070384810767783900e-05 1.488791587382857323e-05 2.030866462871521859e-05 2.713041419908288879e-05 3.544051848135667729e-05 4.519881467500189392e-05 5.618702420345934162e-05 6.797111570645283192e-05 7.989292417831873915e-05 9.110625969503327788e-05 1.006650036391800888e-04 1.076561743193388580e-04 1.113534438517014619e-04 1.113534445004136792e-04 1.076561784795604772e-04 1.006650108369695724e-04 9.110626547442655856e-05 7.989292779713196891e-05 6.797111947155202625e-05 5.618703018549172951e-05 4.519882342103582708e-05 3.544052789617138964e-05 2.713042311952501898e-05 2.030867301364624325e-05 1.488791970263612080e-05 1.070384589621133001e-05 7.557660774227927124e-06 5.247148208130213193e-06 3.586293905135670635e-06 2.415396678757201089e-06 1.604264399551646475e-06 1.051008118894542378e-06 6.784715369457711807e-07 4.297261962289997404e-07 2.635234373181412806e-07 1.501531593233674031e-07 6.789565307910891990e-08 0.000000000000000000e+00
0.000000000000000000e+00 4.409007821830079684e-08 9.713563138063168709e-08 1.694879159450658123e-07 2.744015580910219577e-07 4.297246815216253344e-07 6.598611373120904301e-07 9.979989852851003187e-07 1.488411800340709940e-06 2.188591289492017460e-06 3.170712018884931063e-06 4.521578566010846687e-06 6.340016223590787217e-06 8.730532336312122406e-06 1.179203070421267083e-05 1.560088342409757058e-05 2.018884904712485719e-05 2.551798209246798415e-05 3.145685906936914708e-05 3.776464976886072543e-05 4.409065674017224049e-05 4.999581567825381372e-05 5.499857229909710740e-05 5.864076929594825454e-05 6.056149787429907801e-05 6.056149886645523721e-05 5.864077277386006075e-05 5.499857847191488462e-05 4.999582263336050422e-05 4.409066029878557153e-05 3.776465006121725070e-05 3.145686266808057061e-05 2.551798942922096461e-05 2.018885468319795413e-05 1.560088936954598545e-05 1.179204023516559523e-05 8.730538323914446489e-06 6.340014585273524026e-06 4.521579156957911495e-06 3.170718548264090400e-06 2.188595403225498008e-06 1.488412802039085566e-06 9.980013271215420935e-07 6.598622612109297626e-07 4.297261962230233935e-07 2.744105723634690810e-07 1.695017050700033224e-07 9.714564111232960174e-08 4.409654432088826234e-08 0.000000000000000000e+00
0.000000000000000000e+00 2.764052078461938244e-08 6.069376953838544044e-08 1.053646564652537975e-07 1.694996275184581725e-07 2.635261924917114487e-07 4.015077071618539610e-07 6.023089794540563527e-07 8.907293342292287170e-07 1.298476424856395801e-06 1.864705448162936930e-06 2.635645453249484492e-06 3.662808962862848330e-06 4.999231487457670437e-06 6.693198601637449084e-06 8.779270520992153148e-06 1.126705104528796861e-05 1.412894512941431437e-05 1.728917450050722094e-05 2.061726548734095596e-05 2.392948256295090992e-05 2.700092882922878993e-05 2.958900164597238439e-05 3.146570444281022761e-05 3.245296646761006403e-05 3.245296900696614567e-05 3.146570983785969283e-05 2.958900725671178298e-05 2.700093456763942161e-05 2.392948750917288671e-05 2.061726849625533217e-05 1.728917595065103863e-05 1.412894628452395607e-05 1.126705339799165654e-05 8.779275295233781744e-06 6.693206090216763774e-06 4.999237089924366737e-06 3.662808884312185787e-06 2.635645326984896141e-06 1.864709596079679109e-06 1.298480514066518532e-06 8.907323766416270596e-07 6.023131033783961184e-07 4.015082091093274043e-07 2.635234373118032507e-07 1.695017050652982662e-07 1.053729216949906437e-07 6.070284935947238446e-08 2.764831396104913829e-08 0.000000000000000000e+00
0.000000000000000000e+00 1.603211215263154218e-08 3.511058908670179672e-08 6.070145583286770245e-08 9.714658256108940307e-08 1.501554212596403232e-07 2.273386062344397362e-07 3.387838344393360892e-07 4.975965319799063951e-07 7.203076720202787050e-07 1.027043804528734429e-06 1.441202882329142114e-06 1.988370043541485459e-06 2.694253173477492851e-06 3.581428014257582618e-06 4.664831509229801366e-06 5.946292614449130568e-06 7.408814302148651432e-06 9.011704442107909736e-06 1.068802633783266825e-05 1.234594036833826656e-05 1.387505263797601443e-05 1.515787267195537845e-05 1.608507775063079933e-05 1.657187418315214040e-05 1.657187510600425698e-05 1.608508053601020597e-05 1.515787764155289807e-05 1.387505790900304935e-05 1.234594364096469233e-05 1.068802906763466366e-05 9.011706252252378406e-06 7.408812003578350424e-06 5.946289058040478905e-06 4.664833000707227684e-06 3.581432893783373678e-06 2.694253964354662497e-06 1.988367075554991644e-06 1.441201755748480215e-06 1.027044059034834995e-06 7.203068373101876312e-07 4.975981711812801301e-07 3.387881194423326596e-07 2.273391429947229692e-07 1.501531593139972334e-07 9.714564110512847173e-08 6.070284935560685696e-08 3.511319095610944216e-08 1.603578923436233443e-08 0.000000000000000000e+00
0.000000000000000000e+00 7.335195293040522754e-09 1.603632808210051547e-08 2.764723610739051813e-08 4.409618308532503878e-08 6.789578951854911366e-08 1.023663314206135738e-07 1.518807217028709330e-07 2.220694660323646238e-07 3.199619057237495678e-07 4.540426217652801723e-07 6.340705653306263382e-07 8.705612904235177994e-07 1.173901083906749307e-06 1.552972292141270555e-06 2.013265968512467704e-06 2.554678570364781784e-06 3.169277182513060042e-06 3.839444365118241491e-06 4.537012218390116263e-06 5.223996718550450752e-06 5.855296757479815858e-06 6.383342743750831267e-06 6.764169517117755190e-06 6.963839188622609443e-06 6.963838684047395163e-06 6.764169482516557550e-06 6.383345406450703802e-06 5.855301149958496038e-06 5.224000022878918397e-06 4.537013715060613489e-06 3.839445978062237183e-06 3.169278910467928348e-06 2.554677684634519388e-06 2.013264723872531071e-06 1.552975304252431262e-06 1.173903870704005458e-06 8.705592940059940432e-07 6.340698505064402558e-07 4.540447479911598606e-07 3.199611956723199162e-07 2.220694492350306679e-07 1.518851629156918152e-07 1.023690786667403169e-07 6.789565306413748021e-08 4.409654430201366836e-08 2.764831395126392583e-08 1.603578922584571593e-08 7.337908204076588207e-09 0.000000000000000000e+00
0.000000000000000000e+00 0.000000000000000000e+00 0.000000000000000000e+00 0.000000000000000000e+00 0.000000000000000000e+00 0.000000000000000000e+00 0.000000000000000000e+00 0.000000000000000000e+00 0.000000000000000000e+00 0.000000000000000000e+00 0.000000000000000000e+00 0.000000000000000000e+00 0.000000000000000000e+00 0.000000000000000000e+00 0.000000000000000000e+00 0.000000000000000000e+00 0.000000000000000000e+00 0.000000000000000000e+00 0.000000000000000000e+00 0.000000000000000000e+00 0.000000000000000000e+00 0.000000000000000000e+00 0.000000000000000000e+00 0.000000000000000000e+00 0.000000000000000000e+00 0.000000000000000000e+00 0.000000000000000000e+00 0.000000000000000000e+00 0.000000000000000000e+00 0.000000000000000000e+00 0.000000000000000000e+00 0.000000000000000000e+00 0.000000000000000000e+00 0.000000000000000000e+00 0.000000000000000000e+00 0.000000000000000000e+00 0.000000000000000000e+00 0.000000000000000000e+00 0.000000000000000000e+00 0.000000000000000000e+00 0.000000000000000000e+00 0.000000000000000000e+00 0.000000000000000000e+00 0.000000000000000000e+00 0.000000000000000000e+00 0.000000000000000000e+00 0.000000000000000000e+00 0.000000000000000000e+00 0.000000000000000000e+00 0.000000000000000000e+00
