0.000000000000000000e+00 0.000000000000000000e+00 0.000000000000000000e+00 0.000000000000000000e+00 0.000000000000000000e+00 0.000000000000000000e+00 0.000000000000000000e+00 0.000000000000000000e+00 0.000000000000000000e+00 0.000000000000000000e+00 0.000000000000000000e+00 0.000000000000000000e+00 0.000000000000000000e+00 0.000000000000000000e+00 0.000000000000000000e+00 0.000000000000000000e+00 0.000000000000000000e+00 0.000000000000000000e+00 0.000000000000000000e+00 0.000000000000000000e+00 0.000000000000000000e+00 0.000000000000000000e+00 0.000000000000000000e+00 0.000000000000000000e+00 0.000000000000000000e+00 0.000000000000000000e+00 0.000000000000000000e+00 0.000000000000000000e+00 0.000000000000000000e+00 0.000000000000000000e+00 0.000000000000000000e+00 0.000000000000000000e+00 0.000000000000000000e+00 0.000000000000000000e+00 0.000000000000000000e+00 0.000000000000000000e+00 0.000000000000000000e+00 0.000000000000000000e+00 0.000000000000000000e+00 0.000000000000000000e+00 0.000000000000000000e+00 0.000000000000000000e+00 0.000000000000000000e+00 0.000000000000000000e+00 0.000000000000000000e+00 0.000000000000000000e+00 0.000000000000000000e+00 0.000000000000000000e+00 0.000000000000000000e+00 0.000000000000000000e+00
0.000000000000000000e+00 2.157907040985806907e-34 2.707326753462797303e-33 2.863560860019788644e-32 3.057859364193869523e-31 3.079673741306824542e-30 3.003434707935300967e-29 2.795841252337094746e-28 2.488547218746141887e-27 2.107189345857253490e-26 1.692250750943631692e-25 1.283060335901338473e-24 9.140463192311473973e-24 6.082748537188319975e-23 3.756068800191894547e-22 2.134867678256964467e-21 1.106208758546259016e-20 5.164599388920994823e-20 2.141465667779298559e-19 7.745962435191553195e-19 2.390066316453185062e-18 6.119472602995940834e-18 1.258943158722342993e-17 2.019126710420233536e-17 2.507398651980341515e-17 2.507398572274648240e-17 2.019126497323783055e-17 1.258942883610549249e-17 6.119469752394718435e-18 2.390063889960948723e-18 7.745943264450565729e-19 2.141451522032542378e-19 5.164517382496654030e-20 1.106160633034794427e-20 2.134641879411479899e-21 3.755033713307130531e-22 6.078660623149887308e-23 9.125184877269678324e-24 1.277893010723364370e-24 1.675826605603078930e-25 2.058841865389758410e-26 2.353980620189752791e-27 2.445352222390906649e-28 2.132125114819341398e-29 1.041621409085070059e-30 -1.531516268177033043e-31 -6.898251515044781331e-32 -1.738934565242634947e-32 -3.619191722544673344e-33 0.000000000000000000e+00
0.000000000000000000e+00 2.707326753465078176e-33 3.017587913077115872e-32 3.358789452638193527e-31 3.550353272505287068e-30 3.635702086722213727e-29 3.565737231774986236e-28 3.352733123460900870e-27 3.009303096012910866e-26 2.571292174446121455e-25 2.083295942838503966e-24 1.593860820396077959e-23 1.145768839930246062e-22 7.695127132765527798e-22 4.795947408788815611e-21 2.751684279388402237e-20 1.439454057193521253e-19 6.785356318392022102e-19 2.840737390886490250e-18 1.037365391786107837e-17 3.230327090017434867e-17 8.340301090704789542e-17 1.727537611186441428e-16 2.782215813186238227e-16 3.458320460204412964e-16 3.458320449001460532e-16 2.782215782320414973e-16 1.727537580889466758e-16 8.340301042467029872e-17 3.230327222949592716e-17 1.037365655637671282e-17 2.840740331030224695e-18 6.785375631006127586e-19 1.439466948864740652e-19 2.751746131405689799e-20 4.796241434732458345e-21 7.696284320856400955e-22 1.146202424538782772e-22 1.595310219301611879e-23 2.087855833517138916e-24 2.584510133143890794e-25 3.045557021924486174e-26 3.445505411048708898e-27 3.792790995962979718e-28 4.156647025701691280e-29 4.705851948307443694e-30 5.766760648036258719e-31 7.906558643821234578e-32 1.198242463412143323e-32 0.000000000000000000e+00
0.000000000000000000e+00 2.863560860017120703e-32 3.358789452639015038e-31 3.713727991141606295e-30 3.986663543019118982e-29 4.107876094425136882e-28 4.068757128958663568e-27 3.858113587938164310e-26 3.494120466760869515e-25 3.011861052328576836e-24 2.462039352948853545e-23 1.900444256989410336e-22 1.378485850222817738e-21 9.342246944449551775e-21 5.876139718486962399e-20 3.402890278913221329e-19 1.796947243707873331e-18 8.551518441019778009e-18 3.614563424265732615e-17 1.332527137950199470e-16 4.187646343849006269e-16 1.090310442272661213e-15 2.273897722595985979e-15 3.677474580117101019e-15 4.575244805774600364e-15 4.575244807749700600e-15 3.677474586437986284e-15 2.273897726394854925e-15 1.090310432524333876e-15 4.187646174633604496e-16 1.332526915308668299e-16 3.614561224953446911e-17 8.551504630453637876e-18 1.796938065092446584e-18 3.402847174594391386e-19 5.875932354078066665e-20 9.341437789091811299e-21 1.378179789184599447e-21 1.899421696732961064e-22 2.458805052022874595e-23 3.002456756131779948e-24 3.468269443882019712e-25 3.791704789066902108e-26 3.906319464874500042e-27 3.734060092610832193e-28 3.160481181413155216e-29 1.990637943458371677e-30 -1.152084214856099796e-32 -3.685301023764053941e-32 0.000000000000000000e+00
0.000000000000000000e+00 3.057859364196139188e-31 3.550353272504484124e-30 3.986663543019315725e-29 4.305862281107475027e-28 4.480727574796710444e-27 4.475239490657291889e-26 4.281368894042687358e-25 3.911030641192040791e-24 3.400692080864946320e-23 2.804043181635741127e-22 2.183345735820487497e-21 1.597556051580762635e-20 1.092261369651665570e-19 6.931467084189908792e-19 4.050344099828638124e-18 2.158464912885038386e-17 1.036745397428142364e-16 4.423195013909850711e-16 1.645850050785471665e-15 5.219137676973295584e-15 1.370194310035274052e-14 2.877105325147536374e-14 4.672320059402316056e-14 5.817731729797852002e-14 5.817731728702141875e-14 4.672320055600578259e-14 2.877105322303073713e-14 1.370194314570505604e-14 5.219137760953814334e-15 1.645850170103893850e-15 4.423196222972650408e-16 1.036746149740697464e-16 2.158470080583563153e-17 4.050367891626467430e-18 6.931584415048526516e-19 1.092306526058221629e-19 1.597729050535072960e-20 2.183919832871593002e-21 2.805866196302719185e-22 3.405975372197973592e-23 3.925533698503171268e-24 4.318515761772338410e-25 4.565650964377710691e-26 4.687849805909415172e-27 4.759860184809168099e-28 4.926493469335453552e-29 5.422692127839256587e-30 6.547752819168561632e-31 0.000000000000000000e+00
0.000000000000000000e+00 3.079673741305413435e-30 3.635702086722732768e-29 4.107876094425025675e-28 4.480727574796704704e-27 4.701622335152516242e-26 4.737454715071359983e-25 4.571043601251707617e-24 4.211564527293099976e-23 3.693133703615503607e-22 3.071035926897561810e-21 2.411449174515124823e-20 1.779412958942885674e-19 1.226942412863182697e-18 7.852959045042427452e-18 4.628645191419486877e-17 2.488383870606378653e-16 1.205904097697879234e-15 5.191463366755378353e-15 1.949207729191516248e-14 6.235707787878449901e-14 1.650458840312814498e-13 3.488904420375767386e-13 5.688970124987517785e-13 7.088773332692720522e-13 7.088773333255733453e-13 5.688970127070470043e-13 3.488904422160459035e-13 1.650458838347006444e-13 6.235707748975030937e-14 1.949207669671501201e-14 5.191462753962030675e-15 1.205903721868794576e-15 2.488381197517355728e-16 4.628633219994980624e-17 7.852898176869588586e-18 1.226919471144378581e-18 1.779323530608118134e-19 2.411155853484546493e-20 3.070098934865450689e-21 3.690435937538159701e-22 4.204169837319926504e-23 4.552213338947114710e-24 4.691928443495278723e-25 4.598171699694836991e-26 4.256597080522993162e-27 3.649826870515192521e-28 2.739366838542897649e-29 1.442730349408116089e-30 0.000000000000000000e+00
0.000000000000000000e+00 3.003434707936001056e-29 3.565737231774785794e-28 4.068757128958659981e-27 4.475239490657345843e-26 4.737454715071327841e-25 4.814286971804568778e-24 4.684795300010139858e-23 4.352529661489506457e-22 3.848479812405181181e-21 3.226485509425386658e-20 2.554187343795661219e-19 1.900030022237196102e-18 1.320744032108945956e-17 8.522222159522668519e-17 5.064472258792155368e-16 2.745424587077951834e-15 1.341771624723094885e-14 5.826202128693867991e-14 2.206507357627913107e-13 7.118978676083516197e-13 1.899202419473323208e-12 4.041091515914768140e-12 6.615520391212485835e-12 8.248403829123709479e-12 8.248403828256079411e-12 6.615520388548705769e-12 4.041091513074674203e-12 1.899202418875005457e-12 7.118978684366914160e-13 2.206507380762597565e-13 5.826202394480029524e-14 1.341771788808793865e-14 2.745425825076351959e-15 5.064477625710192582e-16 8.522250668063846531e-17 1.320754462133908142e-17 1.900071725970009850e-18 2.554321525213882191e-19 3.226918138545276074e-20 3.849710262715093740e-21 4.355895293099058333e-22 4.693270356030892326e-23 4.834560245458537854e-24 4.782822684608373156e-25 4.571620346356886385e-26 4.260930460272034345e-27 3.929641280880595145e-28 3.640271660536102553e-29 0.000000000000000000e+00
0.000000000000000000e+00 2.795841252336848566e-28 3.352733123460910915e-27 3.858113587938234334e-26 4.281368894042608380e-25 4.571043601251756841e-24 4.684795300010118699e-23 4.596785349764515165e-22 4.305869907097686701e-21 3.837879497171320007e-20 3.243113133602769827e-19 2.587366352639670085e-18 1.939546451809071385e-17 1.358517985360102877e-16 8.832881319334978253e-16 5.289371325955117244e-15 2.889628390366201729e-14 1.423425538701724372e-13 6.230631788213171355e-13 2.378951950998757572e-12 7.737444842198819828e-12 2.079895141615934884e-11 4.453592588448446914e-11 7.318591989335237105e-11 9.129444686866922288e-11 9.129444687747837329e-11 7.318591992041534255e-11 4.453592591672267030e-11 2.079895143685543684e-11 7.737444853126735212e-12 2.378951949447299554e-12 6.230631714798656422e-13 1.423425486561480942e-13 2.889627913566680559e-14 5.289369306970366605e-15 8.832869603011408039e-16 1.358513853160448211e-16 1.939529158577211654e-17 2.587312282097624994e-18 3.242935714555337907e-19 3.837385377208996946e-20 4.304521156996427854e-21 4.593458297647685844e-22 4.676978455422605847e-23 4.554059222810857313e-24 4.246608344084449190e-25 3.792349941525773697e-26 3.237067407999745225e-27 2.615054435624231089e-28 0.000000000000000000e+00
0.000000000000000000e+00 2.488547218746159106e-27 3.009303096012965967e-26 3.494120466760794670e-25 3.911030641192103974e-24 4.211564527293055308e-23 4.352529661489527146e-22 4.305869907097682188e-21 4.065623292927138015e-20 3.652035817719150881e-19 3.109493604106122722e-18 2.499128165735225074e-17 1.886937501467950393e-16 1.331043823866947576e-15 8.714901641811478032e-15 5.255210349061751312e-14 2.891200387766352421e-13 1.434418231302741094e-12 6.324873657402563273e-12 2.433044890470756783e-11 7.972786885073142938e-11 2.158453568898521495e-10 4.649509273667473846e-10 7.667919736407736173e-10 9.568315022632078829e-10 9.568315025256150090e-10 7.667919743034942838e-10 4.649509280669852414e-10 2.158453573263153439e-10 7.972786903039305510e-11 2.433044898727439397e-11 6.324873703306153267e-12 1.434418251933695898e-12 2.891200561616031662e-13 5.255211002144510118e-14 8.714905855902388444e-15 1.331045209596687643e-15 1.886943761732718053e-16 2.499146814468110682e-17 3.109556942528451064e-18 3.652205764169428379e-19 4.066087151778519421e-20 4.306969665313566576e-21 4.355029145615628376e-22 4.216658669982685625e-23 3.920586340364387968e-24 3.509705394971074350e-25 3.030241068186940394e-26 2.504019052356413437e-27 0.000000000000000000e+00
0.000000000000000000e+00 2.107189345857296251e-26 2.571292174446067272e-25 3.011861052328626060e-24 3.400692080864906941e-23 3.693133703615528527e-22 3.848479812405172905e-21 3.837879497171321211e-20 3.652035817719149918e-19 3.305185923846169130e-18 2.834544373424208588e-17 2.293980854362054100e-16 1.743618419474220469e-15 1.237874069290210995e-14 8.155653305685899354e-14 4.948261756208338213e-13 2.739062199146394341e-12 1.367410467085805943e-11 6.068055093591756078e-11 2.349687567059476227e-10 7.751377583010789923e-10 2.112135750713886645e-09 4.574831091575947508e-09 7.569392630948219044e-09 9.446572383234803766e-09 9.446572370567862791e-09 7.569392596537811619e-09 4.574831052840783414e-09 2.112135723269438887e-09 7.751377426573120687e-10 2.349687493169725466e-10 6.068054801415491863e-11 1.367410368423984591e-11 2.739061872743590346e-12 4.948260872140308649e-13 8.155650298731477596e-14 1.237873324781652383e-14 1.743615734650757373e-15 2.293974213259630267e-16 2.834522821759412986e-17 3.305134437235748817e-18 3.651899263555263942e-19 3.837588253100358202e-20 3.847874017686909766e-21 3.692122999387143553e-22 3.399383022554418299e-23 3.011571549285480899e-24 2.576403749756109447e-25 2.130229272246622252e-26 0.000000000000000000e+00
0.000000000000000000e+00 1.692250750943593121e-25 2.083295942838536292e-24 2.462039352948829447e-23 2.804043181635759935e-22 3.071035926897553910e-21 3.226485509425389668e-20 3.243113133602769827e-19 3.109493604106121182e-18 2.834544373424209205e-17 2.447578728688394556e-16 1.993610528625893020e-15 1.524506589928631733e-14 1.088487138350158405e-13 7.210040358490307664e-13 4.397062280927394059e-12 2.446192259814930972e-11 1.227362620064625374e-10 5.474877189100345661e-10 2.131531593896942403e-09 7.071503745445155795e-09 1.937682968010685457e-08 4.217314109371702739e-08 6.997541575688536102e-08 8.731868916186930585e-08 8.731868943607398791e-08 6.997541652623479910e-08 4.217314197972520310e-08 1.937683034183121434e-08 7.071504159922087192e-09 2.131531799604347245e-09 5.474878035735608258e-10 1.227362919129115681e-10 2.446193196209808925e-11 4.397064858257194169e-12 7.210047060561601876e-13 1.088488661355842126e-13 1.524510146883633047e-14 1.993617582522294276e-15 2.447594301286960612e-16 2.834572561496826551e-17 3.109550582385270553e-18 3.243201436101161046e-19 3.226612528485371699e-20 3.071083058855375417e-21 2.803638934971967449e-22 2.459914907922719229e-23 2.076190178655436430e-24 1.672204974280950164e-25 0.000000000000000000e+00
0.000000000000000000e+00 1.283060335901361432e-24 1.593860820396064441e-23 1.900444256989423031e-22 2.183345735820479974e-21 2.411449174515130842e-20 2.554187343795659774e-19 2.587366352639670470e-18 2.499128165735226923e-17 2.293980854362056073e-16 1.993610528625892231e-15 1.633480441310317004e-14 1.255853414499978122e-13 9.010249477072777494e-13 5.994320187847398849e-12 3.670061415925902098e-11 2.049204732055283099e-10 1.031816632456875871e-09 4.619299343900065101e-09 1.805428637678941396e-08 6.014965380015419120e-08 1.655411939080613255e-07 3.617063309794229817e-07 6.014809457395607685e-07 7.502339820581087439e-07 7.502339781344551970e-07 6.014809343928586024e-07 3.617063176870488664e-07 1.655411835740129353e-07 6.014964691023054423e-08 1.805428287035755915e-08 4.619297854342430726e-09 1.031816089685921604e-09 2.049202998357974562e-10 3.670056494980172677e-11 5.994307475884944606e-12 9.010219769068443351e-13 1.255846889657409586e-13 1.633467435936644928e-14 1.993585432713316027e-15 2.293937395980473477e-16 2.499054471989911603e-17 2.587259603367405170e-18 2.554049290761275918e-19 2.411358571189786582e-20 2.183524249492066376e-21 1.901577762716407047e-22 1.597601834140743930e-23 1.293260519104958982e-24 0.000000000000000000e+00
0.000000000000000000e+00 9.140463192311376994e-24 1.145768839930253350e-22 1.378485850222811720e-21 1.597556051580768653e-20 1.779412958942881822e-19 1.900030022237198798e-18 1.939546451809071694e-17 1.886937501467951379e-16 1.743618419474220666e-15 1.524506589928632680e-14 1.255853414499978375e-13 9.700334075839121474e-13 6.986877949708375052e-12 4.663004145240972043e-11 2.862121749155369058e-10 1.601240043557805265e-09 8.075848892528160704e-09 3.621206248771272369e-08 1.417923409983127596e-07 4.734753033481794412e-07 1.306604709393370938e-06 2.862369250642900502e-06 4.766208256411928726e-06 5.939992852531480772e-06 5.939992893165316518e-06 4.766208377998350721e-06 2.862369395327137204e-06 1.306604826122683455e-06 4.734753852545824391e-07 1.417923831519688972e-07 3.621208084384761298e-08 8.075855714826033893e-09 1.601242261202541403e-09 2.862128168200849118e-10 4.663020955575240585e-11 6.986918066696210479e-12 9.700422731970825846e-13 1.255871499038675862e-13 1.524541370691099610e-14 1.743680423171663872e-15 1.887042783214926627e-16 1.939710662367046724e-17 1.900270121053174005e-18 1.779715109639970471e-19 1.597850224899559986e-20 1.378511227083659494e-21 1.144884574597941285e-22 9.107388398239821579e-24 0.000000000000000000e+00
0.000000000000000000e+00 6.082748537188368170e-23 7.695127132765490182e-22 9.342246944449593905e-21 1.092261369651662440e-19 1.226942412863185971e-18 1.320744032108944569e-17 1.358517985360103370e-16 1.331043823866946393e-15 1.237874069290212257e-14 1.088487138350158783e-13 9.010249477072779514e-13 6.986877949708375859e-12 5.047086900796687256e-11 3.374672191974426899e-10 2.073101062413462364e-09 1.159750362253390497e-08 5.844963076587711763e-08 2.618156546804284575e-07 1.024230715728021225e-06 3.418850114778769379e-06 9.438052252124021202e-06 2.069160892498655028e-05 3.445815282932627598e-05 4.288552276528903806e-05 4.288552245238688162e-05 3.445815185237641138e-05 2.069160774396824765e-05 9.438051262815966237e-06 3.418849388148815002e-06 1.024230341615164375e-06 2.618154880599322287e-07 5.844956810099171039e-08 1.159748299710841116e-08 2.073095016217472580e-09 3.374656180656063982e-10 5.047048197273426745e-11 6.986791581842488978e-12 9.010070769533689852e-13 1.088452468703780383e-13 1.237811121784933884e-14 1.330935524647818872e-15 1.358343104656142713e-16 1.320476030138186705e-17 1.226561278195963105e-18 1.091761489284619075e-19 9.336636283305969629e-21 7.690709736385249397e-22 6.084340966637436566e-23 0.000000000000000000e+00
0.000000000000000000e+00 3.756068800191871507e-22 4.795947408788835924e-21 5.876139718486941936e-20 6.931467084189929014e-19 7.852959045042416667e-18 8.522222159522674682e-17 8.832881319334972336e-16 8.714901641811484343e-15 8.155653305685895567e-14 7.210040358490308674e-13 5.994320187847399657e-12 4.663004145240975920e-11 3.374672191974425865e-10 2.257407418189629253e-09 1.385300558035437790e-08 7.730656684464631872e-08 3.881866563312423223e-07 1.731104479406528041e-06 6.741003516971960957e-06 2.241007967289811148e-05 6.168155345442800648e-05 1.349723557469369758e-04 2.244017657578941825e-04 2.786976718116053204e-04 2.786976735949774357e-04 2.244017716596358701e-04 1.349723630033074207e-04 6.168155978409465569e-05 2.241008452519236080e-05 6.741005987661667553e-06 1.731105606491046218e-06 3.881870818199533401e-07 7.730670810941344764e-08 1.385304729288857133e-08 2.257418534790492972e-09 3.374699238683754604e-10 4.663064818517736044e-11 5.994446508266909047e-12 7.210286470344505082e-13 8.156103255665583431e-14 8.715679763150938929e-15 8.834152369237999566e-16 8.524198037467501551e-17 7.855861569164286829e-18 6.935506817547883418e-19 5.881361144571948233e-20 4.802069444302394090e-21 3.761893009910314870e-22 0.000000000000000000e+00
0.000000000000000000e+00 2.134867678256974247e-21 2.751684279388392006e-20 3.402890278913230959e-19 4.050344099828631961e-18 4.628645191419491191e-17 5.064472258792154382e-16 5.289371325955120400e-15 5.255210349061751312e-14 4.948261756208341242e-13 4.397062280927396482e-12 3.670061415925901452e-11 2.862121749155367507e-10 2.073101062413462364e-09 1.385300558035437790e-08 8.474685849750771209e-08 4.704488028389614405e-07 2.345212928938132083e-06 1.036646298859265177e-05 3.998233132278757626e-05 1.316968569985640404e-04 3.596716911420888649e-04 7.824894678112854053e-04 1.295419413108713598e-03 1.603820265145847494e-03 1.603820257898394205e-03 1.295419386857765351e-03 7.824894349003574077e-04 3.596716610761446103e-04 1.316968329775481240e-04 3.998231942031253797e-05 1.036645739023727806e-05 2.345210833077047201e-06 4.704481027704478589e-07 8.474665174650901171e-08 1.385295052628302783e-08 2.073087699450147833e-09 2.862091914783230226e-10 3.669999713933136040e-11 4.396943232858288003e-12 4.948046607795959331e-13 5.254843851728475759e-14 5.288782219159283638e-15 5.063573449952695886e-16 4.627347141139846535e-17 4.048563216733362000e-18 3.400593519834590731e-19 2.748924390394702763e-20 2.131941136768512434e-21 0.000000000000000000e+00
0.000000000000000000e+00 1.106208758546255405e-20 1.439454057193523660e-19 1.796947243707870635e-18 2.158464912885040235e-17 2.488383870606378160e-16 2.745424587077951834e-15 2.889628390366201729e-14 2.891200387766354440e-13 2.739062199146394341e-12 2.446192259814930326e-11 2.049204732055283875e-10 1.601240043557805265e-09 1.159750362253390662e-08 7.730656684464633195e-08 4.704488028389614405e-07 2.589858980756131738e-06 1.276271082461953863e-05 5.560961425977365666e-05 2.110153308912769146e-04 6.836268756063831930e-04 1.839423720808591170e-03 3.955277720535582686e-03 6.494289675949106028e-03 8.002912733447522381e-03 8.002912752331513974e-03 6.494289757315706117e-03 3.955277825106121546e-03 1.839423821964906265e-03 6.836269598198666019e-04 2.110153702929895201e-04 5.560963373724860776e-05 1.276271786870479899e-05 2.589861346097171769e-06 4.704494896583212923e-07 7.730674632848534299e-08 1.159754598756122511e-08 1.601249135897015750e-09 2.049222546200063755e-10 2.446224177369226743e-11 2.739114335670140481e-12 2.891277525907021273e-13 2.889729505537251641e-14 2.745536720921323113e-15 2.488471880301985462e-16 2.158462495203558992e-17 1.796741501822037966e-18 1.438878316092336206e-19 1.105039696779186028e-20 0.000000000000000000e+00
0.000000000000000000e+00 5.164599388921003851e-20 6.785356318392020176e-19 8.551518441019778009e-18 1.036745397428143104e-16 1.205904097697878445e-15 1.341771624723094885e-14 1.423425538701724877e-13 1.434418231302740286e-12 1.367410467085806427e-11 1.227362620064625116e-10 1.031816632456876285e-09 8.075848892528162359e-09 5.844963076587713086e-08 3.881866563312423223e-07 2.345212928938132507e-06 1.276271082461953693e-05 6.187758974791786315e-05 2.639728644460043205e-04 9.767729756906884993e-04 3.079978188460727635e-03 8.077677714847946583e-03 1.701047234551473011e-02 2.752694523638457222e-02 3.368239323924361595e-02 3.368239321911830481e-02 2.752694508365938902e-02 1.701047214143151451e-02 8.077677500072967531e-03 3.079978001741083115e-03 9.767728999028465683e-04 2.639728222187144591e-04 6.187757627147899911e-05 1.276270624532570905e-05 2.345211725206615561e-06 3.881863769519517090e-07 5.844957800473327480e-08 8.075841668007317247e-09 1.031816380375563846e-09 1.227365220969248912e-10 1.367422229971083170e-11 1.434453217380918194e-12 1.423511532274850511e-13 1.341958207308733401e-14 1.206272797354163940e-15 1.037419872083993883e-16 8.563076994866993762e-18 6.804042663079211986e-19 5.192908753914358757e-20 0.000000000000000000e+00
0.000000000000000000e+00 2.141465667779297596e-19 2.840737390886492561e-18 3.614563424265731999e-17 4.423195013909850218e-16 5.191463366755378353e-15 5.826202128693867991e-14 6.230631788213169335e-13 6.324873657402572159e-12 6.068055093591753493e-11 5.474877189100349797e-10 4.619299343900063447e-09 3.621206248771270383e-08 2.618156546804281928e-07 1.731104479406527618e-06 1.036646298859264669e-05 5.560961425977363633e-05 2.639728644460044289e-04 1.094096441050879109e-03 3.903490967191227626e-03 1.180446912515041233e-02 2.968534464982446400e-02 6.032475625944805353e-02 9.521436959719421778e-02 1.152239979143300369e-01 1.152239978706974532e-01 9.521436968815544244e-02 6.032475639860330335e-02 2.968534483640359808e-02 1.180446929727284842e-02 3.903490993879952641e-03 1.094096478628843938e-03 2.639728669904282477e-04 5.560961545205785663e-05 1.036646234101214842e-05 1.731104036786786524e-06 2.618154416994985787e-07 3.621198292904988475e-08 4.619274025920750409e-09 5.474806086740147787e-10 6.067875117095915605e-11 6.324457108554619334e-12 6.229740819681760937e-13 5.824426523923685770e-14 5.188144062038807843e-15 4.417342824906340017e-16 3.604785783077955164e-17 2.825200280681171876e-18 2.118209136856874841e-19 0.000000000000000000e+00
0.000000000000000000e+00 7.745962435191552232e-19 1.037365391786107991e-17 1.332527137950200210e-16 1.645850050785472060e-15 1.949207729191515301e-14 2.206507357627913359e-13 2.378951950998757572e-12 2.433044890470755814e-11 2.349687567059477261e-10 2.131531593896942403e-09 1.805428637678940734e-08 1.417923409983127860e-07 1.024230715728021648e-06 6.741003516971960110e-06 3.998233132278755593e-05 2.110153308912769146e-04 9.767729756906887162e-04 3.903490967191228928e-03 1.325376998912405208e-02 3.768728690972550366e-02 8.865114679839991574e-02 1.697019166151141900e-01 2.566330742707612078e-01 3.049898694876950200e-01 3.049898696481082583e-01 2.566330744738660186e-01 1.697019168760719177e-01 8.865114702731186069e-02 3.768728711649989294e-02 1.325377018107366280e-02 3.903491001574678574e-03 9.767730230092867578e-04 2.110153459791989830e-04 3.998234019054074025e-05 6.741007062756867897e-06 1.024232071681721394e-06 1.417927933487416439e-07 1.805442200360815481e-08 2.131568407566826785e-09 2.349778923640283813e-10 2.433253959283940178e-11 2.379396465161076499e-12 2.207391089476670222e-13 1.950859727890153369e-14 1.648767797990283334e-15 1.337416684747828485e-16 1.045166308588740744e-17 7.863280154315654023e-19 0.000000000000000000e+00
0.000000000000000000e+00 2.390066316453184291e-18 3.230327090017439181e-17 4.187646343849000353e-16 5.219137676973301107e-15 6.235707787878447376e-14 7.118978676083520236e-13 7.737444842198816597e-12 7.972786885073145523e-11 7.751377583010795093e-10 7.071503745445151659e-09 6.014965380015416473e-08 4.734753033481796000e-07 3.418850114778767685e-06 2.241007967289810471e-05 1.316968569985640946e-04 6.836268756063833014e-04 3.079978188460728069e-03 1.180446912515041233e-02 3.768728690972549672e-02 9.849856921687044631e-02 2.094132658284262316e-01 3.637126138596909475e-01 5.114615574957745991e-01 5.894020160797962538e-01 5.894020160334449976e-01 5.114615573599043952e-01 3.637126135747931754e-01 2.094132654275213945e-01 9.849856881402030417e-02 3.768728675027478714e-02 1.180446910372164905e-02 3.079978117265297875e-03 6.836268491462015994e-04 1.316968360995967777e-04 2.241007057334949918e-05 3.418846364247800585e-06 4.734740100001948225e-07 6.014925687353576811e-08 7.071394437928369427e-09 7.751103556084064922e-10 7.972154969547032983e-11 7.736092960107808311e-12 7.116276547594476256e-13 6.230631612772171351e-14 5.210129589215720990e-15 4.172479883283521136e-16 3.206016029844390929e-17 2.353327819523437437e-18 0.000000000000000000e+00
0.000000000000000000e+00 6.119472602995950079e-18 8.340301090704782147e-17 1.090310442272662594e-15 1.370194310035273894e-14 1.650458840312815508e-13 1.899202419473322804e-12 2.079895141615934237e-11 2.158453568898522529e-10 2.112135750713886231e-09 1.937682968010686118e-08 1.655411939080613255e-07 1.306604709393369667e-06 9.438052252124017814e-06 6.168155345442802003e-05 3.596716911420888107e-04 1.839423720808591386e-03 8.077677714847943113e-03 2.968534464982447094e-02 8.865114679839991574e-02 2.094132658284262316e-01 3.887826892201736717e-01 5.869025566793977244e-01 7.399496211328048245e-01 8.125160342222519372e-01 8.125160339003928422e-01 7.399496204897815232e-01 5.869025559915960200e-01 3.887826885918659880e-01 2.094132652403695727e-01 8.865114629495005061e-02 2.968534447329151255e-02 8.077677716827371887e-03 1.839423741014096407e-03 3.596717189125095936e-04 6.168156672347479717e-05 9.438058027854546764e-06 1.306606710989716178e-06 1.655418095194743841e-07 1.937699834999398875e-08 2.112177775466173923e-09 2.158549840657168286e-10 2.080099790887120462e-11 1.899609081695882556e-12 1.651218804150506678e-13 1.371536774853871550e-14 1.092561824403273874e-15 8.376269799341806178e-17 6.173696885157373322e-18 0.000000000000000000e+00
0.000000000000000000e+00 1.258943158722341606e-17 1.727537611186442660e-16 2.273897722595984401e-15 2.877105325147535112e-14 3.488904420375767386e-13 4.041091515914768140e-12 4.453592588448444976e-11 4.649509273667476430e-10 4.574831091575946681e-09 4.217314109371702739e-08 3.617063309794229288e-07 2.862369250642898384e-06 2.069160892498655028e-05 1.349723557469368945e-04 7.824894678112856222e-04 3.955277720535582686e-03 1.701047234551473705e-02 6.032475625944797720e-02 1.697019166151141623e-01 3.637126138596908365e-01 5.869025566793977244e-01 7.706236742729356548e-01 8.827402687732748277e-01 9.294487787280687474e-01 9.294487786438329069e-01 8.827402685956159401e-01 7.706236741856781203e-01 5.869025568423583694e-01 3.637126140954596853e-01 1.697019165222159454e-01 6.032475605010391428e-02 1.701047227288011304e-02 3.955277675712607494e-03 7.824894563351709673e-04 1.349723538677057759e-04 2.069160906612103665e-05 2.862369564577735796e-06 3.617064817243144640e-07 4.217319545132947126e-08 4.574847327617561920e-09 4.649551912813291272e-10 4.453693599737376372e-11 4.041311040948322978e-12 3.489347176287700651e-13 2.877941155141596598e-14 2.275384454873970689e-15 1.730041952127541689e-16 1.262896866245872390e-17 0.000000000000000000e+00
0.000000000000000000e+00 2.019126710420233536e-17 2.782215813186237241e-16 3.677474580117101019e-15 4.672320059402317949e-14 5.688970124987514756e-13 6.615520391212489874e-12 7.318591989335238398e-11 7.667919736407738241e-10 7.569392630948219044e-09 6.997541575688534779e-08 6.014809457395606626e-07 4.766208256411930420e-06 3.445815282932626243e-05 2.244017657578940199e-04 1.295419413108712297e-03 6.494289675949103426e-03 2.752694523638457569e-02 9.521436959719423165e-02 2.566330742707611523e-01 5.114615574957744881e-01 7.399496211328044915e-01 8.827402687732740505e-01 9.516126077843656272e-01 9.763080283758021061e-01 9.763080288550144425e-01 9.516126089667787946e-01 8.827402700882255315e-01 7.399496227024250361e-01 5.114615591133069294e-01 2.566330752930175985e-01 9.521436989040253651e-02 2.752694511454362170e-02 6.494289553273263453e-03 1.295419309967952258e-03 2.244017182588016327e-04 3.445813311458893280e-05 4.766201511264305062e-06 6.014788859361836301e-07 6.997485174404286474e-08 7.569251715078801758e-09 7.667595231133319249e-10 7.317897396944600504e-11 6.614128888575198657e-12 5.686346079254739246e-13 4.667639382196600433e-14 3.669543807492868471e-15 2.769409510076816968e-16 1.999613655252987111e-17 0.000000000000000000e+00
0.000000000000000000e+00 2.507398651980342747e-17 3.458320460204413457e-16 4.575244805774597997e-15 5.817731729797853264e-14 7.088773332692714463e-13 8.248403829123707863e-12 9.129444686866919704e-11 9.568315022632085033e-10 9.446572383234800457e-09 8.731868916186926614e-08 7.502339820581086380e-07 5.939992852531474843e-06 4.288552276528902451e-05 2.786976718116052662e-04 1.603820265145845976e-03 8.002912733447515442e-03 3.368239323924359513e-02 1.152239979143299814e-01 3.049898694876950755e-01 5.894020160797960317e-01 8.125160342222518262e-01 9.294487787280679703e-01 9.763080283758018840e-01 9.908000798785741026e-01 9.908000807567178825e-01 9.763080305465356989e-01 9.294487813370604368e-01 8.125160370447638281e-01 5.894020189252507924e-01 3.049898718243990725e-01 1.152239993188880623e-01 3.368239383695391387e-02 8.002912977880260320e-03 1.603820332146290014e-03 2.786976867860550605e-04 4.288552446006639281e-05 5.939992407881835807e-06 7.502336276587515421e-07 8.731854289114670984e-08 9.446525855573402730e-09 9.568187941851027289e-10 9.129134956690373399e-11 8.247714911264702095e-12 7.087355346301923015e-13 5.815004426931491864e-14 4.570307169084218893e-15 3.449860803953486145e-16 2.493821683017911004e-17 0.000000000000000000e+00
0.000000000000000000e+00 2.507398572274650397e-17 3.458320449001458066e-16 4.575244807749703756e-15 5.817731728702144400e-14 7.088773333255730424e-13 8.248403828256081027e-12 9.129444687747828282e-11 9.568315025256145954e-10 9.446572370567857828e-09 8.731868943607394820e-08 7.502339781344551970e-07 5.939992893165314824e-06 4.288552245238689517e-05 2.786976735949773273e-04 1.603820257898392904e-03 8.002912752331507035e-03 3.368239321911829787e-02 1.152239978706974116e-01 3.049898696481079252e-01 5.894020160334446645e-01 8.125160339003927312e-01 9.294487786438329069e-01 9.763080288550147756e-01 9.908000807567187707e-01 9.908000817201518817e-01 9.763080316101837575e-01 9.294487821726501453e-01 8.125160376306593824e-01 5.894020197272006323e-01 3.049898729966096234e-01 1.152240005425888281e-01 3.368239477604073606e-02 8.002913542786578224e-03 1.603820611608524835e-03 2.786978044115633523e-04 4.288556763624830830e-05 5.940006488948307292e-06 7.502377672650800456e-07 8.731965265084112324e-08 9.446799719433666331e-09 9.568814949173667756e-10 9.130475578741569703e-11 8.250406954685496359e-12 7.092457015567861980e-13 5.824167456388888348e-14 4.585963163024182982e-15 3.475382127362573817e-16 2.533106941125725370e-17 0.000000000000000000e+00
0.000000000000000000e+00 2.019126497323783363e-17 2.782215782320412014e-16 3.677474586437987862e-15 4.672320055600575734e-14 5.688970127070474082e-13 6.615520388548704961e-12 7.318591992041535548e-11 7.667919743034941805e-10 7.569392596537809964e-09 6.997541652623478587e-08 6.014809343928579672e-07 4.766208377998353262e-06 3.445815185237643171e-05 2.244017716596360056e-04 1.295419386857765351e-03 6.494289757315705250e-03 2.752694508365940290e-02 9.521436968815544244e-02 2.566330744738660741e-01 5.114615573599041731e-01 7.399496204897817453e-01 8.827402685956154960e-01 9.516126089667784616e-01 9.763080305465361430e-01 9.763080316101826472e-01 9.516126115819587561e-01 8.827402724474244788e-01 7.399496246493794116e-01 5.114615614111530650e-01 2.566330783884606670e-01 9.521437313447275730e-02 2.752694766097632528e-02 6.494291120114317056e-03 1.295420099892708506e-03 2.244020557857838265e-04 3.445825848643448093e-05 4.766242782546589271e-06 6.014911094573588487e-07 6.997814835139045403e-08 7.570069260472687926e-09 7.669474770244623505e-10 7.321930558553345769e-11 6.622253730467632455e-12 5.701788989001303633e-13 4.695454096773255439e-14 3.717198299755000358e-15 2.847304402335846857e-16 2.119838163923172357e-17 0.000000000000000000e+00
0.000000000000000000e+00 1.258942883610550020e-17 1.727537580889464539e-16 2.273897726394857292e-15 2.877105322303069295e-14 3.488904422160460550e-13 4.041091513074670972e-12 4.453592591672267030e-11 4.649509280669849829e-10 4.574831052840779278e-09 4.217314197972517663e-08 3.617063176870488134e-07 2.862369395327136357e-06 2.069160774396825104e-05 1.349723630033075020e-04 7.824894349003576246e-04 3.955277825106121546e-03 1.701047214143152145e-02 6.032475639860329641e-02 1.697019168760719454e-01 3.637126135747928979e-01 5.869025559915961310e-01 7.706236741856778982e-01 8.827402700882258646e-01 9.294487813370607698e-01 9.294487821726499233e-01 8.827402724474241458e-01 7.706236783881976748e-01 5.869025606665484451e-01 3.637126179907972379e-01 1.697019210238405740e-01 6.032476051203063128e-02 1.701047573381067601e-02 3.955279812531127363e-03 7.824905431854697457e-04 1.349728233090833110e-04 2.069178544188386771e-05 2.862428300341103626e-06 3.617240781266190464e-07 4.217799486678935577e-08 4.576050797135133959e-09 4.652348856409362978e-10 4.459759526572757859e-11 4.053659152620244668e-12 3.513059220893918590e-13 2.921082533896868965e-14 2.350034957681173289e-15 1.853261055272958121e-16 1.454852371554768134e-17 0.000000000000000000e+00
0.000000000000000000e+00 6.119469752394717664e-18 8.340301042467022476e-17 1.090310432524334862e-15 1.370194314570504184e-14 1.650458838347005939e-13 1.899202418875004245e-12 2.079895143685542069e-11 2.158453573263154215e-10 2.112135723269437646e-09 1.937683034183121434e-08 1.655411835740128559e-07 1.306604826122683031e-06 9.438051262815961155e-06 6.168155978409468280e-05 3.596716610761446103e-04 1.839423821964906482e-03 8.077677500072967531e-03 2.968534483640360155e-02 8.865114702731183294e-02 2.094132654275211725e-01 3.887826885918661546e-01 5.869025568423592576e-01 7.399496227024257022e-01 8.125160370447641611e-01 8.125160376306590493e-01 7.399496246493789675e-01 5.869025606665485562e-01 3.887826928376743041e-01 2.094132694964800645e-01 8.865115124952416270e-02 2.968534947522856460e-02 8.077681665342067649e-03 1.839426215989934180e-03 3.596729944149529507e-04 6.168212414836450467e-05 9.438269713046791424e-06 1.306677908477009814e-06 1.655633390276888954e-07 1.938292262437315210e-08 2.113675882970637950e-09 2.162059812743768906e-10 2.087771644923465598e-11 1.915344336789647618e-12 1.681656500495014812e-13 1.427308760655763485e-14 1.189736334174378917e-15 9.991073264891085389e-17 8.705197584101518993e-18 0.000000000000000000e+00
0.000000000000000000e+00 2.390063889960949108e-18 3.230327222949592100e-17 4.187646174633605975e-16 5.219137760953810389e-15 6.235707748975029675e-14 7.118978684366915170e-13 7.737444853126736828e-12 7.972786903039300340e-11 7.751377426573112415e-10 7.071504159922083056e-09 6.014964691023057070e-08 4.734753852545824391e-07 3.418849388148815002e-06 2.241008452519235741e-05 1.316968329775481783e-04 6.836269598198670356e-04 3.079978001741081814e-03 1.180446929727284669e-02 3.768728711649985824e-02 9.849856881402027642e-02 2.094132652403697115e-01 3.637126140954597964e-01 5.114615591133069294e-01 5.894020189252507924e-01 5.894020197272004102e-01 5.114615614111526209e-01 3.637126179907972379e-01 2.094132694964800645e-01 9.849857309777411418e-02 3.768729181375472109e-02 1.180447417534333070e-02 3.079982080939547371e-03 6.836293151566808597e-04 1.316981008155709235e-04 2.241062171180820229e-05 3.419055380520826942e-06 4.735442946938441828e-07 6.017052425917030756e-08 7.077254409997274583e-09 7.765949964340301125e-10 8.007020317830410153e-11 7.812505241508622944e-12 7.273473364722373821e-13 6.535704020057301107e-14 5.771081844435384991e-15 5.153469749957441296e-16 4.842477228940493792e-17 4.928591090303635585e-18 0.000000000000000000e+00
0.000000000000000000e+00 7.745943264450573433e-19 1.037365655637670358e-17 1.332526915308668299e-16 1.645850170103893455e-15 1.949207669671501201e-14 2.206507380762598070e-13 2.378951949447299958e-12 2.433044898727438751e-11 2.349687493169723915e-10 2.131531799604348072e-09 1.805428287035755584e-08 1.417923831519690561e-07 1.024230341615164798e-06 6.741005987661666706e-06 3.998231942031252442e-05 2.110153702929895472e-04 9.767728999028467852e-04 3.903490993879952208e-03 1.325377018107365586e-02 3.768728675027479408e-02 8.865114629495006449e-02 1.697019165222158898e-01 2.566330752930175430e-01 3.049898718243991835e-01 3.049898729966092903e-01 2.566330783884603894e-01 1.697019210238405740e-01 8.865115124952421821e-02 3.768729181375473497e-02 1.325377524646291320e-02 3.903495555285001889e-03 9.767763157622901763e-04 2.110172927818533973e-04 3.998330633464228391e-05 6.741419339070863950e-06 1.024386395156416679e-06 1.418442926001598842e-07 1.806994611544053054e-08 2.135841464264387196e-09 2.360615531425207591e-10 2.458766196834677085e-11 2.435513218207367528e-12 2.323354722321149426e-13 2.177071570318813290e-14 2.067071390331309380e-15 2.073371716060756155e-16 2.280654195402385278e-17 2.742877804109972013e-18 0.000000000000000000e+00
0.000000000000000000e+00 2.141451522032547674e-19 2.840740331030221228e-18 3.614561224953448760e-17 4.423196222972649422e-16 5.191462753962033042e-15 5.826202394480028262e-14 6.230631714798656422e-13 6.324873703306150843e-12 6.068054801415491863e-11 5.474878035735608258e-10 4.619297854342429899e-09 3.621208084384763945e-08 2.618154880599322287e-07 1.731105606491047701e-06 1.036645739023727976e-05 5.560963373724859421e-05 2.639728222187144049e-04 1.094096478628843504e-03 3.903491001574674671e-03 1.180446910372164905e-02 2.968534447329150214e-02 6.032475605010387959e-02 9.521436989040248100e-02 1.152239993188880485e-01 1.152240005425887587e-01 9.521437313447278505e-02 6.032476051203063822e-02 2.968534947522857154e-02 1.180447417534332549e-02 3.903495555285001889e-03 1.094100097995326240e-03 2.639752680461617700e-04 5.561095746775838924e-05 1.036710452403050433e-05 1.731371662856763839e-06 2.619140994442470628e-07 3.624459001128012268e-08 4.629047150916187497e-09 5.501628510988738432e-10 6.135838783814535819e-11 6.484569003965272760e-12 6.582573505917057073e-13 6.555557057071692418e-14 6.619332346262506988e-15 7.074575600942061712e-16 8.300975230101962306e-17 1.074745582834336235e-17 1.472649822853107600e-18 0.000000000000000000e+00
0.000000000000000000e+00 5.164517382496669678e-20 6.785375631006112178e-19 8.551504630453648661e-18 1.036746149740696478e-16 1.205903721868795562e-15 1.341771788808792918e-14 1.423425486561481195e-13 1.434418251933694888e-12 1.367410368423985560e-11 1.227362919129115681e-10 1.031816089685921191e-09 8.075855714826035548e-09 5.844956810099173024e-08 3.881870818199537107e-07 2.345210833077048895e-06 1.276271786870479221e-05 6.187757627147899911e-05 2.639728669904283019e-04 9.767730230092854567e-04 3.079978117265296141e-03 8.077677716827366683e-03 1.701047227288010957e-02 2.752694511454361476e-02 3.368239383695392775e-02 3.368239477604070831e-02 2.752694766097632181e-02 1.701047573381067254e-02 8.077681665342064180e-03 3.079982080939546937e-03 9.767763157622897426e-04 2.639752680461618243e-04 6.187907502211962858e-05 1.276349757525923026e-05 2.345575670517358493e-06 3.883339780731912845e-07 5.850299916596881442e-08 8.093285924761569139e-09 1.037005708944223721e-09 1.241548138929837724e-10 1.403299321931742490e-11 1.518992009817413210e-12 1.610115499081893373e-13 1.729709226390558012e-14 1.968073468955125545e-15 2.457984662574006005e-16 3.379221769029187282e-17 4.959170677519190199e-18 7.366171841743184049e-19 0.000000000000000000e+00
0.000000000000000000e+00 1.106160633034798038e-20 1.439466948864737282e-19 1.796938065092450050e-18 2.158470080583561920e-17 2.488381197517355728e-16 2.745425825076350776e-15 2.889627913566681821e-14 2.891200561616031157e-13 2.739061872743591558e-12 2.446193196209809248e-11 2.049202998357975079e-10 1.601242261202541196e-09 1.159748299710841778e-08 7.730670810941350058e-08 4.704481027704483354e-07 2.589861346097170498e-06 1.276270624532571244e-05 5.560961545205784986e-05 2.110153459791988745e-04 6.836268491462014910e-04 1.839423741014095757e-03 3.955277675712606626e-03 6.494289553273266055e-03 8.002912977880263790e-03 8.002913542786571285e-03 6.494291120114317056e-03 3.955279812531125629e-03 1.839426215989934830e-03 6.836293151566808597e-04 2.110172927818532347e-04 5.561095746775839601e-05 1.276349757525923195e-05 2.590259305793311234e-06 4.706276873914094252e-07 7.737757880377918093e-08 1.162281284587051750e-08 1.609417210330960123e-09 2.073362014626053353e-10 2.511947672190825458e-11 2.905089467427170977e-12 3.282376812202075102e-13 3.754178687622184571e-14 4.546165518130287135e-15 6.037742285653126494e-16 8.803352187831354081e-17 1.365181822117649161e-17 2.164552211847184735e-18 3.360715359529206462e-19 0.000000000000000000e+00
0.000000000000000000e+00 2.134641879411486294e-21 2.751746131405684984e-20 3.402847174594393311e-19 4.050367891626466660e-18 4.628633219994980008e-17 5.064477625710187652e-16 5.289369306970368183e-15 5.255211002144511381e-14 4.948260872140309658e-13 4.397064858257194977e-12 3.670056494980170093e-11 2.862128168200850152e-10 2.073095016217473407e-09 1.385304729288856968e-08 8.474665174650910436e-08 4.704494896583213452e-07 2.345211725206615984e-06 1.036646234101214842e-05 3.998234019054071992e-05 1.316968360995968590e-04 3.596717189125096478e-04 7.824894563351711841e-04 1.295419309967953125e-03 1.603820332146289798e-03 1.603820611608523534e-03 1.295420099892708289e-03 7.824905431854695288e-04 3.596729944149531675e-04 1.316981008155709506e-04 3.998330633464226359e-05 1.036710452403050433e-05 2.345575670517358493e-06 4.706276873914094781e-07 8.482480758923666475e-08 1.388335336612814949e-08 2.083762134029883764e-09 2.896213545901412776e-10 3.770079197670061758e-11 4.668150706579301349e-12 5.631298083528553159e-13 6.863890401151302103e-14 8.848313533272732012e-15 1.249295386935755453e-15 1.931486740850228515e-16 3.164846381990877286e-17 5.285479586515095876e-18 8.745013237490260097e-19 1.390593067651439096e-19 0.000000000000000000e+00
0.000000000000000000e+00 3.755033713307143226e-22 4.796241434732447060e-21 5.875932354078066665e-20 6.931584415048525553e-19 7.852898176869585505e-18 8.522250668063844066e-17 8.832869603011408039e-16 8.714905855902388444e-15 8.155650298731478858e-14 7.210047060561602885e-13 5.994307475884941375e-12 4.663020955575245109e-11 3.374656180656063465e-10 2.257418534790494212e-09 1.385295052628303776e-08 7.730674632848531652e-08 3.881863769519519208e-07 1.731104036786787159e-06 6.741007062756866203e-06 2.241007057334951273e-05 6.168156672347483783e-05 1.349723538677059928e-04 2.244017182588017411e-04 2.786976867860548978e-04 2.786978044115631897e-04 2.244020557857838536e-04 1.349728233090833382e-04 6.168212414836455888e-05 2.241062171180821584e-05 6.741419339070867338e-06 1.731371662856763839e-06 3.883339780731913374e-07 7.737757880377919416e-08 1.388335336612814949e-08 2.269038863291642972e-09 3.415042281239798412e-10 4.790957493253425688e-11 6.367409686555791151e-12 8.217389869823515556e-13 1.068888197429058864e-13 1.467900227540870970e-14 2.203984187056269691e-15 3.614402700058151008e-16 6.261936476140592377e-17 1.102201143957892166e-17 1.917371075552078339e-18 3.246336983573858248e-19 5.233631661002527288e-20 0.000000000000000000e+00
0.000000000000000000e+00 6.078660623149920222e-23 7.696284320856374624e-22 9.341437789091806785e-21 1.092306526058222111e-19 1.226919471144377618e-18 1.320754462133908451e-17 1.358513853160448458e-16 1.331045209596687248e-15 1.237873324781653487e-14 1.088488661355842252e-13 9.010219769068438302e-13 6.986918066696214518e-12 5.047048197273423514e-11 3.374699238683756155e-10 2.073087699450147419e-09 1.159754598756123173e-08 5.844957800473330127e-08 2.618154416994986846e-07 1.024232071681721605e-06 3.418846364247802702e-06 9.438058027854553540e-06 2.069160906612107053e-05 3.445813311458893958e-05 4.288552446006637926e-05 4.288556763624829475e-05 3.445825848643450126e-05 2.069178544188386771e-05 9.438269713046804977e-06 3.419055380520829059e-06 1.024386395156417103e-06 2.619140994442470098e-07 5.850299916596884089e-08 1.162281284587051750e-08 2.083762134029884177e-09 3.415042281239800997e-10 5.185864277439445698e-11 7.423571767803287804e-12 1.027714853943709831e-12 1.429471589518550991e-13 2.094048042367661459e-14 3.346471828070972978e-15 5.826060639394700257e-16 1.068319353647351758e-16 1.984284420861827594e-17 3.632599277293913449e-18 6.459729260890310852e-19 1.108315696333309424e-19 1.802824029800488819e-20 0.000000000000000000e+00
0.000000000000000000e+00 9.125184877269762078e-24 1.146202424538775954e-22 1.378179789184600011e-21 1.597729050535073863e-20 1.779323530608116930e-19 1.900071725970010620e-18 1.939529158577213194e-17 1.886943761732715834e-16 1.743615734650759148e-15 1.524510146883632100e-14 1.255846889657409838e-13 9.700422731970831904e-13 6.986791581842488171e-12 4.663064818517739921e-11 2.862091914783227641e-10 1.601249135897017197e-09 8.075841668007320555e-09 3.621198292904989799e-08 1.417927933487416439e-07 4.734740100001950343e-07 1.306606710989716178e-06 2.862369564577739185e-06 4.766201511264305909e-06 5.939992407881835807e-06 5.940006488948302210e-06 4.766242782546589271e-06 2.862428300341104049e-06 1.306677908477011084e-06 4.735442946938446593e-07 1.418442926001600165e-07 3.624459001128014254e-08 8.093285924761575757e-09 1.609417210330959917e-09 2.896213545901413293e-10 4.790957493253427627e-11 7.423571767803287804e-12 1.106695240050473081e-12 1.650799864439079897e-13 2.585013300812780084e-14 4.403790375015406105e-15 8.150178871808728923e-16 1.584008621483602104e-16 3.109240790974536865e-17 5.999141567573533628e-18 1.121633438454261324e-18 2.019775596463851000e-19 3.495376962532156073e-20 5.723921468461165824e-21 0.000000000000000000e+00
0.000000000000000000e+00 1.277893010723386043e-24 1.595310219301595422e-23 1.899421696732968117e-22 2.183919832871590369e-21 2.411155853484545891e-20 2.554321525213881228e-19 2.587312282097629617e-18 2.499146814468106060e-17 2.293974213259633718e-16 1.993617582522292304e-15 1.633467435936645559e-14 1.255871499038676367e-13 9.010070769533680764e-13 5.994446508266914701e-12 3.669999713933130870e-11 2.049222546200065823e-10 1.031816380375564259e-09 4.619274025920750409e-09 1.805442200360815811e-08 6.014925687353582105e-08 1.655418095194743047e-07 3.617064817243145699e-07 6.014788859361837360e-07 7.502336276587513304e-07 7.502377672650790927e-07 6.014911094573586370e-07 3.617240781266189405e-07 1.655633390276891336e-07 6.017052425917034727e-08 1.806994611544055370e-08 4.629047150916195769e-09 1.037005708944224755e-09 2.073362014626052836e-10 3.770079197670060466e-11 6.367409686555789536e-12 1.027714853943709226e-12 1.650799864439079897e-13 2.771859217747171839e-14 5.045932011564394761e-15 9.947649135201297969e-16 2.053064274070648682e-16 4.266687237586974227e-17 8.691823375349720560e-18 1.711431449478707786e-18 3.238185136727806795e-19 5.878519826071355411e-20 1.023928324389100009e-20 1.686325328795239324e-21 0.000000000000000000e+00
0.000000000000000000e+00 1.675826605603129899e-25 2.087855833517099610e-24 2.458805052022896930e-23 2.805866196302709311e-22 3.070098934865455579e-21 3.226918138545273667e-20 3.242935714555344648e-19 3.109556942528442590e-18 2.834522821759419766e-17 2.447594301286957161e-16 1.993585432713316816e-15 1.524541370691099926e-14 1.088452468703778490e-13 7.210286470344515180e-13 4.396943232858279925e-12 2.446224177369229328e-11 1.227365220969249946e-10 5.474806086740145719e-10 2.131568407566826372e-09 7.071394437928369427e-09 1.937699834999397882e-08 4.217319545132947126e-08 6.997485174404290444e-08 8.731854289114663043e-08 8.731965265084107030e-08 6.997814835139045403e-08 4.217799486678934915e-08 1.938292262437318519e-08 7.077254409997279546e-09 2.135841464264388850e-09 5.501628510988747738e-10 1.241548138929839275e-10 2.511947672190827073e-11 4.668150706579300541e-12 8.217389869823512526e-13 1.429471589518550991e-13 2.585013300812779453e-14 5.045932011564396338e-15 1.062717341926209128e-15 2.335112008380077313e-16 5.149930297280004978e-17 1.110023178775235300e-17 2.306283394453097335e-18 4.593210967785792357e-19 8.757318435894171606e-20 1.599447719897447764e-20 2.801394437348177082e-21 4.638109411266918737e-22 0.000000000000000000e+00
0.000000000000000000e+00 2.058841865389859429e-26 2.584510133143810897e-25 3.002456756131832110e-24 3.405975372197949494e-23 3.690435937538171455e-22 3.849710262715087722e-21 3.837385377209004770e-20 3.652205764169418268e-19 3.305134437235757676e-18 2.834572561496820388e-17 2.293937395980475449e-16 1.743680423171664464e-15 1.237811121784931833e-14 8.156103255665596053e-14 4.948046607795950244e-13 2.739114335670142096e-12 1.367422229971083816e-11 6.067875117095915605e-11 2.349778923640283296e-10 7.751103556084066990e-10 2.112177775466173096e-09 4.574847327617563574e-09 7.569251715078806721e-09 9.446525855573397767e-09 9.446799719433656404e-09 7.570069260472686272e-09 4.576050797135133132e-09 2.113675882970640431e-09 7.765949964340307329e-10 2.360615531425211210e-10 6.135838783814546159e-11 1.403299321931744267e-11 2.905089467427173804e-12 5.631298083528555178e-13 1.068888197429059369e-13 2.094048042367661459e-14 4.403790375015406894e-15 9.947649135201299941e-16 2.335112008380077313e-16 5.481672975354967781e-17 1.253445960639411051e-17 2.754469519118267563e-18 5.786461308435179347e-19 1.160839097852794355e-19 2.225911060946331842e-20 4.086663644002433788e-21 7.194895963892747725e-22 1.197419222935934155e-22 0.000000000000000000e+00
0.000000000000000000e+00 2.353980620189916373e-27 3.045557021924357030e-26 3.468269443882108333e-25 3.925533698503130125e-24 4.204169837319942961e-23 4.355895293099047048e-22 4.304521156996442900e-21 4.066087151778506180e-20 3.651899263555278868e-19 3.109550582385261693e-18 2.499054471989915609e-17 1.887042783214927613e-16 1.330935524647817689e-15 8.715679763150954706e-15 5.254843851728466292e-14 2.891277525907023292e-13 1.434453217380919001e-12 6.324457108554617718e-12 2.433253959283939532e-11 7.972154969547038153e-11 2.158549840657166993e-10 4.649551912813292823e-10 7.667595231133316147e-10 9.568187941851021086e-10 9.568814949173655348e-10 7.669474770244617301e-10 4.652348856409361427e-10 2.162059812743771232e-10 8.007020317830416616e-11 2.458766196834682901e-11 6.484569003965286492e-12 1.518992009817415634e-12 3.282376812202079141e-13 6.863890401151309676e-14 1.467900227540871917e-14 3.346471828070974161e-15 8.150178871808726950e-16 2.053064274070648682e-16 5.149930297280003745e-17 1.253445960639411359e-17 2.921766707764056051e-18 6.490655156901306989e-19 1.373151828586669373e-19 2.769806292603077981e-20 5.337458847655087064e-21 9.847778565337496741e-22 1.742726158450998338e-22 2.915749821195543350e-23 0.000000000000000000e+00
0.000000000000000000e+00 2.445352222391074804e-28 3.445505411048571862e-27 3.791704789067003127e-26 4.318515761772297084e-25 4.552213338947130138e-24 4.693270356030879983e-23 4.593458297647706533e-22 4.306969665313549272e-21 3.837588253100376859e-20 3.243201436101148527e-19 2.587259603367409792e-18 1.939710662367045799e-17 1.358343104656142220e-16 8.834152369238020273e-16 5.288782219159277327e-15 2.889729505537254796e-14 1.423511532274851521e-13 6.229740819681759928e-13 2.379396465161075287e-12 7.736092960107808311e-12 2.080099790887119493e-11 4.453693599737375726e-11 7.317897396944594042e-11 9.129134956690366937e-11 9.130475578741558071e-11 7.321930558553340599e-11 4.459759526572757859e-11 2.087771644923467213e-11 7.812505241508627791e-12 2.435513218207373587e-12 6.582573505917069190e-13 1.610115499081895392e-13 3.754178687622187096e-14 8.848313533272741478e-15 2.203984187056270480e-15 5.826060639394705187e-16 1.584008621483602104e-16 4.266687237586976076e-17 1.110023178775235608e-17 2.754469519118269489e-18 6.490655156901306026e-19 1.451951092990313419e-19 3.088137886558324823e-20 6.258999130689555055e-21 1.211858107248801464e-21 2.247034216872755378e-22 3.997621242577877913e-23 6.725615441301144443e-24 0.000000000000000000e+00
0.000000000000000000e+00 2.132125114819267129e-29 3.792790995963016039e-28 3.906319464874493585e-27 4.565650964377742259e-26 4.691928443495254845e-25 4.834560245458540793e-24 4.676978455422624655e-23 4.355029145615606747e-22 3.847874017686933841e-21 3.226612528485356653e-20 2.554049290761283140e-19 1.900270121053172464e-18 1.320476030138187476e-17 8.524198037467517574e-17 5.063573449952693914e-16 2.745536720921324691e-15 1.341958207308733875e-14 5.824426523923684508e-14 2.207391089476669969e-13 7.116276547594475246e-13 1.899609081695880941e-12 4.041311040948321362e-12 6.614128888575192194e-12 8.247714911264694017e-12 8.250406954685488281e-12 6.622253730467628416e-12 4.053659152620243053e-12 1.915344336789648022e-12 7.273473364722373821e-13 2.323354722321153465e-13 6.555557057071705040e-14 1.729709226390559905e-14 4.546165518130289501e-15 1.249295386935756636e-15 3.614402700058154952e-16 1.068319353647353484e-16 3.109240790974537481e-17 8.691823375349723642e-18 2.306283394453098491e-18 5.786461308435185125e-19 1.373151828586669613e-19 3.088137886558325425e-20 6.599241256572473700e-21 1.343759736454398971e-21 2.614378441137208548e-22 4.872710726193951146e-23 8.717501602097149134e-24 1.475388191263219040e-24 0.000000000000000000e+00
0.000000000000000000e+00 1.041621409084065153e-30 4.156647025702416032e-29 3.734060092610384226e-28 4.687849805909727986e-27 4.598171699694666521e-26 4.782822684608442032e-25 4.554059222810862455e-24 4.216658669982662115e-23 3.692122999387174115e-22 3.071083058855359994e-21 2.411358571189796211e-20 1.779715109639968304e-19 1.226561278195964454e-18 7.855861569164297614e-18 4.627347141139849000e-17 2.488471880301984969e-16 1.206272797354165124e-15 5.188144062038803110e-15 1.950859727890155262e-14 6.230631612772168826e-14 1.651218804150504406e-13 3.489347176287698631e-13 5.686346079254734197e-13 7.087355346301914937e-13 7.092457015567852893e-13 5.701788989001300604e-13 3.513059220893918085e-13 1.681656500495015317e-13 6.535704020057298583e-14 2.177071570318815814e-14 6.619332346262518032e-15 1.968073468955126728e-15 6.037742285653127480e-16 1.931486740850229255e-16 6.261936476140598540e-17 1.984284420861830676e-17 5.999141567573540562e-18 1.711431449478709712e-18 4.593210967785793320e-19 1.160839097852795078e-19 2.769806292603079787e-20 6.258999130689555055e-21 1.343759736454398971e-21 2.749353397569892724e-22 5.376375135803762877e-23 1.007593591378495077e-23 1.813534167799507733e-24 3.089399520837120281e-25 0.000000000000000000e+00
0.000000000000000000e+00 -1.531516268180506073e-31 4.705851948310028389e-30 3.160481181411519621e-29 4.759860184810224566e-28 4.256597080522445019e-27 4.571620346357126305e-26 4.246608344084408782e-25 3.920586340364371805e-24 3.399383022554455327e-23 2.803638934971950051e-22 2.183524249492077661e-21 1.597850224899556675e-20 1.091761489284621483e-19 6.935506817547887270e-19 4.048563216733365081e-18 2.158462495203557759e-17 1.037419872083995485e-16 4.417342824906334100e-16 1.648767797990285503e-15 5.210129589215716257e-15 1.371536774853869972e-14 2.877941155141597229e-14 4.667639382196596647e-14 5.815004426931483028e-14 5.824167456388879512e-14 4.695454096773254808e-14 2.921082533896870858e-14 1.427308760655763801e-14 5.771081844435382624e-15 2.067071390331312535e-15 7.074575600942069601e-16 2.457984662574006498e-16 8.803352187831351615e-17 3.164846381990877902e-17 1.102201143957893244e-17 3.632599277293916530e-18 1.121633438454262287e-18 3.238185136727811128e-19 8.757318435894178828e-20 2.225911060946333948e-20 5.337458847655087816e-21 1.211858107248801276e-21 2.614378441137209489e-22 5.376375135803766403e-23 1.057129287857279175e-23 1.993081376610145733e-24 3.611145895818616736e-25 6.196882273326337893e-26 0.000000000000000000e+00
0.000000000000000000e+00 -6.898251515053762778e-32 5.766760648042987579e-31 1.990637943454098417e-30 4.926493469338137880e-29 3.649826870513835616e-28 4.260930460272647060e-27 3.792349941525623316e-26 3.509705394971085829e-25 3.011571549285522776e-24 2.459914907922698952e-23 1.901577762716421858e-22 1.378511227083654604e-21 9.336636283305998217e-21 5.881361144571948233e-20 3.400593519834594101e-19 1.796741501822036425e-18 8.563076994867012251e-18 3.604785783077949001e-17 1.337416684747830950e-16 4.172479883283517192e-16 1.092561824403272494e-15 2.275384454873971872e-15 3.669543807492865316e-15 4.570307169084211004e-15 4.585963163024174305e-15 3.717198299755003513e-15 2.350034957681176839e-15 1.189736334174379508e-15 5.153469749957440310e-16 2.073371716060758127e-16 8.300975230101970935e-17 3.379221769029186049e-17 1.365181822117648544e-17 5.285479586515098187e-18 1.917371075552079109e-18 6.459729260890315667e-19 2.019775596463852444e-19 5.878519826071359022e-20 1.599447719897450171e-20 4.086663644002436797e-21 9.847778565337498622e-22 2.247034216872754908e-22 4.872710726193951146e-23 1.007593591378495517e-23 1.993081376610146100e-24 3.782673073904824373e-25 6.904776922039376560e-26 1.194889936036579353e-26 0.000000000000000000e+00
0.000000000000000000e+00 -1.738934565244623861e-32 7.906558643836089437e-32 -1.152084214950322338e-32 5.422692127845078281e-30 2.739366838539994719e-29 3.929641280881919316e-28 3.237067407999377166e-27 3.030241068187012141e-26 2.576403749756155824e-25 2.076190178655413654e-24 1.597601834140761563e-23 1.144884574597935172e-22 7.690709736385280430e-22 4.802069444302388072e-21 2.748924390394705772e-20 1.438878316092334040e-19 6.804042663079229319e-19 2.825200280681165328e-18 1.045166308588742593e-17 3.206016029844387848e-17 8.376269799341796317e-17 1.730041952127543907e-16 2.769409510076815981e-16 3.449860803953478749e-16 3.475382127362567901e-16 2.847304402335849323e-16 1.853261055272963298e-16 9.991073264891097715e-17 4.842477228940494409e-17 2.280654195402385586e-17 1.074745582834336697e-17 4.959170677519187888e-18 2.164552211847185120e-18 8.745013237490265875e-19 3.246336983573858248e-19 1.108315696333310387e-19 3.495376962532157277e-20 1.023928324389100461e-20 2.801394437348178211e-21 7.194895963892749606e-22 1.742726158450998338e-22 3.997621242577877913e-23 8.717501602097149134e-24 1.813534167799508835e-24 3.611145895818616736e-25 6.904776922039374264e-26 1.271125906432840235e-26 2.221424760663024935e-27 0.000000000000000000e+00
0.000000000000000000e+00 -3.619191722548750657e-33 1.198242463415151736e-32 -3.685301023783117074e-32 6.547752819180152122e-31 1.442730349402374619e-30 3.640271660538714573e-29 2.615054435623449501e-28 2.504019052356602848e-27 2.130229272246664439e-26 1.672204974280922843e-25 1.293260519104980655e-24 9.107388398239749580e-24 6.084340966637467129e-23 3.761893009910306877e-22 2.131941136768515819e-21 1.105039696779183621e-20 5.192908753914376211e-20 2.118209136856867859e-19 7.863280154315678097e-19 2.353327819523436282e-18 6.173696885157364848e-18 1.262896866245874855e-17 1.999613655252988035e-17 2.493821683017905149e-17 2.533106941125721980e-17 2.119838163923175130e-17 1.454852371554773989e-17 8.705197584101537482e-18 4.928591090303638667e-18 2.742877804109972013e-18 1.472649822853107793e-18 7.366171841743182123e-19 3.360715359529208388e-19 1.390593067651440059e-19 5.233631661002530297e-20 1.802824029800489722e-20 5.723921468461165824e-21 1.686325328795239324e-21 4.638109411266918737e-22 1.197419222935934625e-22 2.915749821195544526e-23 6.725615441301148851e-24 1.475388191263219407e-24 3.089399520837121199e-25 6.196882273326339041e-26 1.194889936036578779e-26 2.221424760663024576e-27 3.929015754141208018e-28 0.000000000000000000e+00
0.000000000000000000e+00 0.000000000000000000e+00 0.000000000000000000e+00 0.000000000000000000e+00 0.000000000000000000e+00 0.000000000000000000e+00 0.000000000000000000e+00 0.000000000000000000e+00 0.000000000000000000e+00 0.000000000000000000e+00 0.000000000000000000e+00 0.000000000000000000e+00 0.000000000000000000e+00 0.000000000000000000e+00 0.000000000000000000e+00 0.000000000000000000e+00 0.000000000000000000e+00 0.000000000000000000e+00 0.000000000000000000e+00 0.000000000000000000e+00 0.000000000000000000e+00 0.000000000000000000e+00 0.000000000000000000e+00 0.000000000000000000e+00 0.000000000000000000e+00 0.000000000000000000e+00 0.000000000000000000e+00 0.000000000000000000e+00 0.000000000000000000e+00 0.000000000000000000e+00 0.000000000000000000e+00 0.000000000000000000e+00 0.000000000000000000e+00 0.000000000000000000e+00 0.000000000000000000e+00 0.000000000000000000e+00 0.000000000000000000e+00 0.000000000000000000e+00 0.000000000000000000e+00 0.000000000000000000e+00 0.000000000000000000e+00 0.000000000000000000e+00 0.000000000000000000e+00 0.000000000000000000e+00 0.000000000000000000e+00 0.000000000000000000e+00 0.000000000000000000e+00 0.000000000000000000e+00 0.000000000000000000e+00 0.000000000000000000e+00
