0.000000000000000000e+00 0.000000000000000000e+00 0.000000000000000000e+00 0.000000000000000000e+00 0.000000000000000000e+00 0.000000000000000000e+00 0.000000000000000000e+00 0.000000000000000000e+00 0.000000000000000000e+00 0.000000000000000000e+00 0.000000000000000000e+00 0.000000000000000000e+00 0.000000000000000000e+00 0.000000000000000000e+00 0.000000000000000000e+00 0.000000000000000000e+00 0.000000000000000000e+00 0.000000000000000000e+00 0.000000000000000000e+00 0.000000000000000000e+00 0.000000000000000000e+00 0.000000000000000000e+00 0.000000000000000000e+00 0.000000000000000000e+00 0.000000000000000000e+00 0.000000000000000000e+00 0.000000000000000000e+00 0.000000000000000000e+00 0.000000000000000000e+00 0.000000000000000000e+00 0.000000000000000000e+00 0.000000000000000000e+00 0.000000000000000000e+00 0.000000000000000000e+00 0.000000000000000000e+00 0.000000000000000000e+00 0.000000000000000000e+00 0.000000000000000000e+00 0.000000000000000000e+00 0.000000000000000000e+00 0.000000000000000000e+00 0.000000000000000000e+00 0.000000000000000000e+00 0.000000000000000000e+00 0.000000000000000000e+00 0.000000000000000000e+00 0.000000000000000000e+00 0.000000000000000000e+00 0.000000000000000000e+00 0.000000000000000000e+00
0.000000000000000000e+00 3.880140106290232874e-29 3.420813005011515645e-28 2.873937910269469285e-27 2.323105301320602272e-26 1.803224542525540405e-25 1.340960052290500369e-24 9.529186726317168073e-24 6.452599413461611498e-23 4.150225381209341346e-22 2.526467189436795454e-21 1.449780559854909034e-20 7.806082319848493773e-20 3.922882560240996437e-19 1.828768527417131755e-18 7.852302557707559263e-18 3.079595777369393831e-17 1.092401491500502474e-16 3.464470316400485582e-16 9.690998366632463033e-16 2.353997595775835264e-15 4.881194871867014314e-15 8.497222445428923401e-15 1.227057637676818336e-14 1.468192752749303354e-14 1.468192752710414721e-14 1.227057637573469511e-14 8.497222444088836472e-15 4.881194870563112435e-15 2.353997594713261713e-15 9.690998358947145408e-16 3.464470311330216220e-16 1.092401488464988637e-16 3.079595760458899999e-17 7.852302471102658917e-18 1.828768486261112786e-18 3.922882379247402349e-19 7.806081580286183081e-20 1.449780278472849082e-20 2.526466188869400532e-21 4.150222045095932143e-22 6.452588944727253518e-23 9.529155710289739146e-24 1.340951347215028075e-24 1.803201332792190922e-25 2.323046347176322347e-26 2.873794917797186067e-27 3.420481600755849025e-28 3.879432699893704051e-29 0.000000000000000000e+00
0.000000000000000000e+00 3.420813005011515645e-28 3.033193043543422381e-27 2.563116597504318098e-26 2.083787764753604596e-25 1.626672393808858362e-24 1.216479381458349204e-23 8.692766360654379324e-23 5.918714651182860600e-22 3.827681452573510590e-21 2.342796616623635698e-20 1.351670126100035038e-19 7.317208980990121477e-19 3.697118075794821804e-18 1.732879554967128757e-17 7.481101367913616062e-17 2.950016870873024901e-16 1.052122519521829759e-15 3.354588379915202424e-15 9.432096621620224243e-15 2.302113965451697737e-14 4.793573146401032011e-14 8.371594155719089847e-14 1.211291864013151939e-13 1.450395093718183540e-13 1.450395093713530397e-13 1.211291864000823999e-13 8.371594155560750948e-14 4.793573146249936118e-14 2.302113965331836318e-14 9.432096620785390101e-15 3.354588379389365494e-15 1.052122519220049836e-15 2.950016869253983543e-16 7.481101359847232275e-17 1.732879551203280477e-17 3.697118059405417593e-18 7.317208914275081016e-19 1.351670100695092179e-19 2.342796525971038264e-20 3.827681148649184379e-21 5.918713691641555199e-22 8.692763498947308189e-23 1.216478573332759012e-23 1.626670226718759270e-24 2.083782234283173165e-25 2.563103134117246397e-26 3.033161774819334097e-27 3.420746470007541528e-28 0.000000000000000000e+00
0.000000000000000000e+00 2.873937910269471078e-27 2.563116597504319246e-26 2.178612940007365777e-25 1.781445655520238743e-24 1.398584176178526212e-23 1.051780102977822271e-22 7.557417004021895383e-22 5.173730753384223306e-21 3.363897236487082311e-20 2.069885811915041054e-19 1.200515603235539058e-18 6.533038756906492417e-18 3.318183715735531328e-17 1.563414040833939779e-16 6.784925744248060513e-16 2.689569846547614606e-15 9.642714051765700378e-15 3.090438879746721837e-14 8.733069892252406369e-14 2.141506261744710433e-13 4.477430134721189135e-13 7.844202415368420650e-13 1.137154444771627628e-12 1.362569377816372233e-12 1.362569377816095967e-12 1.137154444770859820e-12 7.844202415357212514e-13 4.477430134708133172e-13 2.141506261731953101e-13 8.733069892142964225e-14 3.090438879663045783e-14 9.642714051212123548e-15 2.689569846218328681e-15 6.784925742502169335e-16 1.563414039994068909e-16 3.318183712052721250e-17 6.533038742049311076e-18 1.200515597689617902e-18 2.069885792625970826e-19 3.363897173706504514e-20 5.173730561052075766e-21 7.557416447671907950e-22 1.051779950278850326e-22 1.398583777555599531e-23 1.781444661842222719e-24 2.178610570076972242e-25 2.563111180290802491e-26 2.873926327324190801e-27 0.000000000000000000e+00
0.000000000000000000e+00 2.323105301320604567e-26 2.083787764753604596e-25 1.781445655520239477e-24 1.464964546305251979e-23 1.156530178033110052e-22 8.744967725001948236e-22 6.317176707658850301e-21 4.347334253610588708e-20 2.841109173786942753e-19 1.757028870382441530e-18 1.024131011801569848e-17 5.600594323205760787e-17 2.858482643666403595e-16 1.353379646083778309e-15 5.902053157455443117e-15 2.351032767960063758e-14 8.470209240325062138e-14 2.727831169534581788e-13 7.744822034961163259e-13 1.907593780774051176e-12 4.003886502390690321e-12 7.035643583993803677e-12 1.021774655390787040e-11 1.225086511155797647e-11 1.225086511155748049e-11 1.021774655390676695e-11 7.035643583993257609e-12 4.003886502391763879e-12 1.907593780776562202e-12 7.744822034993748642e-13 2.727831169566285666e-13 8.470209240563294345e-14 2.351032768114329610e-14 5.902053158313252043e-15 1.353379646508653270e-15 2.858482645557421514e-16 5.600594330878732245e-17 1.024131014663543345e-17 1.757028880280299338e-18 2.841109205706637354e-19 4.347334350220541258e-20 6.317176983141461382e-21 8.744968468913708021e-22 1.156530368795658777e-22 1.464965012760889796e-23 1.781446745395104963e-24 2.083790203414666555e-25 2.323110450642788885e-26 0.000000000000000000e+00
0.000000000000000000e+00 1.803224542525540634e-25 1.626672393808860749e-24 1.398584176178525330e-23 1.156530178033110287e-22 9.179963427549408853e-22 6.978059125305136709e-21 5.066749505205171886e-20 3.504270313000105515e-19 2.301289603172454193e-18 1.429934602212353758e-17 8.373337889970139676e-17 4.599852788305918722e-16 2.358217755981661566e-15 1.121476900476296858e-14 4.912375130816924130e-14 1.965480280159433279e-13 7.112644924050242256e-13 2.300781777379692429e-12 6.560723508052788590e-12 1.622577907451026932e-11 3.417992743630735003e-11 6.022905228512877311e-11 8.761432428974082811e-11 1.051050435216404644e-10 1.051050435216431915e-10 8.761432428974681224e-11 6.022905228513107370e-11 3.417992743629929794e-11 1.622577907449297284e-11 6.560723508030315773e-12 2.300781777357625125e-12 7.112644923883601511e-13 1.965480280050359186e-13 4.912375130206959208e-14 1.121476900171919769e-14 2.358217754619049502e-15 4.599852782745130719e-16 8.373337869118165810e-17 1.429934594966080861e-17 2.301289579695735638e-18 3.504270241660238960e-19 5.066749301020444465e-20 6.978058572286200656e-21 9.179962005868887533e-22 1.156529829846037204e-22 1.398583361929263145e-23 1.626670572283985368e-24 1.803220704925742577e-25 0.000000000000000000e+00
0.000000000000000000e+00 1.340960052290501838e-24 1.216479381458348322e-23 1.051780102977823917e-22 8.744967725001950117e-22 6.978059125305133699e-21 5.331442155917743236e-20 3.890248072010229591e-19 2.703359521255646712e-18 1.783435781090748966e-17 1.113031850944109200e-16 6.545260066869866754e-16 3.610358075146782668e-15 1.858326479998451040e-14 8.872149687807219581e-14 3.901351347129760927e-13 1.567026055269302848e-12 5.692856869589670766e-12 1.848716891141371562e-11 5.292031661554296128e-11 1.313635773378002601e-10 2.776267507574853208e-10 4.904499899384613337e-10 7.144998052545683735e-10 8.575190244299693170e-10 8.575190244299681796e-10 7.144998052545680633e-10 4.904499899384852185e-10 2.776267507575586297e-10 1.313635773379145403e-10 5.292031661568186300e-11 1.848716891154794183e-11 5.692856869690401008e-12 1.567026055335708326e-12 3.901351347502189607e-13 8.872149689678698047e-14 1.858326480840383351e-14 3.610358078600777798e-15 6.545260079878890097e-16 1.113031855482208312e-16 1.783435795841545634e-17 2.703359566193611616e-18 3.890248200887775643e-19 5.331442505408511617e-20 6.978060024363593038e-21 8.744969926630908264e-22 1.051780617435796524e-22 1.216480530494733569e-23 1.340962468041194787e-24 0.000000000000000000e+00
0.000000000000000000e+00 9.529186726317154848e-24 8.692766360654396956e-23 7.557417004021892561e-22 6.317176707658854063e-21 5.066749505205167071e-20 3.890248072010231035e-19 2.852008691202324733e-18 1.990757425451173217e-17 1.318900672125890527e-16 8.264246110449148848e-16 4.878315700261092392e-15 2.700575406665140766e-14 1.394827382722826259e-13 6.681390691488434148e-13 2.947545217381954503e-12 1.187731041357984051e-11 4.328875979549956363e-11 1.410365499232832089e-10 4.050419677482751133e-10 1.008607661698168931e-09 2.137662422415895404e-09 3.784641117603481470e-09 5.520387748910780467e-09 6.627515742374788729e-09 6.627515742374772185e-09 5.520387748910695267e-09 3.784641117603210982e-09 2.137662422415314723e-09 1.008607661697362016e-09 4.050419677473721939e-10 1.410365499224630076e-10 4.328875979490878866e-11 1.187731041319844078e-11 2.947545217171775099e-12 6.681390690439628303e-13 1.394827382253721602e-13 2.700575404744554763e-14 4.878315693035884596e-15 8.264246085249681428e-16 1.318900663934496937e-16 1.990757400496971651e-17 2.852008619655559184e-18 3.890247878149296766e-19 5.066749007204488407e-20 6.317175490871880625e-21 7.557414169457621460e-22 8.692760055553446196e-23 9.529173534481760560e-24 0.000000000000000000e+00
0.000000000000000000e+00 6.452599413461627955e-23 5.918714651182854017e-22 5.173730753384232334e-21 4.347334253610586903e-20 3.504270313000108885e-19 2.703359521255645171e-18 1.990757425451173217e-17 1.395414949083758002e-16 9.280839357013921729e-16 5.836336112423902534e-15 3.456557343279696145e-14 1.919331966899750084e-13 9.941027578838995623e-13 4.774324149575421449e-12 2.111458362431102394e-11 8.528820348224806795e-11 3.115980737332910710e-10 1.017700603704264188e-09 2.930071025620644689e-09 7.314403398377266584e-09 1.553755187463113923e-08 2.755702651393290454e-08 4.023336017179040747e-08 4.831037460417361334e-08 4.831037460417023183e-08 4.023336017178185773e-08 2.755702651392359380e-08 1.553755187462532580e-08 7.314403398375673434e-09 2.930071025622114175e-09 1.017700603706950458e-09 3.115980737356689051e-10 8.528820348395609252e-11 2.111458362529279362e-11 4.774324150078379573e-12 9.941027581110385926e-13 1.919331967834980407e-13 3.456557346802067372e-14 5.836336124704751056e-15 9.280839396864821883e-16 1.395414961191462402e-16 1.990757460041867874e-17 2.703359614552717199e-18 3.504270551306668335e-19 4.347334831773179353e-20 5.173732088666787793e-21 5.918717590278617602e-22 6.452605487730808292e-23 0.000000000000000000e+00
0.000000000000000000e+00 4.150225381209335233e-22 3.827681452573515104e-21 3.363897236487079302e-20 2.841109173786946605e-19 2.301289603172452652e-18 1.783435781090749891e-17 1.318900672125890527e-16 9.280839357013921729e-16 6.194457834173707326e-15 3.907739275022576571e-14 2.320784751316043999e-13 1.291781319558059865e-12 6.704599015752207761e-12 3.225761270262038081e-11 1.428854186346275597e-10 5.779938390937709377e-10 2.114669897651306334e-09 6.916763231010847923e-09 1.994518250079676803e-08 4.987067821276866137e-08 1.061016322150114335e-07 1.884053913074607449e-07 2.752273751105266464e-07 3.304723481274689439e-07 3.304723481274865728e-07 2.752273751105768861e-07 1.884053913075306251e-07 1.061016322150820946e-07 4.987067821282631917e-08 1.994518250083057655e-08 6.916763231023793300e-09 2.114669897653493399e-09 5.779938390917676097e-10 1.428854186324621301e-10 3.225761270115232263e-11 6.704599014993154842e-12 1.291781319218108222e-12 2.320784749971454946e-13 3.907739270189298380e-14 6.194457818216996544e-15 9.280839308120849388e-16 1.318900658132534187e-16 1.783435743483178729e-17 2.301289507906716221e-18 2.841108945627452401e-19 3.363896718825529153e-20 3.827680339286894078e-21 4.150223146352548497e-22 0.000000000000000000e+00
0.000000000000000000e+00 2.526467189436799968e-21 2.342796616623632689e-20 2.069885811915043221e-19 1.757028870382440760e-18 1.429934602212353758e-17 1.113031850944109200e-16 8.264246110449146876e-16 5.836336112423903323e-15 3.907739275022579096e-14 2.471802365665046650e-13 1.471225890687523155e-12 8.203150627946270521e-12 4.262966283209936237e-11 2.052766240222495078e-10 9.097404737832411522e-10 3.681081108286909419e-09 1.347017817754334148e-08 4.406827803789961958e-08 1.271199746826798104e-07 3.180161947958790883e-07 6.770058758639125841e-07 1.202733884649418498e-06 1.757110385515546560e-06 2.109239974470595006e-06 2.109239974471239598e-06 1.757110385517185357e-06 1.202733884651298064e-06 6.770058758653584693e-07 3.180161947967330034e-07 1.271199746831097061e-07 4.406827803808885203e-08 1.347017817761700026e-08 3.681081108316603549e-09 9.097404737952553302e-10 2.052766240277328881e-10 4.262966283451840037e-11 8.203150628986713482e-12 1.471225891097563208e-12 2.471802367158424210e-13 3.907739280016547622e-14 5.836336127861266739e-15 8.264246154702445056e-16 1.113031862756876011e-16 1.429934631645542685e-17 1.757028938925574501e-18 2.069885960971071523e-19 2.342796918093883745e-20 2.526467743904045495e-21 0.000000000000000000e+00
0.000000000000000000e+00 1.449780559854906326e-20 1.351670126100037445e-19 1.200515603235538866e-18 1.024131011801570156e-17 8.373337889970134746e-17 6.545260066869865768e-16 4.878315700261093970e-15 3.456557343279695514e-14 2.320784751316045009e-13 1.471225890687523155e-12 8.770763189114322838e-12 4.895076872919536304e-11 2.544733919200434759e-10 1.225092408387063089e-09 5.425338167605297773e-09 2.192800841942629921e-08 8.013425970321808976e-08 2.618077139063196969e-07 7.543152189127647803e-07 1.885370761568161228e-06 4.011200953288699522e-06 7.122669919861800382e-06 1.039979099061398250e-05 1.247667075164015934e-05 1.247667075163562602e-05 1.039979099060126006e-05 7.122669919844476017e-06 4.011200953270975357e-06 1.885370761553182297e-06 7.543152189025925498e-07 2.618077139006771869e-07 8.013425970056469287e-08 2.192800841832836253e-08 5.425338167202118362e-09 1.225092408251167654e-09 2.544733918779165632e-10 4.895076871680843030e-11 8.770763185651216497e-12 1.471225889750013491e-12 2.320784748861662201e-13 3.456557337058802787e-14 4.878315685127405715e-15 6.545260031896890965e-16 8.373337814376699105e-17 1.024130996859605373e-17 1.200515577359511231e-18 1.351670090969218904e-19 1.449780539944312143e-20 0.000000000000000000e+00
0.000000000000000000e+00 7.806082319848510625e-20 7.317208980990111847e-19 6.533038756906493957e-18 5.600594323205759554e-17 4.599852788305918722e-16 3.610358075146784246e-15 2.700575406665140766e-14 1.919331966899749832e-13 1.291781319558059663e-12 8.203150627946272137e-12 4.895076872919537597e-11 2.732475624017784657e-10 1.419575034665986828e-09 6.824256952794103226e-09 3.015535554705026505e-08 1.215418422394515819e-07 4.427511505003517389e-07 1.441714284494916308e-06 4.140679765544162962e-06 1.032081659824111195e-05 2.190901572514612671e-05 3.883573848427570766e-05 5.662337887066364571e-05 6.786390125604998462e-05 6.786390125594793409e-05 5.662337887040588342e-05 3.883573848398680166e-05 2.190901572493670290e-05 1.032081659813064361e-05 4.140679765498674751e-06 1.441714284481731817e-06 4.427511504989913511e-07 1.215418422406999497e-07 3.015535554810181675e-08 6.824256953328370912e-09 1.419575034879059248e-09 2.732475624751461290e-10 4.895076875157751979e-11 8.203150634164986901e-12 1.291781321142947814e-12 1.919331970634644730e-13 2.700575414774024080e-14 3.610358091166478471e-15 4.599852816042200110e-16 5.600594360783984474e-17 6.533038776112249467e-18 7.317208868994487205e-19 7.806081743288442352e-20 0.000000000000000000e+00
0.000000000000000000e+00 3.922882560240993548e-19 3.697118075794825656e-18 3.318183715735531944e-17 2.858482643666403102e-16 2.358217755981661960e-15 1.858326479998450724e-14 1.394827382722826259e-13 9.941027578838997643e-13 6.704599015752210992e-12 4.262966283209937529e-11 2.544733919200434759e-10 1.419575034665986828e-09 7.362404288640438515e-09 3.529436305590952621e-08 1.553633211101866377e-07 6.232219788957076095e-07 2.257918867560949638e-06 7.309820749821934166e-06 2.087419804778497612e-05 5.175858366906783823e-05 1.093908674716655258e-04 1.932356852439484326e-04 2.810189382226411375e-04 3.362869975258817056e-04 3.362869975272220506e-04 2.810189382262617765e-04 1.932356852485401101e-04 1.093908674758918407e-04 5.175858367227210966e-05 2.087419804977792945e-05 7.309820750849168290e-06 2.257918868013029333e-06 6.232219790692685780e-07 1.553633211692051406e-07 3.529436307386289907e-08 7.362404293577931704e-09 1.419575035899655988e-09 2.544733922020776851e-10 4.262966289119927164e-11 6.704599027168801902e-12 9.941027599284172043e-13 1.394827386186991163e-13 1.858326485825587633e-14 2.358217766691249837e-15 2.858482667306426125e-16 3.318183777636797599e-17 3.697118249314848981e-18 3.922883033267690965e-19 0.000000000000000000e+00
0.000000000000000000e+00 1.828768527417133295e-18 1.732879554967128140e-17 1.563414040833939779e-16 1.353379646083778309e-15 1.121476900476296858e-14 8.872149687807220844e-14 6.681390691488441217e-13 4.774324149575419833e-12 3.225761270262040019e-11 2.052766240222495595e-10 1.225092408387063089e-09 6.824256952794103226e-09 3.529436305590951297e-08 1.684841301454370759e-07 7.374607310607116081e-07 2.937475234438764747e-06 1.055567178798841698e-05 3.387000644597599509e-05 9.584949574434464673e-05 2.356519004066792537e-04 4.944050780735769618e-04 8.682989983399517098e-04 1.257527884670188055e-03 1.501412913259661400e-03 1.501412913264886170e-03 1.257527884681951865e-03 8.682989983498987227e-04 4.944050780753126611e-04 2.356519004018140049e-04 9.584949573851296719e-05 3.387000644173152655e-05 1.055567178558936556e-05 2.937475233313863488e-06 7.374607306068834251e-07 1.684841299840712908e-07 3.529436300443893390e-08 6.824256937886412690e-09 1.225092404424178914e-09 2.052766230478220609e-10 3.225761247924959448e-11 4.774324101525130552e-12 6.681390593751180194e-13 8.872149498225142662e-14 1.121476865008818365e-14 1.353379581125762681e-15 1.563413922138463155e-16 1.732879334376688263e-17 1.828768110802228767e-18 0.000000000000000000e+00
0.000000000000000000e+00 7.852302557707554641e-18 7.481101367913616062e-17 6.784925744248059527e-16 5.902053157455440750e-15 4.912375130816924761e-14 3.901351347129759917e-13 2.947545217381953695e-12 2.111458362431102394e-11 1.428854186346275338e-10 9.097404737832409454e-10 5.425338167605296946e-09 3.015535554705025181e-08 1.553633211101866377e-07 7.374607310607117139e-07 3.203337053540584838e-06 1.263756448319114987e-05 4.489730316626072546e-05 1.422365556595556245e-04 3.971887579836740154e-04 9.640119482432345536e-04 1.999648205207831334e-03 3.480181757164762472e-03 5.008321640532931857e-03 5.959797881364452092e-03 5.959797881135570075e-03 5.008321639931685373e-03 3.480181756442627446e-03 1.999648204603230763e-03 9.640119478340918903e-04 3.971887577524799368e-04 1.422365555502653892e-04 4.489730312200782795e-05 1.263756446754620061e-05 3.203337048653866265e-06 7.374607297010226633e-07 1.553633207716196277e-07 3.015535547157741922e-08 5.425338152653908113e-09 9.097404712057057282e-10 1.428854182707109484e-10 2.111458359102769624e-11 2.947545219248606705e-12 3.901351366778311526e-13 4.912375196274557318e-14 5.902053326182335970e-15 6.784926129108540729e-16 7.481102186328830249e-17 7.852304200262559558e-18 0.000000000000000000e+00
0.000000000000000000e+00 3.079595777369394447e-17 2.950016870873025888e-16 2.689569846547613028e-15 2.351032767960062496e-14 1.965480280159432774e-13 1.567026055269302444e-12 1.187731041357983889e-11 8.528820348224802918e-11 5.779938390937710411e-10 3.681081108286907765e-09 2.192800841942629590e-08 1.215418422394516349e-07 6.232219788957076095e-07 2.937475234438765170e-06 1.263756448319114987e-05 4.924406337026789358e-05 1.723292040044062596e-04 5.365264734614901259e-04 1.470310022113879584e-03 3.502240141273581155e-03 7.142346656886767141e-03 1.226142501480253881e-02 1.747841972780713946e-02 2.069913122776241912e-02 2.069913122989234036e-02 1.747841973361402221e-02 1.226142502217811986e-02 7.142346663692215707e-03 3.502240146441420402e-03 1.470310025291192164e-03 5.365264750925416480e-04 1.723292047259381975e-04 4.924406365065706303e-05 1.263756458036232234e-05 2.937475264853696439e-06 6.232219875830059480e-07 1.215418445229691868e-07 2.192800897569070608e-08 3.681081234607380471e-09 5.779938659656521342e-10 8.528820885915943745e-11 1.187731142888904783e-11 1.567026236652488321e-12 1.965480587219896983e-13 2.351033260751977150e-14 2.689570595198246593e-15 2.950017942354932854e-16 3.079597187093725591e-17 0.000000000000000000e+00
0.000000000000000000e+00 1.092401491500502351e-16 1.052122519521828773e-15 9.642714051765697222e-15 8.470209240325057089e-14 7.112644924050242256e-13 5.692856869589671573e-12 4.328875979549954425e-11 3.115980737332910710e-10 2.114669897651306334e-09 1.347017817754334975e-08 8.013425970321808976e-08 4.427511505003514742e-07 2.257918867560949215e-06 1.055567178798842037e-05 4.489730316626070513e-05 1.723292040044062325e-04 5.917003487949203718e-04 1.800686443522618932e-03 4.809814003830856569e-03 1.115662593445766737e-02 2.219534946423321747e-02 3.733612466360940879e-02 5.247618336405109052e-02 6.171266360420345209e-02 6.171266359481082653e-02 5.247618333731358248e-02 3.733612462791546793e-02 2.219534942879751102e-02 1.115662590569506396e-02 4.809813985636761033e-03 1.800686433910285433e-03 5.917003444247933902e-04 1.723292022623426536e-04 4.489730254690926542e-05 1.055567158890649070e-05 2.257918809075269842e-06 4.427511346563272395e-07 8.013425571558337985e-08 1.347017723928131117e-08 2.114669690164512330e-09 3.115980304149154000e-10 4.328875122458681561e-11 5.692855257216988198e-12 7.112642032263283562e-13 8.470204284656768944e-14 9.642705922881149584e-15 1.052121242045963216e-15 1.092399596781618921e-16 0.000000000000000000e+00
0.000000000000000000e+00 3.464470316400485089e-16 3.354588379915201241e-15 3.090438879746722468e-14 2.727831169534582798e-13 2.300781777379692429e-12 1.848716891141371885e-11 1.410365499232831830e-10 1.017700603704263982e-09 6.916763231010848751e-09 4.406827803789961296e-08 2.618077139063198028e-07 1.441714284494915249e-06 7.309820749821932472e-06 3.387000644597600187e-05 1.422365556595555432e-04 5.365264734614903427e-04 1.800686443522619799e-03 5.325942985006667553e-03 1.375601370320774820e-02 3.076384779963244748e-02 5.906953455118126722e-02 9.644250083592220690e-02 1.327504588127866869e-01 1.545238970828910763e-01 1.545238970986738680e-01 1.327504588630738780e-01 9.644250090917551310e-02 5.906953463154222123e-02 3.076384786904930169e-02 1.375601374668178334e-02 5.325943008121457149e-03 1.800686454027714207e-03 5.365264776354170635e-04 1.422365571403133881e-04 3.387000692184594889e-05 7.309820889991022355e-06 1.441714322717613902e-06 2.618077236375188037e-07 4.406828036759407916e-08 6.916763758667546664e-09 1.017700717344029566e-09 1.410365732924991466e-10 1.848717351552676078e-11 2.300782648679238668e-12 2.727832756515892094e-13 3.090441665841583121e-14 3.354593097400230178e-15 3.464477891606083557e-16 0.000000000000000000e+00
0.000000000000000000e+00 9.690998366632459088e-16 9.432096621620227398e-15 8.733069892252405107e-14 7.744822034961162249e-13 6.560723508052791014e-12 5.292031661554298713e-11 4.050419677482753718e-10 2.930071025620647170e-09 1.994518250079677134e-08 1.271199746826797574e-07 7.543152189127645685e-07 4.140679765544162115e-06 2.087419804778498629e-05 9.584949574434463318e-05 3.971887579836739612e-04 1.470310022113879367e-03 4.809814003830856569e-03 1.375601370320774820e-02 3.407371652817203778e-02 7.262102483258278673e-02 1.327393409351091125e-01 2.076163168689009186e-01 2.771778767487628747e-01 3.178241361131297626e-01 3.178241361336335280e-01 2.771778767877406402e-01 2.076163169055769697e-01 1.327393409566036409e-01 7.262102484670716895e-02 3.407371654569071179e-02 1.375601371398868858e-02 4.809814010015617605e-03 1.470310025115418489e-03 3.971887592457449753e-04 9.584949621689141245e-05 2.087419820745595522e-05 4.140679814708655561e-06 7.543152328100234403e-07 1.271199783081542281e-07 1.994518337700446151e-08 2.930071222314863343e-09 4.050420088228953520e-10 5.292032459652760227e-11 6.560724948837213036e-12 7.744824441485076340e-13 8.733073578087396515e-14 9.432101702867817894e-15 9.691004358554920713e-16 0.000000000000000000e+00
0.000000000000000000e+00 2.353997595775836053e-15 2.302113965451697422e-14 2.141506261744710938e-13 1.907593780774051579e-12 1.622577907451026609e-11 1.313635773378002601e-10 1.008607661698169551e-09 7.314403398377262448e-09 4.987067821276862829e-08 3.180161947958788765e-07 1.885370761568161016e-06 1.032081659824111026e-05 5.175858366906787889e-05 2.356519004066792266e-04 9.640119482432342284e-04 3.502240141273581155e-03 1.115662593445767084e-02 3.076384779963243360e-02 7.262102483258278673e-02 1.458985075378060881e-01 2.500756340314370663e-01 3.688720720411056142e-01 4.718037341385800665e-01 5.295498514181595784e-01 5.295498513481060598e-01 4.718037339472643255e-01 3.688720717697933638e-01 2.500756337287520226e-01 1.458985072614692735e-01 7.262102464146182046e-02 3.076384769791976753e-02 1.115662588516276414e-02 3.502240120276463482e-03 9.640119400081744588e-04 2.356518973784649642e-04 5.175858261876601816e-05 1.032081625440065190e-05 1.885370655586754275e-06 3.180161641223922834e-07 4.987066988818417760e-08 7.314401279543391552e-09 1.008607155224284995e-09 1.313634633991753285e-10 1.622575488948840567e-11 1.907588923863913209e-12 2.141497008787241579e-13 2.302097207240927849e-14 2.353969219554810698e-15 0.000000000000000000e+00
0.000000000000000000e+00 4.881194871867018259e-15 4.793573146401033273e-14 4.477430134721193174e-13 4.003886502390690321e-12 3.417992743630735649e-11 2.776267507574854759e-10 2.137662422415896231e-09 1.553755187463113923e-08 1.061016322150113541e-07 6.770058758639122664e-07 4.011200953288697827e-06 2.190901572514612671e-05 1.093908674716655664e-04 4.944050780735771786e-04 1.999648205207830466e-03 7.142346656886768008e-03 2.219534946423324176e-02 5.906953455118129498e-02 1.327393409351091125e-01 2.500756340314370108e-01 3.979004100733962157e-01 5.467587970798104546e-01 6.631053115006905196e-01 7.244185264927409662e-01 7.244185263774224337e-01 6.631053112260747451e-01 5.467587967637159707e-01 3.979004097965904152e-01 2.500756337963312981e-01 1.327393407317863649e-01 5.906953441891437534e-02 2.219534940209303212e-02 7.142346633804322331e-03 1.999648199760688163e-03 4.944050780634700291e-04 1.093908682955047729e-04 2.190901627572354281e-05 4.011201204656105314e-06 6.770059697140942902e-07 1.061016626693587579e-07 1.553756072636362635e-08 2.137664769029519227e-09 2.776273251748518957e-10 3.418005844576641690e-11 4.003914537302866709e-12 4.477486739287471643e-13 4.793681413702635221e-14 4.881387876832256275e-15 0.000000000000000000e+00
0.000000000000000000e+00 8.497222445428923401e-15 8.371594155719089847e-14 7.844202415368423679e-13 7.035643583993810947e-12 6.022905228512873433e-11 4.904499899384612303e-10 3.784641117603478161e-09 2.755702651393289462e-08 1.884053913074608508e-07 1.202733884649418074e-06 7.122669919861798688e-06 3.883573848427570089e-05 1.932356852439484868e-04 8.682989983399522519e-04 3.480181757164762905e-03 1.226142501480254228e-02 3.733612466360938104e-02 9.644250083592219303e-02 2.076163168689009741e-01 3.688720720411053366e-01 5.467587970798101216e-01 7.013538950906640368e-01 8.076850733951862482e-01 8.593024614602842171e-01 8.593024615604235583e-01 8.076850736927889685e-01 7.013538955703401134e-01 5.467587977167317481e-01 3.688720726744864065e-01 2.076163172846308413e-01 9.644250101828633071e-02 3.733612471407479760e-02 1.226142501360210843e-02 3.480181744911083931e-03 8.682989891328553615e-04 1.932356804606523860e-04 3.883573645727553080e-05 7.122669176610451142e-06 1.202733641613665308e-06 1.884053191190930617e-07 2.755700678846050492e-08 3.784636112391090582e-09 4.904488019178467125e-10 6.022878695056751793e-11 7.035587549129222479e-12 7.844090054586093062e-13 8.371379626156145107e-14 8.496838832743656303e-15 0.000000000000000000e+00
0.000000000000000000e+00 1.227057637676818967e-14 1.211291864013152948e-13 1.137154444771627830e-12 1.021774655390787686e-11 8.761432428974081518e-11 7.144998052545683735e-10 5.520387748910777985e-09 4.023336017179038761e-08 2.752273751105266994e-07 1.757110385515546771e-06 1.039979099061398080e-05 5.662337887066363215e-05 2.810189382226410833e-04 1.257527884670188055e-03 5.008321640532932724e-03 1.747841972780713946e-02 5.247618336405109746e-02 1.327504588127867147e-01 2.771778767487627082e-01 4.718037341385804551e-01 6.631053115006904086e-01 8.076850733951860262e-01 8.946866281696246315e-01 9.330840087738009325e-01 9.330840093106039790e-01 8.946866296063649138e-01 8.076850753726948495e-01 6.631053137491103033e-01 4.718037363167144616e-01 2.771778784385017791e-01 1.327504598389067092e-01 5.247618385022627396e-02 1.747841991474166287e-02 5.008321693851987624e-03 1.257527893278274737e-03 2.810189366217819354e-04 5.662337677287840266e-05 1.039978987923082597e-05 1.757109941205661757e-06 2.752272247737154152e-07 4.023331512756744815e-08 5.520375508590650885e-09 7.144967432138604663e-10 8.761361177616122923e-11 1.021759113934028676e-11 1.137122475982059803e-12 1.211229587432732802e-13 1.226944655908472694e-14 0.000000000000000000e+00
0.000000000000000000e+00 1.468192752749304301e-14 1.450395093718184045e-13 1.362569377816371627e-12 1.225086511155797647e-11 1.051050435216404773e-10 8.575190244299694204e-10 6.627515742374790383e-09 4.831037460417357364e-08 3.304723481274688910e-07 2.109239974470595430e-06 1.247667075164015765e-05 6.786390125604999817e-05 3.362869975258816514e-04 1.501412913259661183e-03 5.959797881364452092e-03 2.069913122776240871e-02 6.171266360420343128e-02 1.545238970828909375e-01 3.178241361131297071e-01 5.295498514181592453e-01 7.244185264927401890e-01 8.593024614602836619e-01 9.330840087738002664e-01 9.632168387025329404e-01 9.632168396562749146e-01 9.330840113358919163e-01 8.593024649785323543e-01 7.244185304165197126e-01 5.295498552643870260e-01 3.178241393751750077e-01 1.545238994256286635e-01 6.171266501693242756e-02 2.069913196680050679e-02 5.959798221780842481e-03 1.501413052643005893e-03 3.362870490196692382e-04 6.786391858709942199e-05 1.247667611372319204e-05 2.109241511278771230e-06 3.304727588475714149e-07 4.831047754647949582e-08 6.627540060149867245e-09 8.575244622589393324e-10 1.051061989956325211e-10 1.225109920771359423e-11 1.362614732929808633e-12 1.450479285315683218e-13 1.468340107085948775e-14 0.000000000000000000e+00
0.000000000000000000e+00 1.468192752710414089e-14 1.450395093713530902e-13 1.362569377816095967e-12 1.225086511155747726e-11 1.051050435216431656e-10 8.575190244299680762e-10 6.627515742374775494e-09 4.831037460417023183e-08 3.304723481274865198e-07 2.109239974471238328e-06 1.247667075163562602e-05 6.786390125594796120e-05 3.362869975272218879e-04 1.501412913264886604e-03 5.959797881135570942e-03 2.069913122989235077e-02 6.171266359481077796e-02 1.545238970986737292e-01 3.178241361336334170e-01 5.295498513481058378e-01 7.244185263774226557e-01 8.593024615604233363e-01 9.330840093106028688e-01 9.632168396562750257e-01 9.632168408644546931e-01 9.330840126183275185e-01 8.593024662127519697e-01 7.244185315973376005e-01 5.295498565420984072e-01 3.178241408179500738e-01 1.545239008660423963e-01 6.171266620735853942e-02 2.069913278151867125e-02 5.959798692450333710e-03 1.501413287003163909e-03 3.362871514599612187e-04 6.786395850033297465e-05 1.247669015175939116e-05 2.109246015172968589e-06 3.304740885965424614e-07 4.831084152021998907e-08 6.627633007950455059e-09 8.575467285618789998e-10 1.051112265856755614e-10 1.225217364950790909e-11 1.362832859967101875e-12 1.450901006356324599e-13 1.469103143628090476e-14 0.000000000000000000e+00
0.000000000000000000e+00 1.227057637573469511e-14 1.211291864000824251e-13 1.137154444770859416e-12 1.021774655390676372e-11 8.761432428974678639e-11 7.144998052545682701e-10 5.520387748910697749e-09 4.023336017178189081e-08 2.752273751105769390e-07 1.757110385517185357e-06 1.039979099060126176e-05 5.662337887040586986e-05 2.810189382262617765e-04 1.257527884681951648e-03 5.008321639931683639e-03 1.747841973361403262e-02 5.247618333731360329e-02 1.327504588630737670e-01 2.771778767877405847e-01 4.718037339472642699e-01 6.631053112260741900e-01 8.076850736927884133e-01 8.946866296063642476e-01 9.330840113358906951e-01 9.330840126183274075e-01 8.946866331890265256e-01 8.076850789419337540e-01 6.631053172294801845e-01 4.718037400065436815e-01 2.771778824920653750e-01 1.327504638342883181e-01 5.247618714470850959e-02 1.747842217472183463e-02 5.008323004635839744e-03 1.257528548800426272e-03 2.810192243811006417e-04 5.662348934424677409e-05 1.039982962149863361e-05 1.757122736752304990e-06 2.752310150176906399e-07 4.023435579387425020e-08 5.520642044222980018e-09 7.145607729523235965e-10 8.762810829689548345e-11 1.022069726041622005e-11 1.137754661543774304e-12 1.212454857858949772e-13 1.229166676296493707e-14 0.000000000000000000e+00
0.000000000000000000e+00 8.497222444088830161e-15 8.371594155560744638e-14 7.844202415357211504e-13 7.035643583993249531e-12 6.022905228513106078e-11 4.904499899384848050e-10 3.784641117603213463e-09 2.755702651392359049e-08 1.884053913075305192e-07 1.202733884651298487e-06 7.122669919844480252e-06 3.883573848398681522e-05 1.932356852485401914e-04 8.682989983498987227e-04 3.480181756442627446e-03 1.226142502217811812e-02 3.733612462791546099e-02 9.644250090917552698e-02 2.076163169055769697e-01 3.688720717697932527e-01 5.467587967637160817e-01 7.013538955703401134e-01 8.076850753726948495e-01 8.593024649785315772e-01 8.593024662127517477e-01 8.076850789419337540e-01 7.013539010475822177e-01 5.467588031626847700e-01 3.688720783121158808e-01 2.076163232673581271e-01 9.644250680114664631e-02 3.733612945219033641e-02 1.226142826514084634e-02 3.480183637237359209e-03 8.682999399390399064e-04 1.932361000186717890e-04 3.883590146810799598e-05 7.122727743567999920e-06 1.202752597178390688e-06 1.884109629299198327e-07 2.755856415097259037e-08 3.785036934973214326e-09 4.905455506241237520e-10 6.025079312168241462e-11 7.040324186838272502e-12 7.853773368935614092e-13 8.390228947917897778e-14 8.531159784393310356e-15 0.000000000000000000e+00
0.000000000000000000e+00 4.881194870563108491e-15 4.793573146249933594e-14 4.477430134708131152e-13 4.003886502391761455e-12 3.417992743629926563e-11 2.776267507575584229e-10 2.137662422415314723e-09 1.553755187462532911e-08 1.061016322150820946e-07 6.770058758653582576e-07 4.011200953270976204e-06 2.190901572493670967e-05 1.093908674758918001e-04 4.944050780753124442e-04 1.999648204603230763e-03 7.142346663692209635e-03 2.219534942879750408e-02 5.906953463154226286e-02 1.327393409566036409e-01 2.500756337287520781e-01 3.979004097965907483e-01 5.467587977167325253e-01 6.631053137491113025e-01 7.244185304165201567e-01 7.244185315973373784e-01 6.631053172294805176e-01 5.467588031626847700e-01 3.979004162383495968e-01 2.500756404405059530e-01 1.327393477022586477e-01 5.906954110209094305e-02 2.219535486102436686e-02 7.142350380668479812e-03 1.999650384646408426e-03 4.944061790821715867e-04 1.093913558131664841e-04 2.190920873102920890e-05 4.011269778118615411e-06 6.770282520381094220e-07 1.061083235492602418e-07 1.553940611374062782e-08 2.138141622150808560e-09 2.777428841167179757e-10 3.420644709850775795e-11 4.009616755251693954e-12 4.489189377537020718e-13 4.816549205386331105e-14 4.923174905065259101e-15 0.000000000000000000e+00
0.000000000000000000e+00 2.353997594713259740e-15 2.302113965331833162e-14 2.141506261731952344e-13 1.907593780776561394e-12 1.622577907449296638e-11 1.313635773379144886e-10 1.008607661697362430e-09 7.314403398375667644e-09 4.987067821282629932e-08 3.180161947967327916e-07 1.885370761553182509e-06 1.032081659813064530e-05 5.175858367227210288e-05 2.356519004018139778e-04 9.640119478340919987e-04 3.502240146441419101e-03 1.115662590569506743e-02 3.076384786904931209e-02 7.262102484670721059e-02 1.458985072614694400e-01 2.500756337963315756e-01 3.688720726744865175e-01 4.718037363167148501e-01 5.295498552643875811e-01 5.295498565420984072e-01 4.718037400065437370e-01 3.688720783121157143e-01 2.500756404405058975e-01 1.458985142486607656e-01 7.262103188978187573e-02 3.076385451629686657e-02 1.115663136351687998e-02 3.502243836545636518e-03 9.640140902887983729e-04 2.356529757116870773e-04 5.175905876448928393e-05 1.032100397622677610e-05 1.885437527810589411e-06 3.180379063468987787e-07 4.987717707560194958e-08 7.316207086283320314e-09 1.009074728624728158e-09 1.314770367671947309e-10 1.625175643442015311e-11 1.913222919926863612e-12 2.153093154862560044e-13 2.324825343101176384e-14 2.395622346253252312e-15 0.000000000000000000e+00
0.000000000000000000e+00 9.690998358947139491e-16 9.432096620785390101e-15 8.733069892142955390e-14 7.744822034993748642e-13 6.560723508030312542e-12 5.292031661568188239e-11 4.050419677473723490e-10 2.930071025622112934e-09 1.994518250083057986e-08 1.271199746831096531e-07 7.543152189025930792e-07 4.140679765498677292e-06 2.087419804977792606e-05 9.584949573851300785e-05 3.971887577524800452e-04 1.470310025291192597e-03 4.809813985636759298e-03 1.375601374668177120e-02 3.407371654569071179e-02 7.262102464146186209e-02 1.327393407317864482e-01 2.076163172846309524e-01 2.771778784385017236e-01 3.178241393751750077e-01 3.178241408179500183e-01 2.771778824920652640e-01 2.076163232673580439e-01 1.327393477022585921e-01 7.262103188978187573e-02 3.407372358238758281e-02 1.375602001086777271e-02 4.809818858006472721e-03 1.470313211588729612e-03 3.971905624505893688e-04 9.585038672619136592e-05 2.087458734125823719e-05 4.140832178385949571e-06 7.543692753933007587e-07 1.271375067682712360e-07 1.995042425310179864e-08 2.931525768052249479e-09 4.054189895766499247e-10 5.301204108143822073e-11 6.581767568761424770e-12 7.790536338237796183e-13 8.827432899591715472e-14 9.617629443043247239e-15 1.003209520691843511e-15 0.000000000000000000e+00
0.000000000000000000e+00 3.464470311330214248e-16 3.354588379389365888e-15 3.090438879663045152e-14 2.727831169566285666e-13 2.300781777357625529e-12 1.848716891154795475e-11 1.410365499224630335e-10 1.017700603706950044e-09 6.916763231023792473e-09 4.406827803808883880e-08 2.618077139006772928e-07 1.441714284481731817e-06 7.309820750849167443e-06 3.387000644173155365e-05 1.422365555502654976e-04 5.365264750925419733e-04 1.800686433910283265e-03 5.325943008121455415e-03 1.375601371398868164e-02 3.076384769791977447e-02 5.906953441891437534e-02 9.644250101828631683e-02 1.327504598389067370e-01 1.545238994256285248e-01 1.545239008660422297e-01 1.327504638342883458e-01 9.644250680114672958e-02 5.906954110209091530e-02 3.076385451629685963e-02 1.375602001086777097e-02 5.325948247770816504e-03 1.800690263995991490e-03 5.365288765308438759e-04 1.422378733642765429e-04 3.387064289748574865e-05 7.310094585304299818e-06 1.441820363906183345e-06 2.618450706801142414e-07 4.408033914879892687e-08 6.920359927282184954e-09 1.018697680899003477e-09 1.412949669853943576e-10 1.855009648778680174e-11 2.315242659592461015e-12 2.759313975888244712e-13 3.155598414881166516e-14 3.483090446056786351e-15 3.701454279856364250e-16 0.000000000000000000e+00
0.000000000000000000e+00 1.092401488464988267e-16 1.052122519220049836e-15 9.642714051212118815e-15 8.470209240563295607e-14 7.112644923883600502e-13 5.692856869690402623e-12 4.328875979490880158e-11 3.115980737356689568e-10 2.114669897653492986e-09 1.347017817761699529e-08 8.013425970056473258e-08 4.427511504989915099e-07 2.257918868013029333e-06 1.055567178558937403e-05 4.489730312200781439e-05 1.723292047259382246e-04 5.917003444247927397e-04 1.800686454027712905e-03 4.809814010015615003e-03 1.115662588516276588e-02 2.219534940209303558e-02 3.733612471407478373e-02 5.247618385022630172e-02 6.171266501693239981e-02 6.171266620735845615e-02 5.247618714470849571e-02 3.733612945219034335e-02 2.219535486102436339e-02 1.115663136351687824e-02 4.809818858006469251e-03 1.800690263995991273e-03 5.917029798137906976e-04 1.723307904715628517e-04 4.489814569663794393e-05 1.055606924410847216e-05 2.258086976358174878e-06 4.428154845354400394e-07 8.015672415752025459e-08 1.347739008818349412e-08 2.116812972899235838e-09 3.121910758385180697e-10 4.344236587948323213e-11 5.730279611255875398e-12 7.198755026411399205e-13 8.658048027070272897e-14 1.003245469129724616e-14 1.129209477529414609e-15 1.235003555202533679e-16 0.000000000000000000e+00
0.000000000000000000e+00 3.079595760458898766e-17 2.950016869253983543e-16 2.689569846218328287e-15 2.351032768114330872e-14 1.965480280050359186e-13 1.567026055335709740e-12 1.187731041319844078e-11 8.528820348395611837e-11 5.779938390917677131e-10 3.681081108316603962e-09 2.192800841832838238e-08 1.215418422406999762e-07 6.232219790692686838e-07 2.937475233313864759e-06 1.263756446754619553e-05 4.924406365065705626e-05 1.723292022623426536e-04 5.365264776354167382e-04 1.470310025115417621e-03 3.502240120276461314e-03 7.142346633804324066e-03 1.226142501360210323e-02 1.747841991474166634e-02 2.069913196680049985e-02 2.069913278151864350e-02 1.747842217472182422e-02 1.226142826514083940e-02 7.142350380668476342e-03 3.502243836545635217e-03 1.470313211588729395e-03 5.365288765308440927e-04 1.723307904715628246e-04 4.924498598373322218e-05 1.263804043233751476e-05 2.937694777068416817e-06 6.233132806557779115e-07 1.215763502438735459e-07 2.193995076738123182e-08 3.684891384444316140e-09 5.791215506270456486e-10 8.559953022319800946e-11 1.195787817936071897e-11 1.586657703624879838e-12 2.010699969227530385e-13 2.449847872992394187e-14 2.895080216933025610e-15 3.357646358272058666e-16 3.835936855450840902e-17 0.000000000000000000e+00
0.000000000000000000e+00 7.852302471102666621e-18 7.481101359847229810e-17 6.784925742502167363e-16 5.902053158313254409e-15 4.912375130206956052e-14 3.901351347502191122e-13 2.947545217171776714e-12 2.111458362529280331e-11 1.428854186324621042e-10 9.097404737952553302e-10 5.425338167202117535e-09 3.015535554810181013e-08 1.553633211692050876e-07 7.374607306068834251e-07 3.203337048653868806e-06 1.263756458036232743e-05 4.489730254690928575e-05 1.422365571403134152e-04 3.971887592457450295e-04 9.640119400081743504e-04 1.999648199760687296e-03 3.480181744911083931e-03 5.008321693851986757e-03 5.959798221780841614e-03 5.959798692450321567e-03 5.008323004635838009e-03 3.480183637237357908e-03 1.999650384646407125e-03 9.640140902887978308e-04 3.971905624505893146e-04 1.422378733642764887e-04 4.489814569663794393e-05 1.263804043233750968e-05 3.203576626995084394e-06 7.375690698901861697e-07 1.554076829044139193e-07 3.017192568006368157e-08 5.431022909719670625e-09 9.115430221584979769e-10 1.434167029230755351e-10 2.126089062393623831e-11 2.985364729538677433e-12 3.993501359546528779e-13 5.124817874459902661e-14 6.367034748681992080e-15 7.754119751947597500e-16 9.408736731950807973e-17 1.143946763580590959e-17 0.000000000000000000e+00
0.000000000000000000e+00 1.828768486261113557e-18 1.732879551203281093e-17 1.563414039994069156e-16 1.353379646508654059e-15 1.121476900171918980e-14 8.872149689678701833e-14 6.681390690439631332e-13 4.774324150078379573e-12 3.225761270115232263e-11 2.052766240277328364e-10 1.225092408251167034e-09 6.824256953328371739e-09 3.529436307386291231e-08 1.684841299840713438e-07 7.374607297010229809e-07 2.937475264853697286e-06 1.055567158890649748e-05 3.387000692184595566e-05 9.584949621689143955e-05 2.356518973784649099e-04 4.944050780634701376e-04 8.682989891328555783e-04 1.257527893278273653e-03 1.501413052643005676e-03 1.501413287003160657e-03 1.257528548800426272e-03 8.682999399390396895e-04 4.944061790821716951e-04 2.356529757116870231e-04 9.585038672619135237e-05 3.387064289748572833e-05 1.055606924410846708e-05 2.937694777068414700e-06 7.375690698901855344e-07 1.685323128720077502e-07 3.531382827702751121e-08 6.831451257834006729e-09 1.227540900923197215e-09 2.060485032528957095e-10 3.248421374997602945e-11 4.836574037055411188e-12 6.842115157724760808e-13 9.263724613641228960e-14 1.211820740758053897e-14 1.551418295321145260e-15 1.977080733096706752e-16 2.557799640336395051e-17 3.368281915446455733e-18 0.000000000000000000e+00
0.000000000000000000e+00 3.922882379247403312e-19 3.697118059405419134e-18 3.318183712052720633e-17 2.858482645557421021e-16 2.358217754619050291e-15 1.858326480840383351e-14 1.394827382253722360e-13 9.941027581110385926e-13 6.704599014993154034e-12 4.262966283451839391e-11 2.544733918779162530e-10 1.419575034879058628e-09 7.362404293577929222e-09 3.529436300443893390e-08 1.553633207716196542e-07 6.232219875830059480e-07 2.257918809075268995e-06 7.309820889991022355e-06 2.087419820745595522e-05 5.175858261876602494e-05 1.093908682955047594e-04 1.932356804606525215e-04 2.810189366217816643e-04 3.362870490196691840e-04 3.362871514599610561e-04 2.810192243811008585e-04 1.932361000186716264e-04 1.093913558131664706e-04 5.175905876448929071e-05 2.087458734125825075e-05 7.310094585304297277e-06 2.258086976358172760e-06 6.233132806557774880e-07 1.554076829044137605e-07 3.531382827702751121e-08 7.370180065209629135e-09 1.422423095441707385e-09 2.554359408736252087e-10 4.293153856353262819e-11 6.792903956766963575e-12 1.018307396450341651e-12 1.457256109843591878e-13 2.010412465065785451e-14 2.709380794160026937e-15 3.629394787130781364e-16 4.931843978103861792e-17 6.923376177522070934e-18 9.960911517108683256e-19 0.000000000000000000e+00
0.000000000000000000e+00 7.806081580286186692e-20 7.317208914275081979e-19 6.533038742049304913e-18 5.600594330878732245e-17 4.599852782745130719e-16 3.610358078600778587e-15 2.700575404744557603e-14 1.919331967834979397e-13 1.291781319218108424e-12 8.203150628986711866e-12 4.895076871680842384e-11 2.732475624751460773e-10 1.419575035899655368e-09 6.824256937886410209e-09 3.015535547157741922e-08 1.215418445229692132e-07 4.427511346563273983e-07 1.441714322717614113e-06 4.140679814708656408e-06 1.032081625440065698e-05 2.190901627572353264e-05 3.883573645727559178e-05 5.662337677287840944e-05 6.786391858709940844e-05 6.786395850033294754e-05 5.662348934424681475e-05 3.883590146810800276e-05 2.190920873102921229e-05 1.032100397622677610e-05 4.140832178385953806e-06 1.441820363906183345e-06 4.428154845354398806e-07 1.215763502438735724e-07 3.017192568006366834e-08 6.831451257834006729e-09 1.422423095441707178e-09 2.742830226455170238e-10 4.929868307371830008e-11 8.311788817550160378e-12 1.323464004518044939e-12 2.006014248051455132e-13 2.923963057293051620e-14 4.154605044910771136e-15 5.857573357437585355e-16 8.365872875643048075e-17 1.233339351988690944e-17 1.894404761487939947e-18 2.962701169707515124e-19 0.000000000000000000e+00
0.000000000000000000e+00 1.449780278472849684e-20 1.351670100695092660e-19 1.200515597689616553e-18 1.024131014663543807e-17 8.373337869118168275e-17 6.545260079878887139e-16 4.878315693035886962e-15 3.456557346802066110e-14 2.320784749971455451e-13 1.471225891097562804e-12 8.770763185651216497e-12 4.895076875157751333e-11 2.544733922020776334e-10 1.225092404424179534e-09 5.425338152653911421e-09 2.192800897569070608e-08 8.013425571558343279e-08 2.618077236375187508e-07 7.543152328100242873e-07 1.885370655586755758e-06 4.011201204656103620e-06 7.122669176610464694e-06 1.039978987923082597e-05 1.247667611372319543e-05 1.247669015175938777e-05 1.039982962149863530e-05 7.122727743568001614e-06 4.011269778118614564e-06 1.885437527810588987e-06 7.543692753933009705e-07 2.618450706801144002e-07 8.015672415752025459e-08 2.193995076738123513e-08 5.431022909719668144e-09 1.227540900923198249e-09 2.554359408736253121e-10 4.929868307371830654e-11 8.887120823189916242e-12 1.507432944385645743e-12 2.426124799857514010e-13 3.744359970798114058e-14 5.619633852868206215e-15 8.351882324639329754e-16 1.255246319858208274e-16 1.944446809141728029e-17 3.135078499008435430e-18 5.239621368324906112e-19 8.767100290887438180e-20 0.000000000000000000e+00
0.000000000000000000e+00 2.526466188869401284e-21 2.342796525971039167e-20 2.069885792625968660e-19 1.757028880280300493e-18 1.429934594966081169e-17 1.113031855482208312e-16 8.264246085249684386e-16 5.836336124704751056e-15 3.907739270189299642e-14 2.471802367158424210e-13 1.471225889750013693e-12 8.203150634164985286e-12 4.262966289119926517e-11 2.052766230478220867e-10 9.097404712057064520e-10 3.681081234607382125e-09 1.347017723928132110e-08 4.406828036759405931e-08 1.271199783081542546e-07 3.180161641223925481e-07 6.770059697140943960e-07 1.202733641613667426e-06 1.757109941205663451e-06 2.109241511278771654e-06 2.109246015172967319e-06 1.757122736752305202e-06 1.202752597178391535e-06 6.770282520381094220e-07 3.180379063468986728e-07 1.271375067682712624e-07 4.408033914879895334e-08 1.347739008818349081e-08 3.684891384444315726e-09 9.115430221584978735e-10 2.060485032528957871e-10 4.293153856353260881e-11 8.311788817550157146e-12 1.507432944385646147e-12 2.584177380673609103e-13 4.234122312727832100e-14 6.727266344558912392e-15 1.055879958203505484e-15 1.672538530915425626e-16 2.725733133380617086e-17 4.615569719421413288e-18 8.092161253407323689e-19 1.447824924506950635e-19 2.543115778381931580e-20 0.000000000000000000e+00
0.000000000000000000e+00 4.150222045095933084e-22 3.827681148649185883e-21 3.363897173706502107e-20 2.841109205706636872e-19 2.301289579695735253e-18 1.783435795841546251e-17 1.318900663934498170e-16 9.280839396864825827e-16 6.194457818216996544e-15 3.907739280016550146e-14 2.320784748861662706e-13 1.291781321142948420e-12 6.704599027168801095e-12 3.225761247924962033e-11 1.428854182707111294e-10 5.779938659656520308e-10 2.114669690164515225e-09 6.916763758667543355e-09 1.994518337700446151e-08 4.987066988818421068e-08 1.061016626693588373e-07 1.884053191190932206e-07 2.752272247737156269e-07 3.304727588475716267e-07 3.304740885965420378e-07 2.752310150176905870e-07 1.884109629299200709e-07 1.061083235492602021e-07 4.987717707560192973e-08 1.995042425310180856e-08 6.920359927282189917e-09 2.116812972899237492e-09 5.791215506270458554e-10 1.434167029230755868e-10 3.248421374997605530e-11 6.792903956766965998e-12 1.323464004518045141e-12 2.426124799857514515e-13 4.234122312727833363e-14 7.141440607665917789e-15 1.186491806721496984e-15 1.984608100876976190e-16 3.408124784691282515e-17 6.069351800885268831e-18 1.116939632847134070e-18 2.095113756976055351e-19 3.936556530946980465e-20 7.142127625412575410e-21 0.000000000000000000e+00
0.000000000000000000e+00 6.452588944727258220e-23 5.918713691641554259e-22 5.173730561052075013e-21 4.347334350220543063e-20 3.504270241660237034e-19 2.703359566193612772e-18 1.990757400496971651e-17 1.395414961191463141e-16 9.280839308120849388e-16 5.836336127861269106e-15 3.456557337058803418e-14 1.919331970634645235e-13 9.941027599284170023e-13 4.774324101525132168e-12 2.111458359102771886e-11 8.528820885915945038e-11 3.115980304149156585e-10 1.017700717344029566e-09 2.930071222314863757e-09 7.314401279543394861e-09 1.553756072636362635e-08 2.755700678846053801e-08 4.023331512756750109e-08 4.831047754647954876e-08 4.831084152021997584e-08 4.023435579387424358e-08 2.755856415097262015e-08 1.553940611374063113e-08 7.316207086283320314e-09 2.931525768052252788e-09 1.018697680899004718e-09 3.121910758385183282e-10 8.559953022319809993e-11 2.126089062393624801e-11 4.836574037055416035e-12 1.018307396450342459e-12 2.006014248051458161e-13 3.744359970798115952e-14 6.727266344558915547e-15 1.186491806721497182e-15 2.100676837905340671e-16 3.808935750531120177e-17 7.146075439814442408e-18 1.382535644679284579e-18 2.720763021807018139e-19 5.357072114778019150e-20 1.039952285392799859e-20 1.926672902004098520e-21 0.000000000000000000e+00
0.000000000000000000e+00 9.529155710289747962e-24 8.692763498947307014e-23 7.557416447671903248e-22 6.317176983141468153e-21 5.066749301020442057e-20 3.890248200887777569e-19 2.852008619655560725e-18 1.990757460041868182e-17 1.318900658132534434e-16 8.264246154702447028e-16 4.878315685127408081e-15 2.700575414774024396e-14 1.394827386186991668e-13 6.681390593751184233e-13 2.947545219248609936e-12 1.187731142888905106e-11 4.328875122458684792e-11 1.410365732924991207e-10 4.050420088228955071e-10 1.008607155224284995e-09 2.137664769029517573e-09 3.784636112391093890e-09 5.520375508590656675e-09 6.627540060149875517e-09 6.627633007950454232e-09 5.520642044222981672e-09 3.785036934973217635e-09 2.138141622150809800e-09 1.009074728624728158e-09 4.054189895766500281e-10 1.412949669853945644e-10 4.344236587948327090e-11 1.195787817936072866e-11 2.985364729538678644e-12 6.842115157724761817e-13 1.457256109843592635e-13 2.923963057293055406e-14 5.619633852868208581e-15 1.055879958203505484e-15 1.984608100876976190e-16 3.808935750531120793e-17 7.544640629832693927e-18 1.537453450788041483e-18 3.179872136800541736e-19 6.566488765603328373e-20 1.335412044831511459e-20 2.647756204643528537e-21 4.972809367237635177e-22 0.000000000000000000e+00
0.000000000000000000e+00 1.340951347215030096e-24 1.216478573332758424e-23 1.051779950278849856e-22 8.744968468913723067e-22 6.978058572286196142e-21 5.331442505408515830e-20 3.890247878149296285e-19 2.703359614552718355e-18 1.783435743483179653e-17 1.113031862756876011e-16 6.545260031896894910e-16 3.610358091166480838e-15 1.858326485825588264e-14 8.872149498225145186e-14 3.901351366778314555e-13 1.567026236652488927e-12 5.692855257216991430e-12 1.848717351552676078e-11 5.292032459652764751e-11 1.313634633991753543e-10 2.776273251748517923e-10 4.904488019178466091e-10 7.144967432138610867e-10 8.575244622589407799e-10 8.575467285618793099e-10 7.145607729523241135e-10 4.905455506241242690e-10 2.777428841167179757e-10 1.314770367671947051e-10 5.301204108143820780e-11 1.855009648778682112e-11 5.730279611255884284e-12 1.586657703624881656e-12 3.993501359546530799e-13 9.263724613641225173e-14 2.010412465065783242e-14 4.154605044910770347e-15 8.351882324639328767e-16 1.672538530915425380e-16 3.408124784691283131e-17 7.146075439814447030e-18 1.537453450788041483e-18 3.349049167510639369e-19 7.267127787434226624e-20 1.549676956995976870e-20 3.218247588114560727e-21 6.469863814766198139e-22 1.226547506667206680e-22 0.000000000000000000e+00
0.000000000000000000e+00 1.803201332792193218e-25 1.626670226718757984e-24 1.398583777555599237e-23 1.156530368795660893e-22 9.179962005868874368e-22 6.978060024363605075e-21 5.066749007204481185e-20 3.504270551306671224e-19 2.301289507906718147e-18 1.429934631645542069e-17 8.373337814376701571e-17 4.599852816042202082e-16 2.358217766691249442e-15 1.121476865008818839e-14 4.912375196274560474e-14 1.965480587219898750e-13 7.112642032263287601e-13 2.300782648679238264e-12 6.560724948837219498e-12 1.622575488948840567e-11 3.418005844576639105e-11 6.022878695056749208e-11 8.761361177616133263e-11 1.051061989956326633e-10 1.051112265856755743e-10 8.762810829689553515e-11 6.025079312168247924e-11 3.420644709850775149e-11 1.625175643442014988e-11 6.581767568761426386e-12 2.315242659592463843e-12 7.198755026411411322e-13 2.010699969227533415e-13 5.124817874459903923e-14 1.211820740758052477e-14 2.709380794160024571e-15 5.857573357437582397e-16 1.255246319858208028e-16 2.725733133380618318e-17 6.069351800885271912e-18 1.382535644679285735e-18 3.179872136800544624e-19 7.267127787434225420e-20 1.628277290401629338e-20 3.545322817101156409e-21 7.464513785157931764e-22 1.515042100605218243e-22 2.892258187284611125e-23 0.000000000000000000e+00
0.000000000000000000e+00 2.323046347176325504e-26 2.083782234283171787e-25 1.781444661842219780e-24 1.464965012760893910e-23 1.156529829846034853e-22 8.744969926630925191e-22 6.317175490871869340e-21 4.347334831773184167e-20 2.841108945627455771e-19 1.757028938925574887e-18 1.024130996859605990e-17 5.600594360783985706e-17 2.858482667306425632e-16 1.353379581125764259e-15 5.902053326182335181e-15 2.351033260751978728e-14 8.470204284656770206e-14 2.727832756515891084e-13 7.744824441485077349e-13 1.907588923863913613e-12 4.003914537302864286e-12 7.035587549129221671e-12 1.021759113934029484e-11 1.225109920771361200e-11 1.225217364950790586e-11 1.022069726041622328e-11 7.040324186838278157e-12 4.009616755251689107e-12 1.913222919926862804e-12 7.790536338237796183e-13 2.759313975888246732e-13 8.658048027070284257e-14 2.449847872992397658e-14 6.367034748681996814e-15 1.551418295321144471e-15 3.629394787130782350e-16 8.365872875643049308e-17 1.944446809141728954e-17 4.615569719421417910e-18 1.116939632847135033e-18 2.720763021807021991e-19 6.566488765603335595e-20 1.549676956995978074e-20 3.545322817101156409e-21 7.825862235224719866e-22 1.663427204014862841e-22 3.400441616561476837e-23 6.528709829795300063e-24 0.000000000000000000e+00
0.000000000000000000e+00 2.873794917797186784e-27 2.563103134117248980e-26 2.178610570076965813e-25 1.781446745395110840e-24 1.398583361929258443e-23 1.051780617435798993e-22 7.557414169457605473e-22 5.173732088666793812e-21 3.363896718825530357e-20 2.069885960971071523e-19 1.200515577359511424e-18 6.533038776112253319e-18 3.318183777636796983e-17 1.563413922138465620e-16 6.784926129108541715e-16 2.689570595198250143e-15 9.642705922881154317e-15 3.090441665841581228e-14 8.733073578087392728e-14 2.141497008787241074e-13 4.477486739287469119e-13 7.844090054586091042e-13 1.137122475982061014e-12 1.362614732929809844e-12 1.362832859967101673e-12 1.137754661543774506e-12 7.853773368935615101e-13 4.489189377537013650e-13 2.153093154862560044e-13 8.827432899591712947e-14 3.155598414881168409e-14 1.003245469129724931e-14 2.895080216933029160e-15 7.754119751947599473e-16 1.977080733096706752e-16 4.931843978103867339e-17 1.233339351988692176e-17 3.135078499008436971e-18 8.092161253407325615e-19 2.095113756976056554e-19 5.357072114778021557e-20 1.335412044831512512e-20 3.218247588114562984e-21 7.464513785157930823e-22 1.663427204014863076e-22 3.561055974396170687e-23 7.322859904438051754e-24 1.413219251314653700e-24 0.000000000000000000e+00
0.000000000000000000e+00 3.420481600755848128e-28 3.033161774819345217e-27 2.563111180290789290e-26 2.083790203414676198e-25 1.626670572283978573e-24 1.216480530494737389e-23 8.692760055553428564e-23 5.918717590278631708e-22 3.827680339286894830e-21 2.342796918093883745e-20 1.351670090969217941e-19 7.317208868994494909e-19 3.697118249314846669e-18 1.732879334376690420e-17 7.481102186328832715e-17 2.950017942354936305e-16 1.052121242045963413e-15 3.354593097400229389e-15 9.432101702867805272e-15 2.302097207240927533e-14 4.793681413702630804e-14 8.371379626156145107e-14 1.211229587432733559e-13 1.450479285315683975e-13 1.450901006356324599e-13 1.212454857858949519e-13 8.390228947917887680e-14 4.816549205386322270e-14 2.324825343101176384e-14 9.617629443043250394e-15 3.483090446056788323e-15 1.129209477529415595e-15 3.357646358272060638e-16 9.408736731950807973e-17 2.557799640336395667e-17 6.923376177522081719e-18 1.894404761487942644e-18 5.239621368324910927e-19 1.447824924506951357e-19 3.936556530946982872e-20 1.039952285392800762e-20 2.647756204643530794e-21 6.469863814766203782e-22 1.515042100605219184e-22 3.400441616561478600e-23 7.322859904438048816e-24 1.513939767424729002e-24 2.936364460868555631e-25 0.000000000000000000e+00
0.000000000000000000e+00 3.879432699893705733e-29 3.420746470007559465e-28 2.873926327324171429e-27 2.323110450642804956e-26 1.803220704925733394e-25 1.340962468041200114e-24 9.529173534481738519e-24 6.452605487730820047e-23 4.150223146352546616e-22 2.526467743904047376e-21 1.449780539944311241e-20 7.806081743288453186e-20 3.922883033267689039e-19 1.828768110802231464e-18 7.852304200262561098e-18 3.079597187093727440e-17 1.092399596781618921e-16 3.464477891606083557e-16 9.691004358554910853e-16 2.353969219554810303e-15 4.881387876832252331e-15 8.496838832743657881e-15 1.226944655908473798e-14 1.468340107085947828e-14 1.469103143628092054e-14 1.229166676296492760e-14 8.531159784393300889e-15 4.923174905065253579e-15 2.395622346253250340e-15 1.003209520691843708e-15 3.701454279856366715e-16 1.235003555202534419e-16 3.835936855450843367e-17 1.143946763580591267e-17 3.368281915446457274e-18 9.960911517108702515e-19 2.962701169707518976e-19 8.767100290887445402e-20 2.543115778381933687e-20 7.142127625412581429e-21 1.926672902004100777e-21 4.972809367237637058e-22 1.226547506667207386e-22 2.892258187284611125e-23 6.528709829795294920e-24 1.413219251314652598e-24 2.936364460868552876e-25 5.725194182142779939e-26 0.000000000000000000e+00
0.000000000000000000e+00 0.000000000000000000e+00 0.000000000000000000e+00 0.000000000000000000e+00 0.000000000000000000e+00 0.000000000000000000e+00 0.000000000000000000e+00 0.000000000000000000e+00 0.000000000000000000e+00 0.000000000000000000e+00 0.000000000000000000e+00 0.000000000000000000e+00 0.000000000000000000e+00 0.000000000000000000e+00 0.000000000000000000e+00 0.000000000000000000e+00 0.000000000000000000e+00 0.000000000000000000e+00 0.000000000000000000e+00 0.000000000000000000e+00 0.000000000000000000e+00 0.000000000000000000e+00 0.000000000000000000e+00 0.000000000000000000e+00 0.000000000000000000e+00 0.000000000000000000e+00 0.000000000000000000e+00 0.000000000000000000e+00 0.000000000000000000e+00 0.000000000000000000e+00 0.000000000000000000e+00 0.000000000000000000e+00 0.000000000000000000e+00 0.000000000000000000e+00 0.000000000000000000e+00 0.000000000000000000e+00 0.000000000000000000e+00 0.000000000000000000e+00 0.000000000000000000e+00 0.000000000000000000e+00 0.000000000000000000e+00 0.000000000000000000e+00 0.000000000000000000e+00 0.000000000000000000e+00 0.000000000000000000e+00 0.000000000000000000e+00 0.000000000000000000e+00 0.000000000000000000e+00 0.000000000000000000e+00 0.000000000000000000e+00
