0.000000000000000000e+00 0.000000000000000000e+00 0.000000000000000000e+00 0.000000000000000000e+00 0.000000000000000000e+00 0.000000000000000000e+00 0.000000000000000000e+00 0.000000000000000000e+00 0.000000000000000000e+00 0.000000000000000000e+00 0.000000000000000000e+00 0.000000000000000000e+00 0.000000000000000000e+00 0.000000000000000000e+00 0.000000000000000000e+00 0.000000000000000000e+00 0.000000000000000000e+00 0.000000000000000000e+00 0.000000000000000000e+00 0.000000000000000000e+00 0.000000000000000000e+00 0.000000000000000000e+00 0.000000000000000000e+00 0.000000000000000000e+00 0.000000000000000000e+00 0.000000000000000000e+00 0.000000000000000000e+00 0.000000000000000000e+00 0.000000000000000000e+00 0.000000000000000000e+00 0.000000000000000000e+00 0.000000000000000000e+00 0.000000000000000000e+00 0.000000000000000000e+00 0.000000000000000000e+00 0.000000000000000000e+00 0.000000000000000000e+00 0.000000000000000000e+00 0.000000000000000000e+00 0.000000000000000000e+00 0.000000000000000000e+00 0.000000000000000000e+00 0.000000000000000000e+00 0.000000000000000000e+00 0.000000000000000000e+00 0.000000000000000000e+00 0.000000000000000000e+00 0.000000000000000000e+00 0.000000000000000000e+00 0.000000000000000000e+00
0.000000000000000000e+00 -1.350834501024624013e-33 5.911852526753031442e-33 -2.877859111659753291e-32 1.504135345463616874e-31 -8.514037476468515891e-31 5.028364288768820475e-30 -2.942208311020667162e-29 1.636644349751045419e-28 -8.429624987930253375e-28 3.953721914901246057e-27 -1.668242817136909406e-26 6.261909330399160323e-26 -2.064894136057068994e-25 5.886429378814927770e-25 -1.418064733395902797e-24 2.785897985656131208e-24 -4.181125044140421682e-24 4.110171795329287508e-24 -1.168636765499426667e-24 -2.008068807518855011e-24 -5.309117300670780412e-25 8.877556576734239843e-24 1.587879220574844159e-23 -1.694423664777004853e-23 -4.386671522486637078e-23 -8.297049345208806162e-23 -9.434425004584930894e-23 -7.414744914369145451e-23 -4.746811708057579802e-23 -2.758120433999104748e-23 -1.510220930415707633e-23 -7.707347804454058767e-24 -3.592425563416132535e-24 -1.513325951264914132e-24 -5.758161033680234367e-25 -1.988300453663722848e-25 -6.271753762629539189e-26 -1.819454646302299268e-26 -4.884693271686587373e-27 -1.220204898444482691e-27 -2.849186409155856306e-28 -6.242243543689172692e-29 -1.287019402436167986e-29 -2.502601519518318639e-30 -4.595180667052756252e-31 -7.968360395646876919e-32 -1.302785182552549533e-32 -2.007967275020039043e-33 0.000000000000000000e+00
0.000000000000000000e+00 5.911852526753034179e-33 -2.834504703809883808e-32 1.570220905084166033e-31 -9.402345018074183461e-31 5.877572765359773607e-30 -3.645735757615790783e-29 2.156412875921983682e-28 -1.186210365474034924e-27 5.975725944622378691e-27 -2.727350994381809234e-26 1.117234288372179009e-25 -4.067015550799243841e-25 1.299813131419782687e-24 -3.588996421535536314e-24 8.366616290676247528e-24 -1.587843944638708188e-23 2.305618058039751164e-23 -2.265962095231059813e-23 1.580007411425089545e-23 -3.162518238282359048e-23 1.485966632575217996e-22 -1.116527854024591312e-22 -1.542641230343703781e-22 4.699316308796707436e-22 9.026266696658480321e-22 1.638038821906675106e-21 1.801724138157027099e-21 1.317097378223942020e-21 7.283175268063758789e-22 3.373435494555149235e-22 1.418142368021225016e-22 5.702094219712483458e-23 2.229672403333719981e-23 8.391043526818645864e-24 2.985045770634612196e-24 9.907968568884126073e-25 3.050525277453195208e-25 8.704972581594191914e-26 2.306445602614782478e-26 5.689985988736929461e-27 1.310719484163966542e-27 2.826076514342336481e-28 5.712663947431487904e-29 1.083167420742787270e-29 1.924344408580869192e-30 3.191896735417709269e-31 4.903936973260461524e-32 6.866579466149119898e-33 0.000000000000000000e+00
0.000000000000000000e+00 -2.877859111659751649e-32 1.570220905084164282e-31 -9.897398099070058973e-31 6.509609104951287692e-30 -4.260423387922219188e-29 2.668472193769210963e-28 -1.560999333709687526e-27 8.404431845792615650e-27 -4.123908511011446188e-26 1.829316451647706541e-25 -7.276139631112843644e-25 2.570578698764816623e-24 -7.970103405807996574e-24 2.133967077092134239e-23 -4.820745444849719004e-23 8.892164630505848688e-23 -1.285166323517294519e-22 1.627239947875421504e-22 -3.169314832868712531e-22 1.304139609160094368e-21 -2.746605164090907527e-21 3.982982224583543345e-21 7.963285108334716587e-21 -1.314969709600087382e-21 -8.026996052235525920e-21 -2.267005855451017280e-20 -2.892402210007294042e-20 -2.208000251978957722e-20 -1.202689818362589837e-20 -5.184611732123941579e-21 -1.901663118978248297e-21 -6.295823284377711004e-22 -1.976022010870669112e-22 -6.074796251290122023e-23 -1.846988468221574779e-23 -5.501825956574494834e-24 -1.579408733882150383e-24 -4.307935599263530551e-25 -1.106511712552109657e-25 -2.664201763258356820e-26 -6.000597939113764313e-27 -1.262700424240184350e-27 -2.478249150062541495e-28 -4.520793123938959170e-29 -7.609889549749836470e-30 -1.164518092170185794e-30 -1.567331623392981552e-31 -1.668331745936001135e-32 0.000000000000000000e+00
0.000000000000000000e+00 1.504135345463613589e-31 -9.402345018074176454e-31 6.509609104951290494e-30 -4.485040252018976337e-29 2.965386814445838822e-28 -1.837429260289067831e-27 1.052171690158993608e-26 -5.517906523841226945e-26 2.631372508260038669e-25 -1.133268381379790800e-24 4.374285906796868393e-24 -1.499198712039472659e-23 4.508122300898306247e-23 -1.170340484907513168e-22 2.571458545155421303e-22 -4.700969042018513747e-22 7.884250508024397748e-22 -1.743458056605228283e-21 7.350000069421815239e-21 -2.289327249130738857e-20 6.447883146317257463e-20 -5.091274924086151600e-21 -1.607811967589737430e-20 1.539507905415529718e-19 2.440784897079067547e-19 4.404611308154029505e-19 4.853082960287174927e-19 3.508873237520047462e-19 1.857729426232700768e-19 7.771904051389779183e-20 2.712927173142144061e-20 8.250143703512390478e-21 2.271299559990443493e-21 5.870360289657406387e-22 1.471010945884664267e-22 3.651719319718608106e-23 9.029506631926624833e-24 2.203890465136145202e-24 5.226681483104092289e-25 1.185909679570450534e-25 2.542415597956049946e-26 5.097499704661733909e-27 9.457199685040755964e-28 1.598661542511279904e-28 2.390176124177212786e-29 2.933047969151871156e-30 2.176922297226496544e-31 -2.473737457263408496e-32 0.000000000000000000e+00
0.000000000000000000e+00 -8.514037476468496623e-31 5.877572765359772906e-30 -4.260423387922219188e-29 2.965386814445837028e-28 -1.939741085840333383e-27 1.176617438356418907e-26 -6.563024586109527409e-26 3.344970899889596620e-25 -1.548639200785607544e-24 6.471952912407136399e-24 -2.423319321953153538e-23 8.055143538108004360e-23 -2.348974973559075927e-22 5.931571570024329478e-22 -1.288114540792640092e-21 2.620885204176058677e-21 -6.604402701026458963e-21 2.972282309716088425e-20 -1.179749718119817872e-19 4.666805894270285436e-19 -5.846826655489317280e-19 1.213661728503169141e-18 3.098815433219061893e-18 1.608864147415876429e-18 5.687429493927891395e-19 -2.878633237115562358e-18 -5.187982767232759687e-18 -4.341202716139534880e-18 -2.422369585144898859e-18 -1.030388983276546417e-18 -3.584627015743156385e-19 -1.066384695033274232e-19 -2.803019073666399749e-20 -6.692194017455659058e-21 -1.489353012743435094e-21 -3.167966304782645537e-22 -6.582073096136190955e-23 -1.354034561749375785e-23 -2.761337028008991495e-24 -5.522735008914349405e-25 -1.063050974734889592e-25 -1.922520029187566523e-26 -3.162085457258716144e-27 -4.457083497278650372e-28 -4.509717528661122929e-29 1.660967870405316669e-31 1.734621340527168584e-30 6.467654690798022684e-31 0.000000000000000000e+00
0.000000000000000000e+00 5.028364288768824679e-30 -3.645735757615781815e-29 2.668472193769209618e-28 -1.837429260289067113e-27 1.176617438356418620e-26 -6.952204068315453125e-26 3.768651404143828831e-25 -1.864686291269889216e-24 8.376601223022527240e-24 -3.395593170165483813e-23 1.233003879000587242e-22 -3.974438808483603498e-22 1.127106825281640989e-21 -2.807420826272883179e-21 6.638271201463229463e-21 -1.885390271024392960e-20 9.169539012482167953e-20 -4.347619470316515556e-19 2.171389292397548240e-18 -4.827931518143245737e-18 1.580146644894187966e-17 1.510348617607711949e-17 2.757238508951734336e-17 6.288299918526345912e-17 7.305978809293346894e-17 9.641402712579191028e-17 8.844961194313089250e-17 5.925925571619156772e-17 3.047398206203524437e-17 1.255578030500140672e-17 4.302941812893398291e-18 1.264969313490261627e-18 3.270690977220335791e-19 7.594296101147478802e-20 1.612841251828529914e-20 3.187227392666097609e-21 5.958399122308211844e-22 1.069635519051258473e-22 1.863334798544738912e-23 3.154613221391451995e-24 5.124774027271660344e-25 7.717557956828295741e-26 9.926090683229396655e-27 8.083765188638818110e-28 -7.707516618370084626e-29 -6.029859378937003452e-29 -1.967170035779781997e-29 -5.194262525757200555e-30 0.000000000000000000e+00
0.000000000000000000e+00 -2.942208311020662677e-29 2.156412875921984579e-28 -1.560999333709687168e-27 1.052171690158993895e-26 -6.563024586109528557e-26 3.768651404143826995e-25 -1.983233587333500430e-24 9.520925805953280628e-24 -4.148321352986158875e-23 1.630610671898296350e-22 -5.741116281699836755e-22 1.799146992629917088e-21 -5.025353338983771853e-21 1.345322601700022227e-20 -4.257003822852442803e-20 2.243678118939487060e-19 -1.226156970953190515e-18 7.321361952120320265e-18 -2.268481951170666825e-17 9.879662614419135793e-17 5.623378278898770531e-18 4.694252617224688952e-16 1.230785624053641069e-15 1.270883464640359715e-15 1.188604694273905374e-15 5.340053923857391334e-16 -2.674070223618376036e-16 -4.367966258692484289e-16 -2.812678762083213927e-16 -1.253568703320811066e-16 -4.425089956581520022e-17 -1.314343719948606811e-17 -3.400930703420639879e-18 -7.846302247047175818e-19 -1.642128974628308233e-19 -3.161417912862034853e-20 -5.665714866395511381e-21 -9.547774280486620293e-22 -1.523844334853297980e-22 -2.305815836988328999e-23 -3.267360327722748349e-24 -4.148575928165439696e-25 -4.055893137404210668e-26 -5.566257858494820634e-28 1.213420569906273630e-27 4.647326073898653099e-28 1.270042543790110257e-28 3.060249890443553333e-29 0.000000000000000000e+00
0.000000000000000000e+00 1.636644349751042729e-28 -1.186210365474035104e-27 8.404431845792615650e-27 -5.517906523841224649e-26 3.344970899889594783e-25 -1.864686291269889216e-24 9.520925805953274750e-24 -4.433060777626770760e-23 1.872836071244817741e-22 -7.137231864545424294e-22 2.442450335493586232e-21 -7.531035993233131017e-21 2.242783815558147783e-20 -7.830085101949773122e-20 4.470960616640162205e-19 -2.753538507141058292e-18 1.900796564315481648e-17 -7.432610538920452327e-17 4.000359488905292376e-16 -2.618556907682019852e-16 3.791738956317150552e-15 9.800046681017076165e-15 2.215459210751770772e-14 3.076034217491402877e-14 3.127910536089630731e-14 2.833752175770582870e-14 1.627131176998908710e-14 7.743926973775890755e-15 3.333812684691860617e-15 1.273320872121481258e-15 4.233336806025009434e-16 1.227430069836040828e-16 3.141063076064533420e-17 7.194228618314602491e-18 1.493945066438002359e-18 2.844398798812937004e-19 5.012510553002885336e-20 8.238195553481575255e-21 1.269110990665597318e-21 1.832842671672068150e-22 2.455342928774630231e-23 2.937405499274831782e-24 2.744723196971535266e-25 5.907133181962402081e-27 -6.378772643742986889e-27 -2.405391303354790239e-27 -6.371993029838831534e-28 -1.491081372639221512e-28 0.000000000000000000e+00
0.000000000000000000e+00 -8.429624987930264137e-28 5.975725944622371517e-27 -4.123908511011447910e-26 2.631372508260038210e-25 -1.548639200785606993e-24 8.376601223022531648e-24 -4.148321352986154761e-23 1.872836071244816331e-22 -7.670622676527668608e-22 2.840850919332991494e-21 -9.559403391341909363e-21 3.127762163301106392e-20 -1.195792274849885375e-19 7.390488490985116662e-19 -5.052071726070416535e-18 3.941787147197402273e-17 -1.841590697624331466e-16 1.172602775942720589e-15 -1.491226184624030936e-15 1.831642359243608736e-14 4.658228342083969300e-14 2.137470672146768224e-13 5.430786347001022397e-13 6.638207323691161078e-13 6.617048427120003791e-13 4.951672681429811391e-13 1.642963626290302166e-13 1.573133740586473456e-14 -1.145479639179821528e-14 -7.793187958124765118e-15 -3.069032595308149207e-15 -9.446852964303961519e-16 -2.469897059991970084e-16 -5.691832819245534931e-17 -1.180597613037609064e-17 -2.234717168412169687e-18 -3.898834968781955926e-19 -6.315564483711042206e-20 -9.543302109080449133e-21 -1.346320493377930003e-21 -1.760800007007638201e-22 -2.079697964917218342e-23 -2.033489921384123138e-24 -1.033838908730296805e-25 2.150504854321062081e-26 9.974004117296937092e-27 2.703876504041124041e-27 6.294103323261093973e-28 0.000000000000000000e+00
0.000000000000000000e+00 3.953721914901242470e-27 -2.727350994381805216e-26 1.829316451647704705e-25 -1.133268381379790066e-24 6.471952912407129052e-24 -3.395593170165469707e-23 1.630610671898290237e-22 -7.137231864545380096e-22 2.840850919332984347e-21 -1.034335507954390053e-20 3.685136457023949681e-20 -1.534714593161942000e-19 1.026331405550443512e-18 -7.706034441739081297e-18 6.688269996256415819e-17 -3.605550770241790546e-16 2.638365506264499003e-15 -4.808665496154797033e-15 6.054768124928447551e-14 1.532329896466028592e-13 1.194517898229009583e-12 4.429381318554856874e-12 1.102265619428813009e-11 1.403142492681340933e-11 1.403056020201823755e-11 1.134504474909195987e-11 4.755923656455267297e-12 1.403720387510868885e-12 3.677133343529030206e-13 9.825291292311264041e-14 2.699769099079714642e-14 7.182772393390882437e-15 1.768433985314698206e-15 3.964771223879018900e-16 8.090193241929863236e-17 1.509956708698157072e-17 2.593060072505060116e-18 4.118414426676816497e-19 6.069529015245059095e-20 8.300710969547616399e-21 1.046520528434650465e-21 1.188767254838936529e-22 1.129581558542664227e-23 6.252885822413920653e-25 -7.961150885813376231e-26 -4.037668895004866817e-26 -1.075703559127457298e-26 -2.439042213299190028e-27 0.000000000000000000e+00
0.000000000000000000e+00 -1.668242817136910554e-26 1.117234288372177172e-25 -7.276139631112834460e-25 4.374285906796858108e-24 -2.423319321953146191e-23 1.233003879000580660e-22 -5.741116281699793497e-22 2.442450335493555011e-21 -9.559403391341715266e-21 3.685136457023903940e-20 -1.666607301322116523e-19 1.207095086445028563e-18 -9.884291642260170584e-18 9.435687739456474794e-17 -5.730433876599889990e-16 4.722412142266195987e-15 -1.094430395480718745e-14 1.476922960773221167e-13 3.769632714725713932e-13 4.377875902960667202e-12 2.108703847699106464e-11 8.656476671862537849e-11 2.241415967904747618e-10 2.801237366915683281e-10 2.802337721297380616e-10 2.222723832432846597e-10 8.471918259152628990e-11 1.986471383466993146e-11 3.044089731308090307e-12 1.980585522299891273e-13 -6.105802102433672844e-14 -3.146224173404077070e-14 -9.300612097355961388e-15 -2.210646714940441730e-15 -4.568183317916697634e-16 -8.452002938435784812e-17 -1.419019760779083603e-17 -2.174802668963619847e-18 -3.044241516425754509e-19 -3.866897544753474996e-20 -4.366870113099365872e-21 -4.125786580011446983e-22 -2.525210147357568764e-23 1.396044560338623285e-24 9.257193296610950461e-25 2.394446729882009230e-25 5.061049186839491254e-26 9.989693380932033082e-27 0.000000000000000000e+00
0.000000000000000000e+00 6.261909330399148844e-26 -4.067015550799236035e-25 2.570578698764808909e-24 -1.499198712039467369e-23 8.055143538107952638e-23 -3.974438808483560240e-22 1.799146992629876463e-21 -7.531035993232900808e-21 3.127762163300964355e-20 -1.534714593161875556e-19 1.207095086445011037e-18 -1.073177727095880869e-17 1.118000401265143122e-16 -7.519293517582448303e-16 6.880491431381896209e-15 -1.899795402411279285e-14 2.785088254880273424e-13 7.276588438755784674e-13 1.143974252364474749e-11 6.707674827560883758e-11 3.897972126292755382e-10 1.606325957539046862e-09 4.228721288696030012e-09 5.286298398449959632e-09 5.285117609058949651e-09 4.237962626059003484e-09 1.615135436110648895e-09 3.958818879304292362e-10 7.415897221108142874e-11 1.204170546988668228e-11 1.918476924858212400e-12 3.315813914826497092e-13 6.283919735601290103e-14 1.221607751959158142e-14 2.278376953990547862e-15 3.924528208100646307e-16 6.118529179565284391e-17 8.479118423470658426e-18 1.010494990559537526e-18 9.444382599596278130e-20 4.267321440770037097e-21 -8.254538359280298312e-22 -3.143930199125616263e-22 -6.915405667287716374e-23 -1.263587350968578567e-23 -2.105529410379906316e-24 -3.344360889613647864e-25 -5.243292319406584906e-26 0.000000000000000000e+00
0.000000000000000000e+00 -2.064894136057064402e-25 1.299813131419779014e-24 -7.970103405807959839e-24 4.508122300898270982e-23 -2.348974973559042073e-22 1.127106825281608263e-21 -5.025353338983550672e-21 2.242783815557960005e-20 -1.195792274849804486e-19 1.026331405550387082e-18 -9.884291642259990317e-18 1.118000401265134987e-16 -8.223580946402214098e-16 8.276721072560505950e-15 -2.612118756607818037e-14 4.184807431031113135e-13 1.138536004679381755e-12 2.251779925376630641e-11 1.542987613292435798e-10 1.154397747510613151e-09 6.521741106361046828e-09 2.777212153693513916e-08 7.496103224899746029e-08 9.315267779293399186e-08 9.316092748184027330e-08 7.492262228873936433e-08 2.773728217671120907e-08 6.496338541294629926e-09 1.122765432663388967e-09 1.534885046834040791e-10 1.666818786688664811e-11 1.251964448453133877e-12 -4.267207584010226293e-15 -2.593310982818889516e-14 -6.623577987355330215e-15 -1.169857028413904613e-15 -1.584880705346895667e-16 -1.442906761207833391e-17 9.773453228405689596e-20 4.314784181622174251e-19 1.288558822964973595e-19 2.773512741124242892e-20 5.079465643076728753e-21 8.375407557934238863e-22 1.279425197501929102e-22 1.845019054576739621e-23 2.549636661087664637e-24 3.427398415324088068e-25 0.000000000000000000e+00
0.000000000000000000e+00 5.886429378814911239e-25 -3.588996421535517213e-24 2.133967077092117489e-23 -1.170340484907491304e-22 5.931571570024147041e-22 -2.807420826272711651e-21 1.345322601699892377e-20 -7.830085101948988305e-20 7.390488490984478216e-19 -7.706034441738814748e-18 9.435687739456328116e-17 -7.519293517582400971e-16 8.276721072560488595e-15 -2.898957498660793649e-14 5.106006189878053577e-13 1.476237880511046972e-12 3.465680321550892173e-11 2.701878210791107544e-10 2.444684565341989394e-09 1.733552404885649411e-08 1.017831085814042888e-07 4.438686727880746006e-07 1.224663594989588351e-06 1.514240268536839322e-06 1.514196970272745734e-06 1.224795201916952729e-06 4.439795703303518072e-07 1.018700442852920645e-07 1.745186528233524512e-08 2.438993719217554657e-09 2.946280812599852626e-10 3.233523927447765548e-11 3.402059023324899067e-12 3.596173052516136463e-13 3.771550891761270177e-14 3.287645993796765467e-15 3.176262970667395922e-17 -8.846999318529595431e-17 -3.040211066104811514e-17 -7.325821289888265547e-18 -1.486008003688918486e-18 -2.686327115739639118e-19 -4.446064180913750355e-20 -6.845610960344428570e-21 -9.914286311147196615e-22 -1.362272050570935054e-22 -1.789115270882078948e-23 -2.258097949987010181e-24 0.000000000000000000e+00
0.000000000000000000e+00 -1.418064733395895633e-24 8.366616290676181407e-24 -4.820745444849623789e-23 2.571458545155337607e-22 -1.288114540792541539e-21 6.638271201462555388e-21 -4.257003822851804237e-20 4.470960616639755834e-19 -5.052071726070109156e-18 6.688269996256286396e-17 -5.730433876599742079e-16 6.880491431381869388e-15 -2.612118756607795318e-14 5.106006189878045499e-13 1.607360401046594266e-12 4.273188710784962527e-11 3.728440239034376995e-10 3.911100502922278580e-09 3.290317776160289204e-08 2.422349179693646896e-07 1.444407977179116891e-06 6.443988541236930668e-06 1.816051880978620069e-05 2.231725175324408904e-05 2.231742782323950175e-05 1.816015727063401475e-05 6.443717782907540904e-06 1.444172506948449557e-06 2.418936143707561526e-07 3.295376005971299853e-08 3.825668412421385783e-09 3.885855111527060189e-10 3.506451061088118527e-11 2.869746242680522936e-12 2.348682840501312334e-13 2.659236882332262816e-14 5.150638821019029837e-15 1.218196130047702479e-15 2.745556387068436038e-16 5.612861607250987293e-17 1.045329469546551901e-17 1.794156533710872722e-18 2.867555179320724571e-19 4.303714801692593256e-20 6.106621727826291889e-21 8.238513908905397876e-22 1.061946902915183360e-22 1.310331629461739585e-23 0.000000000000000000e+00
0.000000000000000000e+00 2.785897985656109902e-24 -1.587843944638678213e-23 8.892164630505537182e-23 -4.700969042018151695e-22 2.620885204175743833e-21 -1.885390271024079394e-20 2.243678118939255948e-19 -2.753538507140861847e-18 3.941787147197288258e-17 -3.605550770241654960e-16 4.722412142266137612e-15 -1.899795402411237949e-14 4.184807431031093950e-13 1.476237880511048991e-12 4.273188710784964465e-11 4.140985559366808397e-10 4.900839654565514716e-09 4.720428053030373075e-08 4.104182190672555706e-07 3.033260540768503508e-06 1.833350310197665611e-05 8.320089602567133310e-05 2.386406386965950481e-04 2.912279560684202014e-04 2.912274045573182775e-04 2.386414029639611842e-04 8.320135653440314811e-05 1.833397835326152552e-05 3.034018460553416313e-06 4.101951698610367368e-07 4.744857913569259866e-08 4.829862760562034483e-09 4.403234461778560035e-10 3.605820104717255750e-11 2.522164919929360473e-12 1.004271998255177446e-13 -1.507716755880656000e-14 -6.151441169261179905e-15 -1.475971934172470166e-15 -2.986829005282609265e-16 -5.454616464799436398e-17 -9.201007477472119332e-18 -1.450462548439202618e-18 -2.153360650965901636e-19 -3.028379254381530728e-20 -4.053928313415134865e-21 -5.186407516349727247e-22 -6.346245308066913456e-23 0.000000000000000000e+00
0.000000000000000000e+00 -4.181125044140362908e-24 2.305618058039677696e-23 -1.285166323517211294e-22 7.884250508023237300e-22 -6.604402701025574239e-21 9.169539012481138785e-20 -1.226156970953107315e-18 1.900796564315403994e-17 -1.841590697624246663e-16 2.638365506264449699e-15 -1.094430395480671729e-14 2.785088254880247676e-13 1.138536004679388823e-12 3.465680321550897343e-11 3.728440239034372342e-10 4.900839654565517198e-09 5.302093691743808253e-08 5.256894188055607822e-07 4.538532199511019483e-06 3.351898114724265453e-05 2.027280601078634576e-04 9.264828750568843314e-04 2.685060303163499910e-03 3.249958120880767475e-03 3.249959409056288155e-03 2.685059135321218697e-03 9.264824687309072349e-04 2.027274304079962840e-04 3.351783041654647828e-05 4.539169154370170559e-06 5.251359408941343241e-07 5.325345499023941758e-08 4.825969066001279286e-09 3.987141051796016391e-10 3.114510065508620859e-11 2.532202830174131528e-12 2.606100346725455672e-13 3.822238193132575857e-14 6.871177237617406824e-15 1.268697239624367699e-15 2.240313451371664126e-16 3.721131176450800887e-17 5.813710778076950016e-18 8.577554774861470704e-19 1.200480040078711705e-19 1.600456242618996368e-20 2.039909990170672917e-21 2.486865720054099615e-22 0.000000000000000000e+00
0.000000000000000000e+00 4.110171795329259590e-24 -2.265962095230951079e-23 1.627239947875186405e-22 -1.743458056605104903e-21 2.972282309715706248e-20 -4.347619470316308519e-19 7.321361952119901183e-18 -7.432610538920056664e-17 1.172602775942685287e-15 -4.808665496154455456e-15 1.476922960773198953e-13 7.276588438755903824e-13 2.251779925376631288e-11 2.701878210791102374e-10 3.911100502922284370e-09 4.720428053030370428e-08 5.256894188055609940e-07 5.151509483939463221e-06 4.393460175333958417e-05 3.179679106844309692e-04 1.884277936811551901e-03 8.501625379273675467e-03 2.450883281202187458e-02 2.936698431273183571e-02 2.936698222544614767e-02 2.450883399316165084e-02 8.501625189447517203e-03 1.884278286438141299e-03 3.179688039494779151e-04 4.393344691610778042e-05 5.152454158392038346e-06 5.251345426525854201e-07 4.737461575892887355e-08 3.835893368157399759e-09 2.800038314258602485e-10 1.791237165517279020e-11 8.259346373561342345e-13 -2.255020983423344185e-14 -1.616654111721069512e-14 -3.694551366953237550e-15 -6.860412309766015931e-16 -1.151587436069560109e-16 -1.799358203568394648e-17 -2.648011841614452258e-18 -3.694699433077190049e-19 -4.910787826411466369e-20 -6.241063712503798138e-21 -7.587906544941734552e-22 0.000000000000000000e+00
0.000000000000000000e+00 -1.168636765499399116e-24 1.580007411425245886e-23 -3.169314832868450631e-22 7.350000069421386419e-21 -1.179749718119746613e-19 2.171389292397431144e-18 -2.268481951170525385e-17 4.000359488905130166e-16 -1.491226184623869219e-15 6.054768124928325119e-14 3.769632714725807838e-13 1.143974252364470710e-11 1.542987613292437349e-10 2.444684565341991462e-09 3.290317776160287218e-08 4.104182190672556235e-07 4.538532199511021177e-06 4.393460175333958417e-05 3.634109235868902268e-04 2.505754709322141616e-03 1.398542899066374488e-02 5.976120200373114671e-02 1.651840225359039738e-01 1.952230109380785616e-01 1.952230128974928869e-01 1.651840217359790419e-01 5.976120285264471810e-02 1.398542927383537339e-02 2.505754938561207713e-03 3.634119762374184398e-04 4.393350080412780325e-05 4.539455769734359218e-06 4.101332961425735640e-07 3.306238163823337754e-08 2.423654819162518059e-09 1.654783339603677231e-10 1.105537758032012834e-11 8.148630663219996063e-13 7.972160704378115653e-14 1.073479527614993761e-14 1.682422990700363419e-15 2.675195321485057592e-16 4.099082447026731817e-17 5.977267024532969885e-18 8.290683244062832731e-19 1.096684563296678143e-19 1.387738185555414119e-20 1.680542098272864831e-21 0.000000000000000000e+00
0.000000000000000000e+00 -2.008068807517706333e-24 -3.162518238282554768e-23 1.304139609160095308e-21 -2.289327249130617283e-20 4.666805894270050472e-19 -4.827931518142849766e-18 9.879662614418640290e-17 -2.618556907681493780e-16 1.831642359243559196e-14 1.532329896466067468e-13 4.377875902960638929e-12 6.707674827560905730e-11 1.154397747510612324e-09 1.733552404885648750e-08 2.422349179693645837e-07 3.033260540768503508e-06 3.351898114724266131e-05 3.179679106844310777e-04 2.505754709322141616e-03 1.579751187089880465e-02 7.706218833934551371e-02 2.830498020043321072e-01 6.749475787937777582e-01 7.786644457148861331e-01 7.786644453537004962e-01 6.749475795598621763e-01 2.830498016045806531e-01 7.706218807016342043e-02 1.579751115512845194e-02 2.505754877173692417e-03 3.179685451024899089e-04 3.351803665307978184e-05 3.033552463726590041e-06 2.420143027704438802e-07 1.736580335949337733e-08 1.136394998465917643e-09 6.804145500017053966e-11 3.622764890330526630e-12 1.431410263106939793e-13 -2.325844107648047491e-15 -1.779389035185294044e-15 -3.522103430940869524e-16 -5.668593124308528467e-17 -8.322986056051242266e-18 -1.148842545127188540e-18 -1.507277668159332014e-19 -1.889960965926654320e-20 -2.267914430746998347e-21 0.000000000000000000e+00
0.000000000000000000e+00 -5.309117300683958806e-25 1.485966632575294873e-22 -2.746605164090791670e-21 6.447883146316902370e-20 -5.846826655488627797e-19 1.580146644894085969e-17 5.623378278911327595e-18 3.791738956317017234e-15 4.658228342084084789e-14 1.194517898228999687e-12 2.108703847699112603e-11 3.897972126292751246e-10 6.521741106361048482e-09 1.017831085814042491e-07 1.444407977179117103e-06 1.833350310197663917e-05 2.027280601078634847e-04 1.884277936811551467e-03 1.398542899066374141e-02 7.706218833934551371e-02 2.884302056333474806e-01 7.103408226677218051e-01 9.162793197738497986e-01 9.613361637326838238e-01 9.613361627922357711e-01 9.162793190661021603e-01 7.103408221888288798e-01 2.884302051506919540e-01 7.706218787040609863e-02 1.398542809757106521e-02 1.884278244759644057e-03 2.027283426527631252e-04 1.833344166299148364e-05 1.444532063129117094e-06 1.017629154431978190e-07 6.534622418565975234e-09 3.884267021370851718e-10 2.168585710394391738e-11 1.160431233218508143e-12 6.212143843910520871e-14 3.664248445748692716e-15 2.743669931370177617e-16 2.718881582021830658e-17 3.164862164110599139e-18 3.824726561719146618e-19 4.525501761509783003e-20 5.136580017651208747e-21 5.554515165615563100e-22 0.000000000000000000e+00
0.000000000000000000e+00 8.877556576735214034e-24 -1.116527854024503385e-22 3.982982224583207060e-21 -5.091274924078237232e-21 1.213661728503038563e-18 1.510348617607902385e-17 4.694252617224446377e-16 9.800046681017330179e-15 2.137470672146743738e-13 4.429381318554873029e-12 8.656476671862522340e-11 1.606325957539046655e-09 2.777212153693511931e-08 4.438686727880748124e-07 6.443988541236929821e-06 8.320089602567138731e-05 9.264828750568838978e-04 8.501625379273671998e-03 5.976120200373118141e-02 2.830498020043319407e-01 7.103408226677219162e-01 9.220434150833654030e-01 9.833564505227979646e-01 9.946746912123514139e-01 9.946746914577223597e-01 9.833564494511867204e-01 9.220434149315253070e-01 7.103408225650527097e-01 2.830498022671710801e-01 5.976120163254610568e-02 8.501624626108624308e-03 9.264836169619558885e-04 8.320067744099672125e-05 6.444152853870799881e-06 4.438571548312647984e-07 2.778456509934310178e-08 1.606879444451849376e-09 8.708218763973523063e-11 4.500278881600087882e-12 2.301612340871266635e-13 1.283920400392122416e-14 9.346689300218767455e-16 9.701131648597057693e-17 1.244525479129539051e-17 1.683229766466378186e-18 2.241074132980634297e-19 2.879810019649377159e-20 3.549098847947614118e-21 0.000000000000000000e+00
0.000000000000000000e+00 1.587879220574810069e-23 -1.542641230343885747e-22 7.963285108335121333e-21 -1.607811967590465070e-20 3.098815433219198248e-18 2.757238508951534348e-17 1.230785624053668285e-15 2.215459210751738587e-14 5.430786347001050670e-13 1.102265619428809778e-11 2.241415967904749169e-10 4.228721288696027530e-09 7.496103224899742059e-08 1.224663594989588986e-06 1.816051880978619730e-05 2.386406386965948584e-04 2.685060303163500778e-03 2.450883281202188152e-02 1.651840225359038905e-01 6.749475787937775362e-01 9.162793197738501316e-01 9.833564505227982977e-01 9.971836107362935797e-01 9.993518388162145882e-01 9.993518386141714283e-01 9.971836124394354295e-01 9.833564504074570056e-01 9.162793204809771552e-01 6.749475798434119156e-01 1.651840226570916725e-01 2.450883291820725104e-02 2.685059123290746592e-03 2.386407901784454134e-04 1.816021246086247021e-05 1.224688244844211930e-06 7.493270961552082008e-08 4.229713354906692394e-09 2.228103510696880083e-10 1.100731987067130804e-11 5.041520262942506750e-13 1.986003849613566964e-14 3.850803794687505654e-16 -5.615328662723407154e-17 -1.257652766329357310e-17 -1.886406535766040299e-18 -2.513595318383973410e-19 -3.143823000836231579e-20 -3.743436848359458453e-21 0.000000000000000000e+00
0.000000000000000000e+00 -1.694423664776729199e-23 4.699316308796337860e-22 -1.314969709599786079e-21 1.539507905415515995e-19 1.608864147415844844e-18 6.288299918526448217e-17 1.270883464640343938e-15 3.076034217491419285e-14 6.638207323691149971e-13 1.403142492681341741e-11 2.801237366915682764e-10 5.286298398449960459e-09 9.315267779293399186e-08 1.514240268536838475e-06 2.231725175324407887e-05 2.912279560684199846e-04 3.249958120880767042e-03 2.936698431273182183e-02 1.952230109380783951e-01 7.786644457148855780e-01 9.613361637326833797e-01 9.946746912123510809e-01 9.993518388162141441e-01 9.999041969940216656e-01 9.999041986975567564e-01 9.993518390568476573e-01 9.946746922420961479e-01 9.613361645618537787e-01 7.786644466123372466e-01 1.952230124491687868e-01 2.936698391887158227e-02 3.249958608050699041e-03 2.912278453467828307e-04 2.231729698022196268e-05 1.514229693408537621e-06 9.315420927423367176e-08 5.285584173799491631e-09 2.801255123866640655e-10 1.399317405726204978e-11 6.615491475032893717e-13 2.930605988358269660e-14 1.134966751087951576e-15 2.271290049204405048e-17 -3.108419142222989509e-18 -7.315485121447499765e-19 -1.149605396731426979e-19 -1.608368914212517853e-20 -2.107080957155817886e-21 0.000000000000000000e+00
0.000000000000000000e+00 -4.386671522486691151e-23 9.026266696658613857e-22 -8.026996052235807287e-21 2.440784897079122436e-19 5.687429493927046875e-19 7.305978809293480015e-17 1.188604694273884075e-15 3.127910536089665441e-14 6.617048427119946236e-13 1.403056020201832156e-11 2.802337721297373378e-10 5.285117609058953787e-09 9.316092748184027330e-08 1.514196970272745310e-06 2.231742782323949836e-05 2.912274045573182775e-04 3.249959409056287288e-03 2.936698222544614073e-02 1.952230128974929424e-01 7.786644453537002741e-01 9.613361627922336616e-01 9.946746914577225818e-01 9.993518386141714283e-01 9.999041986975568674e-01 9.999041968954921478e-01 9.993518414466466826e-01 9.946746925873953815e-01 9.613361641567376159e-01 7.786644471481369845e-01 1.952230133304873883e-01 2.936698452558887326e-02 3.249958892189238994e-03 2.912279502873821725e-04 2.231732990088318200e-05 1.514238857195564100e-06 9.315653273051804775e-08 5.286128793562321976e-09 2.802444538112199154e-10 1.401747358820781911e-11 6.662045729891753714e-13 3.014425278102102522e-14 1.277116701768103663e-15 4.547815523094504588e-17 3.438550790539817983e-19 -2.344305943416070359e-19 -4.679934805464216910e-20 -7.162288745911247436e-21 -9.920681800419804493e-22 0.000000000000000000e+00
0.000000000000000000e+00 -8.297049345209095333e-23 1.638038821906687519e-21 -2.267005855451007951e-20 4.404611308154009283e-19 -2.878633237115514980e-18 9.641402712579149120e-17 5.340053923857396264e-16 2.833752175770584132e-14 4.951672681429804323e-13 1.134504474909197441e-11 2.222723832432843495e-10 4.237962626059005138e-09 7.492262228873929815e-08 1.224795201916953788e-06 1.816015727063399442e-05 2.386414029639611842e-04 2.685059135321219131e-03 2.450883399316164390e-02 1.651840217359790142e-01 6.749475795598622874e-01 9.162793190661009390e-01 9.833564494511857212e-01 9.971836124394360956e-01 9.993518390568474352e-01 9.993518414466464606e-01 9.971836123118097417e-01 9.833564507574202862e-01 9.162793200140417760e-01 6.749475798841965135e-01 1.651840239721887871e-01 2.450883454278232967e-02 2.685060249439066155e-03 2.386413476795277945e-04 1.816043002441878948e-05 1.224758921545821328e-06 7.495249707425342082e-08 4.234604331839592909e-09 2.238967598002551020e-10 1.122714899977310705e-11 5.451099701297785287e-13 2.694816761113990861e-14 1.532670229718248341e-15 1.187192498485886966e-16 1.263283174121053857e-17 1.566779176771243115e-18 1.998264806383782607e-19 2.497323620530502482e-20 3.012629640995409652e-21 0.000000000000000000e+00
0.000000000000000000e+00 -9.434425004585197731e-23 1.801724138157066595e-21 -2.892402210007303070e-20 4.853082960287163371e-19 -5.187982767232715006e-18 8.844961194313044876e-17 -2.674070223618320816e-16 1.627131176998906185e-14 1.642963626290299137e-13 4.755923656455276991e-12 8.471918259152622527e-11 1.615135436110649102e-09 2.773728217671121568e-08 4.439795703303518072e-07 6.443717782907536669e-06 8.320135653440320232e-05 9.264824687309068012e-04 8.501625189447518938e-03 5.976120285264471116e-02 2.830498016045805976e-01 7.103408221888284357e-01 9.220434149315247518e-01 9.833564504074562285e-01 9.946746922420971471e-01 9.946746925873953815e-01 9.833564507574203972e-01 9.220434175950427136e-01 7.103408244072840771e-01 2.830498038916066106e-01 5.976120358478391459e-02 8.501626350109080590e-03 9.264846970025214425e-04 8.320119403554505574e-05 6.444352927146184865e-06 4.439225205145252966e-07 2.780311109131609735e-08 1.611547826103900664e-09 8.814181966773965154e-11 4.719934240901237922e-12 2.721718352144026697e-13 2.031459191147719478e-14 2.180861476906396597e-15 2.927882132379331271e-16 4.157522016467444273e-17 5.806110168226310582e-18 7.812703893817888889e-19 1.009195431277451365e-19 1.249869170100466511e-20 0.000000000000000000e+00
0.000000000000000000e+00 -7.414744914369227736e-23 1.317097378223977002e-21 -2.208000251978963139e-20 3.508873237520062388e-19 -4.341202716139535650e-18 5.925925571619153074e-17 -4.367966258692479852e-16 7.743926973775886022e-15 1.573133740586463358e-14 1.403720387510871712e-12 1.986471383466990561e-11 3.958818879304292879e-10 6.496338541294629099e-09 1.018700442852920645e-07 1.444172506948449134e-06 1.833397835326152552e-05 2.027274304079962027e-04 1.884278286438141299e-03 1.398542927383537686e-02 7.706218807016340655e-02 2.884302051506920095e-01 7.103408225650527097e-01 9.162793204809773773e-01 9.613361645618552220e-01 9.613361641567367277e-01 9.162793200140418870e-01 7.103408244072839661e-01 2.884302062237717457e-01 7.706218875018439052e-02 1.398542984301986980e-02 1.884280182466142135e-03 2.027297096128919556e-04 1.833414799870533639e-05 1.444821907224382706e-06 1.018621644217102836e-07 6.563932814441463584e-09 3.960689920590257944e-10 2.347609054860339550e-11 1.542319609491495659e-12 1.371040917798897702e-13 1.733434545381759036e-14 2.605189746873086404e-15 4.011419844862290760e-16 5.991274895216852768e-17 8.564299773362884226e-18 1.170406930721050664e-18 1.532052680514376687e-19 1.921064867002676161e-20 0.000000000000000000e+00
0.000000000000000000e+00 -4.746811708057692062e-23 7.283175268063921477e-22 -1.202689818362599617e-20 1.857729426232717620e-19 -2.422369585144906563e-18 3.047398206203542310e-17 -2.812678762083217871e-16 3.333812684691871267e-15 -1.145479639179827523e-14 3.677133343529037274e-13 3.044089731308088288e-12 7.415897221108141581e-11 1.122765432663388554e-09 1.745186528233526167e-08 2.418936143707558879e-07 3.034018460553418007e-06 3.351783041654645795e-05 3.179688039494779151e-04 2.505754938561209014e-03 1.579751115512845888e-02 7.706218787040605700e-02 2.830498022671713021e-01 6.749475798434118046e-01 7.786644466123373576e-01 7.786644471481362073e-01 6.749475798841967356e-01 2.830498038916065551e-01 7.706218875018440440e-02 1.579751160095073034e-02 2.505756665446653986e-03 3.179707754832684138e-04 3.351965158976431754e-05 3.034389265277149640e-06 2.423559603876732854e-07 1.748188419402134048e-08 1.170383588903328816e-09 7.682918061073015453e-11 5.665244933060497645e-12 5.757785945875478274e-13 8.209950723767586952e-14 1.353167601021332036e-14 2.247109617279221512e-15 3.589070711248643092e-16 5.457968876220059498e-17 7.904053792202397541e-18 1.092915957507487402e-18 1.447090492280897968e-19 1.835065731141705739e-20 0.000000000000000000e+00
0.000000000000000000e+00 -2.758120433999151180e-23 3.373435494555227287e-22 -5.184611732123997250e-21 7.771904051389885109e-20 -1.030388983276551039e-18 1.255578030500150995e-17 -1.253568703320816736e-16 1.273320872121489738e-15 -7.793187958124812450e-15 9.825291292311290547e-14 1.980585522299892535e-13 1.204170546988667097e-11 1.534885046834039757e-10 2.438993719217558380e-09 3.295376005971293235e-08 4.101951698610370545e-07 4.539169154370168865e-06 4.393344691610777365e-05 3.634119762374186024e-04 2.505754877173693718e-03 1.398542809757106521e-02 5.976120163254611262e-02 1.651840226570916448e-01 1.952230124491688146e-01 1.952230133304873327e-01 1.651840239721888981e-01 5.976120358478388683e-02 1.398542984301987327e-02 2.505756665446654419e-03 3.634141166503040542e-04 4.393513111247991437e-05 4.540368524755247118e-06 4.105421218108561568e-07 3.321602733773662297e-08 2.473600376568034521e-09 1.798228116770567985e-10 1.475336800281144779e-11 1.681285285180182175e-12 2.660774880091824531e-13 4.783976427238341482e-14 8.569916427267566554e-15 1.466622453065339247e-15 2.378212400599763162e-16 3.657967623344276255e-17 5.353831713162151963e-18 7.481713440851179458e-19 1.001314934933818764e-19 1.283469313039354519e-20 0.000000000000000000e+00
0.000000000000000000e+00 -1.510220930415731437e-23 1.418142368021249466e-22 -1.901663118978282152e-21 2.712927173142176561e-20 -3.584627015743187200e-19 4.302941812893439121e-18 -4.425089956581556384e-17 4.233336806025041482e-16 -3.069032595308171295e-15 2.699769099079725687e-14 -6.105802102433704398e-14 1.918476924858210380e-12 1.666818786688664164e-11 2.946280812599857279e-10 3.825668412421379166e-09 4.744857913569259866e-08 5.251359408941343241e-07 5.152454158392035805e-06 4.393350080412782358e-05 3.179685451024900173e-04 1.884278244759643407e-03 8.501624626108622573e-03 2.450883291820725104e-02 2.936698391887157880e-02 2.936698452558885938e-02 2.450883454278235049e-02 8.501626350109080590e-03 1.884280182466143436e-03 3.179707754832685764e-04 4.393513111247993470e-05 5.153628717524351481e-06 5.257927481209361491e-07 4.767562744085219380e-08 3.951206830021950261e-09 3.179509819487840617e-10 2.886962449906628363e-11 3.650491993763704892e-12 6.366262365887611295e-13 1.247005842981690604e-13 2.413181163307463671e-14 4.434839258247787908e-15 7.686177290595631878e-16 1.258508693045478730e-16 1.953896561095827648e-17 2.887253746524969379e-18 4.074926472591302721e-19 5.509488031412665058e-20 7.134870245289503622e-21 0.000000000000000000e+00
0.000000000000000000e+00 -7.707347804454161623e-24 5.702094219712537531e-23 -6.295823284377837958e-22 8.250143703512452168e-21 -1.066384695033285908e-19 1.264969313490270102e-18 -1.314343719948620215e-17 1.227430069836048963e-16 -9.446852964304036461e-16 7.182772393390926613e-15 -3.146224173404091585e-14 3.315813914826496587e-13 1.251964448453137512e-12 3.233523927447762317e-11 3.885855111527059672e-10 4.829862760562032001e-09 5.325345499023945729e-08 5.251345426525851024e-07 4.539455769734363454e-06 3.351803665307977507e-05 2.027283426527630710e-04 9.264836169619557801e-04 2.685059123290744858e-03 3.249958608050696873e-03 3.249958892189236826e-03 2.685060249439067889e-03 9.264846970025216594e-04 2.027297096128921454e-04 3.351965158976434464e-05 4.540368524755251353e-06 5.257927481209364668e-07 5.355715487040290774e-08 4.946790129895152372e-09 4.408007550092464013e-10 4.417404514042920204e-11 6.161404980372301823e-12 1.179691199425594434e-12 2.517071148733674688e-13 5.270131814874608011e-14 1.042212636710021700e-14 1.934804080202348993e-15 3.379651881721789367e-16 5.577409912942956599e-17 8.731969076482016061e-18 1.301841310184818269e-18 1.854596298698730557e-19 2.531936511174108730e-20 3.311350530801649951e-21 0.000000000000000000e+00
0.000000000000000000e+00 -3.592425563416164861e-24 2.229672403333739377e-23 -1.976022010870706258e-22 2.271299559990455906e-21 -2.803019073666432851e-20 3.270690977220350717e-19 -3.400930703420673005e-18 3.141063076064553758e-17 -2.469897059991988326e-16 1.768433985314710434e-15 -9.300612097356000831e-15 6.283919735601295152e-14 -4.267207584008579152e-15 3.402059023324875237e-12 3.506451061088139853e-11 4.403234461778540906e-10 4.825969066001293348e-09 4.737461575892880737e-08 4.101332961425743052e-07 3.033552463726588346e-06 1.833344166299147348e-05 8.320067744099668059e-05 2.386407901784453321e-04 2.912278453467826139e-04 2.912279502873819014e-04 2.386413476795279029e-04 8.320119403554508285e-05 1.833414799870534316e-05 3.034389265277150910e-06 4.105421218108563686e-07 4.767562744085220704e-08 4.946790129895149063e-09 4.902314583385236380e-10 5.427091059795049138e-11 8.331979464198085777e-12 1.748629495485208338e-12 4.065716753290757231e-13 9.223781464095619627e-14 1.966574157011105708e-14 3.918436788884287608e-15 7.316668422060935912e-16 1.286011203528220874e-16 2.137192786121590864e-17 3.371986505594836399e-18 5.069503207080285474e-19 7.286351775980911714e-20 1.004021570200829341e-20 1.325599771107185189e-21 0.000000000000000000e+00
0.000000000000000000e+00 -1.513325951264925336e-24 8.391043526818729618e-24 -6.074796251290205483e-23 5.870360289657450586e-22 -6.692194017455735794e-21 7.594296101147505283e-20 -7.846302247047233596e-19 7.194228618314633306e-18 -5.691832819245570676e-17 3.964771223879044045e-16 -2.210646714940452380e-15 1.221607751959160193e-14 -2.593310982818855437e-14 3.596173052516079412e-13 2.869746242680578270e-12 3.605820104717210514e-11 3.987141051796046893e-10 3.835893368157384870e-09 3.306238163823347681e-08 2.420143027704436684e-07 1.444532063129117094e-06 6.444152853870795645e-06 1.816021246086246005e-05 2.231729698022193558e-05 2.231732990088315489e-05 1.816043002441879625e-05 6.444352927146188253e-06 1.444821907224382918e-06 2.423559603876731795e-07 3.321602733773660312e-08 3.951206830021949434e-09 4.408007550092458326e-10 5.427091059795041383e-11 9.194568201155521071e-12 2.117576954831012059e-12 5.373244909127165238e-13 1.323288202672511941e-13 3.047786450237726328e-14 6.531089415120464875e-15 1.306229705778194895e-15 2.450008839126029936e-16 4.330141155893049148e-17 7.243060005800809202e-18 1.151157478608675339e-18 1.744496171855312380e-19 2.528732920722579720e-20 3.515722275448489017e-21 4.684572348762657008e-22 0.000000000000000000e+00
0.000000000000000000e+00 -5.758161033680272019e-25 2.985045770634637175e-24 -1.846988468221592705e-23 1.471010945884678373e-22 -1.489353012743448260e-21 1.612841251828538340e-20 -1.642128974628316659e-19 1.493945066438009293e-18 -1.180597613037615689e-17 8.090193241929907609e-17 -4.568183317916720313e-16 2.278376953990552989e-15 -6.623577987355274206e-15 3.771550891761166679e-14 2.348682840501414318e-13 2.522164919929283329e-12 3.114510065508669327e-11 2.800038314258580254e-10 2.423654819162530053e-09 1.736580335949335086e-08 1.017629154431978587e-07 4.438571548312645337e-07 1.224688244844211295e-06 1.514229693408535504e-06 1.514238857195563253e-06 1.224758921545821751e-06 4.439225205145256672e-07 1.018621644217102174e-07 1.748188419402132394e-08 2.473600376568031212e-09 3.179509819487835447e-10 4.417404514042906633e-11 8.331979464198066390e-12 2.117576954831010039e-12 5.887852463374038301e-13 1.579178032450211267e-13 3.939953407876447652e-14 9.102503087257136287e-15 1.954384408689830239e-15 3.920043139569884458e-16 7.382823885978392842e-17 1.311698667854896233e-17 2.207744360581466839e-18 3.533470566132998595e-19 5.395876597500993507e-20 7.886023564466830937e-21 1.105946487407985488e-21 1.486900258393551785e-22 0.000000000000000000e+00
0.000000000000000000e+00 -1.988300453663733409e-25 9.907968568884199542e-25 -5.501825956574535976e-24 3.651719319718645722e-23 -3.167966304782665285e-22 3.187227392666120554e-21 -3.161417912862040872e-20 2.844398798812951449e-19 -2.234717168412178932e-18 1.509956708698163543e-17 -8.452002938435830418e-17 3.924528208100658633e-16 -1.169857028413896724e-15 3.287645993796609667e-15 2.659236882332419957e-14 1.004271998255064986e-13 2.532202830174198171e-12 1.791237165517248970e-11 1.654783339603690156e-10 1.136394998465914127e-09 6.534622418565981025e-09 2.778456509934307531e-08 7.493270961552079361e-08 9.315420927423355265e-08 9.315653273051808745e-08 7.495249707425342082e-08 2.780311109131609073e-08 6.563932814441451177e-09 1.170383588903325094e-09 1.798228116770561264e-10 2.886962449906616408e-11 6.161404980372280012e-12 1.748629495485204905e-12 5.373244909127161199e-13 1.579178032450210257e-13 4.287619332759697669e-14 1.071840601438506211e-14 2.478007139576056615e-15 5.329011641445077896e-16 1.071968173757671057e-16 2.027210942185056935e-17 3.620401651706160051e-18 6.130661713896254607e-19 9.879244822883314556e-20 1.519936922218929480e-20 2.239247985228149452e-21 3.167162515702711610e-22 4.295992667234499933e-23 0.000000000000000000e+00
0.000000000000000000e+00 -6.271753762629569035e-26 3.050525277453213115e-25 -1.579408733882161219e-24 9.029506631926705648e-24 -6.582073096136225044e-23 5.958399122308260745e-22 -5.665714866395519657e-21 5.012510553002903993e-20 -3.898834968781974703e-19 2.593060072505070901e-18 -1.419019760779091307e-17 6.118529179565309043e-17 -1.584880705346885560e-16 3.176262970665413909e-17 5.150638821019244407e-15 -1.507716755880803044e-14 2.606100346725535946e-13 8.259346373560961672e-13 1.105537758032028667e-11 6.804145500017000974e-11 3.884267021370863609e-10 1.606879444451846895e-09 4.229713354906694049e-09 5.285584173799482532e-09 5.286128793562330248e-09 4.234604331839590428e-09 1.611547826103898390e-09 3.960689920590241917e-10 7.682918061072966339e-11 1.475336800281134116e-11 3.650491993763683082e-12 1.179691199425589587e-12 4.065716753290749153e-13 1.323288202672510931e-13 3.939953407876444496e-14 1.071840601438506368e-14 2.680096266167199174e-15 6.201709860676163424e-16 1.336442772090538565e-16 2.697081552898748816e-17 5.122536013011914392e-18 9.196519231846219188e-19 1.566773636386632696e-19 2.541903521043327092e-20 3.939708144189525999e-21 5.850382603547926766e-22 8.344898420870701453e-23 1.142016713879460572e-23 0.000000000000000000e+00
0.000000000000000000e+00 -1.819454646302307304e-26 8.704972581594230944e-26 -4.307935599263558102e-25 2.203890465136160630e-24 -1.354034561749382838e-23 1.069635519051264116e-22 -9.547774280486629697e-22 8.238195553481593311e-21 -6.315564483711068687e-20 4.118414426676832386e-19 -2.174802668963629861e-18 8.479118423470690782e-18 -1.442906761207822605e-17 -8.846999318529823461e-17 1.218196130047728512e-15 -6.151441169261353455e-15 3.822238193132670520e-14 -2.255020983423786579e-14 8.148630663220174787e-13 3.622764890330461199e-12 2.168585710394409187e-11 8.708218763973489459e-11 2.228103510696881634e-10 2.801255123866636002e-10 2.802444538112208460e-10 2.238967598002549727e-10 8.814181966773945767e-11 2.347609054860324687e-11 5.665244933060449177e-12 1.681285285180168442e-12 6.366262365887576964e-13 2.517071148733666610e-13 9.223781464095603218e-14 3.047786450237723804e-14 9.102503087257133131e-15 2.478007139576056615e-15 6.201709860676162438e-16 1.437604936971226563e-16 3.106572900465566829e-17 6.292906826481917526e-18 1.200760868436054839e-18 2.167494274133437206e-19 3.715480811549401151e-20 6.069068159182813531e-21 9.476289266559885867e-22 1.418455245025317845e-22 2.040594027488654442e-23 2.818105269568047755e-24 0.000000000000000000e+00
0.000000000000000000e+00 -4.884693271686609614e-27 2.306445602614792809e-26 -1.106511712552115397e-25 5.226681483104121677e-25 -2.761337028009006924e-24 1.863334798544744201e-23 -1.523844334853297510e-22 1.269110990665597883e-21 -9.543302109080482235e-21 6.069529015245073540e-20 -3.044241516425767028e-19 1.010494990559541571e-18 9.773453228406504505e-20 -3.040211066104832469e-17 2.745556387068468085e-16 -1.475971934172489887e-15 6.871177237617512532e-15 -1.616654111721118106e-14 7.972160704378313814e-14 1.431410263106863810e-13 1.160431233218529953e-12 4.500278881600049108e-12 1.100731987067132581e-11 1.399317405726202232e-11 1.401747358820792090e-11 1.122714899977311997e-11 4.719934240901229037e-12 1.542319609491483744e-12 5.757785945875427787e-13 2.660774880091808880e-13 1.247005842981685807e-13 5.270131814874597914e-14 1.966574157011102868e-14 6.531089415120459353e-15 1.954384408689829450e-15 5.329011641445078883e-16 1.336442772090538318e-16 3.106572900465563747e-17 6.736936728222185193e-18 1.370576653173576644e-18 2.628422350524419805e-19 4.771749492774708286e-20 8.231712098586705220e-21 1.353979629956166133e-21 2.130085130165773307e-22 3.214429946613898953e-23 4.665083536083462921e-24 6.504377433622075212e-25 0.000000000000000000e+00
0.000000000000000000e+00 -1.220204898444488610e-27 5.689985988736954572e-27 -2.664201763258371169e-26 1.185909679570456273e-25 -5.522735008914375119e-25 3.154613221391455301e-24 -2.305815836988324591e-23 1.832842671672066974e-22 -1.346320493377931883e-21 8.300710969547626932e-21 -3.866897544753484626e-20 9.444382599596329889e-20 4.314784181622188214e-19 -7.325821289888282496e-18 5.612861607251016875e-17 -2.986829005282627014e-16 1.268697239624376968e-15 -3.694551366953289615e-15 1.073479527615014271e-14 -2.325844107648863962e-15 6.212143843910763209e-14 2.301612340871224731e-13 5.041520262942522906e-13 6.615491475032892707e-13 6.662045729891862766e-13 5.451099701297821638e-13 2.721718352144026697e-13 1.371040917798887858e-13 8.209950723767532678e-14 4.783976427238320657e-14 2.413181163307457360e-14 1.042212636710020595e-14 3.918436788884283664e-15 1.306229705778194698e-15 3.920043139569882979e-16 1.071968173757670441e-16 2.697081552898746043e-17 6.292906826481910593e-18 1.370576653173576452e-18 2.802007580380260961e-19 5.403055328067059640e-20 9.868445889349707971e-21 1.713694422795675505e-21 2.839064958082913176e-22 4.501342726353523550e-23 6.850540513787472447e-24 1.003468673655103102e-24 1.413635927793452775e-25 0.000000000000000000e+00
0.000000000000000000e+00 -2.849186409155869310e-28 1.310719484163971923e-27 -6.000597939113791576e-27 2.542415597956062286e-26 -1.063050974734892347e-25 5.124774027271664018e-25 -3.267360327722731451e-24 2.455342928774622591e-23 -1.760800007007633499e-22 1.046520528434649524e-21 -4.366870113099364367e-21 4.267321440770092016e-21 1.288558822964976724e-19 -1.486008003688919256e-18 1.045329469546554520e-17 -5.454616464799450573e-17 2.240313451371673000e-16 -6.860412309766062277e-16 1.682422990700381957e-15 -1.779389035185375296e-15 3.664248445748940418e-15 1.283920400392079344e-14 1.986003849613581479e-14 2.930605988358284806e-14 3.014425278102209807e-14 2.694816761114044504e-14 2.031459191147727051e-14 1.733434545381750201e-14 1.353167601021325567e-14 8.569916427267536577e-15 4.434839258247779231e-15 1.934804080202346627e-15 7.316668422060931967e-16 2.450008839126029443e-16 7.382823885978386679e-17 2.027210942185054778e-17 5.122536013011908999e-18 1.200760868436053876e-18 2.628422350524418842e-19 5.403055328067058436e-20 1.048073739693927742e-20 1.926628154459289718e-21 3.369048327813044211e-22 5.623731812378683960e-23 8.989929543494472763e-24 1.380567112841563304e-24 2.042694364926715844e-25 2.911167640350635635e-26 0.000000000000000000e+00
0.000000000000000000e+00 -6.242243543689199597e-29 2.826076514342347691e-28 -1.262700424240189731e-27 5.097499704661757586e-27 -1.922520029187569680e-26 7.717557956828286557e-26 -4.148575928165402043e-25 2.937405499274809006e-24 -2.079697964917203355e-23 1.188767254838930416e-22 -4.125786580011422533e-22 -8.254538359280273862e-22 2.773512741124250115e-20 -2.686327115739640563e-19 1.794156533710874263e-18 -9.201007477472130117e-18 3.721131176450810748e-17 -1.151587436069564053e-16 2.675195321485074849e-16 -3.522103430940943973e-16 2.743669931370406880e-16 9.346689300218363163e-16 3.850803794687640746e-16 1.134966751087973467e-15 1.277116701768204637e-15 1.532670229718310661e-15 2.180861476906408036e-15 2.605189746873077726e-15 2.247109617279212834e-15 1.466622453065335302e-15 7.686177290595623989e-16 3.379651881721785915e-16 1.286011203528219641e-16 4.330141155893047299e-17 1.311698667854895771e-17 3.620401651706157740e-18 9.196519231846213410e-19 2.167494274133436243e-19 4.771749492774708286e-20 9.868445889349706467e-21 1.926628154459288965e-21 3.566119069285140047e-22 6.282387732234669765e-23 1.057149549313178686e-23 1.704936529019955144e-24 2.644248847698229951e-25 3.956792345491776369e-26 5.715502695384365694e-27 0.000000000000000000e+00
0.000000000000000000e+00 -1.287019402436173591e-29 5.712663947431510325e-29 -2.478249150062551809e-28 9.457199685040804393e-28 -3.162085457258720448e-27 9.926090683229360781e-27 -4.055893137404135478e-26 2.744723196971481543e-25 -2.033489921384090078e-24 1.129581558542650121e-23 -2.525210147357496765e-23 -3.143930199125620965e-22 5.079465643076742294e-21 -4.446064180913752161e-20 2.867555179320725052e-19 -1.450462548439202040e-18 5.813710778076959261e-18 -1.799358203568398346e-17 4.099082447026745376e-17 -5.668593124308587632e-17 2.718881582022026948e-17 9.701131648596699008e-17 -5.615328662723285127e-17 2.271290049204621676e-17 4.547815523095412394e-17 1.187192498485950815e-16 2.927882132379344090e-16 4.011419844862278434e-16 3.589070711248633724e-16 2.378212400599758725e-16 1.258508693045477251e-16 5.577409912942952901e-17 2.137192786121589015e-17 7.243060005800804580e-18 2.207744360581465298e-18 6.130661713896249792e-19 1.566773636386631974e-19 3.715480811549398744e-20 8.231712098586706724e-21 1.713694422795675881e-21 3.369048327813044681e-22 6.282387732234668590e-23 1.115639023224146626e-23 1.893802042058005093e-24 3.084241826835687236e-25 4.837172368481055007e-26 7.333441646370303601e-27 1.076582618397106191e-27 0.000000000000000000e+00
0.000000000000000000e+00 -2.502601519518328098e-30 1.083167420742792034e-29 -4.520793123938980470e-29 1.598661542511289097e-28 -4.457083497278657547e-28 8.083765188638733808e-28 -5.566257858493424268e-28 5.907133181961390456e-27 -1.033838908730233898e-25 6.252885822413634126e-25 1.396044560338775181e-24 -6.915405667287741060e-23 8.375407557934268015e-22 -6.845610960344434589e-21 4.303714801692592052e-20 -2.153360650965900914e-19 8.577554774861473593e-19 -2.648011841614453799e-18 5.977267024532981441e-18 -8.322986056051283866e-18 3.164862164110749362e-18 1.244525479129510239e-17 -1.257652766329345754e-17 -3.108419142222818486e-18 3.438550790547682999e-19 1.263283174121114563e-17 4.157522016467451053e-17 5.991274895216837977e-17 5.457968876220052103e-17 3.657967623344271941e-17 1.953896561095826724e-17 8.731969076482012979e-18 3.371986505594834858e-18 1.151157478608675339e-18 3.533470566132997632e-19 9.879244822883308537e-20 2.541903521043326791e-20 6.069068159182810522e-21 1.353979629956165757e-21 2.839064958082913176e-22 5.623731812378685135e-23 1.057149549313178686e-23 1.893802042058004726e-24 3.246161666166042657e-25 5.345699843250861753e-26 8.493792109719073135e-27 1.307998084531759688e-27 1.958889536784047107e-28 0.000000000000000000e+00
0.000000000000000000e+00 -4.595180667052775520e-31 1.924344408580879352e-30 -7.609889549749877107e-30 2.390176124177228480e-29 -4.509717528661145910e-29 -7.707516618370239330e-29 1.213420569906296948e-27 -6.378772643743164103e-27 2.150504854321171710e-26 -7.961150885813882474e-26 9.257193296611216784e-25 -1.263587350968585033e-23 1.279425197501933334e-22 -9.914286311147219184e-22 6.106621727826289632e-21 -3.028379254381530126e-20 1.200480040078711945e-19 -3.694699433077189086e-19 8.290683244062835619e-19 -1.148842545127191044e-18 3.824726561719246766e-19 1.683229766466358349e-18 -1.886406535766031054e-18 -7.315485121447395765e-19 -2.344305943415408321e-19 1.566779176771295500e-18 5.806110168226313663e-18 8.564299773362862656e-18 7.904053792202386756e-18 5.353831713162145800e-18 2.887253746524969379e-18 1.301841310184818077e-18 5.069503207080283548e-19 1.744496171855312139e-19 5.395876597500993507e-20 1.519936922218928878e-20 3.939708144189525246e-21 9.476289266559885867e-22 2.130085130165773777e-22 4.501342726353523550e-23 8.989929543494472763e-24 1.704936529019955511e-24 3.084241826835688155e-25 5.345699843250859457e-26 8.918283273373500678e-27 1.439351852472753346e-27 2.259394079895199259e-28 3.468999534809005178e-29 0.000000000000000000e+00
0.000000000000000000e+00 -7.968360395646915236e-32 3.191896735417727661e-31 -1.164518092170193501e-30 2.933047969151898831e-30 1.660967870404735568e-31 -6.029859378937024752e-29 4.647326073898687179e-28 -2.405391303354817503e-27 9.974004117297119328e-27 -4.037668895004948321e-26 2.394446729882051015e-25 -2.105529410379919173e-24 1.845019054576744029e-23 -1.362272050570937875e-22 8.238513908905400697e-22 -4.053928313415133360e-21 1.600456242618998174e-20 -4.910787826411467573e-20 1.096684563296677180e-19 -1.507277668159332255e-19 4.525501761509834763e-20 2.241074132980622742e-19 -2.513595318383967633e-19 -1.149605396731423368e-19 -4.679934805463672834e-20 1.998264806383824737e-19 7.812703893817884074e-19 1.170406930721048738e-18 1.092915957507485669e-18 7.481713440851172717e-19 4.074926472591302240e-19 1.854596298698730557e-19 7.286351775980909306e-20 2.528732920722580322e-20 7.886023564466827928e-21 2.239247985228149075e-21 5.850382603547926766e-22 1.418455245025316904e-22 3.214429946613898953e-23 6.850540513787475385e-24 1.380567112841563856e-24 2.644248847698229951e-25 4.837172368481054433e-26 8.493792109719074570e-27 1.439351852472753346e-27 2.368043545721730787e-28 3.806589043459768055e-29 6.028107588222501665e-30 0.000000000000000000e+00
0.000000000000000000e+00 -1.302785182552556923e-32 4.903936973260497651e-32 -1.567331623392996440e-31 2.176922297226549093e-31 1.734621340527153520e-30 -1.967170035779782558e-29 1.270042543790115414e-28 -6.371993029838877272e-28 2.703876504041151305e-27 -1.075703559127470355e-26 5.061049186839553243e-26 -3.344360889613672200e-25 2.549636661087670881e-24 -1.789115270882083062e-23 1.061946902915184065e-22 -5.186407516349729128e-22 2.039909990170673669e-21 -6.241063712503796633e-21 1.387738185555412012e-20 -1.889960965926652514e-20 5.136580017651220784e-21 2.879810019649373548e-20 -3.143823000836225560e-20 -1.608368914212520260e-20 -7.162288745910803569e-21 2.497323620530537389e-20 1.009195431277450643e-19 1.532052680514374521e-19 1.447090492280895561e-19 1.001314934933818283e-19 5.509488031412666262e-20 2.531936511174109031e-20 1.004021570200829040e-20 3.515722275448489769e-21 1.105946487407985488e-21 3.167162515702711610e-22 8.344898420870701453e-23 2.040594027488653561e-23 4.665083536083459983e-24 1.003468673655103286e-24 2.042694364926716303e-25 3.956792345491776369e-26 7.333441646370303601e-27 1.307998084531759330e-27 2.259394079895198810e-28 3.806589043459768055e-29 6.300926049087972178e-30 1.035900008128032869e-30 0.000000000000000000e+00
0.000000000000000000e+00 -2.007967275020052727e-33 6.866579466149185584e-33 -1.668331745936028778e-32 -2.473737457263306683e-32 6.467654690797994658e-31 -5.194262525757196352e-30 3.060249890443559499e-29 -1.491081372639228687e-28 6.294103323261131640e-28 -2.439042213299209758e-27 9.989693380932124917e-27 -5.243292319406627380e-26 3.427398415324095874e-25 -2.258097949987015691e-24 1.310331629461740908e-23 -6.346245308066918158e-23 2.486865720054099615e-22 -7.587906544941733612e-22 1.680542098272862198e-21 -2.267914430746995338e-21 5.554515165615542411e-22 3.549098847947615623e-21 -3.743436848359456196e-21 -2.107080957155824281e-21 -9.920681800419441501e-22 3.012629640995434102e-21 1.249869170100465909e-20 1.921064867002673453e-20 1.835065731141703933e-20 1.283469313039353617e-20 7.134870245289505126e-21 3.311350530801648823e-21 1.325599771107184625e-21 4.684572348762658889e-22 1.486900258393551785e-22 4.295992667234499933e-23 1.142016713879460719e-23 2.818105269568047755e-24 6.504377433622072457e-25 1.413635927793453234e-25 2.911167640350636783e-26 5.715502695384367128e-27 1.076582618397105832e-27 1.958889536784047107e-28 3.468999534809005178e-29 6.028107588222504468e-30 1.035900008128033220e-30 1.784397609469283478e-31 0.000000000000000000e+00
0.000000000000000000e+00 0.000000000000000000e+00 0.000000000000000000e+00 0.000000000000000000e+00 0.000000000000000000e+00 0.000000000000000000e+00 0.000000000000000000e+00 0.000000000000000000e+00 0.000000000000000000e+00 0.000000000000000000e+00 0.000000000000000000e+00 0.000000000000000000e+00 0.000000000000000000e+00 0.000000000000000000e+00 0.000000000000000000e+00 0.000000000000000000e+00 0.000000000000000000e+00 0.000000000000000000e+00 0.000000000000000000e+00 0.000000000000000000e+00 0.000000000000000000e+00 0.000000000000000000e+00 0.000000000000000000e+00 0.000000000000000000e+00 0.000000000000000000e+00 0.000000000000000000e+00 0.000000000000000000e+00 0.000000000000000000e+00 0.000000000000000000e+00 0.000000000000000000e+00 0.000000000000000000e+00 0.000000000000000000e+00 0.000000000000000000e+00 0.000000000000000000e+00 0.000000000000000000e+00 0.000000000000000000e+00 0.000000000000000000e+00 0.000000000000000000e+00 0.000000000000000000e+00 0.000000000000000000e+00 0.000000000000000000e+00 0.000000000000000000e+00 0.000000000000000000e+00 0.000000000000000000e+00 0.000000000000000000e+00 0.000000000000000000e+00 0.000000000000000000e+00 0.000000000000000000e+00 0.000000000000000000e+00 0.000000000000000000e+00
