0.000000000000000000e+00 0.000000000000000000e+00 0.000000000000000000e+00 0.000000000000000000e+00 0.000000000000000000e+00 0.000000000000000000e+00 0.000000000000000000e+00 0.000000000000000000e+00 0.000000000000000000e+00 0.000000000000000000e+00 0.000000000000000000e+00 0.000000000000000000e+00 0.000000000000000000e+00 0.000000000000000000e+00 0.000000000000000000e+00 0.000000000000000000e+00 0.000000000000000000e+00 0.000000000000000000e+00 0.000000000000000000e+00 0.000000000000000000e+00 0.000000000000000000e+00 0.000000000000000000e+00 0.000000000000000000e+00 0.000000000000000000e+00 0.000000000000000000e+00 0.000000000000000000e+00 0.000000000000000000e+00 0.000000000000000000e+00 0.000000000000000000e+00 0.000000000000000000e+00 0.000000000000000000e+00 0.000000000000000000e+00 0.000000000000000000e+00 0.000000000000000000e+00 0.000000000000000000e+00 0.000000000000000000e+00 0.000000000000000000e+00 0.000000000000000000e+00 0.000000000000000000e+00 0.000000000000000000e+00 0.000000000000000000e+00 0.000000000000000000e+00 0.000000000000000000e+00 0.000000000000000000e+00 0.000000000000000000e+00 0.000000000000000000e+00 0.000000000000000000e+00 0.000000000000000000e+00 0.000000000000000000e+00 0.000000000000000000e+00
0.000000000000000000e+00 -6.038217429182300914e-35 2.761645166073760566e-34 -7.333184285027379973e-34 9.438007288252840901e-33 3.209949258112936909e-32 6.167868122626754827e-31 5.324267119862449227e-30 5.541604518000588179e-29 5.035291151209872587e-28 4.498386770439999172e-27 3.733781890355271532e-26 2.942497079705191469e-25 2.155611013747930388e-24 1.471282928416695447e-23 9.229966214285721455e-23 5.284869157912862279e-22 2.724253605591635996e-21 1.246036430654312112e-20 4.959353550244937686e-20 1.676104255354776729e-19 4.661290494734826092e-19 1.026123701715143864e-18 1.717407636993623708e-18 2.155825424772758438e-18 2.155824471655753607e-18 1.717405140445055093e-18 1.026120432470313785e-18 4.661251113864214102e-19 1.676068781506211814e-19 4.959043506764653145e-20 1.245784588641003684e-20 2.722866433572102818e-21 5.276058190737210158e-22 9.191984881046967822e-23 1.453239715243016882e-23 2.089224880329845534e-24 2.694865474971645163e-25 2.939888453461205380e-26 2.032272990192181690e-27 -1.904110710589653579e-28 -1.319009709115593695e-28 -4.134928385045717243e-29 -1.063175666711981506e-29 -2.476441904902247947e-30 -5.396997986964975378e-31 -1.115126389919587277e-31 -2.196996799341809939e-32 -4.086952284768641393e-33 0.000000000000000000e+00
0.000000000000000000e+00 2.761645166077719252e-34 -5.536562152073471593e-34 9.489249417263268981e-33 4.057024784509096147e-32 7.324029961101917256e-31 6.843888214747747856e-30 7.442918118480684298e-29 7.206054177825997010e-28 6.833707603630889062e-27 6.073956896347176798e-26 5.138369883012824775e-25 4.071510471612068938e-24 3.024213465048156796e-23 2.083065861706549102e-22 1.322600485998020140e-21 7.655097439547988538e-21 3.992121355190006348e-20 1.846914580858356771e-19 7.435648804532495893e-19 2.541135282882025202e-18 7.140256654755342085e-18 1.585397529336948554e-17 2.667663328668232618e-17 3.351686286326628510e-17 3.351686118907696102e-17 2.667662788084344510e-17 1.585397014728164503e-17 7.140258432933424647e-18 2.541140309505147318e-18 7.435728476123994945e-19 1.846999150447613684e-19 3.992607417834279260e-20 7.658549043504293101e-21 1.324058228003655934e-21 2.090353919955902836e-22 3.050381005489259481e-23 4.171061258817884214e-24 5.451922276176974525e-25 7.050117834346451454e-26 9.546471601182732335e-27 1.448009126495277795e-27 2.537347159443230588e-28 4.959620510835554460e-29 1.015528111101486858e-29 2.077764301413352197e-30 4.144624398755498357e-31 7.972198609024268521e-32 1.465207505781683747e-32 0.000000000000000000e+00
0.000000000000000000e+00 -7.333184285058565364e-34 9.489249417271507084e-33 4.197545807691596204e-32 8.059321351433980779e-31 7.875020938306081461e-30 9.045827502051957421e-29 9.244688697483363544e-28 9.300370573688850779e-27 8.795210360348260011e-26 7.954993987433728781e-25 6.771233468624423675e-24 5.436166515677114934e-23 4.074990343800755676e-22 2.839748417592449136e-21 1.822224148120586749e-20 1.066764780082987427e-19 5.626273468322645258e-19 2.633048354878030934e-18 1.072271625026958023e-17 3.705717335126607275e-17 1.052161016535152078e-16 2.356609637628069018e-16 3.986874839978157086e-16 5.013335306661762305e-16 5.013335350318590922e-16 3.986875022224579588e-16 2.356609796478643134e-16 1.052160804633721652e-16 3.705713848768592778e-17 1.072266567083472525e-17 2.632996404762851634e-18 5.625983808671666750e-19 1.066552898491628128e-19 1.821362300017195636e-20 2.835276628135870604e-21 4.059390326842159872e-22 5.375308412650034677e-23 6.582589989951954163e-24 7.360894342862025391e-25 7.155236517829673017e-26 4.895515574719414008e-27 -1.588356595099686374e-28 -1.665366693826393581e-28 -4.868511641602473932e-29 -1.129462142613939389e-29 -2.355905390150138923e-30 -4.584189941454041471e-31 -8.382874063138561445e-32 0.000000000000000000e+00
0.000000000000000000e+00 9.438007288276248333e-33 4.057024784503309222e-32 8.059321351435471410e-31 8.253551483687286829e-30 9.967706446010070649e-29 1.072840693778411283e-27 1.140662821544696917e-26 1.143386952933855778e-25 1.100537254194312554e-24 1.001049800459707145e-23 8.632437357626114554e-23 6.990888398602497256e-22 5.300359136315815393e-21 3.731223153728873820e-20 2.420768873935491079e-19 1.432641688884727793e-18 7.641002806619671242e-18 3.616501789992767421e-17 1.489545432758493399e-16 5.205270622793134363e-16 1.493361555954321905e-15 3.374118657076685341e-15 5.739372778615912291e-15 7.222401560564589024e-15 7.222401533859750960e-15 5.739372663488393736e-15 3.374118541436338171e-15 1.493361637410746279e-15 5.205272143744906013e-16 1.489547962369882164e-16 3.616528592824470397e-17 7.641148992642543244e-18 1.432754690168303972e-18 2.421206829005328742e-19 3.733623217444848860e-20 5.308383653529510873e-21 7.023371906853664077e-22 8.730394669461057373e-23 1.032445537936427457e-23 1.185890528300686647e-24 1.373369134124003484e-25 1.701043047109675299e-26 2.393760078993730473e-27 3.878501113132754854e-28 6.905925669701376498e-29 1.270552537356076861e-29 2.313300247706479971e-30 4.047713475592975719e-31 0.000000000000000000e+00
0.000000000000000000e+00 3.209949258101693131e-32 7.324029961106021308e-31 7.875020938305087941e-30 9.967706446010498886e-29 1.127280625234360691e-27 1.262767664669308431e-26 1.337224686788148606e-25 1.364360583714123238e-24 1.320246010651054770e-23 1.216454650767219959e-22 1.057740356252863945e-21 8.661350386109572272e-21 6.630536920111361276e-20 4.717194248059220690e-19 3.092284291415753819e-18 1.849759356137186097e-17 9.973277805140054780e-17 4.772790076342617774e-16 1.987754312904722345e-15 7.022767429456018080e-15 2.035660051861093368e-14 4.639597337632791462e-14 7.934849750072204747e-14 9.991573807185703923e-14 9.991573805817186763e-14 7.934849773919763999e-14 4.639597366022979100e-14 2.035660002395905414e-14 7.022766765543575765e-15 1.987753136305436049e-15 4.772777444348451072e-16 9.973210998727722438e-17 1.849704249337223520e-17 3.092083828001274140e-18 4.716013740920811495e-19 6.626817670664466575e-20 8.645478675452485154e-21 1.053151002606915499e-21 1.201332177970502150e-22 1.280185037215172528e-23 1.255633910331621470e-24 1.076870149587522171e-25 6.536420313147626329e-27 -1.789929226519289391e-28 -1.705409123946757335e-28 -4.370695192219928524e-29 -8.783214796856961200e-30 -1.551052739202730477e-30 0.000000000000000000e+00
0.000000000000000000e+00 6.167868122632517667e-31 6.843888214745682342e-30 9.045827502053155811e-29 1.072840693778351016e-27 1.262767664669344304e-26 1.408690297671225600e-25 1.518435964333470938e-24 1.557204657708927636e-23 1.526214365494223487e-22 1.417523786012675410e-21 1.245961369403891726e-20 1.029713981513760001e-19 7.962996011957047801e-19 5.720927385381892965e-18 3.788467465910415196e-17 2.289526133687653913e-16 1.247442942008861191e-15 6.033812527026398740e-15 2.540235590734189335e-14 9.071337584039952691e-14 2.656284308570507916e-13 6.106528039669446865e-13 1.049993483147404138e-12 1.322839351572828676e-12 1.322839362678798524e-12 1.049993512150299561e-12 6.106528355795327426e-13 2.656284544961322566e-13 9.071338954235340984e-14 2.540236570239587255e-14 6.033819636958845723e-15 1.247446208209595056e-15 2.289551968054573299e-16 3.788552401604815004e-17 5.721463601758644130e-18 7.964540520769629054e-19 1.030421971796291816e-19 1.247876516142357741e-20 1.424114610504593937e-21 1.542911741916920465e-22 1.603173935809978936e-23 1.624999382125334342e-24 1.655566834546853844e-25 1.774685651247391913e-26 2.096714524127038401e-27 2.758325313552725107e-28 3.868134424806788394e-29 5.332002996780293829e-30 0.000000000000000000e+00
0.000000000000000000e+00 5.324267119859349555e-30 7.442918118482313167e-29 9.244688697482231743e-28 1.140662821544791192e-26 1.337224686788087765e-25 1.518435964333498305e-24 1.645020816133834150e-23 1.708597083994906591e-22 1.687716687713870436e-21 1.584230122855837557e-20 1.404914212729948329e-19 1.172432817514791936e-18 9.151177000451422515e-18 6.637581717664945942e-17 4.437673351353606401e-16 2.708158470770954246e-15 1.490298009193481372e-14 7.282331102370119598e-14 3.097815476610400932e-13 1.117764512773997777e-12 3.305583540649163187e-12 7.663810371562579122e-12 1.324735327350477973e-11 1.669601474008295706e-11 1.669601434284743644e-11 1.324735215748473986e-11 7.663809123476590327e-12 3.305582670956475065e-12 1.117764010841867963e-12 3.097813026690559297e-13 7.282320476041048185e-14 1.490294224925405661e-14 2.708140735959177285e-15 4.437624094087566861e-16 6.637320146264171902e-17 9.150530738992479105e-18 1.172129747429532202e-18 1.404186520706554718e-19 1.581597381482870371e-20 1.681585140017434994e-21 1.691325565009546316e-22 1.607502136695062983e-23 1.432861466811429114e-24 1.172244831384430184e-25 8.332869970394727002e-27 4.413319610707030082e-28 8.468338288660260737e-30 2.703297455860088334e-31 0.000000000000000000e+00
0.000000000000000000e+00 5.541604518002211443e-29 7.206054177824584501e-28 9.300370573690031726e-27 1.143386952933756367e-25 1.364360583714193033e-24 1.557204657708886200e-23 1.708597083994922813e-22 1.788418810866978233e-21 1.785198000163352679e-20 1.690310165100883119e-19 1.513199639460668145e-18 1.274024142040753073e-17 1.003404376469974895e-16 7.342853449210612492e-16 4.953431226667193118e-15 3.050484096270210293e-14 1.694344559816169878e-13 8.358743803888576824e-13 3.590620333970534321e-12 1.308402457823455330e-11 3.906295061983746081e-11 9.131161785183968300e-11 1.586470704474237426e-10 1.999885405908706822e-10 1.999885494134558974e-10 1.586470961061538136e-10 9.131164695670399032e-11 3.906297135867711481e-11 1.308403728350354281e-11 3.590626382356261728e-12 8.358767993316579966e-13 1.694352793820530670e-13 3.050510983092619137e-14 4.953501527393505206e-15 7.343078768981560082e-16 1.003452775903705060e-16 1.274191346343515412e-17 1.513530685535698809e-18 1.691416715656047503e-19 1.787364072350055469e-20 1.794468580041018944e-21 1.719894705065309241e-22 1.581844583775745757e-23 1.403150405821387417e-24 1.200459503843863774e-25 9.651573167029615058e-27 6.280778726814430888e-28 -1.267916171562795598e-30 0.000000000000000000e+00
0.000000000000000000e+00 5.035291151208623302e-28 6.833707603631942300e-27 8.795210360347224566e-26 1.100537254194395022e-24 1.320246010650992763e-23 1.526214365494262748e-22 1.687716687713850123e-21 1.785198000163360202e-20 1.797345546496948517e-19 1.717676579142262730e-18 1.550929636547058916e-17 1.317059957942731376e-16 1.045955069893950116e-15 7.717568206921022265e-15 5.248993282295957423e-14 3.259282859073423153e-13 1.825616432514593771e-12 9.084784216285855007e-12 3.937614403284094537e-11 1.448016565317828673e-10 4.361916798202193850e-10 1.027613672802494887e-09 1.794103733699204751e-09 2.261626688190798128e-09 2.261626545639216216e-09 1.794103305340684858e-09 1.027613181375628481e-09 4.361913197561881600e-10 1.448014237826055628e-10 3.937603239851346714e-11 9.084739095089794296e-12 1.825600859081697433e-12 3.259235006591214728e-13 5.248865442695003956e-14 7.717236527705637284e-15 1.045883218354241854e-15 1.316886814830064785e-16 1.550613710845236913e-17 1.716924889893894263e-18 1.796134000477744913e-19 1.782453764623656867e-20 1.683864751879327578e-21 1.519301647035271982e-22 1.315226755592194256e-23 1.104527101464936059e-24 9.315500680463662368e-26 8.680519294348830378e-27 1.045498076035737796e-27 0.000000000000000000e+00
0.000000000000000000e+00 4.498386770440697983e-27 6.073956896346421451e-26 7.954993987434400099e-25 1.001049800459650427e-23 1.216454650767261572e-22 1.417523786012646822e-21 1.584230122855855011e-20 1.690310165100873008e-19 1.717676579142266004e-18 1.655500620419126993e-17 1.507357685969891443e-16 1.290249528861376607e-15 1.032557236387638266e-14 7.675331731107672440e-14 5.258235692081935523e-13 3.288606102157294944e-12 1.855522305108294938e-11 9.303366745308093424e-11 4.064163566868823219e-10 1.506787108536563510e-09 4.575988684615765371e-09 1.085856273634560579e-08 1.904306488821639828e-08 2.399948383589589715e-08 2.399948560209384028e-08 1.904307039427459309e-08 1.085856911895710834e-08 4.575993496417746616e-09 1.506790372649970409e-09 4.064179277604506886e-10 9.303431580349472595e-11 1.855545009043625622e-11 3.288675930091746761e-12 5.258425915762143765e-13 7.675808045687431950e-14 1.032663534228850142e-14 1.290479588722578300e-15 1.507790558074783472e-16 1.656347939278687860e-17 1.719036218301771246e-18 1.692736494847818802e-19 1.587402343170966922e-20 1.422026394635258311e-21 1.218722910945156867e-22 9.958631372748055729e-24 7.601723853003395649e-25 4.963581429570467506e-26 1.485946269003342142e-27 0.000000000000000000e+00
0.000000000000000000e+00 3.733781890354911651e-26 5.138369883013209566e-25 6.771233468624069558e-24 8.632437357626409603e-23 1.057740356252841188e-21 1.245961369403909481e-20 1.404914212729936292e-19 1.513199639460676427e-18 1.550929636547054910e-17 1.507357685969892429e-16 1.383213044156428723e-15 1.192738316344074659e-14 9.611032921198370362e-14 7.190411792049344812e-13 4.956160801009154910e-12 3.117980377846748604e-11 1.769573141270086612e-10 8.926005190987251382e-10 3.924241334830707910e-09 1.464822143453277818e-08 4.479702648717509819e-08 1.069788482457703939e-07 1.883505566346417859e-07 2.372401934894329059e-07 2.372401763626576348e-07 1.883505008215268559e-07 1.069787828923326643e-07 4.479697572527750917e-08 1.464818541252246006e-08 3.924224070455076779e-09 8.925932296131248686e-10 1.769547380294068413e-10 3.117900434410671741e-11 4.955940225083701664e-12 7.189859519963025983e-13 9.609778729937987291e-14 1.192471746172949460e-14 1.382697893470638469e-15 1.506394703294144006e-16 1.549319732627347441e-17 1.510511683374203105e-18 1.401076868218004126e-19 1.240498004512444704e-20 1.052128790329502624e-21 8.595936177287807341e-23 6.855063495404940724e-24 5.535061348013714864e-25 4.930665195120453810e-26 0.000000000000000000e+00
0.000000000000000000e+00 2.942497079705323712e-25 4.071510471611935225e-24 5.436166515677263047e-23 6.990888398602382528e-22 8.661350386109682110e-21 1.029713981513751455e-19 1.172432817514799254e-18 1.274024142040748297e-17 1.317059957942733841e-16 1.290249528861376409e-15 1.192738316344074975e-14 1.035389140128075162e-13 8.393376512101772446e-13 6.312998112215094017e-12 4.372007492472000172e-11 2.762230770393119552e-10 1.573971750844040450e-09 7.971491466959382376e-09 3.519928783163505814e-08 1.320354342680519044e-07 4.059572820098615851e-07 9.744252425786186053e-07 1.720948678877568998e-06 2.165577042893358036e-06 2.165577173271794829e-06 1.720949128488683617e-06 9.744257743788586142e-07 4.059577086084172155e-07 1.320357503729990828e-07 3.519943734210239981e-08 7.971556260163866146e-09 1.573994705829797017e-09 2.762302669293231726e-10 4.372207466279482888e-11 6.313501114128531969e-12 8.394529673927640500e-13 1.035634100822323067e-13 1.193218091667442866e-14 1.291139001204577088e-15 1.318580775446740933e-16 1.276534111272790692e-17 1.176200182198481812e-18 1.035212903772425407e-19 8.730846403160709893e-21 7.070800854289388613e-22 5.491188568507553039e-23 4.036184039600937982e-24 2.640274326153660447e-25 0.000000000000000000e+00
0.000000000000000000e+00 2.155611013747924144e-24 3.024213465048194999e-23 4.074990343800726524e-22 5.300359136315856018e-21 6.630536920111323961e-20 7.962996011957086319e-19 9.151177000451388619e-18 1.003404376469977360e-16 1.045955069893949327e-15 1.032557236387638266e-14 9.611032921198372887e-14 8.393376512101779514e-13 6.838566954748895461e-12 5.164553879157252296e-11 3.587826537964081761e-10 2.271957639178744805e-09 1.296777693394274340e-08 6.577057857979172796e-08 2.908962309204179497e-07 1.093646886078798875e-06 3.372748627470956054e-06 8.122385411033102958e-06 1.437256522336879136e-05 1.805923929546984723e-05 1.805923852562063599e-05 1.437256235573388985e-05 8.122381984064761830e-06 3.372745777968997913e-06 1.093644683482685310e-06 2.908952143049078204e-07 6.577012349480270905e-08 1.296761678284579213e-08 2.271906992475421836e-09 3.587685218000502887e-10 5.164197374189751313e-11 6.837746655101195075e-12 8.391634372713762412e-13 9.607608129903169648e-14 1.031924987793442119e-14 1.044867597810300601e-15 1.001621505678375161e-16 9.124006557022356831e-18 7.923150314900341799e-19 6.577191801535260440e-20 5.232708303129118338e-21 4.003008336155070385e-22 2.966048629017899602e-23 2.166493868733141583e-24 0.000000000000000000e+00
0.000000000000000000e+00 1.471282928416682223e-23 2.083065861706553569e-22 2.839748417592452897e-21 3.731223153728872014e-20 4.717194248059230320e-19 5.720927385381886032e-18 6.637581717664955803e-17 7.342853449210602631e-16 7.717568206921022265e-15 7.675331731107669915e-14 7.190411792049347841e-13 6.312998112215097248e-12 5.164553879157254235e-11 3.910857507516957087e-10 2.720333231354011086e-09 1.722450986827211581e-08 9.819026901560270837e-08 4.970223843480671779e-07 2.193725214514956268e-06 8.235481096145092723e-06 2.538955930293604080e-05 6.118224351708094195e-05 1.082771092466339088e-04 1.357555666602363838e-04 1.357555700715095467e-04 1.082771235081354073e-04 6.118226074379814637e-05 2.538957423069494637e-05 8.235493129030211260e-06 2.193730547344073058e-06 4.970248807014024735e-07 9.819112858937458732e-08 1.722478514342722341e-08 2.720409695334339893e-09 3.911050097573790945e-10 5.164995115930152635e-11 6.313927840848712170e-12 7.192222829423897664e-13 7.678624439094814407e-14 7.723146785205199944e-15 7.351781050429393684e-16 6.650903919967527717e-17 5.739864154670958928e-18 4.741995727405707524e-19 3.761941718790708009e-20 2.872861526510103624e-21 2.112998334021735822e-22 1.481670071583821775e-23 0.000000000000000000e+00
0.000000000000000000e+00 9.229966214285840180e-23 1.322600485998015062e-21 1.822224148120588253e-20 2.420768873935491079e-19 3.092284291415753434e-18 3.788467465910418277e-17 4.437673351353603443e-16 4.953431226667198640e-15 5.248993282295953005e-14 5.258235692081938552e-13 4.956160801009155717e-12 4.372007492472002111e-11 3.587826537964082278e-10 2.720333231354010259e-09 1.890774238810637057e-08 1.193752503199262522e-07 6.772084045739819717e-07 3.405989942093564764e-06 1.492601651518422690e-05 5.565657904602382751e-05 1.706849025876063203e-04 4.099143253900598867e-04 7.235966481575418141e-04 9.043697149925677839e-04 9.043697045170041166e-04 7.235965945658641690e-04 4.099142599201635638e-04 1.706848429629609029e-04 5.565652890547634503e-05 1.492599575701990662e-05 3.405979520106397412e-06 6.772049963289402358e-07 1.193741339372368741e-07 1.890743925273053352e-08 2.720257757212671640e-09 3.587657764972257983e-10 4.371663579988671039e-11 4.955521020453930927e-12 5.257145478588549900e-13 5.247302591621183369e-14 4.951048194711429343e-15 4.434725347208321077e-16 3.785371631849300606e-17 3.090157350400098113e-18 2.421299173331064251e-19 1.828590363580702947e-20 1.338832648877256947e-21 9.556495355066948875e-23 0.000000000000000000e+00
0.000000000000000000e+00 5.284869157912821842e-22 7.655097439547997566e-21 1.066764780082988511e-19 1.432641688884726445e-18 1.849759356137187638e-17 2.289526133687653913e-16 2.708158470770953458e-15 3.050484096270210924e-14 3.259282859073423658e-13 3.288606102157295751e-12 3.117980377846749250e-11 2.762230770393121103e-10 2.271957639178744392e-09 1.722450986827211911e-08 1.193752503199261992e-07 7.491901735639743285e-07 4.211227831762547622e-06 2.092535741200700380e-05 9.041858087122881665e-05 3.323318139391691567e-04 1.006308950839781722e-03 2.393685763460573403e-03 4.196975896336447263e-03 5.221339313055258988e-03 5.221339330125263252e-03 4.196976039332668031e-03 2.393685940242383514e-03 1.006309122631675584e-03 3.323319649186748013e-04 9.041863588616077130e-05 2.092538894879691712e-05 4.211236912672183831e-06 7.491933200958752093e-07 1.193760362498908077e-07 1.722469685831986585e-08 2.271994987631119570e-09 2.762294582472390856e-10 3.118065582510315418e-11 3.288667828877210725e-12 3.259183006308313579e-13 3.049909320410624364e-14 2.706491699012312635e-15 2.285716430999020792e-16 1.842121201985434302e-17 1.418794717039840018e-18 1.043403039830208746e-19 7.286360026438662511e-21 4.737644321268473602e-22 0.000000000000000000e+00
0.000000000000000000e+00 2.724253605591636372e-21 3.992121355190017783e-20 5.626273468322627925e-19 7.641002806619689731e-18 9.973277805140051082e-17 1.247442942008861388e-15 1.490298009193481056e-14 1.694344559816170635e-13 1.825616432514594175e-12 1.855522305108294292e-11 1.769573141270086612e-10 1.573971750844041070e-09 1.296777693394274175e-08 9.819026901560270837e-08 6.772084045739818658e-07 4.211227831762546775e-06 2.334007430154039453e-05 1.137757668266833563e-04 4.802401975236728700e-04 1.720593485559850002e-03 5.085456861466509590e-03 1.186329467661688744e-02 2.051948239347083786e-02 2.535191109353063244e-02 2.535191110732626027e-02 2.051948215923806232e-02 1.186329438398507803e-02 5.085456546432226207e-03 1.720593194543450222e-03 4.802401213345544877e-04 1.137757040592660753e-04 2.334006269616265038e-05 4.211222741832528172e-06 6.772076337828195949e-07 9.819015261966187152e-08 1.296779315058922073e-08 1.573986408266542310e-09 1.769631903520680714e-10 1.855700909689695855e-11 1.826078474283821289e-12 1.695407094080833704e-13 1.492523194139234206e-14 1.251744714627737369e-15 1.005092001380606807e-16 7.772661232321652828e-18 5.837576816138656076e-19 4.314132495938605120e-20 3.187528965451437411e-21 0.000000000000000000e+00
0.000000000000000000e+00 1.246036430654315423e-20 1.846914580858350030e-19 2.633048354878039408e-18 3.616501789992761875e-17 4.772790076342621719e-16 6.033812527026399529e-15 7.282331102370118336e-14 8.358743803888574805e-13 9.084784216285850161e-12 9.303366745308094717e-11 8.926005190987252416e-10 7.971491466959382376e-09 6.577057857979174119e-08 4.970223843480671779e-07 3.405989942093563917e-06 2.092535741200700380e-05 1.137757668266833834e-04 5.396744351690291449e-04 2.198289807673362191e-03 7.554608900949819940e-03 2.140355339029000742e-02 4.816733365927575172e-02 8.122765586407094951e-02 9.927688053944759561e-02 9.927688039630926109e-02 8.122765598837759782e-02 4.816733380816504845e-02 2.140355361849288762e-02 7.554609130538964511e-03 2.198289772795732760e-03 5.396744999006596825e-04 1.137757521208018378e-04 2.092535798786729288e-05 3.405986882845649888e-06 4.970212312066947847e-07 6.577008025360561999e-08 7.971327297302854347e-09 8.925521999056412972e-10 9.302100851176857284e-11 9.081771867807508121e-12 8.352159846653262119e-13 7.268990203061108098e-14 6.008567201368579247e-15 4.727890624399182908e-16 3.541073564721858979e-17 2.512788831210086623e-18 1.664336760057535065e-19 9.840966975803129106e-21 0.000000000000000000e+00
0.000000000000000000e+00 4.959353550244930464e-20 7.435648804532515152e-19 1.072271625026956020e-17 1.489545432758495618e-16 1.987754312904722345e-15 2.540235590734189651e-14 3.097815476610401942e-13 3.590620333970532705e-12 3.937614403284094537e-11 4.064163566868826321e-10 3.924241334830708738e-09 3.519928783163503829e-08 2.908962309204179497e-07 2.193725214514955844e-06 1.492601651518421504e-05 9.041858087122881665e-05 4.802401975236730326e-04 2.198289807673362191e-03 8.517111775955314712e-03 2.745404124637706306e-02 7.245099357771830895e-02 1.528973778691669061e-01 2.460832459679121731e-01 2.953626537259980145e-01 2.953626540012060930e-01 2.460832461932815074e-01 1.528973782162591777e-01 7.245099387695051740e-02 2.745404152460851829e-02 8.517112056895795660e-03 2.198289795862015152e-03 4.802402838947856059e-04 9.041859594061863088e-05 1.492603207896424326e-05 2.193730512093391730e-06 2.908983571758505646e-07 3.519995611030632478e-08 3.924434225400685425e-09 4.064661798397289853e-10 3.938790772568364441e-11 3.593179466366548676e-12 3.102987620021412172e-13 2.550013069603048066e-14 2.005142937418308663e-15 1.518782411864828042e-16 1.118948145976793921e-17 8.145667506961406089e-19 5.980249445610211126e-20 0.000000000000000000e+00
0.000000000000000000e+00 1.676104255354778896e-19 2.541135282882023276e-18 3.705717335126609740e-17 5.205270622793131405e-16 7.022767429456018869e-15 9.071337584039955215e-14 1.117764512773998383e-12 1.308402457823455169e-11 1.448016565317828673e-10 1.506787108536563924e-09 1.464822143453277984e-08 1.320354342680519308e-07 1.093646886078798452e-06 8.235481096145089335e-06 5.565657904602382751e-05 3.323318139391692651e-04 1.720593485559850653e-03 7.554608900949820807e-03 2.745404124637707000e-02 8.077125250965584702e-02 1.902377903479758325e-01 3.588032303887848107e-01 5.297558190333658823e-01 6.153174116143323991e-01 6.153174115863915272e-01 5.297558189746803814e-01 3.588032301237724653e-01 1.902377899298697550e-01 8.077125205599529345e-02 2.745404114004957458e-02 7.554608941151277554e-03 1.720593360994944736e-03 3.323317863644452397e-04 5.565654448843731237e-05 8.235468932348696071e-06 1.093641729453320879e-06 1.320338112982507354e-07 1.464774712762704034e-08 1.506664442543545203e-09 1.447726399549735415e-10 1.307770966568872858e-11 1.116488066764598627e-12 9.047206462645733993e-14 6.979848511424207389e-15 5.133090784445480492e-16 3.590440377361800004e-17 2.365680172213389823e-18 1.423610606042284806e-19 0.000000000000000000e+00
0.000000000000000000e+00 4.661290494734824166e-19 7.140256654755345166e-18 1.052161016535152201e-16 1.493361555954321905e-15 2.035660051861093999e-14 2.656284308570508926e-13 3.305583540649162379e-12 3.906295061983746728e-11 4.361916798202196435e-10 4.575988684615765371e-09 4.479702648717511805e-08 4.059572820098614792e-07 3.372748627470956478e-06 2.538955930293601709e-05 1.706849025876063203e-04 1.006308950839781505e-03 5.085456861466512192e-03 2.140355339029000395e-02 7.245099357771833670e-02 1.902377903479758325e-01 3.809126917740642826e-01 6.023273871562533355e-01 7.700191494159681627e-01 8.439383806174071134e-01 8.439383801992906831e-01 7.700191486777487881e-01 6.023273864141099887e-01 3.809126910984033110e-01 1.902377896926978895e-01 7.245099299065686782e-02 2.140355326202188560e-02 5.085456921103615607e-03 1.006308985450017407e-03 1.706849447986881181e-04 2.538957442872235559e-05 3.372755181721027978e-06 4.059592725831655311e-07 4.479760505631698232e-08 4.576135025217767233e-09 4.362257856553872375e-10 3.907025497003399201e-11 3.307038765721934023e-12 2.658998237234113204e-13 2.040425975721442171e-14 1.501281748724440997e-15 1.064668825881276840e-16 7.328617206901545196e-18 4.929765661359067872e-19 0.000000000000000000e+00
0.000000000000000000e+00 1.026123701715143864e-18 1.585397529336949170e-17 2.356609637628066553e-16 3.374118657076688496e-15 4.639597337632784520e-14 6.106528039669446865e-13 7.663810371562577507e-12 9.131161785183967008e-11 1.027613672802494680e-09 1.085856273634560744e-08 1.069788482457703675e-07 9.744252425786183936e-07 8.122385411033106347e-06 6.118224351708091485e-05 4.099143253900596156e-04 2.393685763460573403e-03 1.186329467661689091e-02 4.816733365927573091e-02 1.528973778691667118e-01 3.588032303887846441e-01 6.023273871562533355e-01 7.963285457295070646e-01 9.066423433342493121e-01 9.486900827658827362e-01 9.486900826349029536e-01 9.066423430023985430e-01 7.963285455090246545e-01 6.023273872312899790e-01 3.588032305762983709e-01 1.528973776438304066e-01 4.816733335582470965e-02 1.186329465264018314e-02 2.393685728217498018e-03 4.099143318084334233e-04 6.118224834819020947e-05 8.122388162203442475e-06 9.744263791503968589e-07 1.069792157976924909e-07 1.085866926615787091e-08 1.027640798413874585e-09 9.131792935639401208e-11 7.665159436589584847e-12 6.109208600297898693e-13 4.644583795137559056e-14 3.382857130596839572e-15 2.371110034589643511e-16 1.608273558724242201e-17 1.060146967898236090e-18 0.000000000000000000e+00
0.000000000000000000e+00 1.717407636993623323e-18 2.667663328668230461e-17 3.986874839978161030e-16 5.739372778615904403e-15 7.934849750072212320e-14 1.049993483147403128e-12 1.324735327350478619e-11 1.586470704474237168e-10 1.794103733699205371e-09 1.904306488821639497e-08 1.883505566346417330e-07 1.720948678877568151e-06 1.437256522336879136e-05 1.082771092466338546e-04 7.235966481575413804e-04 4.196975896336444661e-03 2.051948239347084132e-02 8.122765586407094951e-02 2.460832459679121453e-01 5.297558190333654382e-01 7.700191494159677186e-01 9.066423433342485350e-01 9.659263752075509801e-01 9.851043880445020662e-01 9.851043885119491472e-01 9.659263763691444682e-01 9.066423444202522663e-01 7.700191507872010677e-01 5.297558205241028606e-01 2.460832468147871877e-01 8.122765596596846771e-02 2.051948209220449265e-02 4.196975729106136935e-03 7.235965138650491063e-04 1.082770589966062049e-04 1.437254487381466408e-05 1.720942436359245624e-06 1.883487555674591873e-07 1.904260658218450907e-08 1.793996286739045601e-09 1.586238589942859418e-10 1.324268359586578758e-11 1.049113191018983020e-12 7.919212720725291039e-14 5.713073389926630161e-15 3.944823464924725454e-16 2.603527813037323644e-17 1.624835943932506342e-18 0.000000000000000000e+00
0.000000000000000000e+00 2.155825424772761519e-18 3.351686286326624812e-17 5.013335306661762305e-16 7.222401560564589024e-15 9.991573807185707710e-14 1.322839351572827464e-12 1.669601474008296029e-11 1.999885405908706305e-10 2.261626688190798128e-09 2.399948383589588060e-08 2.372401934894328530e-07 2.165577042893357613e-06 1.805923929546983029e-05 1.357555666602364652e-04 9.043697149925672418e-04 5.221339313055257253e-03 2.535191109353063244e-02 9.927688053944758173e-02 2.953626537259978480e-01 6.153174116143319550e-01 8.439383806174064473e-01 9.486900827658824031e-01 9.851043880445017331e-01 9.950001003070014782e-01 9.950001011783642380e-01 9.851043900461140534e-01 9.486900850278862096e-01 8.439383830501600015e-01 6.153174141322187429e-01 2.953626558034372906e-01 9.927688166033338257e-02 2.535191149264730964e-02 5.221339471800390611e-03 9.043697378557876733e-04 1.357555680551556930e-04 1.805923673144953158e-05 2.165575567148153745e-06 2.372396373093425524e-07 2.399930810743648206e-08 2.261579297065055390e-09 1.999770007428261463e-10 1.669345646626096791e-11 1.322314517823495746e-12 9.981528305235733702e-14 7.204329916965083356e-15 4.982605220420816661e-16 3.302073729562512263e-17 2.080420371083631079e-18 0.000000000000000000e+00
0.000000000000000000e+00 2.155824471655751681e-18 3.351686118907697334e-17 5.013335350318592894e-16 7.222401533859758849e-15 9.991573805817185501e-14 1.322839362678798524e-12 1.669601434284743644e-11 1.999885494134557423e-10 2.261626545639216216e-09 2.399948560209382042e-08 2.372401763626573966e-07 2.165577173271794405e-06 1.805923852562063938e-05 1.357555700715094924e-04 9.043697045170041166e-04 5.221339330125264119e-03 2.535191110732624292e-02 9.927688039630926109e-02 2.953626540012059265e-01 6.153174115863910831e-01 8.439383801992901279e-01 9.486900826349031757e-01 9.851043885119491472e-01 9.950001011783651261e-01 9.950001019616665499e-01 9.851043911131028841e-01 9.486900857607869497e-01 8.439383834239714277e-01 6.153174148014950440e-01 2.953626569102775767e-01 9.927688280357781225e-02 2.535191232909974474e-02 5.221339946377290091e-03 9.043699586274306108e-04 1.357556553997090224e-04 1.805926688345446142e-05 2.165584822716782853e-06 2.372422006868166507e-07 2.399995607274491240e-08 2.261730196998636221e-09 2.000096291662454170e-10 1.670004991746325378e-11 1.323566689116309594e-12 1.000398483559573508e-13 7.242522167788148801e-15 5.044430529222307108e-16 3.397617734898828037e-17 2.220214720436581368e-18 0.000000000000000000e+00
0.000000000000000000e+00 1.717405140445053938e-18 2.667662788084344818e-17 3.986875022224576137e-16 5.739372663488392947e-15 7.934849773919762737e-14 1.049993512150299763e-12 1.324735215748473986e-11 1.586470961061537619e-10 1.794103305340684858e-09 1.904307039427458647e-08 1.883505008215266442e-07 1.720949128488682558e-06 1.437256235573388477e-05 1.082771235081353802e-04 7.235965945658647111e-04 4.196976039332664561e-03 2.051948215923806232e-02 8.122765598837759782e-02 2.460832461932812576e-01 5.297558189746804924e-01 7.700191486777485661e-01 9.066423430023982100e-01 9.659263763691439131e-01 9.851043900461146086e-01 9.851043911131031061e-01 9.659263785967203697e-01 9.066423463480293155e-01 7.700191521826904584e-01 5.297558223391296561e-01 2.460832495835747202e-01 8.122765893647866664e-02 2.051948437137704126e-02 4.196977074019665570e-03 7.235971584967765529e-04 1.082773197527135445e-04 1.437263636552818003e-05 1.720970856174528670e-06 1.883566946348182379e-07 1.904462593609993640e-08 1.794468680579897265e-09 1.587263374493137322e-10 1.326344236020122714e-11 1.053062860963141028e-12 7.990154186402194337e-14 5.833887880525043936e-15 4.140653351861654476e-16 2.906576044315844860e-17 2.068886383049526788e-18 0.000000000000000000e+00
0.000000000000000000e+00 1.026120432470314362e-18 1.585397014728164195e-17 2.356609796478640176e-16 3.374118541436340932e-15 4.639597366022974051e-14 6.106528355795328435e-13 7.663809123476588712e-12 9.131164695670396447e-11 1.027613181375628481e-09 1.085856911895709841e-08 1.069787828923326378e-07 9.744257743788577672e-07 8.122381984064755054e-06 6.118226074379817347e-05 4.099142599201635638e-04 2.393685940242383948e-03 1.186329438398507977e-02 4.816733380816505539e-02 1.528973782162591499e-01 3.588032301237724653e-01 6.023273864141095446e-01 7.963285455090245435e-01 9.066423444202525994e-01 9.486900850278859876e-01 9.486900857607861726e-01 9.066423463480289824e-01 7.963285493807512605e-01 6.023273906021732182e-01 3.588032339497856382e-01 1.528973816585700307e-01 4.816733733171985055e-02 1.186329764969311709e-02 2.393687501230217732e-03 4.099151899149171881e-04 6.118259979987105053e-05 8.122513153124386273e-06 9.744657476459010507e-07 1.069903680551541851e-07 1.086154565502904290e-08 1.028323028735859032e-09 9.146796335506625897e-11 7.695964629087450898e-12 6.168608187399538016e-13 4.752692197227958480e-14 3.569389334949297865e-15 2.677398475201507772e-16 2.088360949854286252e-17 1.772326749702857357e-18 0.000000000000000000e+00
0.000000000000000000e+00 4.661251113864219880e-19 7.140258432933415402e-18 1.052160804633721405e-16 1.493361637410745293e-15 2.035660002395904783e-14 2.656284544961321052e-13 3.305582670956474661e-12 3.906297135867709542e-11 4.361913197561882117e-10 4.575993496417744962e-09 4.479697572527748932e-08 4.059577086084171097e-07 3.372745777968996642e-06 2.538957423069494637e-05 1.706848429629609571e-04 1.006309122631675150e-03 5.085456546432227942e-03 2.140355361849288415e-02 7.245099387695051740e-02 1.902377899298696440e-01 3.809126910984030334e-01 6.023273872312905342e-01 7.700191507872015118e-01 8.439383830501602235e-01 8.439383834239712057e-01 7.700191521826894592e-01 6.023273906021732182e-01 3.809126946655565504e-01 1.902377931797926414e-01 7.245099728167327113e-02 2.140355768172353193e-02 5.085460353048310185e-03 1.006311062437355601e-03 1.706859688312873952e-04 2.539000055734345006e-05 3.372908885545547105e-06 4.060083107605363560e-07 4.481166265797313140e-08 4.579801350434103414e-09 4.371045691626247577e-10 3.926545684703142648e-11 3.347502865878442366e-12 2.737741632882139468e-13 2.185012468817951817e-14 1.752892091514667951e-15 1.481244255767915473e-16 1.391071631168043139e-17 1.476745140369152387e-18 0.000000000000000000e+00
0.000000000000000000e+00 1.676068781506210851e-19 2.541140309505147318e-18 3.705713848768592162e-17 5.205272143744902068e-16 7.022766765543579709e-15 9.071338954235332149e-14 1.117764010841868771e-12 1.308403728350353796e-11 1.448014237826056145e-10 1.506790372649970616e-09 1.464818541252244848e-08 1.320357503729991358e-07 1.093644683482685734e-06 8.235493129030212954e-06 5.565652890547637891e-05 3.323319649186748013e-04 1.720593194543450005e-03 7.554609130538962776e-03 2.745404152460850442e-02 8.077125205599527957e-02 1.902377896926979450e-01 3.588032305762983709e-01 5.297558205241029716e-01 6.153174141322189650e-01 6.153174148014944889e-01 5.297558223391294341e-01 3.588032339497855272e-01 1.902377931797926691e-01 8.077125546579556892e-02 2.745404550716547612e-02 7.554613450650199402e-03 1.720596844113485291e-03 3.323338833398914449e-04 5.565757441501838459e-05 8.235896457319031951e-06 1.093795733983971381e-06 1.320829268932000034e-07 1.466183247498253986e-08 1.510341809098263919e-09 1.456554595283238891e-10 1.327420769954976548e-11 1.157320074860151954e-12 9.844010696641528297e-14 8.447433557232705365e-15 7.695555525083227167e-16 7.848182394269510240e-17 9.118682107858902561e-18 1.155528450978424674e-18 0.000000000000000000e+00
0.000000000000000000e+00 4.959043506764624858e-20 7.435728476124024797e-19 1.072266567083470214e-17 1.489547962369882411e-16 1.987753136305436444e-15 2.540236570239587886e-14 3.097813026690558792e-13 3.590626382356260921e-12 3.937603239851348652e-11 4.064179277604505852e-10 3.924224070455075952e-09 3.519943734210239981e-08 2.908952143049077675e-07 2.193730547344073481e-06 1.492599575701991340e-05 9.041863588616077130e-05 4.802401213345544335e-04 2.198289772795730592e-03 8.517112056895788721e-03 2.745404114004957805e-02 7.245099299065682619e-02 1.528973776438304066e-01 2.460832468147871599e-01 2.953626558034373462e-01 2.953626569102774102e-01 2.460832495835746647e-01 1.528973816585700030e-01 7.245099728167331277e-02 2.745404550716547612e-02 8.517116514216521717e-03 2.198293779732093164e-03 4.802430763680041407e-04 9.042017724248860820e-05 1.492677946529424433e-05 2.194033445192294018e-06 2.910059357928817416e-07 3.523400017578698727e-08 3.934165863239792286e-09 4.090068757036859629e-10 3.999927239719900250e-11 3.729808962575705246e-12 3.388415823414002474e-13 3.110504217561956176e-14 3.044699333959739453e-15 3.347550321644071792e-16 4.181649186551541827e-17 5.711974373297207633e-18 8.005480888527967258e-19 0.000000000000000000e+00
0.000000000000000000e+00 1.245784588640989691e-20 1.846999150447627888e-19 2.632996404762839309e-18 3.616528592824475328e-17 4.772777444348446142e-16 6.033819636958850456e-15 7.282320476041043136e-14 8.358767993316580976e-13 9.084739095089800759e-12 9.303431580349471303e-11 8.925932296131248686e-10 7.971556260163867800e-09 6.577012349480269581e-08 4.970248807014027912e-07 3.405979520106400377e-06 2.092538894879691374e-05 1.137757040592660753e-04 5.396744999006596825e-04 2.198289795862013851e-03 7.554608941151274085e-03 2.140355326202186478e-02 4.816733335582470271e-02 8.122765596596846771e-02 9.927688166033335482e-02 9.927688280357777062e-02 8.122765893647865276e-02 4.816733733171985055e-02 2.140355768172353887e-02 7.554613450650196800e-03 2.198293779732092730e-03 5.396776005901285367e-04 1.137777352938988662e-04 2.092641924658814560e-05 3.406471110527861125e-06 4.972131957767351281e-07 6.583730920635787743e-08 7.992422476732215419e-09 8.985534986341120610e-10 9.458438372031791321e-11 9.457858297931227830e-12 9.193606149342325820e-13 9.030751068968378738e-14 9.478790313481458818e-15 1.118845029801281732e-15 1.495545422989266079e-16 2.172002203606747250e-17 3.253542903523853829e-18 4.792234910888081462e-19 0.000000000000000000e+00
0.000000000000000000e+00 2.722866433572056174e-21 3.992607417834320788e-20 5.625983808671634010e-19 7.641148992642560193e-18 9.973210998727719973e-17 1.247446208209595648e-15 1.490294224925403452e-14 1.694352793820530670e-13 1.825600859081697433e-12 1.855545009043625299e-11 1.769547380294067896e-10 1.573994705829798464e-09 1.296761678284578716e-08 9.819112858937465349e-08 6.772049963289407652e-07 4.211236912672183831e-06 2.334006269616266055e-05 1.137757521208018649e-04 4.802402838947854432e-04 1.720593360994944303e-03 5.085456921103612138e-03 1.186329465264017620e-02 2.051948209220449612e-02 2.535191149264730964e-02 2.535191232909972739e-02 2.051948437137704126e-02 1.186329764969311536e-02 5.085460353048307583e-03 1.720596844113484640e-03 4.802430763680040865e-04 1.137777352938988934e-04 2.334125200124621753e-05 4.211820940457736816e-06 6.774692509853236987e-07 9.829094703377505113e-08 1.300243371780519388e-08 1.584726535072461371e-09 1.799971725700348411e-10 1.934466636422539185e-11 2.015411753037083680e-12 2.119538944578701556e-13 2.382989032958360481e-14 3.012626237794982795e-15 4.299193365997733462e-16 6.629450219309137594e-17 1.049133505995580658e-17 1.645927476627986456e-18 2.484993455510711353e-19 0.000000000000000000e+00
0.000000000000000000e+00 5.276058190737087906e-22 7.658549043504389397e-21 1.066552898491619943e-19 1.432754690168308787e-18 1.849704249337221362e-17 2.289551968054573299e-16 2.708140735959175313e-15 3.050510983092619137e-14 3.259235006591215233e-13 3.288675930091745953e-12 3.117900434410672387e-11 2.762302669293232243e-10 2.271906992475420595e-09 1.722478514342723002e-08 1.193741339372369270e-07 7.491933200958749976e-07 4.211222741832532408e-06 2.092535798786729288e-05 9.041859594061860377e-05 3.323317863644451855e-04 1.006308985450017407e-03 2.393685728217497585e-03 4.196975729106140404e-03 5.221339471800389744e-03 5.221339946377288356e-03 4.196977074019665570e-03 2.393687501230217732e-03 1.006311062437354950e-03 3.323338833398913907e-04 9.042017724248863531e-05 2.092641924658817271e-05 4.211820940457740204e-06 7.494786589711175177e-07 1.194979498669052958e-07 1.727085003847447127e-08 2.287658797648100906e-09 2.810448820172424315e-10 3.253383265699125666e-11 3.639018420083670888e-12 4.100754086185900617e-13 4.936839736281086935e-14 6.676722927521665293e-15 1.016189390093477023e-15 1.663549451991025793e-16 2.782367979553512179e-17 4.598080753742202807e-18 7.383980936814830895e-19 1.130284488363261717e-19 0.000000000000000000e+00
0.000000000000000000e+00 9.191984881046689229e-23 1.324058228003674930e-21 1.821362300017176076e-20 2.421206829005339816e-19 3.092083828001266051e-18 3.788552401604815620e-17 4.437624094087566861e-16 4.953501527393502840e-15 5.248865442695006480e-14 5.258425915762142755e-13 4.955940225083703280e-12 4.372207466279484827e-11 3.587685218000500302e-10 2.720409695334340307e-09 1.890743925273054013e-08 1.193760362498908077e-07 6.772076337828200185e-07 3.405986882845650735e-06 1.492603207896424665e-05 5.565654448843733269e-05 1.706849447986881724e-04 4.099143318084333691e-04 7.235965138650493232e-04 9.043697378557873480e-04 9.043699586274300687e-04 7.235971584967763361e-04 4.099151899149170797e-04 1.706859688312873952e-04 5.565757441501840492e-05 1.492677946529424602e-05 3.406471110527866207e-06 6.774692509853241222e-07 1.194979498669052693e-07 1.895868785930269666e-08 2.739210993667757465e-09 3.650917472121488566e-10 4.563917503774186569e-11 5.491765125775753795e-12 6.639569774577020327e-13 8.561832296233894528e-14 1.238315112671226506e-14 2.009691538621943462e-15 3.494224557544962189e-16 6.182874000337595829e-17 1.077369862499542477e-17 1.819810152352391800e-18 2.960909807177439243e-19 4.573760109484598006e-20 0.000000000000000000e+00
0.000000000000000000e+00 1.453239715242968099e-23 2.090353919955935045e-22 2.835276628135829227e-21 3.733623217444872332e-20 4.716013740920791273e-19 5.721463601758648752e-18 6.637320146264174368e-17 7.343078768981551208e-16 7.717236527705642017e-15 7.675808045687426901e-14 7.189859519963029012e-13 6.313501114128534392e-12 5.164197374189748082e-11 3.911050097573795081e-10 2.720257757212670813e-09 1.722469685831987247e-08 9.819015261966187152e-08 4.970212312066951023e-07 2.193730512093393424e-06 8.235468932348694377e-06 2.538957442872237253e-05 6.118224834819025013e-05 1.082770589966062456e-04 1.357555680551556388e-04 1.357556553997089411e-04 1.082773197527135174e-04 6.118259979987106408e-05 2.539000055734346362e-05 8.235896457319038727e-06 2.194033445192294865e-06 4.972131957767358692e-07 9.829094703377511730e-08 1.727085003847447458e-08 2.739210993667758706e-09 3.979769861308378558e-10 5.392266519536353003e-11 7.000067385026012431e-12 9.097749912979387145e-13 1.257951375524953225e-13 1.946596331240184231e-14 3.370277017984781606e-15 6.229106287306435070e-16 1.167518530550700550e-16 2.148183748553184896e-17 3.821026235898473276e-18 6.533266179199409469e-19 1.072221535858803197e-19 1.668031765909482060e-20 0.000000000000000000e+00
0.000000000000000000e+00 2.089224880329802923e-24 3.050381005489291807e-23 4.059390326842093104e-22 5.308383653529555260e-21 6.626817670664429260e-20 7.964540520769635795e-19 9.150530738992482187e-18 1.003452775903702964e-16 1.045883218354243629e-15 1.032663534228849195e-14 9.609778729937993602e-14 8.394529673927640500e-13 6.837746655101188612e-12 5.164995115930157805e-11 3.587657764972254881e-10 2.271994987631120397e-09 1.296779315058922403e-08 6.577008025360567293e-08 2.908983571758506705e-07 1.093641729453320879e-06 3.372755181721030096e-06 8.122388162203445864e-06 1.437254487381467086e-05 1.805923673144952819e-05 1.805926688345444787e-05 1.437263636552818003e-05 8.122513153124387967e-06 3.372908885545548799e-06 1.093795733983972863e-06 2.910059357928821651e-07 6.583730920635798331e-08 1.300243371780520877e-08 2.287658797648103801e-09 3.650917472121493736e-10 5.392266519536355588e-11 7.584410489180892266e-12 1.062937246735933933e-12 1.579189498357518362e-13 2.618028295505692001e-14 4.841272793131120048e-15 9.524337679450598305e-16 1.893765994592533558e-16 3.685165007655335707e-17 6.913538381721254171e-18 1.243708609005805475e-18 2.143508848888534793e-19 3.541591891039200923e-20 5.543737003962208778e-21 0.000000000000000000e+00
0.000000000000000000e+00 2.694865474971750315e-25 4.171061258817840867e-24 5.375308412649981780e-23 7.023371906853714858e-22 8.645478675452441519e-21 1.030421971796292899e-19 1.172129747429533935e-18 1.274191346343512485e-17 1.316886814830067497e-16 1.290479588722577117e-15 1.192471746172950249e-14 1.035634100822323319e-13 8.391634372713753324e-13 6.313927840848719440e-12 4.371663579988667162e-11 2.762294582472391890e-10 1.573986408266542724e-09 7.971327297302859310e-09 3.519995611030633802e-08 1.320338112982508148e-07 4.059592725831655841e-07 9.744263791503970706e-07 1.720942436359246683e-06 2.165575567148154168e-06 2.165584822716780735e-06 1.720970856174529517e-06 9.744657476459016860e-07 4.060083107605367266e-07 1.320829268932001887e-07 3.523400017578703359e-08 7.992422476732231963e-09 1.584726535072464060e-09 2.810448820172428968e-10 4.563917503774193677e-11 7.000067385026018086e-12 1.062937246735934539e-12 1.702583257542395706e-13 3.031389129865221121e-14 5.999301374086949541e-15 1.258717021710678019e-15 2.660112692280198067e-16 5.484749864140680732e-17 1.087179721906044196e-17 2.061152238386449906e-18 3.735038317668107087e-19 6.477015390148002872e-20 1.076486497612539270e-20 1.694848860206003807e-21 0.000000000000000000e+00
0.000000000000000000e+00 2.939888453461852246e-26 5.451922276176644835e-25 6.582589989952058489e-24 8.730394669461059724e-23 1.053151002606913994e-21 1.247876516142357440e-20 1.404186520706558811e-19 1.513530685535694572e-18 1.550613710845240611e-17 1.507790558074782486e-16 1.382697893470638074e-15 1.193218091667444128e-14 9.607608129903155764e-14 7.192222829423903723e-13 4.955521020453929311e-12 3.118065582510314772e-11 1.769631903520681231e-10 8.925521999056414006e-10 3.924434225400685425e-09 1.464774712762704530e-08 4.479760505631698232e-08 1.069792157976924909e-07 1.883487555674592668e-07 2.372396373093423936e-07 2.372422006868164125e-07 1.883566946348183703e-07 1.069903680551542777e-07 4.481166265797317111e-08 1.466183247498255805e-08 3.934165863239798076e-09 8.985534986341145426e-10 1.799971725700351513e-10 3.253383265699129543e-11 5.491765125775760258e-12 9.097749912979401282e-13 1.579189498357521139e-13 3.031389129865223645e-14 6.440824401441667366e-15 1.445177867056132558e-15 3.254316462204173158e-16 7.125744970999306357e-17 1.495461631635749013e-17 2.993621334192859549e-18 5.713663151700225859e-19 1.041215983786198791e-19 1.815410872071158260e-20 3.034091884644449292e-21 4.804129865983386817e-22 0.000000000000000000e+00
0.000000000000000000e+00 2.032272990194230411e-27 7.050117834345343688e-26 7.360894342862625995e-25 1.032445537936406298e-23 1.201332177970512024e-22 1.424114610504589047e-21 1.581597381482876390e-20 1.691416715656042688e-19 1.716924889893896574e-18 1.656347939278687860e-17 1.506394703294141788e-16 1.291139001204580046e-15 1.031924987793440225e-14 7.678624439094824504e-14 5.257145478588551919e-13 3.288667828877209513e-12 1.855700909689697147e-11 9.302100851176858576e-11 4.064661798397288819e-10 1.506664442543545409e-09 4.576135025217768888e-09 1.085866926615786429e-08 1.904260658218450576e-08 2.399930810743645559e-08 2.399995607274488263e-08 1.904462593609994302e-08 1.086154565502905283e-08 4.579801350434106723e-09 1.510341809098265160e-09 4.090068757036866867e-10 9.458438372031821048e-11 1.934466636422542416e-11 3.639018420083674120e-12 6.639569774577027396e-13 1.257951375524955497e-13 2.618028295505696735e-14 5.999301374086951119e-15 1.445177867056132558e-15 3.479224240559036424e-16 8.113913450433857091e-17 1.807515100996968110e-17 3.829084610182609817e-18 7.712959830575121555e-19 1.479733354232194878e-19 2.710052136277058069e-20 4.749642207761956173e-21 7.981883459169989289e-22 1.271068681335847658e-22 0.000000000000000000e+00
0.000000000000000000e+00 -1.904110710584631325e-28 9.546471601179871086e-27 7.155236517831376566e-26 1.185890528300613546e-24 1.280185037215206911e-23 1.542911741916905653e-22 1.681585140017443081e-21 1.787364072350050955e-20 1.796134000477745876e-19 1.719036218301773750e-18 1.549319732627344667e-17 1.318580775446745863e-16 1.044867597810298235e-15 7.723146785205215721e-15 5.247302591621185893e-14 3.259183006308313074e-13 1.826078474283821692e-12 9.081771867807512968e-12 3.938790772568365087e-11 1.447726399549736707e-10 4.362257856553873409e-10 1.027640798413873965e-09 1.793996286739045188e-09 2.261579297065050840e-09 2.261730196998632085e-09 1.794468680579897678e-09 1.028323028735859446e-09 4.371045691626250162e-10 1.456554595283240959e-10 3.999927239719908651e-11 9.457858297931261757e-12 2.015411753037088527e-12 4.100754086185907686e-13 8.561832296233900839e-14 1.946596331240186440e-14 4.841272793131126359e-15 1.258717021710678019e-15 3.254316462204172172e-16 8.113913450433857091e-17 1.924811336709063201e-17 4.327106207601714141e-18 9.221108920754722415e-19 1.866425543873042611e-19 3.597440962348451506e-20 6.620496869843957748e-21 1.166342831977421223e-21 1.971059627804665303e-22 3.157261011075670303e-23 0.000000000000000000e+00
0.000000000000000000e+00 -1.319009709114527812e-28 1.448009126494653600e-27 4.895515574723202223e-27 1.373369134123825782e-25 1.255633910331702469e-24 1.603173935809947492e-23 1.691325565009555485e-22 1.794468580041017439e-21 1.782453764623655363e-20 1.692736494847824339e-19 1.510511683374198290e-18 1.276534111272796238e-17 1.001621505678371956e-16 7.351781050429414391e-16 4.951048194711428554e-15 3.049909320410626257e-14 1.695407094080833704e-13 8.352159846653268177e-13 3.593179466366545849e-12 1.307770966568874150e-11 3.907025497003399847e-11 9.131792935639397331e-11 1.586238589942858901e-10 1.999770007428256810e-10 2.000096291662451068e-10 1.587263374493137064e-10 9.146796335506631067e-11 3.926545684703143294e-11 1.327420769954978810e-11 3.729808962575711709e-12 9.193606149342352073e-13 2.119538944578707615e-13 4.936839736281097032e-14 1.238315112671228715e-14 3.370277017984785944e-15 9.524337679450606194e-16 2.660112692280198560e-16 7.125744970999310054e-17 1.807515100996969343e-17 4.327106207601715682e-18 9.784392614699628659e-19 2.094813145878234193e-19 4.258912219094072419e-20 8.246667125992801614e-21 1.525164149230302060e-21 2.701302599056223957e-22 4.591639621670498383e-23 7.400347270681627256e-24 0.000000000000000000e+00
0.000000000000000000e+00 -4.134928385043656773e-29 2.537347159442018520e-28 -1.588356595092331014e-28 1.701043047109317714e-26 1.076870149587683113e-25 1.624999382125273914e-24 1.607502136695075325e-23 1.719894705065313238e-22 1.683864751879319867e-21 1.587402343170976853e-20 1.401076868217996422e-19 1.176200182198489131e-18 9.124006557022310609e-18 6.650903919967557300e-17 4.434725347208318119e-16 2.706491699012314607e-15 1.492523194139234837e-14 7.268990203061119457e-14 3.102987620021406114e-13 1.116488066764600041e-12 3.307038765721934831e-12 7.665159436589588078e-12 1.324268359586578758e-11 1.669345646626093237e-11 1.670004991746322147e-11 1.326344236020122391e-11 7.695964629087450898e-12 3.347502865878440347e-12 1.157320074860152963e-12 3.388415823414008028e-13 9.030751068968400195e-14 2.382989032958365530e-14 6.676722927521673182e-15 2.009691538621945434e-15 6.229106287306440000e-16 1.893765994592535284e-16 5.484749864140682581e-17 1.495461631635749321e-17 3.829084610182613669e-18 9.221108920754724341e-19 2.094813145878233230e-19 4.504534293318129170e-20 9.199080254413081250e-21 1.789758229350281144e-21 3.327155954108114165e-22 5.926117948044992853e-23 1.013519055377519382e-23 1.644312925982858543e-24 0.000000000000000000e+00
0.000000000000000000e+00 -1.063175666711606098e-29 4.959620510833377963e-29 -1.665366693825075912e-28 2.393760078993081526e-27 6.536420313150590893e-27 1.655566834546746626e-25 1.432861466811450053e-24 1.581844583775758981e-23 1.519301647035256231e-22 1.422026394635277307e-21 1.240498004512433118e-20 1.035212903772435398e-19 7.923150314900286910e-19 5.739864154670993595e-18 3.785371631849296292e-17 2.285716430999022272e-16 1.251744714627737764e-15 6.008567201368590291e-15 2.550013069603041756e-14 9.047206462645741566e-14 2.658998237234114214e-13 6.109208600297906771e-13 1.049113191018983424e-12 1.322314517823493121e-12 1.323566689116306969e-12 1.053062860963140220e-12 6.168608187399540035e-13 2.737741632882136943e-13 9.844010696641535870e-14 3.110504217561961225e-14 9.478790313481471440e-15 3.012626237794985950e-15 1.016189390093477811e-15 3.494224557544964161e-16 1.167518530550701536e-16 3.685165007655339405e-17 1.087179721906045120e-17 2.993621334192861475e-18 7.712959830575127333e-19 1.866425543873043574e-19 4.258912219094071817e-20 9.199080254413076736e-21 1.887490057340013437e-21 3.690908431849227650e-22 6.899198483705478730e-23 1.236251454755391835e-23 2.128362767106509755e-24 3.478153801421624931e-25 0.000000000000000000e+00
0.000000000000000000e+00 -2.476441904901593190e-30 1.015528111101117055e-29 -4.868511641600211115e-29 3.878501113131648613e-28 -1.789929226514007280e-28 1.774685651247202790e-26 1.172244831384476561e-25 1.403150405821411662e-24 1.315226755592168542e-23 1.218722910945189076e-22 1.052128790329485885e-21 8.730846403160843806e-21 6.577191801535189421e-20 4.741995727405743154e-19 3.090157350400093105e-18 1.842121201985436151e-17 1.005092001380607547e-16 4.727890624399193755e-16 2.005142937418302746e-15 6.979848511424217645e-15 2.040425975721441224e-14 4.644583795137565367e-14 7.919212720725298612e-14 9.981528305235718556e-14 1.000398483559570857e-13 7.990154186402188026e-14 4.752692197227961005e-14 2.185012468817951817e-14 8.447433557232710098e-15 3.044699333959743792e-15 1.118845029801282324e-15 4.299193365997732475e-16 1.663549451991026287e-16 6.182874000337594596e-17 2.148183748553186128e-17 6.913538381721261874e-18 2.061152238386452217e-18 5.713663151700229711e-19 1.479733354232195841e-19 3.597440962348452108e-20 8.246667125992804624e-21 1.789758229350281896e-21 3.690908431849228120e-22 7.256880111389405294e-23 1.364566036566750423e-23 2.461191071451655025e-24 4.268289594359945842e-25 7.032435246149295711e-26 0.000000000000000000e+00
0.000000000000000000e+00 -5.396997986963881489e-31 2.077764301412745785e-30 -1.129462142613557956e-29 6.905925669699531268e-29 -1.705409123945819474e-28 2.096714524126700116e-27 8.332869970395833333e-27 1.200459503843894769e-25 1.104527101464901713e-24 9.958631372748543559e-24 8.595936177287571066e-23 7.070800854289575751e-22 5.232708303129030317e-21 3.761941718790748334e-20 2.421299173331058473e-19 1.418794717039840018e-18 7.772661232321660532e-18 3.541073564721866375e-17 1.518782411864823112e-16 5.133090784445493311e-16 1.501281748724439420e-15 3.382857130596845094e-15 5.713073389926637261e-15 7.204329916965075467e-15 7.242522167788133024e-15 5.833887880525043147e-15 3.569389334949300232e-15 1.752892091514670121e-15 7.695555525083232097e-16 3.347550321644075736e-16 1.495545422989266325e-16 6.629450219309131431e-17 2.782367979553511563e-17 1.077369862499541553e-17 3.821026235898473276e-18 1.243708609005806246e-18 3.735038317668109013e-19 1.041215983786199152e-19 2.710052136277058370e-20 6.620496869843960005e-21 1.525164149230302624e-21 3.327155954108115576e-22 6.899198483705483432e-23 1.364566036566751893e-23 2.582663699612106585e-24 4.692151666637567891e-25 8.204495291538790924e-26 1.364594732379186536e-26 0.000000000000000000e+00
0.000000000000000000e+00 -1.115126389919412333e-31 4.144624398754525330e-31 -2.355905390149507638e-30 1.270552537355767454e-29 -4.370695192218262660e-29 2.758325313552101361e-28 4.413319610709555558e-28 9.651573167029808773e-27 9.315500680463307653e-26 7.601723853004072477e-25 6.855063495404608647e-24 5.491188568507799893e-23 4.003008336154964121e-22 2.872861526510147634e-21 1.828590363580696627e-20 1.043403039830208024e-19 5.837576816138669557e-19 2.512788831210090089e-18 1.118948145976790377e-17 3.590440377361814178e-17 1.064668825881274621e-16 2.371110034589648442e-16 3.944823464924731370e-16 4.982605220420815675e-16 5.044430529222295276e-16 4.140653351861660886e-16 2.677398475201511224e-16 1.481244255767917445e-16 7.848182394269511472e-17 4.181649186551543676e-17 2.172002203606748482e-17 1.049133505995580658e-17 4.598080753742201266e-18 1.819810152352391030e-18 6.533266179199408506e-19 2.143508848888535033e-19 6.477015390148005280e-20 1.815410872071158260e-20 4.749642207761957677e-21 1.166342831977421035e-21 2.701302599056224897e-22 5.926117948044996380e-23 1.236251454755393010e-23 2.461191071451656494e-24 4.692151666637571564e-25 8.595014925874857636e-26 1.517204611115287096e-26 2.551797344290853203e-27 0.000000000000000000e+00
0.000000000000000000e+00 -2.196996799341550753e-32 7.972198609022750082e-32 -4.584189941453010641e-31 2.313300247705958338e-30 -8.783214796854021276e-30 3.868134424805624756e-29 8.468338288713469441e-30 6.280778726814056013e-28 8.680519294348645272e-27 4.963581429571305505e-26 5.535061348013275891e-25 4.036184039601246549e-24 2.966048629017772061e-23 2.112998334021782607e-22 1.338832648877250176e-21 7.286360026438642950e-21 4.314132495938625583e-20 1.664336760057534343e-19 8.145667506961381052e-19 2.365680172213403690e-18 7.328617206901520545e-18 1.608273558724246823e-17 2.603527813037325185e-17 3.302073729562512879e-17 3.397617734898822490e-17 2.906576044315852256e-17 2.088360949854290566e-17 1.391071631168044987e-17 9.118682107858901020e-18 5.711974373297206862e-18 3.253542903523855370e-18 1.645927476627987034e-18 7.383980936814828970e-19 2.960909807177439243e-19 1.072221535858802836e-19 3.541591891039199719e-20 1.076486497612538819e-20 3.034091884644448916e-21 7.981883459169992111e-22 1.971059627804665538e-22 4.591639621670500146e-23 1.013519055377519676e-23 2.128362767106510857e-24 4.268289594359947679e-25 8.204495291538792072e-26 1.517204611115287383e-26 2.708190320753437790e-27 4.616462237370936052e-28 0.000000000000000000e+00
0.000000000000000000e+00 -4.086952284768307490e-33 1.465207505781459594e-32 -8.382874063136936815e-32 4.047713475592101659e-31 -1.551052739202218827e-30 5.332002996778114109e-30 2.703297455965693690e-31 -1.267916171582314284e-30 1.045498076035772772e-27 1.485946269004200948e-27 4.930665195119931496e-26 2.640274326154009881e-25 2.166493868732993911e-24 1.481670071583868795e-23 9.556495355066893627e-23 4.737644321268441628e-22 3.187528965451461109e-21 9.840966975803080958e-21 5.980249445610196681e-20 1.423610606042296844e-19 4.929765661359041872e-19 1.060146967898240134e-18 1.624835943932506150e-18 2.080420371083631464e-18 2.220214720436579057e-18 2.068886383049536033e-18 1.772326749702862749e-18 1.476745140369154891e-18 1.155528450978424288e-18 8.005480888527968221e-19 4.792234910888082425e-19 2.484993455510712797e-19 1.130284488363261958e-19 4.573760109484597404e-20 1.668031765909481759e-20 5.543737003962207274e-21 1.694848860206002302e-21 4.804129865983383996e-22 1.271068681335848128e-22 3.157261011075672066e-23 7.400347270681628725e-24 1.644312925982859278e-24 3.478153801421625390e-25 7.032435246149300303e-26 1.364594732379186536e-26 2.551797344290852844e-27 4.616462237370933361e-28 8.003361108239380880e-29 0.000000000000000000e+00
0.000000000000000000e+00 0.000000000000000000e+00 0.000000000000000000e+00 0.000000000000000000e+00 0.000000000000000000e+00 0.000000000000000000e+00 0.000000000000000000e+00 0.000000000000000000e+00 0.000000000000000000e+00 0.000000000000000000e+00 0.000000000000000000e+00 0.000000000000000000e+00 0.000000000000000000e+00 0.000000000000000000e+00 0.000000000000000000e+00 0.000000000000000000e+00 0.000000000000000000e+00 0.000000000000000000e+00 0.000000000000000000e+00 0.000000000000000000e+00 0.000000000000000000e+00 0.000000000000000000e+00 0.000000000000000000e+00 0.000000000000000000e+00 0.000000000000000000e+00 0.000000000000000000e+00 0.000000000000000000e+00 0.000000000000000000e+00 0.000000000000000000e+00 0.000000000000000000e+00 0.000000000000000000e+00 0.000000000000000000e+00 0.000000000000000000e+00 0.000000000000000000e+00 0.000000000000000000e+00 0.000000000000000000e+00 0.000000000000000000e+00 0.000000000000000000e+00 0.000000000000000000e+00 0.000000000000000000e+00 0.000000000000000000e+00 0.000000000000000000e+00 0.000000000000000000e+00 0.000000000000000000e+00 0.000000000000000000e+00 0.000000000000000000e+00 0.000000000000000000e+00 0.000000000000000000e+00 0.000000000000000000e+00 0.000000000000000000e+00
