0.000000000000000000e+00 0.000000000000000000e+00 0.000000000000000000e+00 0.000000000000000000e+00 0.000000000000000000e+00 0.000000000000000000e+00 0.000000000000000000e+00 0.000000000000000000e+00 0.000000000000000000e+00 0.000000000000000000e+00 0.000000000000000000e+00 0.000000000000000000e+00 0.000000000000000000e+00 0.000000000000000000e+00 0.000000000000000000e+00 0.000000000000000000e+00 0.000000000000000000e+00 0.000000000000000000e+00 0.000000000000000000e+00 0.000000000000000000e+00 0.000000000000000000e+00 0.000000000000000000e+00 0.000000000000000000e+00 0.000000000000000000e+00 0.000000000000000000e+00 0.000000000000000000e+00 0.000000000000000000e+00 0.000000000000000000e+00 0.000000000000000000e+00 0.000000000000000000e+00 0.000000000000000000e+00 0.000000000000000000e+00 0.000000000000000000e+00 0.000000000000000000e+00 0.000000000000000000e+00 0.000000000000000000e+00 0.000000000000000000e+00 0.000000000000000000e+00 0.000000000000000000e+00 0.000000000000000000e+00 0.000000000000000000e+00 0.000000000000000000e+00 0.000000000000000000e+00 0.000000000000000000e+00 0.000000000000000000e+00 0.000000000000000000e+00 0.000000000000000000e+00 0.000000000000000000e+00 0.000000000000000000e+00 0.000000000000000000e+00
0.000000000000000000e+00 1.300298404829395489e-33 1.442560609184729969e-32 1.514923258613115842e-31 1.540815039426797439e-30 1.504548741697047880e-29 1.411515576815332984e-28 1.267272128725618207e-27 1.086264591389970989e-26 8.858414399538084831e-26 6.847824597021243381e-25 4.996437812932444868e-24 3.424194505104331424e-23 2.191632979898637977e-22 1.301334573471118352e-21 7.111791048889002914e-21 3.543375394500136155e-20 1.591142409416549210e-19 6.349543238888639030e-19 2.212953115658727526e-18 6.592813997933569792e-18 1.635666888323922129e-17 3.280495361797011269e-17 5.178164117336959621e-17 6.400250596048064930e-17 6.400250522548027009e-17 5.178163920854460604e-17 3.280495109371198087e-17 1.635666635357644009e-17 6.592811888738641540e-18 2.212951501977706529e-18 6.349531733294232038e-19 1.591135687104237391e-19 3.543336766167699868e-20 7.111606177599600909e-21 1.301250080397083352e-21 2.191292817236693364e-22 3.422912482718982968e-23 4.992025452952653884e-24 6.833611723722593832e-25 8.815854096614161970e-26 1.074242478990878127e-26 1.235402782723062916e-27 1.331114595274554502e-28 1.312996581811628173e-29 1.103281406573645620e-30 5.663536622814235551e-32 -5.374741703293328084e-33 -2.541551084323543477e-33 0.000000000000000000e+00
0.000000000000000000e+00 1.442560609184987786e-32 1.593570426419993572e-31 1.694494140180710216e-30 1.734410697592401663e-29 1.709219169352842841e-28 1.616310584938769193e-27 1.463471758552361969e-26 1.264847268020691658e-25 1.040140801055913786e-24 8.108174303308061857e-24 5.966142831620781630e-23 4.123634102836942028e-22 2.662053180485785062e-21 1.594431493312836684e-20 8.790436886674889629e-20 4.418809263428080891e-19 2.002094320497178061e-18 8.061319140454230131e-18 2.834442975743991405e-17 8.516031447264911504e-17 2.129063258984796001e-16 4.296513805722833228e-16 6.807478543832253143e-16 8.422102811666094952e-16 8.422102802181790880e-16 6.807478518508229517e-16 4.296513779790035781e-16 2.129063249499868975e-16 8.516031489252312984e-17 2.834443115532000715e-17 8.061320833563289092e-18 2.002095501412179082e-18 4.418817136157945673e-19 8.790476160194358630e-20 1.594450108398720267e-20 2.662128234195682354e-21 4.123916442515896248e-22 5.967101360675169520e-23 8.111214551999416666e-24 1.041032832286313870e-24 1.267317517214973497e-25 1.469867796214969504e-26 1.632120698462363508e-27 1.745964195118141585e-28 1.816744572690762367e-29 1.868643221501674254e-30 1.950979959689400251e-31 2.133703899725109342e-32 0.000000000000000000e+00
0.000000000000000000e+00 1.514923258612822664e-31 1.694494140180793593e-30 1.814186039155692003e-29 1.873913974953884089e-28 1.861648791803406805e-27 1.775419728348317646e-26 1.620884294206702421e-25 1.412604905631698408e-24 1.171323931684070982e-23 9.207035249763830266e-23 6.831444774319822809e-22 4.761497286606893350e-21 3.099944362020057263e-20 1.872647116632125367e-19 1.041400061031462403e-18 5.280988215455698353e-18 2.413980637493528545e-17 9.806314651631278358e-17 3.478361155310923779e-16 1.053914884052169136e-15 2.655147077588093574e-15 5.391519016505112562e-15 8.574671290546762573e-15 1.061798578717214938e-14 1.061798578847801552e-14 8.574671294354478988e-15 5.391519018245536934e-15 2.655147070663928115e-15 1.053914872078258307e-15 3.478361002858640228e-16 9.806313168741940368e-17 2.413979673616326537e-17 5.280981951090962247e-18 1.041397005456354651e-18 1.872632573188883890e-19 3.099886010645046538e-20 4.761276133386706009e-21 6.830691331215204320e-22 9.204629673090198544e-23 1.170613279458148311e-23 1.410626889937084639e-24 1.615724386965011728e-25 1.762626429431575447e-26 1.831723417018616400e-27 1.806843369387929863e-28 1.671763296772648893e-29 1.403153431602427296e-30 9.551347880360481535e-32 0.000000000000000000e+00
0.000000000000000000e+00 1.540815039427041966e-30 1.734410697592329636e-29 1.873913974953897318e-28 1.951225077694134677e-27 1.954856787553889873e-26 1.879648975270838863e-25 1.730201310389023916e-24 1.520210775660029718e-23 1.270837324883739837e-22 1.007053853376270822e-21 7.532989131282518061e-21 5.293336227736743368e-20 3.474504537620311554e-19 2.116312153732837628e-18 1.186774967731763837e-17 6.069315999627183511e-17 2.798177784055981541e-16 1.146533785183169976e-15 4.101743874197242876e-15 1.253103244422702278e-14 3.180901401942655789e-14 6.498839573903387679e-14 1.037418086491143452e-13 1.285690405594559359e-13 1.285690405508997107e-13 1.037418086225693650e-13 6.498839572074715962e-14 3.180901404994178030e-14 1.253103250380198294e-14 4.101743956916053549e-15 1.146533868336531779e-15 2.798178323225643021e-16 6.069319607695783596e-17 1.186776706824329078e-17 2.116320588231387536e-18 3.474538128249433772e-19 5.293464645274115504e-20 7.533425317883852492e-21 1.007193434584474642e-21 1.271249073884215297e-22 1.521355216640186005e-23 1.733180865439660196e-24 1.887006498481158651e-25 1.972004302535110113e-26 1.989402657088234622e-27 1.954480298023519327e-28 1.897650813490565068e-29 1.851627948039481541e-30 0.000000000000000000e+00
0.000000000000000000e+00 1.504548741696904106e-29 1.709219169352882750e-28 1.861648791803403218e-27 1.954856787553887577e-26 1.974557413785865416e-25 1.914150054399011864e-24 1.776206230663951194e-23 1.573152220485624140e-22 1.325548452410676529e-21 1.058705885100099585e-20 7.981617946356744151e-20 5.652628346819065519e-19 3.739546945636777953e-18 2.295798336937990771e-17 1.297734896979129139e-16 6.690634298409288047e-16 3.110004247583574363e-15 1.284887344409750550e-14 4.634797727090841979e-14 1.427353854087772927e-13 3.650040197533704942e-13 7.502297014034881633e-13 1.201949193960990714e-12 1.490691587010264336e-12 1.490691587039843313e-12 1.201949194069473957e-12 7.502297014776058484e-13 3.650040195883537176e-13 1.427353851090066904e-13 4.634797684152628570e-14 1.284887300891369073e-14 3.110003968849076911e-15 6.690632381580108490e-16 1.297733990406294633e-16 2.295793842554220236e-17 3.739529269134732595e-18 5.652560003447272032e-19 7.981387214909346600e-20 1.058631808620346045e-20 1.325330673082034108e-21 1.572547920362147636e-22 1.774638865772473528e-23 1.910300072423713066e-24 1.965638925652064227e-25 1.935177614215090086e-26 1.820526565177219262e-27 1.627020460473146485e-28 1.350399936810275971e-29 0.000000000000000000e+00
0.000000000000000000e+00 1.411515576815400470e-28 1.616310584938756278e-27 1.775419728348314202e-26 1.879648975270842077e-25 1.914150054399011496e-24 1.870534215392940150e-23 1.749532411244714777e-22 1.561658139577206985e-21 1.326024112257877044e-20 1.067156041828134717e-19 8.105992403705916212e-19 5.783675570504883970e-18 3.854798131640246417e-17 2.384255112705480818e-16 1.357897504847238754e-15 7.054269063075176546e-15 3.304462021505591376e-14 1.375959286469269462e-13 5.002459492830745242e-13 1.552468944415775929e-12 3.998347561591649492e-12 8.266283458272640743e-12 1.328988785237968069e-11 1.649284144540197425e-11 1.649284144518574084e-11 1.328988785164130890e-11 8.266283457638307920e-12 3.998347562178221520e-12 1.552468945712003088e-12 5.002459512986581113e-13 1.375959307129033466e-13 3.304462151922782335e-14 7.054269987053563642e-15 1.357897930218438360e-15 2.384257279399883937e-16 3.854806483611241742e-17 5.783708348811122806e-18 8.106101800857707777e-19 1.067191312779669194e-19 1.326127048473277024e-20 1.561942886978925113e-21 1.750265251064458536e-22 1.872318503137026133e-23 1.918235913680681708e-24 1.888528801590259491e-25 1.793634702088074748e-26 1.651847137544828679e-27 1.476176831172911212e-28 0.000000000000000000e+00
0.000000000000000000e+00 1.267272128725592199e-27 1.463471758552363117e-26 1.620884294206704717e-25 1.730201310389021345e-24 1.776206230663951488e-23 1.749532411244714307e-22 1.649100048958169660e-21 1.483239638877094267e-20 1.268838148485036562e-19 1.028599217552443863e-18 7.869136939758786063e-18 5.654296619995154435e-17 3.794860689191774308e-16 2.363482882861036958e-15 1.355441770857213917e-14 7.091075034339001764e-14 3.345473276912408511e-13 1.403184736999622163e-12 5.138995434501205329e-12 1.606428202781609100e-11 4.165394475911019612e-11 8.659790956945006022e-11 1.396885412000591005e-10 1.734407006927152577e-10 1.734407007001233063e-10 1.396885412206989112e-10 8.659790959230621085e-11 4.165394477147807140e-11 1.606428203120744750e-11 5.138995430122297766e-12 1.403184729876147908e-12 3.345473228070466489e-13 7.091074650792054117e-14 1.355441597486224970e-14 2.363481954219517135e-15 3.794857199595592538e-16 5.654282580301885015e-17 7.869090934622043668e-18 1.028584278384641372e-18 1.268795135199851820e-19 1.483121262458254936e-20 1.648799832004881593e-21 1.748812674760940455e-22 1.774594063417568250e-23 1.726795771183449250e-24 1.614157276525467078e-25 1.451000608913139401e-26 1.246142304388994170e-27 0.000000000000000000e+00
0.000000000000000000e+00 1.086264591389977159e-26 1.264847268020692117e-25 1.412604905631697122e-24 1.520210775660030894e-23 1.573152220485623199e-22 1.561658139577208678e-21 1.483239638877093063e-20 1.343945957246448970e-19 1.157943975493833864e-18 9.452390521428645248e-18 7.280234478693444199e-17 5.265468362852811380e-16 3.556541004749816531e-15 2.229015362830230631e-14 1.286332028652707750e-13 6.771892393607096981e-13 3.215326706100591016e-12 1.357421192214141292e-11 5.004553579710044683e-11 1.574821283360039920e-10 4.109147184970464993e-10 8.587528471056722226e-10 1.389497603169541112e-09 1.725818914161566803e-09 1.725818914085291858e-09 1.389497602946274518e-09 8.587528468331495048e-10 4.109147182801575713e-10 1.574821281885459421e-10 5.004553573498771959e-11 1.357421191221493537e-11 3.215326709563513988e-12 6.771892492219057073e-13 1.286332077393166666e-13 2.229015681643756004e-14 3.556542194766688474e-15 5.265473500421477838e-16 7.280251000766046690e-17 9.452445370301903308e-18 1.157959451621010397e-18 1.343988327883734158e-19 1.483344276030455658e-20 1.561902056410271275e-21 1.573674395624442555e-22 1.521247730775651631e-23 1.414470101471152977e-24 1.267830846359590245e-25 1.090109142252179606e-26 0.000000000000000000e+00
0.000000000000000000e+00 8.858414399538096311e-26 1.040140801055911215e-24 1.171323931684074214e-23 1.270837324883737486e-22 1.325548452410678222e-21 1.326024112257876292e-20 1.268838148485036081e-19 1.157943975493834056e-18 1.004561837674779683e-17 8.254362837561645652e-17 6.397479780270293540e-16 4.654767611006541687e-15 3.162101162498725393e-14 1.992785649372646157e-13 1.156231692071814903e-12 6.119707032323964057e-12 2.921472766177014894e-11 1.240255657946717450e-10 4.598946970512342407e-10 1.455656129301174082e-09 3.819592371745007038e-09 8.020151243893202896e-09 1.301256734124104307e-08 1.616450870620937028e-08 1.616450870403430217e-08 1.301256733572619023e-08 8.020151238041113475e-09 3.819592368155440226e-09 1.455656127882636052e-09 4.598946965761313203e-10 1.240255656552445073e-10 2.921472763159867794e-11 6.119707004794963525e-12 1.156231682374141252e-12 1.992785563731722214e-13 3.162100863360670213e-14 4.654766104479798706e-15 6.397475095784072392e-16 8.254346338316385130e-17 1.004557336574142037e-17 1.157931651435959974e-18 1.268809288692848942e-19 1.325960683071860831e-20 1.325427726771528942e-21 1.270640493570829281e-22 1.171098952373758269e-23 1.040147455880923500e-24 8.869417028296287970e-26 0.000000000000000000e+00
0.000000000000000000e+00 6.847824597021209402e-25 8.108174303308107408e-24 9.207035249763799703e-23 1.007053853376272891e-21 1.058705885100098683e-20 1.067156041828134355e-19 1.028599217552445404e-18 9.452390521428632922e-18 8.254362837561649349e-17 6.824497145035425456e-16 5.319837210745523835e-15 3.891457807392656394e-14 2.656732141973657862e-13 1.682072005453410800e-12 9.802349903936024715e-12 5.210206367498773076e-11 2.497818019372875431e-10 1.065022875247736246e-09 3.967248704269721783e-09 1.261707665329581863e-08 3.326318575222969871e-08 7.012628148650316938e-08 1.140389187149128010e-07 1.416472472660267845e-07 1.416472473587826362e-07 1.140389189656592100e-07 7.012628177122413605e-08 3.326318595891781468e-08 1.261707677424029978e-08 3.967248762489577673e-09 1.065022898459246038e-09 2.497818098405855846e-10 5.210206610155919680e-11 9.802350548416667300e-12 1.682072178689808117e-12 2.656732533997788353e-13 3.891458857977301532e-14 5.319839493080864882e-15 6.824503329952229297e-16 8.254376152835884634e-17 9.452422416536916606e-18 1.028605196369527861e-18 1.067166165229982128e-19 1.058714515153597688e-20 1.007035942290508262e-21 9.205673732350924637e-23 8.103073910734754511e-24 6.832549399419119891e-25 0.000000000000000000e+00
0.000000000000000000e+00 4.996437812932485275e-24 5.966142831620747541e-23 6.831444774319855723e-22 7.532989131282498501e-21 7.981617946356746558e-20 8.105992403705929694e-19 7.869136939758778359e-18 7.280234478693454060e-17 6.397479780270296499e-16 5.319837210745523835e-15 4.168634812142165177e-14 3.063608325390841881e-13 2.100166313684339085e-12 1.334478497081113441e-11 7.801334886154931213e-11 4.158447521114187844e-10 1.999010432177929081e-09 8.547069063506588898e-09 3.193413189284435232e-08 1.018987124586823755e-07 2.695801230821335874e-07 5.700932283680190352e-07 9.286172430992815435e-07 1.152952987917956756e-06 1.152952986149724657e-06 9.286172381663990396e-07 5.700932226232344874e-07 2.695801186618962815e-07 1.018987096124456320e-07 3.193413043999976955e-08 8.547068448741351907e-09 1.999010208766523172e-09 4.158446807846890125e-10 7.801332866016779898e-11 1.334477974575191609e-11 2.100165096107299271e-12 3.063605635986623001e-13 4.168629455523018247e-14 5.319826749111868148e-15 6.397461619867975579e-16 7.280203540098109006e-17 7.869093750326408485e-18 8.105945386184509725e-19 7.981630939211910282e-20 7.533254856471430763e-21 6.832536841508532651e-22 5.969500168796480294e-23 5.005429946244995212e-24 0.000000000000000000e+00
0.000000000000000000e+00 3.424194505104312616e-23 4.123634102836961306e-22 4.761497286606877551e-21 5.293336227736752997e-20 5.652628346819067444e-19 5.783675570504877037e-18 5.654296619995159365e-17 5.265468362852807435e-16 4.654767611006544054e-15 3.891457807392657656e-14 3.063608325390842386e-13 2.260356439968024459e-12 1.554423762992616575e-11 9.900842708254254943e-11 5.797961643068056701e-10 3.094155343788739410e-09 1.488604149172834616e-08 6.369440522957147322e-08 2.382056658806926450e-07 7.611423224708638194e-07 2.017285701553955156e-06 4.273628307015586597e-06 6.966708426293703175e-06 8.642630538495861219e-06 8.642630560500706539e-06 6.966708489567024524e-06 4.273628382147486099e-06 2.017285761937981054e-06 7.611423638443349824e-07 2.382056875554756688e-07 6.369441470913061743e-08 1.488604504873764502e-08 3.094156512140861255e-09 5.797965059289515861e-10 9.900851747695247626e-11 1.554425941324892471e-11 2.260361301104919647e-12 3.063618330042813676e-13 3.891477204972789889e-14 4.654802432045741332e-15 5.265527627804623791e-16 5.654388728655931538e-17 5.783806773681272509e-18 5.652780403767785086e-19 5.293434748174411000e-20 4.761302814767413054e-21 4.122546331057157973e-22 3.420816726290408773e-23 0.000000000000000000e+00
0.000000000000000000e+00 2.191632979898645500e-22 2.662053180485778667e-21 3.099944362020064485e-20 3.474504537620310109e-19 3.739546945636778724e-18 3.854798131640250115e-17 3.794860689191769377e-16 3.556541004749821264e-15 3.162101162498724762e-14 2.656732141973658872e-13 2.100166313684339488e-12 1.554423762992616575e-11 1.071245818725031329e-10 6.830600397842450220e-10 4.000188463563688241e-09 2.132886324896105340e-08 1.024537082301117451e-07 4.375498685828560713e-07 1.633431039741764056e-06 5.212708609092107500e-06 1.380800477779264543e-05 2.925036950277066873e-05 4.766183242574908221e-05 5.904698990750415627e-05 5.904698971287916659e-05 4.766183184610445998e-05 2.925036880179992705e-05 1.380800419118365393e-05 5.212708186322587336e-06 1.633430815825576095e-06 4.375497682284026486e-07 1.024536698432455081e-07 2.132885041150823686e-08 4.000184639334910934e-09 6.830590104005895619e-10 1.071243289686453687e-10 1.554418028512807926e-11 2.100154257862527541e-12 2.656708397304977186e-13 3.162057386425436106e-14 3.556464683378427142e-15 3.794735790410572595e-16 3.854605111112100804e-17 3.739271036441235491e-18 3.474146670691773817e-19 3.099561110601533250e-20 2.661823219835548757e-21 2.192017031596830977e-22 0.000000000000000000e+00
0.000000000000000000e+00 1.301334573471116283e-21 1.594431493312839392e-20 1.872647116632123441e-19 2.116312153732839169e-18 2.295798336937991387e-17 2.384255112705479339e-16 2.363482882861038536e-15 2.229015362830230316e-14 1.992785649372647671e-13 1.682072005453411406e-12 1.334478497081114249e-11 9.900842708254257528e-11 6.830600397842451254e-10 4.353808511768395996e-09 2.544980412238846220e-08 1.352522202205221456e-07 6.467732444608257627e-07 2.747623851252591977e-06 1.020141537509544858e-05 3.239543604584306638e-05 8.548381853739527502e-05 1.805978745394211111e-04 2.936297945969338274e-04 3.630063457072434043e-04 3.630063469530872187e-04 2.936297984816127558e-04 1.805978793276297590e-04 8.548382271415981364e-05 3.239543919497526650e-05 1.020141704137320075e-05 2.747624614615765309e-06 6.467735395749780749e-07 1.352523200542330266e-07 2.544983420218239992e-08 4.353816695176816501e-09 6.830620727104560433e-10 9.900889280973729532e-11 1.334488403241119445e-11 1.682091722707289744e-12 1.992822499655086752e-13 2.229080476237772062e-14 2.363591671102980102e-15 2.384427876704542307e-16 2.296057962920759329e-17 2.116681105564304479e-18 1.873134824341746447e-19 1.595015092016983991e-20 1.301903370197298906e-21 0.000000000000000000e+00
0.000000000000000000e+00 7.111791048889011942e-21 8.790436886674883610e-20 1.041400061031462596e-18 1.186774967731764608e-17 1.297734896979128646e-16 1.357897504847239938e-15 1.355441770857213601e-14 1.286332028652709012e-13 1.156231692071814701e-12 9.802349903936026331e-12 7.801334886154928628e-11 5.797961643068054633e-10 4.000188463563685760e-09 2.544980412238846550e-08 1.481808692423795596e-07 7.827382423897330495e-07 3.712966796150682614e-06 1.562237173835729744e-05 5.740419898156682053e-05 1.804727044545654982e-04 4.721563795475591774e-04 9.910041430385831216e-04 1.603601952341992230e-03 1.976247669561558094e-03 1.976247663915514999e-03 1.603601933496139834e-03 9.910041193004078507e-04 4.721563578695181962e-04 1.804726874033992737e-04 5.740419009436838215e-05 1.562236756844164362e-05 3.712965182558279389e-06 7.827376928942123369e-07 1.481807028849997163e-07 2.544975869334610333e-08 4.000177141798099379e-09 5.797935650060684862e-10 7.801279506003322920e-11 9.802239627256265003e-12 1.156211071515030920e-12 1.286295608008501336e-13 1.355380858657958303e-14 1.357800572618459091e-15 1.297588133521832918e-16 1.186563032333558712e-17 1.041109550914217172e-18 8.786678528907408208e-20 7.107351390751654368e-21 0.000000000000000000e+00
0.000000000000000000e+00 3.543375394500136757e-20 4.418809263428078002e-19 5.280988215455699894e-18 6.069315999627181046e-17 6.690634298409286075e-16 7.054269063075175757e-15 7.091075034339006812e-14 6.771892393607093952e-13 6.119707032323968096e-12 5.210206367498770491e-11 4.158447521114189395e-10 3.094155343788738170e-09 2.132886324896105671e-08 1.352522202205222250e-07 7.827382423897330495e-07 4.097066244902869432e-06 1.919756414837174474e-05 7.956492104011449640e-05 2.874453912622927979e-04 8.882683956712980264e-04 2.288109758133517312e-03 4.743841262080644890e-03 7.610287156679739796e-03 9.334722964513465782e-03 9.334722981208585027e-03 7.610287219718740032e-03 4.743841343706903593e-03 2.288109836906954738e-03 8.882684602408735157e-04 2.874454236325791538e-04 7.956493675053948208e-05 1.919757012612898455e-05 4.097068284558740051e-06 7.827388556068234648e-07 1.352523860712694544e-07 2.132890401728072393e-08 3.094164525263290544e-09 4.158466591417651417e-10 5.210243106469735074e-11 6.119772930549914558e-12 6.772002880372972738e-13 7.091248389114622455e-14 7.054524146540484560e-15 6.690985265268698005e-16 6.069766378430923150e-17 5.281519516928316860e-18 4.419370428355176798e-19 3.543857709689609894e-20 0.000000000000000000e+00
0.000000000000000000e+00 1.591142409416548007e-19 2.002094320497179987e-18 2.413980637493527313e-17 2.798177784055983020e-16 3.110004247583573969e-15 3.304462021505591376e-14 3.345473276912409016e-13 3.215326706100591016e-12 2.921472766177015540e-11 2.497818019372876465e-10 1.999010432177929081e-09 1.488604149172834450e-08 1.024537082301117583e-07 6.467732444608254450e-07 3.712966796150683037e-06 1.919756414837174135e-05 8.843990777677517522e-05 3.586704308124594978e-04 1.263014427983542940e-03 3.797548443679645957e-03 9.532134859754648817e-03 1.934889832848173119e-02 3.058717750712779126e-02 3.725171404896191613e-02 3.725171402509381419e-02 3.058717737994630023e-02 1.934889815639510152e-02 9.532134680068653568e-03 3.797548290007619030e-03 1.263014358341671244e-03 3.586703944395576828e-04 8.843989490672863468e-05 1.919755978050098443e-05 3.712965552199510821e-06 6.467729308555133897e-07 1.024536391973386518e-07 1.488602845375985854e-08 1.999008427758233774e-09 2.497815965161684114e-10 2.921473374323369733e-11 3.215337228075573762e-12 3.345509614463459019e-13 3.304554619205655152e-14 3.110205878279483774e-15 2.798572046219364746e-16 2.414690699510745712e-17 2.003288331666389875e-18 1.593009401019396522e-19 0.000000000000000000e+00
0.000000000000000000e+00 6.349543238888639993e-19 8.061319140454227049e-18 9.806314651631279590e-17 1.146533785183168990e-15 1.284887344409750865e-14 1.375959286469269210e-13 1.403184736999623577e-12 1.357421192214141615e-11 1.240255657946717191e-10 1.065022875247736453e-09 8.547069063506585589e-09 6.369440522957147322e-08 4.375498685828558596e-07 2.747623851252589860e-06 1.562237173835729406e-05 7.956492104011446929e-05 3.586704308124596063e-04 1.412740556175900476e-03 4.796426573716989182e-03 1.383469494364915862e-02 3.331304005785486883e-02 6.528160882212316607e-02 1.006913688219100295e-01 1.212782190615565442e-01 1.212782190401699156e-01 1.006913689057760963e-01 6.528160895466812719e-02 3.331304022860815534e-02 1.383469509788447585e-02 4.796426613409589951e-03 1.412740589289683893e-03 3.586704367951095286e-04 7.956492290260785093e-05 1.562237169006272462e-05 2.747623640111897239e-06 4.375497429530693104e-07 6.369435365430722096e-08 8.547051718091169874e-09 1.065017808032003809e-09 1.240242420872882678e-10 1.357389717740707270e-11 1.403115772385472892e-12 1.375818766330039986e-13 1.284619153490768150e-14 1.146051563235588606e-15 9.798105529356633880e-17 8.048037994803417868e-18 6.329332633669037426e-19 0.000000000000000000e+00
0.000000000000000000e+00 2.212953115658727141e-18 2.834442975743993870e-17 3.478361155310920821e-16 4.101743874197244454e-15 4.634797727090839454e-14 5.002459492830747261e-13 5.138995434501202905e-12 5.004553579710043391e-11 4.598946970512344475e-10 3.967248704269720128e-09 3.193413189284436556e-08 2.382056658806928038e-07 1.633431039741764056e-06 1.020141537509544858e-05 5.740419898156681375e-05 2.874453912622927437e-04 1.263014427983543591e-03 4.796426573716990049e-03 1.550637444219809570e-02 4.211362753875973197e-02 9.504985289507225654e-02 1.758264624727963743e-01 2.602672651179467889e-01 3.079070137260805362e-01 3.079070138547503888e-01 2.602672653020571825e-01 1.758264626997935731e-01 9.504985309363921109e-02 4.211362771585711734e-02 1.550637460377479043e-02 4.796426614633897065e-03 1.263014466149887374e-03 2.874454050503596775e-04 5.740420611675726249e-05 1.020141827810487018e-05 1.633432139138202226e-06 2.382060365431700225e-07 3.193424450872169987e-08 3.967279777661773228e-09 4.599025484102559739e-10 5.004736677465102065e-11 5.139392300076007811e-12 5.003263942666400146e-13 4.636330902758342538e-14 4.104504269494053367e-15 3.483075709399924329e-16 2.842106800415749796e-17 2.224683636694869368e-18 0.000000000000000000e+00
0.000000000000000000e+00 6.592813997933575955e-18 8.516031447264906574e-17 1.053914884052169136e-15 1.253103244422702594e-14 1.427353854087772170e-13 1.552468944415775727e-12 1.606428202781609423e-11 1.574821283360039403e-10 1.455656129301174702e-09 1.261707665329580043e-08 1.018987124586823755e-07 7.611423224708637135e-07 5.212708609092104959e-06 3.239543604584305960e-05 1.804727044545654982e-04 8.882683956712985685e-04 3.797548443679644656e-03 1.383469494364915689e-02 4.211362753875971116e-02 1.054612952327557696e-01 2.162586493389420383e-01 3.651038029457276957e-01 5.050225737068620990e-01 5.799725882620065942e-01 5.799725882083885953e-01 5.050225735495873503e-01 3.651038026544852766e-01 2.162586489468980300e-01 1.054612948475615319e-01 4.211362736413002544e-02 1.383469490304007482e-02 3.797548383956323315e-03 8.882683709880509352e-04 1.804726873613681708e-04 3.239542827261014912e-05 5.212705394649171090e-06 7.611411857296530360e-07 1.018983558409907777e-07 1.261697610990967212e-08 1.455630326461601226e-09 1.574760383450269427e-10 1.606294896293222745e-11 1.552196410782693419e-12 1.426830383348743822e-13 1.252153806361650983e-14 1.052281698703602261e-15 8.489295215059827839e-17 6.551600805695459502e-18 0.000000000000000000e+00
0.000000000000000000e+00 1.635666888323923054e-17 2.129063258984795262e-16 2.655147077588095151e-15 3.180901401942655789e-14 3.650040197533705952e-13 3.998347561591649492e-12 4.165394475911018966e-11 4.109147184970466027e-10 3.819592371745004557e-09 3.326318575222972518e-08 2.695801230821333757e-07 2.017285701553953886e-06 1.380800477779264035e-05 8.548381853739528858e-05 4.721563795475592859e-04 2.288109758133517746e-03 9.532134859754645348e-03 3.331304005785488964e-02 9.504985289507225654e-02 2.162586493389420383e-01 3.911256539631943197e-01 5.810896139206450650e-01 7.285195391137080367e-01 8.000316195299297384e-01 8.000316192417439298e-01 7.285195385145196711e-01 5.810896132663534441e-01 3.911256533648412859e-01 2.162586487861423157e-01 9.504985242639413245e-02 3.331303987101730951e-02 9.532134842405828520e-03 2.288109770893462323e-03 4.721564017480372869e-04 8.548383039419152731e-05 1.380801010206644655e-05 2.017287631783348632e-06 2.695807356880441503e-07 3.326335892361408253e-08 3.819636781616581387e-09 4.109251776977751827e-10 4.165622839111778829e-11 3.998813295181832763e-12 3.650932914648041981e-13 3.182518015049158671e-14 2.657925052127660695e-15 2.133608707246333995e-16 1.642675709207530916e-17 0.000000000000000000e+00
0.000000000000000000e+00 3.280495361797006339e-17 4.296513805722834707e-16 5.391519016505108617e-15 6.498839573903385155e-14 7.502297014034881633e-13 8.266283458272640743e-12 8.659790956945007315e-11 8.587528471056724294e-10 8.020151243893204551e-09 7.012628148650314291e-08 5.700932283680191411e-07 4.273628307015584056e-06 2.925036950277064841e-05 1.805978745394210027e-04 9.910041430385824711e-04 4.743841262080644890e-03 1.934889832848173119e-02 6.528160882212308280e-02 1.758264624727963465e-01 3.651038029457277512e-01 5.810896139206451760e-01 7.607107880455892257e-01 8.728584176517391047e-01 9.209726234350169571e-01 9.209726233737478562e-01 8.728584175362358311e-01 7.607107880219414753e-01 5.810896141286469030e-01 3.651038032130178856e-01 1.758264624384892061e-01 6.528160865438809024e-02 1.934889825039366740e-02 4.743841214517948053e-03 9.910041263451344149e-04 1.805978700084496743e-04 2.925036854528859944e-05 4.273628232837327610e-06 5.700932639602783632e-07 7.012630512542839732e-08 8.020160151992379265e-09 8.587555176396728358e-10 8.659860195934728884e-11 8.266444531527394751e-12 7.502640200598094741e-13 6.499518140764146575e-14 5.392775753738404744e-15 4.298708465275391314e-16 3.284070303184666116e-17 0.000000000000000000e+00
0.000000000000000000e+00 5.178164117336960237e-17 6.807478543832251171e-16 8.574671290546760995e-15 1.037418086491143704e-13 1.201949193960990714e-12 1.328988785237967907e-11 1.396885412000590488e-10 1.389497603169541319e-09 1.301256734124104142e-08 1.140389187149128275e-07 9.286172430992809082e-07 6.966708426293704869e-06 4.766183242574906865e-05 2.936297945969336648e-04 1.603601952341990279e-03 7.610287156679737194e-03 3.058717750712778433e-02 1.006913688219100156e-01 2.602672651179467889e-01 5.050225737068618770e-01 7.285195391137072596e-01 8.728584176517386606e-01 9.451274809736501803e-01 9.719898465753910033e-01 9.719898470585836003e-01 9.451274821759091394e-01 8.728584190565421563e-01 7.285195407669382561e-01 5.050225753829217235e-01 2.602672662168018514e-01 1.006913692017254586e-01 3.058717745918558550e-02 7.610287060902737148e-03 1.603601863483188018e-03 2.936297501307031082e-04 4.766181338354851302e-05 6.966701642655708071e-06 9.286151082072159718e-07 1.140383164274517490e-07 1.301241260393929065e-08 1.389460998244096550e-09 1.396804988141579132e-10 1.328823515889189185e-11 1.201629673941525688e-12 1.036834037642141066e-13 8.564534808188290485e-15 6.790719667617059160e-16 5.152052076347050688e-17 0.000000000000000000e+00
0.000000000000000000e+00 6.400250596048063697e-17 8.422102811666090022e-16 1.061798578717214780e-14 1.285690405594558602e-13 1.490691587010264134e-12 1.649284144540197425e-11 1.734407006927153094e-10 1.725818914161566596e-09 1.616450870620936367e-08 1.416472472660267580e-07 1.152952987917956545e-06 8.642630538495859525e-06 5.904698990750412916e-05 3.630063457072431874e-04 1.976247669561556793e-03 9.334722964513462312e-03 3.725171404896189531e-02 1.212782190615564193e-01 3.079070137260805362e-01 5.799725882620065942e-01 8.000316195299298494e-01 9.209726234350166241e-01 9.719898465753904482e-01 9.885170203238622388e-01 9.885170212097617037e-01 9.719898488046749829e-01 9.209726261781984169e-01 8.000316225067780618e-01 5.799725912387272420e-01 3.079070161748498902e-01 1.212782205823322579e-01 3.725171473946029682e-02 9.334723254338544648e-03 1.976247760074219696e-03 3.630063693628554329e-04 5.904699452662251719e-05 8.642630940200255591e-06 1.152952845086288683e-06 1.416471477777784498e-07 1.616447100189421013e-08 1.725807579583645084e-09 1.734377516315649847e-10 1.649215190320025278e-11 1.490543697445372982e-12 1.285395651821979621e-13 1.061247678709140577e-14 8.412385361146437018e-16 6.384245494275985312e-17 0.000000000000000000e+00
0.000000000000000000e+00 6.400250522548034404e-17 8.422102802181781019e-16 1.061798578847802814e-14 1.285690405508996855e-13 1.490691587039843515e-12 1.649284144518573114e-11 1.734407007001233322e-10 1.725818914085290204e-09 1.616450870403429555e-08 1.416472473587825832e-07 1.152952986149724657e-06 8.642630560500715010e-06 5.904698971287915981e-05 3.630063469530870560e-04 1.976247663915513698e-03 9.334722981208576353e-03 3.725171402509380725e-02 1.212782190401698879e-01 3.079070138547499447e-01 5.799725882083881512e-01 8.000316192417434857e-01 9.209726233737477452e-01 9.719898470585833783e-01 9.885170212097624809e-01 9.885170222235124537e-01 9.719898498841990087e-01 9.209726270613087795e-01 8.000316231770652209e-01 5.799725921005572937e-01 3.079070173776955466e-01 1.212782218363324394e-01 3.725171571656988451e-02 9.334723854647862529e-03 1.976248064050123172e-03 3.630065004284234453e-04 5.904704382183780648e-05 8.642647412711551395e-06 1.152957806271898480e-06 1.416485100749499711e-07 1.616481527068082325e-08 1.725888276130774293e-09 1.734554122819321839e-10 1.649578101039542956e-11 1.491247334113247529e-12 1.286688348529205420e-13 1.063506408766707773e-14 8.450030054678561228e-16 6.443424196928007678e-17 0.000000000000000000e+00
0.000000000000000000e+00 5.178163920854459372e-17 6.807478518508230503e-16 8.574671294354482144e-15 1.037418086225693650e-13 1.201949194069474966e-12 1.328988785164129597e-11 1.396885412206988853e-10 1.389497602946273691e-09 1.301256733572618857e-08 1.140389189656591836e-07 9.286172381663990396e-07 6.966708489567026219e-06 4.766183184610448030e-05 2.936297984816129184e-04 1.603601933496139834e-03 7.610287219718740032e-03 3.058717737994628635e-02 1.006913689057760963e-01 2.602672653020571270e-01 5.050225735495872392e-01 7.285195385145195601e-01 8.728584175362352759e-01 9.451274821759081401e-01 9.719898488046747609e-01 9.719898498841982315e-01 9.451274849356255947e-01 8.728584215862597029e-01 7.285195429326312144e-01 5.050225778743574478e-01 2.602672694426219069e-01 1.006913725521303704e-01 3.058718011127588982e-02 7.610288719521254852e-03 1.603602716582162076e-03 2.936301227292760887e-04 4.766195499109505685e-05 6.966749364046734686e-06 9.286295807570213331e-07 1.140423134030241330e-07 1.301342763079404107e-08 1.389699930122296552e-09 1.397329869246229767e-10 1.329905808308350640e-11 1.203734836453557280e-12 1.040713431572599355e-13 8.632522021231633279e-15 6.904364241347708376e-16 5.331215885247055736e-17 0.000000000000000000e+00
0.000000000000000000e+00 3.280495109371198703e-17 4.296513779790031343e-16 5.391519018245538511e-15 6.498839572074712175e-14 7.502297014776058484e-13 8.266283457638307920e-12 8.659790959230617207e-11 8.587528468331491946e-10 8.020151238041111821e-09 7.012628177122408311e-08 5.700932226232344874e-07 4.273628382147484404e-06 2.925036880179994738e-05 1.805978793276297590e-04 9.910041193004082843e-04 4.743841343706905328e-03 1.934889815639510846e-02 6.528160895466812719e-02 1.758264626997936564e-01 3.651038026544851101e-01 5.810896132663535552e-01 7.607107880219413643e-01 8.728584190565423784e-01 9.209726261781988610e-01 9.209726270613086685e-01 8.728584215862598139e-01 7.607107923720903830e-01 5.810896181496248980e-01 3.651038073294801678e-01 1.758264671374212273e-01 6.528161330501114357e-02 1.934890189366234373e-02 4.743843500647795114e-03 9.910053119587876758e-04 1.805983930475484414e-04 2.925056943801133440e-05 4.273696655988392253e-06 5.701142336030051014e-07 7.013215633648704680e-08 8.021661091340140419e-09 8.591123255310498091e-10 8.667774336064918389e-11 8.282917931146836914e-12 7.534980150547409949e-13 6.559657333195477471e-14 5.499114322992270448e-15 4.478022038587708009e-16 3.569119919554463975e-17 0.000000000000000000e+00
0.000000000000000000e+00 1.635666635357644317e-17 2.129063249499866757e-16 2.655147070663927326e-15 3.180901404994176768e-14 3.650040195883535156e-13 3.998347562178222328e-12 4.165394477147803262e-11 4.109147182801575713e-10 3.819592368155438572e-09 3.326318595891779483e-08 2.695801186618962285e-07 2.017285761937980631e-06 1.380800419118365055e-05 8.548382271415978654e-05 4.721563578695180878e-04 2.288109836906955172e-03 9.532134680068653568e-03 3.331304022860815534e-02 9.504985309363914170e-02 2.162586489468977802e-01 3.911256533648413414e-01 5.810896141286474581e-01 7.285195407669391443e-01 8.000316225067781728e-01 8.000316231770651099e-01 7.285195429326308814e-01 5.810896181496250090e-01 3.911256578921211702e-01 2.162586533587723403e-01 9.504985765099895068e-02 3.331304510465422919e-02 9.532138998109262670e-03 2.288112411232954505e-03 4.721577865333427548e-04 8.548444759514304788e-05 1.380824942195419258e-05 2.017369871346556357e-06 2.696061526907894163e-07 3.327050823219819659e-08 3.821484870634404002e-09 4.113677788401457837e-10 4.175510481669161741e-11 4.019537995216947775e-12 3.691894380026634749e-13 3.259192045216411959e-14 2.794372783640094891e-15 2.365139341302859332e-16 2.012897110894665378e-17 0.000000000000000000e+00
0.000000000000000000e+00 6.592811888738643081e-18 8.516031489252312984e-17 1.053914872078258307e-15 1.253103250380197978e-14 1.427353851090067409e-13 1.552468945712002078e-12 1.606428203120744750e-11 1.574821281885458387e-10 1.455656127882634605e-09 1.261707677424029482e-08 1.018987096124456452e-07 7.611423638443351941e-07 5.212708186322587336e-06 3.239543919497527328e-05 1.804726874033993822e-04 8.882684602408740578e-04 3.797548290007617729e-03 1.383469509788446891e-02 4.211362771585709652e-02 1.054612948475615597e-01 2.162586487861425100e-01 3.651038032130179412e-01 5.050225753829216124e-01 5.799725912387272420e-01 5.799725921005570717e-01 5.050225778743572258e-01 3.651038073294801678e-01 2.162586533587723403e-01 1.054612994908548651e-01 4.211363271445502793e-02 1.383470020439361153e-02 3.797552545274551685e-03 8.882709931294995682e-04 1.804740553355554402e-04 3.239603610844212287e-05 5.212940740654058165e-06 7.612220389981481952e-07 1.019233606337720619e-07 1.262401897580076717e-08 1.457454369700452045e-09 1.579139082394266605e-10 1.616103421810192506e-11 1.572817354927998214e-12 1.467720155149776245e-13 1.328960480505728586e-14 1.189466844007153820e-15 1.082600913929377048e-16 1.030211876927792834e-17 0.000000000000000000e+00
0.000000000000000000e+00 2.212951501977707299e-18 2.834443115532001331e-17 3.478361002858640721e-16 4.101743956916054338e-15 4.634797684152626677e-14 5.002459512986582122e-13 5.138995430122297766e-12 5.004553573498772605e-11 4.598946965761311135e-10 3.967248762489576019e-09 3.193413043999978940e-08 2.382056875554757217e-07 1.633430815825576095e-06 1.020141704137320075e-05 5.740419009436837538e-05 2.874454236325791538e-04 1.263014358341671027e-03 4.796426613409586481e-03 1.550637460377478523e-02 4.211362736413000463e-02 9.504985242639424348e-02 1.758264624384891506e-01 2.602672662168017403e-01 3.079070161748500567e-01 3.079070173776951025e-01 2.602672694426215183e-01 1.758264671374212273e-01 9.504985765099899231e-02 4.211363271445504181e-02 1.550637992207142338e-02 4.796431399011271378e-03 1.263017963259373483e-03 2.874475064521272798e-04 5.740526896939505226e-05 1.020188118039360564e-05 1.633609119658962684e-06 2.382663818952999583e-07 3.195283370826161186e-08 3.972508648761089358e-09 4.612575713761603760e-10 5.037330226022314571e-11 5.212630249869219349e-12 5.157841611708419541e-13 4.944249289769997619e-14 4.685826294982439695e-15 4.527044719288740954e-16 4.630544958718971114e-17 5.111651879957258666e-18 0.000000000000000000e+00
0.000000000000000000e+00 6.349531733294234927e-19 8.061320833563287551e-18 9.806313168741940368e-17 1.146533868336531976e-15 1.284887300891368442e-14 1.375959307129033971e-13 1.403184729876147908e-12 1.357421191221493376e-11 1.240255656552445590e-10 1.065022898459245418e-09 8.547068448741356870e-09 6.369441470913064390e-08 4.375497682284027545e-07 2.747624614615766156e-06 1.562236756844164023e-05 7.956493675053948208e-05 3.586703944395576828e-04 1.412740589289682592e-03 4.796426614633893595e-03 1.383469490304007309e-02 3.331303987101733727e-02 6.528160865438806248e-02 1.006913692017254447e-01 1.212782205823322024e-01 1.212782218363323283e-01 1.006913725521303427e-01 6.528161330501115744e-02 3.331304510465423613e-02 1.383470020439360806e-02 4.796431399011271378e-03 1.412744421065756546e-03 3.586730147736129967e-04 7.956638884524818605e-05 1.562308671654494125e-05 2.747927713167229747e-06 4.376642001025956001e-07 6.373299339472510254e-08 8.558883040978500915e-09 1.068335144167375750e-09 1.248829359557612187e-10 1.378053488549613118e-11 1.449622607075377745e-12 1.474226853720136327e-13 1.481289229596598184e-14 1.518776801631061019e-15 1.652059688132565990e-16 1.961841366073351778e-17 2.509587043061557463e-18 0.000000000000000000e+00
0.000000000000000000e+00 1.591135687104238354e-19 2.002095501412177156e-18 2.413979673616325921e-17 2.798178323225643514e-16 3.110003968849075333e-15 3.304462151922782966e-14 3.345473228070465984e-13 3.215326709563512777e-12 2.921472763159871025e-11 2.497818098405854813e-10 1.999010208766523585e-09 1.488604504873764998e-08 1.024536698432455610e-07 6.467735395749783926e-07 3.712965182558280660e-06 1.919757012612898793e-05 8.843989490672860758e-05 3.586704367951092575e-04 1.263014466149886940e-03 3.797548383956321147e-03 9.532134842405823316e-03 1.934889825039366393e-02 3.058717745918556816e-02 3.725171473946032458e-02 3.725171571656984287e-02 3.058718011127587247e-02 1.934890189366233679e-02 9.532138998109260936e-03 3.797552545274551251e-03 1.263017963259373483e-03 3.586730147736130509e-04 8.844152879836104507e-05 1.919843901315254029e-05 3.713378100424101839e-06 6.469437303258073314e-07 1.025167664268220881e-07 1.490708233208262077e-08 2.005405541558107170e-09 2.515673158303796023e-10 2.967604773253746367e-11 3.326333271081363414e-12 3.595643760822859467e-13 3.835104402770289240e-14 4.173982334376319082e-15 4.822600925316716355e-16 6.081704199941975614e-17 8.345962065149077981e-18 1.193270150630820337e-18 0.000000000000000000e+00
0.000000000000000000e+00 3.543336766167705285e-20 4.418817136157941821e-19 5.280981951090965328e-18 6.069319607695786062e-17 6.690632381580101588e-16 7.054269987053568375e-15 7.091074650792050330e-14 6.771892492219060102e-13 6.119707004794967564e-12 5.210206610155921619e-11 4.158446807846890642e-10 3.094156512140862083e-09 2.132885041150824017e-08 1.352523200542330796e-07 7.827376928942124428e-07 4.097068284558739204e-06 1.919755978050099459e-05 7.956492290260782382e-05 2.874454050503594065e-04 8.882683709880507183e-04 2.288109770893461455e-03 4.743841214517948920e-03 7.610287060902737148e-03 9.334723254338548118e-03 9.334723854647857325e-03 7.610288719521253985e-03 4.743843500647793379e-03 2.288112411232955373e-03 8.882709931295000019e-04 2.874475064521270630e-04 7.956638884524815894e-05 1.919843901315254029e-05 4.097519745212897597e-06 7.829449186702113728e-07 1.353359448173586538e-07 2.135932483732543378e-08 3.104203812252060333e-09 4.188757660830571057e-10 5.294442523505921871e-11 6.336843986260147711e-12 7.294116946662733639e-13 8.269050870008642026e-14 9.557964605066326209e-15 1.172542205353368976e-15 1.568394513775700504e-16 2.277400745292950267e-17 3.481809382824677499e-18 5.334106621331022211e-19 0.000000000000000000e+00
0.000000000000000000e+00 7.111606177599615956e-21 8.790476160194341778e-20 1.041397005456355036e-18 1.186776706824329386e-17 1.297733990406293894e-16 1.357897930218440135e-15 1.355441597486224813e-14 1.286332077393167423e-13 1.156231682374141454e-12 9.802350548416662453e-12 7.801332866016781191e-11 5.797965059289513793e-10 4.000184639334913416e-09 2.544983420218240654e-08 1.481807028849997693e-07 7.827388556068238883e-07 3.712965552199512092e-06 1.562237169006273140e-05 5.740420611675725571e-05 1.804726873613682521e-04 4.721564017480374496e-04 9.910041263451350654e-04 1.603601863483189102e-03 1.976247760074220129e-03 1.976248064050121437e-03 1.603602716582162510e-03 9.910053119587874590e-04 4.721577865333430259e-04 1.804740553355555486e-04 5.740526896939503193e-05 1.562308671654493786e-05 3.713378100424102686e-06 7.829449186702115846e-07 1.482727105113199095e-07 2.548628644212846677e-08 4.013268401265784493e-09 5.840654880385020639e-10 7.929184941273935015e-11 1.015604445487899858e-11 1.247183677569393269e-12 1.504922452512427990e-13 1.848850090309952009e-14 2.408486976621978847e-15 3.416136199354560243e-16 5.246126368300927272e-17 8.457058880605659557e-18 1.382468227398200274e-18 2.201850772251372857e-19 0.000000000000000000e+00
0.000000000000000000e+00 1.301250080397087677e-21 1.594450108398717258e-20 1.872632573188883408e-19 2.116320588231388306e-18 2.295793842554217154e-17 2.384257279399886896e-16 2.363481954219515163e-15 2.229015681643757266e-14 1.992785563731721961e-13 1.682072178689807915e-12 1.334477974575191770e-11 9.900851747695243749e-11 6.830590104005900789e-10 4.353816695176816501e-09 2.544975869334612318e-08 1.352523860712694015e-07 6.467729308555134956e-07 2.747623640111896816e-06 1.020141827810486510e-05 3.239542827261016945e-05 8.548383039419154086e-05 1.805978700084500267e-04 2.936297501307033792e-04 3.630063693628553787e-04 3.630065004284230659e-04 2.936301227292760887e-04 1.805983930475484956e-04 8.548444759514312920e-05 3.239603610844215675e-05 1.020188118039360903e-05 2.747927713167228476e-06 6.469437303258073314e-07 1.353359448173585744e-07 2.548628644212846677e-08 4.368071735260392081e-09 6.881110416018701999e-10 1.006420384007151120e-10 1.383084970777180777e-11 1.815984602899404698e-12 2.336368978723027738e-13 3.054218541888637713e-14 4.227323611766040628e-15 6.359575750136569835e-16 1.033231001440677734e-16 1.756722665044685891e-17 3.020938907572364078e-18 5.128159527472134491e-19 8.346152158330180740e-20 0.000000000000000000e+00
0.000000000000000000e+00 2.191292817236702768e-22 2.662128234195675959e-21 3.099886010645044130e-20 3.474538128249439068e-19 3.739529269134725661e-18 3.854806483611248521e-17 3.794857199595588100e-16 3.556542194766690840e-15 3.162100863360669582e-14 2.656732533997787343e-13 2.100165096107300079e-12 1.554425941324890856e-11 1.071243289686454721e-10 6.830620727104558365e-10 4.000177141798100206e-09 2.132890401728073054e-08 1.024536391973386915e-07 4.375497429530692574e-07 1.633432139138202438e-06 5.212705394649172784e-06 1.380801010206645163e-05 2.925036854528865703e-05 4.766181338354858078e-05 5.904699452662251719e-05 5.904704382183779293e-05 4.766195499109506363e-05 2.925056943801134795e-05 1.380824942195421122e-05 5.212940740654062400e-06 1.633609119658963107e-06 4.376642001025953354e-07 1.025167664268220484e-07 2.135932483732542385e-08 4.013268401265785320e-09 6.881110416018705101e-10 1.088956951509062004e-10 1.611276987167125088e-11 2.268422992885341858e-12 3.118679316534619181e-13 4.345151452453259821e-14 6.396646808350530602e-15 1.021426276767508328e-15 1.756991822106879250e-16 3.153659580693887924e-17 5.709047166497506111e-18 1.018089594407092076e-18 1.764957511815992977e-19 2.909454660647105958e-20 0.000000000000000000e+00
0.000000000000000000e+00 3.422912482718998838e-23 4.123916442515884964e-22 4.761276133386702247e-21 5.293464645274119717e-20 5.652560003447267217e-19 5.783708348811129739e-18 5.654282580301882550e-17 5.265473500421478824e-16 4.654766104479796340e-15 3.891458857977299008e-14 3.063605635986626030e-13 2.260361301104918031e-12 1.554418028512809865e-11 9.900889280973732117e-11 5.797935650060681760e-10 3.094164525263290958e-09 1.488602845375985854e-08 6.369435365430722096e-08 2.382060365431701284e-07 7.611411857296533537e-07 2.017287631783349903e-06 4.273628232837332692e-06 6.966701642655715694e-06 8.642630940200257285e-06 8.642647412711546313e-06 6.966749364046735533e-06 4.273696655988395641e-06 2.017369871346558475e-06 7.612220389981491481e-07 2.382663818953002230e-07 6.373299339472512901e-08 1.490708233208261415e-08 3.104203812252059506e-09 5.840654880385018571e-10 1.006420384007151120e-10 1.611276987167124764e-11 2.441801239210415094e-12 3.598364680326682970e-13 5.355746531955144402e-14 8.399971733864719094e-15 1.425549416390003846e-15 2.599301331015708716e-16 4.931664638132563086e-17 9.411121393535734598e-18 1.764698868714602352e-18 3.211073546273603517e-19 5.636292040442292455e-20 9.370150232308738240e-21 0.000000000000000000e+00
0.000000000000000000e+00 4.992025452952682537e-24 5.967101360675147185e-23 6.830691331215208081e-22 7.533425317883850987e-21 7.981387214909344192e-20 8.106101800857710666e-19 7.869090934622046750e-18 7.280251000766042992e-17 6.397475095784075350e-16 5.319839493080862516e-15 4.168629455523021402e-14 3.063618330042813171e-13 2.100154257862528349e-12 1.334488403241119769e-11 7.801279506003321628e-11 4.158466591417652968e-10 1.999008427758233774e-09 8.547051718091171528e-09 3.193424450872171972e-08 1.018983558409908438e-07 2.695807356880442562e-07 5.700932639602786808e-07 9.286151082072165012e-07 1.152952845086288260e-06 1.152957806271897633e-06 9.286295807570209096e-07 5.701142336030054191e-07 2.696061526907897869e-07 1.019233606337722207e-07 3.195283370826166480e-08 8.558883040978510841e-09 2.005405541558107998e-09 4.188757660830571057e-10 7.929184941273925967e-11 1.383084970777180615e-11 2.268422992885340647e-12 3.598364680326681960e-13 5.740059135595510734e-14 9.615222845354927805e-15 1.737652895978751574e-15 3.364328401156878396e-16 6.758497770108311913e-17 1.361787358087625601e-17 2.689277362225704270e-18 5.141629249148176231e-19 9.467191330355851596e-20 1.675467663309470123e-20 2.803326328382554994e-21 0.000000000000000000e+00
0.000000000000000000e+00 6.833611723722646178e-25 8.111214551999371115e-24 9.204629673090230283e-23 1.007193434584472761e-21 1.058631808620347249e-20 1.067191312779668712e-19 1.028584278384642335e-18 9.452445370301890982e-18 8.254346338316398689e-17 6.824503329952222394e-16 5.319826749111872092e-15 3.891477204972788627e-14 2.656708397304975671e-13 1.682091722707289946e-12 9.802239627256263387e-12 5.210243106469740890e-11 2.497815965161683080e-10 1.065017808032003809e-09 3.967279777661774055e-09 1.261697610990966385e-08 3.326335892361410238e-08 7.012630512542845026e-08 1.140383164274517887e-07 1.416471477777783175e-07 1.416485100749499711e-07 1.140423134030241197e-07 7.013215633648706003e-08 3.327050823219823629e-08 1.262401897580078041e-08 3.972508648761094321e-09 1.068335144167376991e-09 2.515673158303798608e-10 5.294442523505923163e-11 1.015604445487898889e-11 1.815984602899403890e-12 3.118679316534617162e-13 5.355746531955144402e-14 9.615222845354935693e-15 1.855562722533056846e-15 3.823969859107118730e-16 8.151342724992315896e-17 1.737719834382085444e-17 3.620938041109148443e-18 7.286638628573026466e-19 1.409005258332782050e-19 2.614666968016076124e-20 4.656355592831210710e-21 7.833660117824787335e-22 0.000000000000000000e+00
0.000000000000000000e+00 8.815854096614256101e-26 1.041032832286303952e-24 1.170613279458157421e-23 1.271249073884209889e-22 1.325330673082037870e-21 1.326127048473275369e-20 1.268795135199853024e-19 1.157959451621009049e-18 1.004557336574144348e-17 8.254376152835868611e-17 6.397461619867983468e-16 4.654802432045736599e-15 3.162057386425435475e-14 1.992822499655087509e-13 1.156211071515029911e-12 6.119772930549921020e-12 2.921473374323370379e-11 1.240242420872882420e-10 4.599025484102558188e-10 1.455630326461600605e-09 3.819636781616583041e-09 8.020160151992385883e-09 1.301241260393929893e-08 1.616447100189420682e-08 1.616481527068081663e-08 1.301342763079404272e-08 8.021661091340140419e-09 3.821484870634408138e-09 1.457454369700453286e-09 4.612575713761609963e-10 1.248829359557613480e-10 2.967604773253750890e-11 6.336843986260152558e-12 1.247183677569392260e-12 2.336368978723027738e-13 4.345151452453256666e-14 8.399971733864714361e-15 1.737652895978751968e-15 3.823969859107118237e-16 8.674272317362514774e-17 1.961477438428938547e-17 4.322486033858614762e-18 9.174351113635212255e-19 1.866517549465788093e-19 3.636151858483934722e-20 6.787603238091743982e-21 1.215304180567831938e-21 2.055077633219227006e-22 0.000000000000000000e+00
0.000000000000000000e+00 1.074242478990891329e-26 1.267317517214956049e-25 1.410626889937102638e-24 1.521355216640172487e-23 1.572547920362155865e-22 1.561942886978920035e-21 1.483121262458258246e-20 1.343988327883731510e-19 1.157931651435963441e-18 9.452422416536891954e-18 7.280203540098120100e-17 5.265527627804618860e-16 3.556464683378427142e-15 2.229080476237772693e-14 1.286295608008499821e-13 6.772002880372974758e-13 3.215337228075574570e-12 1.357389717740707754e-11 5.004736677465101419e-11 1.574760383450269944e-10 4.109251776977751310e-10 8.587555176396733528e-10 1.389460998244096343e-09 1.725807579583644256e-09 1.725888276130773259e-09 1.389699930122296345e-09 8.591123255310496023e-10 4.113677788401461973e-10 1.579139082394267898e-10 5.037330226022322972e-11 1.378053488549614895e-11 3.326333271081369876e-12 7.294116946662741717e-13 1.504922452512428243e-13 3.054218541888637082e-14 6.396646808350526657e-15 1.425549416390003255e-15 3.364328401156877410e-16 8.151342724992312198e-17 1.961477438428939163e-17 4.584283771168170443e-18 1.028796630393443336e-18 2.207062690629847727e-19 4.522538627932382996e-20 8.860279846466807006e-21 1.662457605804912450e-21 2.991753961058391324e-22 5.084784313285007391e-23 0.000000000000000000e+00
0.000000000000000000e+00 1.235402782723072243e-27 1.469867796214946545e-26 1.615724386965040656e-25 1.733180865439635217e-24 1.774638865772489985e-23 1.750265251064449132e-22 1.648799832004888552e-21 1.483344276030450241e-20 1.268809288692853997e-19 1.028605196369524202e-18 7.869093750326422352e-18 5.654388728655924142e-17 3.794735790410573581e-16 2.363591671102982863e-15 1.355380858657956883e-14 7.091248389114626242e-14 3.345509614463460028e-13 1.403115772385472488e-12 5.139392300076007811e-12 1.606294896293224038e-11 4.165622839111780122e-11 8.659860195934732762e-11 1.396804988141579391e-10 1.734377516315648813e-10 1.734554122819320288e-10 1.397329869246228991e-10 8.667774336064915804e-11 4.175510481669164972e-11 1.616103421810194121e-11 5.212630249869231466e-12 1.449622607075380371e-12 3.595643760822867544e-13 8.269050870008655910e-14 1.848850090309952640e-14 4.227323611766041417e-15 1.021426276767509117e-15 2.599301331015709209e-16 6.758497770108311913e-17 1.737719834382084828e-17 4.322486033858614762e-18 1.028796630393443336e-18 2.333427145010110802e-19 5.041165373609825965e-20 1.038676451629259859e-20 2.044995322383197859e-21 3.855854437819637291e-22 6.974342469108202224e-23 1.191565706165016378e-23 0.000000000000000000e+00
0.000000000000000000e+00 1.331114595274532529e-28 1.632120698462351670e-27 1.762626429431610173e-26 1.887006498481122376e-25 1.910300072423742821e-24 1.872318503137007325e-23 1.748812674760954561e-22 1.561902056410260366e-21 1.325960683071869407e-20 1.067166165229976350e-19 8.105945386184537651e-19 5.783806773681264034e-18 3.854605111112104502e-17 2.384427876704546251e-16 1.357800572618457908e-15 7.054524146540489293e-15 3.304554619205655783e-14 1.375818766330040491e-13 5.003263942666399136e-13 1.552196410782694227e-12 3.998813295181832763e-12 8.266444531527393135e-12 1.328823515889188862e-11 1.649215190320024309e-11 1.649578101039541664e-11 1.329905808308349670e-11 8.282917931146836914e-12 4.019537995216949391e-12 1.572817354927999829e-12 5.157841611708429638e-13 1.474226853720138599e-13 3.835104402770297444e-14 9.557964605066338831e-15 2.408486976621979636e-15 6.359575750136574765e-16 1.756991822106881469e-16 4.931664638132565551e-17 1.361787358087625601e-17 3.620938041109148443e-18 9.174351113635216107e-19 2.207062690629847246e-19 5.041165373609823558e-20 1.095025264414500305e-20 2.267136040800467745e-21 4.484977108606962704e-22 8.498431043244743318e-23 1.545299015367779003e-23 2.654779932534688847e-24 0.000000000000000000e+00
0.000000000000000000e+00 1.312996581811506541e-29 1.745964195118194050e-28 1.831723417018625010e-27 1.972004302535077971e-26 1.965638925652102110e-25 1.918235913680651586e-24 1.774594063417593229e-23 1.573674395624425393e-22 1.325427726771542296e-21 1.058714515153590165e-20 7.981630939211951208e-20 5.652780403767775456e-19 3.739271036441240113e-18 2.296057962920763951e-17 1.297588133521832425e-16 6.690985265268700963e-16 3.110205878279487718e-15 1.284619153490767834e-14 4.636330902758342538e-14 1.426830383348744075e-13 3.650932914648041981e-13 7.502640200598091712e-13 1.201629673941525082e-12 1.490543697445370963e-12 1.491247334113245913e-12 1.203734836453557684e-12 7.534980150547410958e-13 3.691894380026634244e-13 1.467720155149776498e-13 4.944249289770005192e-14 1.481289229596599130e-14 4.173982334376324604e-15 1.172542205353370356e-15 3.416136199354561229e-16 1.033231001440678351e-16 3.153659580693892854e-17 9.411121393535743842e-18 2.689277362225703884e-18 7.286638628573027429e-19 1.866517549465788575e-19 4.522538627932382996e-20 1.038676451629259859e-20 2.267136040800468121e-21 4.716098888308204887e-22 9.375264557990463318e-23 1.785735205748462921e-23 3.265360756277630421e-24 5.643527324900202857e-25 0.000000000000000000e+00
0.000000000000000000e+00 1.103281406573288815e-30 1.816744572691009275e-29 1.806843369387823140e-28 1.989402657088263679e-27 1.935177614215111897e-26 1.888528801590226431e-25 1.726795771183486719e-24 1.521247730775626064e-23 1.270640493570849264e-22 1.007035942290497917e-21 7.533254856471481921e-21 5.293434748174397759e-20 3.474146670691777669e-19 2.116681105564307561e-18 1.186563032333558558e-17 6.069766378430923150e-17 2.798572046219368690e-16 1.146051563235587620e-15 4.104504269494057311e-15 1.252153806361650510e-14 3.182518015049158039e-14 6.499518140764144051e-14 1.036834037642140309e-13 1.285395651821977601e-13 1.286688348529203401e-13 1.040713431572599860e-13 6.559657333195482519e-14 3.259192045216413853e-14 1.328960480505728428e-14 4.685826294982446006e-15 1.518776801631061808e-15 4.822600925316717341e-16 1.568394513775700750e-16 5.246126368300929121e-17 1.756722665044688048e-17 5.709047166497512274e-18 1.764698868714603892e-18 5.141629249148177194e-19 1.409005258332781569e-19 3.636151858483937129e-20 8.860279846466811520e-21 2.044995322383197483e-21 4.484977108606962704e-22 9.375264557990463318e-23 1.873376169332214027e-23 3.588232506999194365e-24 6.601604095737626668e-25 1.148565078710353643e-25 0.000000000000000000e+00
0.000000000000000000e+00 5.663536622805870456e-32 1.868643221502380158e-30 1.671763296772236631e-29 1.954480298023735239e-28 1.820526565177164376e-27 1.793634702088064417e-26 1.614157276525510930e-25 1.414470101471117895e-24 1.171098952373786187e-23 9.205673732350787104e-23 6.832536841508601300e-22 4.761302814767393494e-21 3.099561110601536861e-20 1.873134824341748373e-19 1.041109550914217557e-18 5.281519516928313778e-18 2.414690699510750335e-17 9.798105529356619089e-17 3.483075709399929752e-16 1.052281698703601077e-15 2.657925052127660300e-15 5.392775753738403167e-15 8.564534808188282597e-15 1.061247678709138683e-14 1.063506408766706038e-14 8.632522021231638013e-15 5.499114322992279126e-15 2.794372783640098835e-15 1.189466844007154412e-15 4.527044719288745884e-16 1.652059688132566236e-16 6.081704199941974382e-17 2.277400745292949959e-17 8.457058880605664179e-18 3.020938907572365233e-18 1.018089594407093038e-18 3.211073546273607369e-19 9.467191330355852799e-20 2.614666968016077930e-20 6.787603238091748496e-21 1.662457605804912826e-21 3.855854437819635881e-22 8.498431043244739791e-23 1.785735205748461745e-23 3.588232506999194365e-24 6.914926678230809498e-25 1.280862089701111197e-25 2.245333175562757670e-26 0.000000000000000000e+00
0.000000000000000000e+00 -5.374741703310435146e-33 1.950979959691036705e-31 1.403153431601351449e-30 1.897650813491209666e-29 1.627020460472889992e-28 1.651847137544901502e-27 1.451000608913171257e-26 1.267830846359549837e-25 1.040147455880960417e-24 8.103073910734570840e-24 5.969500168796570807e-23 4.122546331057131642e-22 2.661823219835554399e-21 1.595015092016985496e-20 8.786678528907410615e-20 4.419370428355171983e-19 2.003288331666394112e-18 8.048037994803399379e-18 2.842106800415754726e-17 8.489295215059815513e-17 2.133608707246332763e-16 4.298708465275391807e-16 6.790719667617048313e-16 8.412385361146423213e-16 8.450030054678548409e-16 6.904364241347714292e-16 4.478022038587719842e-16 2.365139341302862783e-16 1.082600913929377541e-16 4.630544958718972963e-17 1.961841366073353011e-17 8.345962065149073358e-18 3.481809382824676729e-18 1.382468227398200852e-18 5.128159527472133528e-19 1.764957511815993699e-19 5.636292040442297270e-20 1.675467663309470123e-20 4.656355592831210710e-21 1.215304180567832878e-21 2.991753961058392265e-22 6.974342469108203400e-23 1.545299015367779590e-23 3.265360756277629686e-24 6.601604095737624831e-25 1.280862089701110967e-25 2.390784279460849295e-26 4.227603664261545080e-27 0.000000000000000000e+00
0.000000000000000000e+00 -2.541551084326692635e-33 2.133703899728457131e-32 9.551347880336698873e-32 1.851627948040996344e-30 1.350399936809580647e-29 1.476176831173179813e-28 1.246142304388973543e-27 1.090109142252146603e-26 8.869417028296729929e-26 6.832549399418888465e-25 5.005429946245109823e-24 3.420816726290372332e-23 2.192017031596838971e-22 1.301903370197300035e-21 7.107351390751654368e-21 3.543857709689606885e-20 1.593009401019399893e-19 6.329332633669021055e-19 2.224683636694872835e-18 6.551600805695449487e-18 1.642675709207529684e-17 3.284070303184667965e-17 5.152052076347046990e-17 6.384245494275971754e-17 6.443424196928001515e-17 5.331215885247063748e-17 3.569119919554476917e-17 2.012897110894669692e-17 1.030211876927793758e-17 5.111651879957260207e-18 2.509587043061558233e-18 1.193270150630819759e-18 5.334106621331023174e-19 2.201850772251374302e-19 8.346152158330185555e-20 2.909454660647107764e-20 9.370150232308741249e-21 2.803326328382554618e-21 7.833660117824787335e-22 2.055077633219228886e-22 5.084784313285010918e-23 1.191565706165017112e-23 2.654779932534689950e-24 5.643527324900201938e-25 1.148565078710353413e-25 2.245333175562756809e-26 4.227603664261544363e-27 7.554308359903547344e-28 0.000000000000000000e+00
0.000000000000000000e+00 0.000000000000000000e+00 0.000000000000000000e+00 0.000000000000000000e+00 0.000000000000000000e+00 0.000000000000000000e+00 0.000000000000000000e+00 0.000000000000000000e+00 0.000000000000000000e+00 0.000000000000000000e+00 0.000000000000000000e+00 0.000000000000000000e+00 0.000000000000000000e+00 0.000000000000000000e+00 0.000000000000000000e+00 0.000000000000000000e+00 0.000000000000000000e+00 0.000000000000000000e+00 0.000000000000000000e+00 0.000000000000000000e+00 0.000000000000000000e+00 0.000000000000000000e+00 0.000000000000000000e+00 0.000000000000000000e+00 0.000000000000000000e+00 0.000000000000000000e+00 0.000000000000000000e+00 0.000000000000000000e+00 0.000000000000000000e+00 0.000000000000000000e+00 0.000000000000000000e+00 0.000000000000000000e+00 0.000000000000000000e+00 0.000000000000000000e+00 0.000000000000000000e+00 0.000000000000000000e+00 0.000000000000000000e+00 0.000000000000000000e+00 0.000000000000000000e+00 0.000000000000000000e+00 0.000000000000000000e+00 0.000000000000000000e+00 0.000000000000000000e+00 0.000000000000000000e+00 0.000000000000000000e+00 0.000000000000000000e+00 0.000000000000000000e+00 0.000000000000000000e+00 0.000000000000000000e+00 0.000000000000000000e+00
