0.000000000000000000e+00 0.000000000000000000e+00 0.000000000000000000e+00 0.000000000000000000e+00 0.000000000000000000e+00 0.000000000000000000e+00 0.000000000000000000e+00 0.000000000000000000e+00 0.000000000000000000e+00 0.000000000000000000e+00 0.000000000000000000e+00 0.000000000000000000e+00 0.000000000000000000e+00 0.000000000000000000e+00 0.000000000000000000e+00 0.000000000000000000e+00 0.000000000000000000e+00 0.000000000000000000e+00 0.000000000000000000e+00 0.000000000000000000e+00 0.000000000000000000e+00 0.000000000000000000e+00 0.000000000000000000e+00 0.000000000000000000e+00 0.000000000000000000e+00 0.000000000000000000e+00 0.000000000000000000e+00 0.000000000000000000e+00 0.000000000000000000e+00 0.000000000000000000e+00 0.000000000000000000e+00 0.000000000000000000e+00 0.000000000000000000e+00 0.000000000000000000e+00 0.000000000000000000e+00 0.000000000000000000e+00 0.000000000000000000e+00 0.000000000000000000e+00 0.000000000000000000e+00 0.000000000000000000e+00 0.000000000000000000e+00 0.000000000000000000e+00 0.000000000000000000e+00 0.000000000000000000e+00 0.000000000000000000e+00 0.000000000000000000e+00 0.000000000000000000e+00 0.000000000000000000e+00 0.000000000000000000e+00 0.000000000000000000e+00
0.000000000000000000e+00 -6.902681012295234747e-34 2.801322276093667683e-33 -1.210253615955668442e-32 5.103830020364547393e-32 -2.214102541318446083e-31 1.039512125614535163e-30 -5.359865020410998379e-30 2.912387190813857056e-29 -1.565014135693546938e-28 7.914269192047106300e-28 -3.644928083501827956e-27 1.502463295538076853e-26 -5.413219526776790881e-26 1.708374667367522945e-25 -4.362734467091755163e-25 1.040908168030641150e-24 -1.050721704699603153e-24 4.914401604428881241e-24 1.592017082519262060e-23 6.989141483309104479e-23 2.554319177400888125e-22 6.798874569086053731e-22 1.299307132131411142e-21 1.658587636442714244e-21 1.655910115294544610e-21 1.293503497861378418e-21 6.739669239299452639e-22 2.437666742266115947e-22 6.087252359805429251e-23 6.060813799044167786e-24 -4.738769480097843702e-24 -4.415832698391944647e-24 -2.538755140292160311e-24 -1.191509846180140446e-24 -4.872424471812498230e-25 -1.782485346117353416e-25 -5.921860530903909490e-26 -1.805424453724401394e-26 -5.091935013014542827e-27 -1.337172557060643445e-27 -3.287144873453847390e-28 -7.598282764458397599e-29 -1.657656649005132677e-29 -3.423669958005485682e-30 -6.710847899545944310e-31 -1.250678713712278246e-31 -2.217872572056342003e-32 -3.738940653272168471e-33 0.000000000000000000e+00
0.000000000000000000e+00 2.801322276093662893e-33 -1.146823103678840346e-32 5.121664520795582156e-32 -2.346130236293704444e-31 1.166014803575479755e-30 -6.373697984569086925e-30 3.679912957882215924e-29 -2.109511177863347674e-28 1.144450396663900224e-27 -5.694693863601716205e-27 2.559015409593661454e-26 -1.016472526237493463e-25 3.590491202869501027e-25 -1.050058693250237908e-24 2.933270542986970660e-24 -4.125628131928615329e-24 1.935237408145797761e-23 5.407338902823140766e-23 3.344876179869218349e-22 1.484121562620477632e-21 5.268306106032438712e-21 1.444402531283978507e-20 2.786127763869858680e-20 3.565213227331935292e-20 3.567765275360939419e-20 2.792761490159177980e-20 1.451146317221890457e-20 5.346643272036354327e-21 1.535831195528515946e-21 3.861900644756234809e-22 1.024513999394044567e-22 3.456270050834094559e-23 1.421196721364739115e-23 6.008968381414059645e-24 2.379376877474660087e-24 8.606726248805932109e-25 2.843038625993767798e-25 8.626354220119026429e-26 2.419981417566460833e-26 6.313843538873721564e-27 1.539710348644994283e-27 3.524004021635707939e-28 7.594971749827240111e-29 1.545309691084347645e-29 2.973496746654362143e-30 5.415637198227884686e-31 9.330505189698081881e-32 1.517401279413747991e-32 0.000000000000000000e+00
0.000000000000000000e+00 -1.210253615955660231e-32 5.121664520795573398e-32 -2.482660552183923239e-31 1.299296272458438635e-30 -7.489624108507028404e-30 4.572283303091095574e-29 -2.783224078881944943e-28 1.611859664203595550e-27 -8.615222520406154706e-27 4.188679521690577692e-26 -1.816954205998121859e-25 7.082343741852853570e-25 -2.330262859893834250e-24 7.368993688299183789e-24 -1.333146600812072695e-23 6.228336437145193153e-23 1.458123523066567496e-22 1.265185303943364112e-21 6.501892838352044419e-21 2.933373010038372660e-20 1.071120232212411512e-19 2.976636911324723190e-19 5.800218935976031720e-19 7.410235982216942817e-19 7.403938343020276753e-19 5.780186304289020230e-19 2.954974906077708852e-19 1.055702020869453150e-19 2.839467504354671439e-20 5.952817208748693473e-21 9.155486452797080804e-22 4.395402033735799888e-23 -4.418355202523407718e-23 -2.772849565689779474e-23 -1.192604090681461058e-23 -4.381417120840055370e-24 -1.446294656930143593e-24 -4.367836483069411406e-25 -1.217910617046783735e-25 -3.154472556062440827e-26 -7.623705375314470848e-27 -1.725197886987067224e-27 -3.664666444786614847e-28 -7.318134705476746705e-29 -1.374206704560257645e-29 -2.423131603392765761e-30 -3.995478861873044611e-31 -6.094764122405395818e-32 0.000000000000000000e+00
0.000000000000000000e+00 5.103830020364525498e-32 -2.346130236293667660e-31 1.299296272458434606e-30 -7.891521346907243434e-30 5.085561824844630387e-29 -3.277237563757823529e-28 2.017275343895507210e-27 -1.151640003465044010e-26 6.015415447259327650e-26 -2.823948110070000947e-25 1.201117854647357023e-24 -4.373362418546984989e-24 1.539097735053054429e-23 -3.339801431267117737e-23 1.623743515428576225e-22 3.240697119094578103e-22 3.879967234898231384e-21 2.241013488893633286e-20 1.236709951786222746e-19 5.672816073046113041e-19 2.109022475557619304e-18 5.940303314290033158e-18 1.170694583398524821e-17 1.498326024829616444e-17 1.499551803492220411e-17 1.174904439094900734e-17 5.986497027635330166e-18 2.139083029636179807e-18 5.860605770389904605e-19 1.321700955654451636e-19 2.622211502422884021e-20 4.986134141592777067e-21 1.026147238270677932e-21 2.537565757392755434e-22 7.415560743299827895e-23 2.311994908861596023e-23 7.095701712386833962e-24 2.065755994110195381e-24 5.631439563324687023e-25 1.432873559551274987e-25 3.402975057603804343e-26 7.548685184668704942e-27 1.564216053836291662e-27 3.023832735061984828e-28 5.432040473149923688e-29 8.990621942372658328e-30 1.346428482476731522e-30 1.734878583041488426e-31 0.000000000000000000e+00
0.000000000000000000e+00 -2.214102541318375580e-31 1.166014803575464866e-30 -7.489624108506919103e-30 5.085561824844582183e-29 -3.460200247818709581e-28 2.255581888291641655e-27 -1.369052898450875886e-26 7.639100480605737205e-26 -3.853643186755974015e-25 1.773037734294017467e-24 -7.057844106614993952e-24 2.729097123277955252e-23 -6.829631806486096250e-23 3.511125598405176560e-22 6.069160281130674095e-22 9.826195692932613137e-21 6.258207347316446579e-20 4.098692212874150476e-19 2.263811262590739412e-18 1.062357316593549273e-17 4.002105758148926559e-17 1.149555011653563537e-16 2.289978944865357695e-16 2.924876515845441014e-16 2.922874130341732029e-16 2.282681136516094262e-16 1.141502722438311929e-16 3.950249675218290636e-17 1.028497622307854081e-17 2.123034413367987085e-18 3.542113554700770117e-19 4.595005042170863100e-20 3.405930484813974370e-21 -4.806029019961586076e-22 -3.279175544330839620e-22 -1.153919870757772759e-22 -3.453566511045322178e-23 -9.550209925402419606e-24 -2.482108677232635451e-24 -6.064043627405879826e-25 -1.387513282655591706e-25 -2.959830639694935945e-26 -5.851468507164400785e-27 -1.061733114259925183e-27 -1.735335912550345512e-28 -2.448533894562805363e-29 -2.628103772461827301e-30 -7.042852854710932245e-32 0.000000000000000000e+00
0.000000000000000000e+00 1.039512125614511516e-30 -6.373697984568826284e-30 4.572283303090965533e-29 -3.277237563757754025e-28 2.255581888291617978e-27 -1.449988726202353914e-26 8.602503619419575618e-26 -4.636373022898926468e-25 2.291511803472247121e-24 -9.878774247356181906e-24 4.156223167200366247e-23 -1.168933950374790811e-22 6.398413009815535120e-22 9.771857197030541535e-22 2.085998375145675716e-20 1.447080701807822418e-19 1.097806655318566277e-18 7.078518275903356074e-18 4.018212918191738088e-17 1.907267214724831744e-16 7.359718074203480990e-16 2.141269423656028216e-15 4.314837364916373842e-15 5.516816424236296886e-15 5.519578403101345059e-15 4.325559292797553357e-15 2.153130936887263505e-15 7.436736190314708485e-16 1.959938017954069782e-16 4.228800530626317406e-17 7.900848263940278751e-18 1.346861261927652170e-18 2.212662206600740569e-19 3.701646768821092348e-20 6.584079770428399892e-21 1.266786200788472826e-21 2.611709190974183101e-22 5.626881674228247951e-23 1.229589330363593074e-23 2.648344501495909677e-24 5.481916883615158671e-25 1.065462856925326957e-25 1.893696324988411740e-26 2.947815227573150133e-27 3.604539087967546767e-28 1.886302688013159512e-29 -7.085095183546291590e-30 -3.463889633625374877e-30 0.000000000000000000e+00
0.000000000000000000e+00 -5.359865020410756655e-30 3.679912957882044966e-29 -2.783224078881829700e-28 2.017275343895448378e-27 -1.369052898450847761e-26 8.602503619419491818e-26 -4.929834546000670141e-25 2.602730444732831596e-24 -1.206101242905340192e-23 5.479296108110617349e-23 -1.700361637293935256e-22 9.941711117393354434e-22 1.378058160500001752e-21 3.756787479344233550e-20 2.816251604699177686e-19 2.426354872578105660e-18 1.784529482487006202e-17 1.187283696557064218e-16 6.800223388647943752e-16 3.313672939088640362e-15 1.294095913817724114e-14 3.839426182575540342e-14 7.828207952866154115e-14 9.991172952640245014e-14 9.987954420841979596e-14 7.814744227929727010e-14 3.824514194686931410e-14 1.284273837052901605e-14 3.243292177844001231e-15 6.528108422684955517e-16 1.078334660934607824e-16 1.455602477515870488e-17 1.480286402196438695e-18 6.250413897858954227e-20 -1.969339471438746661e-20 -7.704468852523394307e-21 -1.894226412662805918e-21 -3.978971942397236104e-22 -7.734108407840609897e-23 -1.428935252085234897e-23 -2.507254661166672445e-24 -4.072033475164780316e-25 -5.728862868068002361e-26 -5.618926872972115081e-27 1.868812176632923431e-28 3.074792759865386890e-28 1.118578837048485216e-28 3.121524815647817290e-29 0.000000000000000000e+00
0.000000000000000000e+00 2.912387190813630606e-29 -2.109511177863227948e-28 1.611859664203515194e-27 -1.151640003464992352e-26 7.639100480605554682e-26 -4.636373022898832795e-25 2.602730444732812127e-24 -1.288618523531255031e-23 6.283840560081510453e-23 -2.121844490654336508e-22 1.327911627903610385e-21 1.732492534307412484e-21 5.793614075954421311e-20 4.670355224143347697e-19 4.495842192268679292e-18 3.705374294525505085e-17 2.820789885045569487e-16 1.888494751870286633e-15 1.111448001736019600e-14 5.470990741197025630e-14 2.187004338150350159e-13 6.583552571908145712e-13 1.358099243230862181e-12 1.733071674684334634e-12 1.733387254972809486e-12 1.359547967456928927e-12 6.599596761482571097e-13 2.197762426209605641e-13 5.551808530815248036e-14 1.141491582680602572e-14 2.013933686772714516e-15 3.193327709764180566e-16 4.768905517023825600e-17 7.037088543812924385e-18 1.066675121765687511e-18 1.685664896889130947e-19 2.746326400824518307e-20 4.508462140953251969e-21 7.301164093007013001e-22 1.146117697759434906e-22 1.706902481274896424e-23 2.309750670299981521e-24 2.510283416266968831e-25 9.727185505170768790e-27 -5.708152330823944078e-27 -2.531581145410170004e-27 -7.408020167643711449e-28 -1.860463377490126735e-28 0.000000000000000000e+00
0.000000000000000000e+00 -1.565014135693445372e-28 1.144450396663811258e-27 -8.615222520405674004e-27 6.015415447259054440e-26 -3.853643186755828915e-25 2.291511803472210754e-24 -1.206101242905329466e-23 6.283840560081515155e-23 -2.283145591636988344e-22 1.532739422273480253e-21 1.972442751681135316e-21 7.703949190206754859e-20 6.660450619559999162e-19 7.068050589832368029e-18 6.439022714661684536e-17 5.505427777808335564e-16 4.206274392580642105e-15 2.893722600534283045e-14 1.716375160393848908e-13 8.659759214554511864e-13 3.509995897554823660e-12 1.075997515655909352e-11 2.246948877181330357e-11 2.862696661822747975e-11 2.862438912052264913e-11 2.245613948072765481e-11 1.074521401639016207e-11 3.499886465080714171e-12 8.580078587971466616e-13 1.688189410707796187e-13 2.769191737823229703e-14 3.847633957400333976e-15 4.464335744587195261e-16 3.941379742641340562e-17 1.355725047200213218e-18 -4.503951743862269396e-19 -1.516779550797501203e-19 -3.244068205093079892e-20 -5.817010193289108665e-21 -9.356020215941544494e-22 -1.373322969124766151e-22 -1.810074720603517750e-23 -1.975246083086601694e-24 -1.157707890711209678e-25 2.320875020739552329e-26 1.211555137199188083e-26 3.560555322780177121e-27 8.796807068920802913e-28 0.000000000000000000e+00
0.000000000000000000e+00 7.914269192046404082e-28 -5.694693863601289314e-27 4.188679521690294150e-26 -2.823948110069863653e-25 1.773037734293959427e-24 -9.878774247356017337e-24 5.479296108110591488e-23 -2.121844490654349203e-22 1.532739422273496992e-21 2.056728445150639637e-21 8.873567368332860401e-20 8.220552604728392119e-19 9.510666139878993988e-18 9.476370582638286124e-17 8.969293190579905128e-16 7.678202214092890031e-15 6.024770510132046032e-14 4.166729810845704762e-13 2.532875517839696264e-12 1.293047852839321928e-11 5.348130407945746615e-11 1.665505373603793308e-10 3.519639766596013812e-10 4.478669835946075617e-10 4.478841665070852866e-10 3.520689627466348963e-10 1.666662259411729930e-10 5.356253679331380001e-11 1.299771483107253838e-11 2.555182203335222604e-12 4.272936479270284118e-13 6.315782285719531225e-14 8.552976790515354330e-15 1.103898046594558674e-15 1.419019355785569678e-16 1.889201876908637923e-17 2.648653688203406037e-18 3.861196724509052582e-19 5.686812663412054660e-20 8.223339297322387840e-21 1.139927378905594489e-21 1.475390564999890473e-22 1.696147573026860464e-23 1.481704063445830819e-24 1.186470598314651747e-26 -3.887546255294452353e-26 -1.347776834073692071e-26 -3.461952653765855372e-27 0.000000000000000000e+00
0.000000000000000000e+00 -3.644928083501518728e-27 2.559015409593443345e-26 -1.816954205998016019e-25 1.201117854647299718e-24 -7.057844106614870525e-24 4.156223167200325105e-23 -1.700361637293991445e-22 1.327911627903636528e-21 1.972442751680933319e-21 8.873567368332941049e-20 8.814241277148154583e-19 1.101649742880462418e-17 1.190974405062427543e-16 1.233969076438773410e-15 1.167114720280165296e-14 1.025254150723911194e-13 8.067573311182239910e-13 5.712223052323953644e-12 3.503586985073656046e-11 1.824477894410861879e-10 7.660716897885920778e-10 2.425663036944555263e-09 5.188208414081606892e-09 6.589062279257268546e-09 6.588972677323161845e-09 5.187508075559010948e-09 2.424896014640064250e-09 7.655169482553013659e-10 1.819651001584970415e-10 3.488869202703989081e-11 5.634750206378004902e-12 7.871208456372550421e-13 9.626179067654678121e-14 1.024058397707389690e-14 9.043793165984229407e-16 5.378190415279227160e-17 -1.403993364319529159e-18 -1.191305433600586698e-18 -2.659921963605246691e-19 -4.548068176806633912e-20 -6.765151970563441854e-21 -9.039563033825061359e-22 -1.074730722768395761e-22 -1.056620461222712099e-23 -5.788803471915663895e-25 8.975523868645438085e-26 4.402175278069159558e-26 1.199384940532738631e-26 0.000000000000000000e+00
0.000000000000000000e+00 1.502463295537943979e-26 -1.016472526237419076e-25 7.082343741852467861e-25 -4.373362418546890949e-24 2.729097123277943497e-23 -1.168933950374853112e-22 9.941711117393632791e-22 1.732492534307024665e-21 7.703949190206933007e-20 8.220552604728303527e-19 1.101649742880466115e-17 1.284548441160536342e-16 1.444600738880685765e-15 1.493808625237789775e-14 1.448702718607670541e-13 1.273528549781517586e-12 1.024426055839560264e-11 7.296104812239910113e-11 4.556399437210689165e-10 2.402218999697830193e-09 1.025420235768669448e-08 3.296507481845705478e-08 7.132363749625905835e-08 9.038478950037801734e-08 9.038511641025276713e-08 7.132756189743781086e-08 3.296933020353173530e-08 1.025739110126389994e-08 2.405139533375180627e-09 4.564337761917325589e-10 7.344129243268589019e-11 1.035186752089602233e-11 1.311505004316372702e-12 1.529457366956052323e-13 1.685843914545574035e-14 1.814062264823753213e-15 1.976020154079396989e-16 2.242197203433648783e-17 2.664470032162633297e-18 3.246501378564146971e-19 3.914529412070689746e-20 4.486574548398643546e-21 4.628609391191337547e-22 3.769950653592270008e-23 9.257063872482753988e-25 -5.658150773741591550e-25 -1.913269129150702502e-25 -4.557399232668077951e-26 0.000000000000000000e+00
0.000000000000000000e+00 -5.413219526776338591e-26 3.590491202869320111e-25 -2.330262859893773638e-24 1.539097735053077352e-23 -6.829631806486515902e-23 6.398413009815898112e-22 1.378058160499632929e-21 5.793614075954640385e-20 6.660450619559843161e-19 9.510666139879094136e-18 1.190974405062423598e-16 1.444600738880687540e-15 1.620687855442433255e-14 1.717571668311428753e-13 1.664482745589662163e-12 1.493667060918347826e-11 1.205097660653577502e-10 8.716249202028840693e-10 5.489962027251685465e-09 2.934246453368154365e-08 1.269129314751138636e-07 4.137856095209635988e-07 9.050010770944015109e-07 1.143713355397139877e-06 1.143712893078900300e-06 9.049828685625681772e-07 4.137661766077208120e-07 1.268977251670763067e-07 2.932777900370312746e-08 5.486581096291759477e-09 8.691183613038993039e-10 1.200524571274102209e-10 1.474302689761285517e-11 1.628821237961736649e-12 1.626187906217945503e-13 1.458768478485720390e-14 1.146801667967265106e-15 7.332839784100685001e-17 2.823982804410677240e-18 -1.159011985341766426e-19 -3.369898733460750045e-20 -2.124291093967160767e-21 4.771844010387977228e-22 2.011376620202471220e-22 4.754731125025471416e-23 9.223062545990546423e-24 1.621952402567284618e-24 2.710876487874615791e-25 0.000000000000000000e+00
0.000000000000000000e+00 1.708374667367449936e-25 -1.050058693250214766e-24 7.368993688299502641e-24 -3.339801431267386338e-23 3.511125598405546135e-22 9.771857197028293990e-22 3.756787479344474291e-20 4.670355224143209030e-19 7.068050589832512859e-18 9.476370582638234355e-17 1.233969076438778340e-15 1.493808625237788513e-14 1.717571668311428249e-13 1.817961143903244008e-12 1.796883722757212500e-11 1.613930699977461908e-10 1.319045027379833546e-09 9.583378837274555532e-09 6.092940061916137534e-08 3.283810767999012467e-07 1.435781103805324238e-06 4.736154137808573880e-06 1.045566057198864491e-05 1.316960781302938987e-05 1.316960413244918606e-05 1.045572904846883107e-05 4.736225363707915688e-06 1.435839960117515854e-06 3.284411707660975766e-07 6.093998511055827425e-08 9.594255118538229263e-09 1.320388283289388775e-09 1.622179672518397702e-10 1.807920036520185678e-11 1.852414672658281627e-12 1.765412252439749863e-13 1.579331560480279111e-14 1.327513048760139617e-15 1.021061814148603491e-16 6.308609053430453452e-18 7.863702872429684266e-20 -7.614563744871990942e-20 -2.051344865851794563e-20 -3.970614240676063144e-21 -6.697252916286505748e-22 -1.039715942013919693e-22 -1.523182974140033199e-23 -2.130181279081718933e-24 0.000000000000000000e+00
0.000000000000000000e+00 -4.362734467091737714e-25 2.933270542987182983e-24 -1.333146600812266945e-23 1.623743515428813440e-22 6.069160281129279488e-22 2.085998375145853563e-20 2.816251604699080426e-19 4.495842192268817189e-18 6.439022714661637698e-17 8.969293190579968237e-16 1.167114720280163245e-14 1.448702718607670793e-13 1.664482745589662365e-12 1.796883722757212500e-11 1.776285480007911725e-10 1.613647852738811803e-09 1.320562864058961699e-08 9.642019819467310852e-08 6.143873089477997056e-07 3.325035076880517966e-06 1.462239657573390146e-05 4.861782186488761376e-05 1.080676967597340635e-04 1.355554995303218503e-04 1.355555339332080705e-04 1.080674947571819947e-04 4.861762082076587438e-05 1.462221798066481070e-05 3.324841403229624563e-06 6.143676520436507520e-07 9.638162507348053034e-08 1.320411330141002369e-08 1.610724771768080927e-09 1.774922656182617585e-10 1.787136909944283317e-11 1.661353403249496771e-12 1.444071167095886155e-13 1.201501697658582725e-14 1.009324075706954519e-15 9.487059800613645250e-17 1.107213340723493070e-17 1.580212485310975011e-18 2.468288789861189878e-19 3.868424727535919245e-20 5.859934194409663059e-21 8.489196210844703618e-22 1.175749867049235705e-22 1.552449026674845322e-23 0.000000000000000000e+00
0.000000000000000000e+00 1.040908168030734088e-24 -4.125628131929845925e-24 6.228336437146198201e-23 3.240697119093606674e-22 9.826195692933460245e-21 1.447080701807753325e-19 2.426354872578188860e-18 3.705374294525461944e-17 5.505427777808383882e-16 7.678202214092872677e-15 1.025254150723912077e-13 1.273528549781517990e-12 1.493667060918346534e-11 1.613930699977463200e-10 1.613647852738811596e-09 1.466069213283673024e-08 1.202311611102743076e-07 8.751551719501923641e-07 5.556306849150423972e-06 2.994971608149283251e-05 1.314839087000792956e-04 4.378630186478775456e-04 9.756903677318228343e-04 1.217451024735722188e-03 1.217450864051765379e-03 9.756908106609728975e-04 4.378634231159953981e-04 1.314843085259546657e-04 2.995018094026120366e-05 5.556300872045856932e-06 8.752645274352814181e-07 1.202220936355136227e-07 1.466932402968902882e-08 1.612805903030632468e-09 1.615748596891279272e-10 1.487262887569264983e-11 1.262082331767713830e-12 9.785956088647398817e-14 6.609997979370344728e-15 3.084950033516365294e-16 -1.073065485370927636e-17 -6.380337281712846038e-18 -1.349240919090613305e-18 -2.307993929166021613e-19 -3.569185464256397997e-20 -5.162658636841673117e-21 -7.082597828507377542e-22 -9.222751602585176895e-23 0.000000000000000000e+00
0.000000000000000000e+00 -1.050721704700106963e-24 1.935237408146149233e-23 1.458123523066063209e-22 3.879967234898526292e-21 6.258207347316048153e-20 1.097806655318599981e-18 1.784529482486981242e-17 2.820789885045593646e-16 4.206274392580635005e-15 6.024770510132047295e-14 8.067573311182248998e-13 1.024426055839558487e-11 1.205097660653578536e-10 1.319045027379833959e-09 1.320562864058961203e-08 1.202311611102743606e-07 9.808668787247494727e-07 7.075393388944051463e-06 4.430341082526501441e-05 2.350674379592300977e-04 1.017408380185315982e-03 3.356823847232845177e-03 7.439922919988774253e-03 9.219207990628263544e-03 9.219208478747843022e-03 7.439922266997617446e-03 3.356823370147821346e-03 1.017407800948290017e-03 2.350666972787071607e-04 4.430358036909903753e-05 7.075152416188584909e-06 9.809302472289192623e-07 1.202097229585346040e-07 1.321236756545148568e-08 1.318934043600636887e-09 1.209741844609497391e-10 1.032212190005034163e-11 8.339192793897446489e-13 6.595985241200505436e-14 5.459308169884470819e-15 5.219766864289869766e-16 6.120494831969896715e-17 8.379143431645874241e-18 1.218561472513950137e-18 1.767385568881282051e-19 2.487791873043820650e-20 3.368396693855836574e-21 4.351693419952323913e-22 0.000000000000000000e+00
0.000000000000000000e+00 4.914401604430091266e-24 5.407338902821564428e-23 1.265185303943461161e-21 2.241013488893481318e-20 4.098692212874241476e-19 7.078518275903262089e-18 1.187283696557070381e-16 1.888494751870286633e-15 2.893722600534280521e-14 4.166729810845710316e-13 5.712223052323943951e-12 7.296104812239915283e-11 8.716249202028831387e-10 9.583378837274560495e-09 9.642019819467308205e-08 8.751551719501924699e-07 7.075393388944049769e-06 5.012160180329051321e-05 3.054874633217188385e-04 1.566538858572579049e-03 6.544681106448590503e-03 2.097748231148676562e-02 4.555864061121055186e-02 5.590249007417558147e-02 5.590248911771291546e-02 4.555864112378141262e-02 2.097748236977126784e-02 6.544681436763841349e-03 1.566539396427643789e-03 3.054869423344301008e-04 5.012200071762166678e-05 7.075182777551196663e-06 8.751999710931215343e-07 9.639348900160037148e-08 9.582846796512827874e-09 8.696919575169604140e-10 7.265820402677832586e-11 5.604993487693933791e-12 3.952868481012135925e-13 2.421793984242750020e-14 1.000984054085445160e-15 -4.105746079677485335e-17 -1.961395361623937945e-17 -3.806763526177078547e-18 -6.074714740695777399e-19 -8.840038682295375912e-20 -1.210545078527131347e-20 -1.569216929870331405e-21 0.000000000000000000e+00
0.000000000000000000e+00 1.592017082518995222e-23 3.344876179869545607e-22 6.501892838351745749e-21 1.236709951786244653e-19 2.263811262590727857e-18 4.018212918191733157e-17 6.800223388647969390e-16 1.111448001736015656e-14 1.716375160393854461e-13 2.532875517839691013e-12 3.503586985073657984e-11 4.556399437210686580e-10 5.489962027251690428e-09 6.092940061916136211e-08 6.143873089477999174e-07 5.556306849150423972e-06 4.430341082526503474e-05 3.054874633217188927e-04 1.782041301154156350e-03 8.593339799319322722e-03 3.339772470265119780e-02 1.001153975447753863e-01 2.064919234457826824e-01 2.494380000560823818e-01 2.494380010676105486e-01 2.064919233396722009e-01 1.001153981491379741e-01 3.339772507795663037e-02 8.593340156661192358e-03 1.782041959743015797e-03 3.054869911353354749e-04 4.430383820539177949e-05 5.556233071595519702e-06 6.144565556020007761e-07 6.093149813002844932e-08 5.495450691728524227e-09 4.564278249733871431e-10 3.533644565360018655e-11 2.589428677438645017e-12 1.844490366258411038e-13 1.347508002034333794e-14 1.106198005564995269e-15 1.109503419695713283e-16 1.341360713694797616e-17 1.785282371929304598e-18 2.422525634030707198e-19 3.227110626760197332e-20 4.135425886261468320e-21 0.000000000000000000e+00
0.000000000000000000e+00 6.989141483309685173e-23 1.484121562620437007e-21 2.933373010038393724e-20 5.672816073046140004e-19 1.062357316593540491e-17 1.907267214724846535e-16 3.313672939088616696e-15 5.470990741197052766e-14 8.659759214554485611e-13 1.293047852839323382e-11 1.824477894410861362e-10 2.402218999697829780e-09 2.934246453368153703e-08 3.283810767999013526e-07 3.325035076880518389e-06 2.994971608149284606e-05 2.350674379592301519e-04 1.566538858572579917e-03 8.593339799319322722e-03 3.753643555905000762e-02 1.272594224813106967e-01 3.296903188774114590e-01 5.988231516466153703e-01 7.013588212078470940e-01 7.013588211169532460e-01 5.988231519864866126e-01 3.296903186055573642e-01 1.272594220856176073e-01 3.753643492798829778e-02 8.593339889744696508e-03 1.566539187070586057e-03 2.350669311835798449e-04 2.994978871623878462e-05 3.324919881534392811e-06 3.283770164520633978e-07 2.933229426689662601e-08 2.400941204938231606e-09 1.818953038811033498e-10 1.283572584623994622e-11 8.434172511494246960e-13 5.071125678079506152e-14 2.586036290204348489e-15 7.155999857480905374e-17 -8.069292127647034396e-18 -2.198464405335900865e-18 -3.605838892727568454e-19 -5.103852352530169270e-20 -6.662223933566637442e-21 0.000000000000000000e+00
0.000000000000000000e+00 2.554319177400848628e-22 5.268306106032453006e-21 1.071120232212419095e-19 2.109022475557599274e-18 4.002105758148954909e-17 7.359718074203436616e-16 1.294095913817728059e-14 2.187004338150344353e-13 3.509995897554825679e-12 5.348130407945744030e-11 7.660716897885922846e-10 1.025420235768669117e-08 1.269129314751138901e-07 1.435781103805324450e-06 1.462239657573390993e-05 1.314839087000792685e-04 1.017408380185316199e-03 6.544681106448591371e-03 3.339772470265118393e-02 1.272594224813106689e-01 3.416203143598791070e-01 6.537989158082435637e-01 8.560110076076178354e-01 9.204232936868603776e-01 9.204232929417053288e-01 8.560110067783132104e-01 6.537989151355213524e-01 3.416203137368387655e-01 1.272594218321606852e-01 3.339772390488141701e-02 6.544681225743254928e-03 1.017408601036559309e-03 1.314839193212158342e-04 1.462248351293761940e-05 1.435784227151700150e-06 1.269215691925455458e-07 1.025490518354892219e-08 7.665164189557881144e-10 5.353742745394526676e-11 3.525854027360576636e-12 2.211022875071335439e-13 1.339168839724043437e-14 8.046479365620353574e-16 5.053615329571847315e-17 3.595978450491320381e-18 3.087149436008538630e-19 3.131918082682315297e-20 3.454026431712397713e-21 0.000000000000000000e+00
0.000000000000000000e+00 6.798874569086074419e-22 1.444402531283982720e-20 2.976636911324705857e-19 5.940303314290063973e-18 1.149555011653559346e-16 2.141269423656030977e-15 3.839426182575537818e-14 6.583552571908144702e-13 1.075997515655909998e-11 1.665505373603792016e-10 2.425663036944556918e-09 3.296507481845704817e-08 4.137856095209635988e-07 4.736154137808571339e-06 4.861782186488761376e-05 4.378630186478777624e-04 3.356823847232844743e-03 2.097748231148676909e-02 1.001153975447754002e-01 3.296903188774114590e-01 6.537989158082435637e-01 8.692827045015574239e-01 9.592203075697338654e-01 9.832981166264377348e-01 9.832981165614702590e-01 9.592203068112478137e-01 8.692827041759679796e-01 6.537989157650364591e-01 3.296903190951170903e-01 1.001153971158141864e-01 2.097748176406816212e-02 3.356824197907993818e-03 4.378629419287993524e-04 4.861790673197015253e-05 4.736162716615132617e-06 4.137936473221663835e-07 3.296682561343722876e-08 2.426177628592986024e-09 1.666708998874915530e-10 1.078493296528835422e-11 6.634383891598460692e-13 3.930159405611194497e-14 2.299017391930231908e-15 1.402093483444490328e-16 9.809969874679231808e-18 8.588973440245440162e-19 9.224402160516261716e-20 1.093448806455028263e-20 0.000000000000000000e+00
0.000000000000000000e+00 1.299307132131386879e-21 2.786127763869882754e-20 5.800218935976016312e-19 1.170694583398524513e-17 2.289978944865360160e-16 4.314837364916365953e-15 7.828207952866165475e-14 1.358099243230860566e-12 2.246948877181331972e-11 3.519639766596012778e-10 5.188208414081610200e-09 7.132363749625905835e-08 9.050010770944011933e-07 1.045566057198864661e-05 1.080676967597340500e-04 9.756903677318221838e-04 7.439922919988769048e-03 4.555864061121053105e-02 2.064919234457824604e-01 5.988231516466148152e-01 8.560110076076175023e-01 9.592203075697335324e-01 9.900329028026666478e-01 9.969383127485703655e-01 9.969383130181022068e-01 9.900329041679467590e-01 9.592203079895219586e-01 8.560110085418963788e-01 5.988231528825289640e-01 2.064919238882287067e-01 4.555864050504972174e-02 7.439922122853930876e-03 9.756902773955007527e-04 1.080674765199360934e-04 1.045563647559668280e-05 9.049791274809947572e-07 7.132059713354348026e-08 5.186967429877650325e-09 3.517614861870788641e-10 2.241989749696108463e-11 1.349693036484110342e-12 7.673537851503024137e-14 4.066729583326955189e-15 1.901968436016550426e-16 6.023562901371121901e-18 -2.160302751142298835e-19 -7.854885758731866227e-20 -1.225326463164928609e-20 0.000000000000000000e+00
0.000000000000000000e+00 1.658587636442751296e-21 3.565213227331893162e-20 7.410235982216985187e-19 1.498326024829612746e-17 2.924876515845444958e-16 5.516816424236294519e-15 9.991172952640241228e-14 1.733071674684334230e-12 2.862696661822747006e-11 4.478669835946073549e-10 6.589062279257268546e-09 9.038478950037803058e-08 1.143713355397139877e-06 1.316960781302938648e-05 1.355554995303217961e-04 1.217451024735721320e-03 9.219207990628261809e-03 5.590249007417556759e-02 2.494380000560820487e-01 7.013588212078463169e-01 9.204232936868596004e-01 9.832981166264370687e-01 9.969383127485700324e-01 9.993422138178751357e-01 9.993422149430275514e-01 9.969383139694201201e-01 9.832981180314728231e-01 9.204232951284688768e-01 7.013588228212139786e-01 2.494380016657647414e-01 5.590249038819383731e-02 9.219208217887261622e-03 1.217451059170935766e-03 1.355554912998707532e-04 1.316960467376870483e-05 1.143710341519553157e-06 9.038386132408676591e-08 6.588784435122645735e-09 4.477898185525697780e-10 2.861055698856340762e-11 1.729352202855368460e-12 9.922552022878129581e-14 5.388910030475060154e-15 2.711976573124037755e-16 1.155664398197791092e-17 2.243441466839675930e-19 -3.885169576002189399e-20 -8.511505231006518518e-21 0.000000000000000000e+00
0.000000000000000000e+00 1.655910115294579969e-21 3.567765275360903909e-20 7.403938343020312383e-19 1.499551803492217329e-17 2.922874130341734987e-16 5.519578403101342692e-15 9.987954420841979596e-14 1.733387254972809082e-12 2.862438912052263620e-11 4.478841665070854417e-10 6.588972677323158536e-09 9.038511641025275389e-08 1.143712893078900511e-06 1.316960413244917420e-05 1.355555339332080976e-04 1.217450864051766246e-03 9.219208478747844757e-03 5.590248911771290852e-02 2.494380010676104931e-01 7.013588211169524689e-01 9.204232929417033304e-01 9.832981165614695929e-01 9.969383130181027619e-01 9.993422149430283286e-01 9.993422145885436647e-01 9.969383155488638071e-01 9.832981185754653408e-01 9.204232949822899190e-01 7.013588233254787196e-01 2.494380026582496135e-01 5.590249125829777066e-02 9.219208736775468330e-03 1.217451299929231661e-03 1.355555840346142486e-04 1.316963546005409954e-05 1.143719366822066549e-06 9.038623775874597421e-08 6.589353592142849287e-09 4.479150351990379561e-10 2.863606568217808141e-11 1.734196249018498381e-12 1.000878875392642683e-13 5.533546927706677926e-15 2.941508227725950836e-16 1.501634967718983091e-17 7.213290487585762562e-19 2.938132600325629077e-20 4.110617309095333643e-22 0.000000000000000000e+00
0.000000000000000000e+00 1.293503497861419420e-21 2.792761490159129230e-20 5.780186304289079934e-19 1.174904439094893801e-17 2.282681136516100671e-16 4.325559292797546257e-15 7.814744227929733321e-14 1.359547967456928322e-12 2.245613948072764511e-11 3.520689627466350514e-10 5.187508075559010120e-09 7.132756189743778439e-08 9.049828685625677537e-07 1.045572904846882430e-05 1.080674947571819134e-04 9.756908106609733311e-04 7.439922266997617446e-03 4.555864112378143344e-02 2.064919233396721732e-01 5.988231519864863905e-01 8.560110067783125443e-01 9.592203068112465925e-01 9.900329041679476472e-01 9.969383139694211193e-01 9.969383155488645842e-01 9.900329051335630126e-01 9.592203088556031654e-01 8.560110086372360039e-01 5.988231535352583901e-01 2.064919258006997216e-01 4.555864271051383863e-02 7.439923711927060035e-03 9.756911189147076096e-04 1.080678317171757834e-04 1.045576189188720502e-05 9.050173775726647361e-07 7.133090565801675572e-08 5.189464514355055484e-09 3.523123777215650206e-10 2.253175288726680095e-11 1.370775647857016820e-12 8.045035390398838282e-14 4.682407971639706423e-15 2.866552374606596323e-16 2.037289740146716003e-17 1.818666206820526721e-18 1.973409624728604743e-19 2.340979718015826970e-20 0.000000000000000000e+00
0.000000000000000000e+00 6.739669239299672692e-22 1.451146317221860966e-20 2.954974906077758445e-19 5.986497027635272388e-18 1.141502722438318092e-16 2.153130936887255222e-15 3.824514194686938983e-14 6.599596761482569078e-13 1.074521401639015076e-11 1.666662259411730964e-10 2.424896014640062596e-09 3.296933020353172868e-08 4.137661766077207061e-07 4.736225363707915688e-06 4.861762082076586083e-05 4.378634231159953438e-04 3.356823370147821780e-03 2.097748236977125744e-02 1.001153981491379463e-01 3.296903186055573642e-01 6.537989151355204642e-01 8.692827041759675355e-01 9.592203079895215145e-01 9.832981180314726011e-01 9.832981185754650078e-01 9.592203088556031654e-01 8.692827073683734307e-01 6.537989181881653789e-01 3.296903213463411308e-01 1.001153999044819692e-01 2.097748440843207052e-02 3.356826004279293754e-03 4.378638878028022268e-04 4.861830791434832338e-05 4.736306121036378737e-06 4.138380995448775988e-07 3.297903019529121819e-08 2.429193936693104935e-09 1.673505298164774229e-10 1.092597674013934511e-11 6.906254605983659570e-13 4.420316642384204116e-14 3.130477664408976698e-15 2.735857805988664629e-16 3.013117242040177213e-17 3.810864842020642456e-18 5.023961198702885633e-19 6.525483809922390462e-20 0.000000000000000000e+00
0.000000000000000000e+00 2.437666742266082563e-22 5.346643272036400970e-21 1.055702020869463381e-19 2.139083029636159392e-18 3.950249675218322067e-17 7.436736190314664112e-16 1.284273837052905707e-14 2.197762426209603369e-13 3.499886465080712959e-12 5.356253679331381294e-11 7.655169482553000217e-10 1.025739110126390656e-08 1.268977251670762008e-07 1.435839960117516066e-06 1.462221798066480562e-05 1.314843085259546928e-04 1.017407800948290017e-03 6.544681436763842217e-03 3.339772507795662343e-02 1.272594220856175795e-01 3.416203137368384879e-01 6.537989157650363481e-01 8.560110085418966008e-01 9.204232951284697650e-01 9.204232949822895860e-01 8.560110086372361149e-01 6.537989181881651568e-01 3.416203157190731976e-01 1.272594235829247467e-01 3.339772660365930568e-02 6.544684147301503725e-03 1.017410751758895428e-03 1.314851032078451893e-04 1.462300500825844327e-05 1.435976504685366117e-06 1.269827799699885794e-07 1.027211246962391494e-08 7.708609457430276358e-10 5.453570284606727881e-11 3.736823201744724703e-12 2.624633790525186767e-13 2.096842173823984121e-14 2.109363499787105162e-15 2.628304787228356099e-16 3.638201468444872290e-17 5.133282000062591753e-18 7.099834361510567820e-19 9.437510000703125275e-20 0.000000000000000000e+00
0.000000000000000000e+00 6.087252359804479451e-23 1.535831195528644216e-21 2.839467504354623892e-20 5.860605770389930605e-19 1.028497622307861939e-17 1.959938017954057456e-16 3.243292177844017009e-15 5.551808530815239201e-14 8.580078587971461568e-13 1.299771483107254484e-11 1.819651001584968605e-10 2.405139533375182281e-09 2.932777900370310430e-08 3.284411707660977884e-07 3.324841403229624140e-06 2.995018094026120366e-05 2.350666972787072149e-04 1.566539396427644223e-03 8.593340156661194093e-03 3.753643492798827697e-02 1.272594218321606574e-01 3.296903190951170903e-01 5.988231528825287420e-01 7.013588228212143116e-01 7.013588233254780535e-01 5.988231535352578350e-01 3.296903213463410198e-01 1.272594235829247744e-01 3.753643636024209251e-02 8.593342630985574895e-03 1.566542322359455730e-03 2.350692677055538462e-04 2.995107581624841591e-05 3.325485245477713365e-06 3.285846772450720097e-07 2.939815048471553161e-08 2.419391108337475370e-09 1.865402545787280888e-10 1.390064932627912916e-11 1.068113161757351135e-12 9.472112172611295816e-14 1.064510774028161816e-14 1.459636517733363421e-15 2.179603595939059973e-16 3.275299269611227506e-17 4.791572672153591753e-18 6.752866424474516334e-19 9.088529981229702702e-20 0.000000000000000000e+00
0.000000000000000000e+00 6.060813799037890646e-24 3.861900644757115490e-22 5.952817208748142025e-21 1.321700955654512303e-19 2.123034413367974374e-18 4.228800530626319255e-17 6.528108422684983127e-16 1.141491582680600679e-14 1.688189410707795682e-13 2.555182203335225835e-12 3.488869202703984557e-11 4.564337761917328691e-10 5.486581096291756996e-09 6.093998511055830072e-08 6.143676520436508578e-07 5.556300872045853543e-06 4.430358036909903753e-05 3.054869423344300466e-04 1.782041959743016664e-03 8.593339889744694773e-03 3.339772390488141007e-02 1.001153971158141448e-01 2.064919238882286512e-01 2.494380016657649080e-01 2.494380026582495580e-01 2.064919258006996383e-01 1.001153999044819692e-01 3.339772660365930568e-02 8.593342630985576630e-03 1.782044997863523137e-03 3.054895453471255192e-04 4.430543677944705287e-05 5.557028647218134443e-06 6.147858019945088772e-07 6.104839809261176964e-08 5.531881781049134055e-09 4.665675833780711497e-10 3.789145362931697094e-11 3.178712982267382270e-12 3.099756764571032719e-13 3.835754293131629247e-14 5.725400191434610090e-15 9.184309308119183696e-16 1.469644585813111295e-16 2.277030014884818559e-17 3.386409167488029402e-18 4.828326449946722714e-19 6.562673941177600503e-20 0.000000000000000000e+00
0.000000000000000000e+00 -4.738769480101161534e-24 1.024513999394432010e-22 9.155486452793729235e-22 2.622211502423224369e-20 3.542113554700555376e-19 7.900848263940432826e-18 1.078334660934602771e-16 2.013933686772716094e-15 2.769191737823229072e-14 4.272936479270287652e-13 5.634750206377995208e-12 7.344129243268595481e-11 8.691183613038982699e-10 9.594255118538234226e-09 9.638162507348057005e-08 8.752645274352805711e-07 7.075152416188585756e-06 5.012200071762166001e-05 3.054869911353356375e-04 1.566539187070586274e-03 6.544681225743253193e-03 2.097748176406815171e-02 4.555864050504970786e-02 5.590249038819384425e-02 5.590249125829774290e-02 4.555864271051381781e-02 2.097748440843207052e-02 6.544684147301508062e-03 1.566542322359457031e-03 3.054895453471256276e-04 5.012387715897068959e-05 7.076278751118006104e-06 8.757283050284726019e-07 9.660874460144679484e-08 9.658633050945122001e-09 8.931905761894754547e-10 7.917621074279962215e-11 7.243349997442309713e-12 7.724720678010841113e-13 1.044626868192801262e-13 1.689552080091989496e-14 2.908899856396368626e-15 4.962032830817194002e-16 8.157113575965589888e-17 1.282513577090211491e-17 1.927732656683413249e-18 2.774545326456796551e-19 3.805055777368676412e-20 0.000000000000000000e+00
0.000000000000000000e+00 -4.415832698393425770e-24 3.456270050835454606e-23 4.395402033720649529e-23 4.986134141594070299e-21 4.595005042169703329e-20 1.346861261927731518e-18 1.455602477515814713e-17 3.193327709764208176e-16 3.847633957400318988e-15 6.315782285719542584e-14 7.871208456372537295e-13 1.035186752089603364e-11 1.200524571274101175e-10 1.320388283289388568e-09 1.320411330141002534e-08 1.202220936355135698e-07 9.809302472289194741e-07 7.075182777551199204e-06 4.430383820539181337e-05 2.350669311835798178e-04 1.017408601036559742e-03 3.356824197907992084e-03 7.439922122853930009e-03 9.219208217887263357e-03 9.219208736775463126e-03 7.439923711927057433e-03 3.356826004279293754e-03 1.017410751758896295e-03 2.350692677055541985e-04 4.430543677944712063e-05 7.076278751118009492e-06 9.815091633484608181e-07 1.204649098157284371e-07 1.331023503196076684e-08 1.352056585727987770e-09 1.309957830684554661e-10 1.306383756454261550e-11 1.518877881140049880e-12 2.235615571736351007e-13 3.910336947715814230e-14 7.228228715055670456e-15 1.316347821965777261e-15 2.300292746207397321e-16 3.830993036692650341e-17 6.080974643525811049e-18 9.219255475305429360e-19 1.338244163225593841e-19 1.850884917386945232e-20 0.000000000000000000e+00
0.000000000000000000e+00 -2.538755140292695529e-24 1.421196721365165232e-23 -4.418355202528747401e-23 1.026147238271081550e-21 3.405930484809790739e-21 2.212662206601016940e-19 1.480286402196220102e-18 4.768905517023948243e-17 4.464335744587130180e-16 8.552976790515392196e-15 9.626179067654650353e-14 1.311505004316374520e-12 1.474302689761283901e-11 1.622179672518397960e-10 1.610724771768080720e-09 1.466932402968903874e-08 1.202097229585345511e-07 8.751999710931216401e-07 5.556233071595523937e-06 2.994978871623877784e-05 1.314839193212159697e-04 4.378629419287994608e-04 9.756902773955006443e-04 1.217451059170935549e-03 1.217451299929231227e-03 9.756911189147075012e-04 4.378638878028022811e-04 1.314851032078454061e-04 2.995107581624847351e-05 5.557028647218143760e-06 8.757283050284730255e-07 1.204649098157284106e-07 1.477699184260324388e-08 1.654141454552086047e-09 1.755563614076213439e-10 1.909917067597482678e-11 2.417698084596728724e-12 3.865498904299556596e-13 7.307376678394287033e-14 1.451484713180657598e-14 2.826516122797934160e-15 5.260183686966778484e-16 9.297163072157068783e-17 1.561308279433486812e-17 2.497318834255497202e-18 3.815531393590047195e-19 5.583038368453827641e-20 7.784677844574503409e-21 0.000000000000000000e+00
0.000000000000000000e+00 -1.191509846180300790e-24 6.008968381415320363e-24 -2.772849565691317609e-23 2.537565757393874975e-22 -4.806029019973477377e-22 3.701646768821867535e-20 6.250413897852716621e-20 7.037088543813278756e-18 3.941379742641157521e-17 1.103898046594568337e-15 1.024058397707385746e-14 1.529457366956054595e-13 1.628821237961735033e-12 1.807920036520186971e-11 1.774922656182617327e-10 1.612805903030633916e-09 1.321236756545148237e-08 9.639348900160038472e-08 6.144565556020010938e-07 3.324919881534392811e-06 1.462248351293762956e-05 4.861790673197016608e-05 1.080674765199360663e-04 1.355554912998706990e-04 1.355555840346141401e-04 1.080678317171757021e-04 4.861830791434834371e-05 1.462300500825847376e-05 3.325485245477720141e-06 6.147858019945101478e-07 9.660874460144691395e-08 1.331023503196077677e-08 1.654141454552086875e-09 1.932492084727724295e-10 2.299936378047682101e-11 3.172153211720098137e-12 5.507908463695256018e-13 1.125783391529768668e-13 2.405940849807192581e-14 5.018372826588665499e-15 9.964413586820110645e-16 1.872531711046037959e-16 3.332958575275476453e-17 5.634212841748252620e-18 9.073875569142343257e-19 1.396453196991666640e-19 2.059067968140439946e-20 2.893689866011383843e-21 0.000000000000000000e+00
0.000000000000000000e+00 -4.872424471812921592e-25 2.379376877475006123e-24 -1.192604090681835894e-23 7.415560743302700803e-23 -3.279175544333639178e-22 6.584079770430319804e-21 -1.969339471440184789e-20 1.066675121765772637e-18 1.355725047199800298e-18 1.419019355785587428e-16 9.043793165984172215e-16 1.685843914545576243e-14 1.626187906217946513e-13 1.852414672658280820e-12 1.787136909944284933e-11 1.615748596891280306e-10 1.318934043600636473e-09 9.582846796512831183e-09 6.093149813002847579e-08 3.283770164520633448e-07 1.435784227151700574e-06 4.736162716615135158e-06 1.045563647559667432e-05 1.316960467376869806e-05 1.316963546005407921e-05 1.045576189188719994e-05 4.736306121036379584e-06 1.435976504685369293e-06 3.285846772450727508e-07 6.104839809261194170e-08 9.658633050945145162e-09 1.352056585727990045e-09 1.755563614076215248e-10 2.299936378047683071e-11 3.468450783144951710e-12 6.552972581027931663e-13 1.450654699366897114e-13 3.342028881272848803e-14 7.481843118228577672e-15 1.588225184148910446e-15 3.179537479270161620e-16 6.009483656107999923e-17 1.075547802839155334e-17 1.828942331250370337e-18 2.964558609258879002e-19 4.594300118515068224e-20 6.824781958189182069e-21 9.664916137916098369e-22 0.000000000000000000e+00
0.000000000000000000e+00 -1.782485346117453517e-25 8.606726248806802710e-25 -4.381417120840864992e-24 2.311994908862277515e-23 -1.153919870758339582e-22 1.266786200788901834e-21 -7.704468852526207970e-21 1.685664896889303077e-19 -4.503951743863060953e-19 1.889201876908667197e-17 5.378190415279171693e-17 1.814062264823752030e-15 1.458768478485724807e-14 1.765412252439747339e-13 1.661353403249499800e-12 1.487262887569265952e-11 1.209741844609497132e-10 8.696919575169606208e-10 5.495450691728524227e-09 2.933229426689661939e-08 1.269215691925455723e-07 4.137936473221667012e-07 9.049791274809941219e-07 1.143710341519552522e-06 1.143719366822064643e-06 9.050173775726652655e-07 4.138380995448775459e-07 1.269827799699888441e-07 2.939815048471559778e-08 5.531881781049151426e-09 8.931905761894781431e-10 1.309957830684557763e-10 1.909917067597486232e-11 3.172153211720099348e-12 6.552972581027929644e-13 1.577056068697408700e-13 3.929119968453885401e-14 9.467435850248968274e-15 2.153959453122463022e-15 4.604134883553303096e-16 9.259688799845464036e-17 1.757980902855083569e-17 3.162092595087490954e-18 5.407426779913439371e-19 8.819872632173060103e-20 1.376168227971651556e-20 2.059210716859993851e-21 2.938263233637276556e-22 0.000000000000000000e+00
0.000000000000000000e+00 -5.921860530904136783e-26 2.843038625993966622e-25 -1.446294656930307060e-24 7.095701712388295983e-24 -3.453566511046371306e-23 2.611709190975029457e-22 -1.894226412663311099e-21 2.746326400824816826e-20 -1.516779550797633611e-19 2.648653688203441474e-18 -1.403993364319531277e-18 1.976020154079390333e-16 1.146801667967272797e-15 1.579331560480275956e-14 1.444071167095888932e-13 1.262082331767715243e-12 1.032212190005033355e-11 7.265820402677836464e-11 4.564278249733870397e-10 2.400941204938233260e-09 1.025490518354892550e-08 3.296682561343724861e-08 7.132059713354340085e-08 9.038386132408675268e-08 9.038623775874584186e-08 7.133090565801686160e-08 3.297903019529120495e-08 1.027211246962392652e-08 2.419391108337479092e-09 4.665675833780720803e-10 7.917621074279988064e-11 1.306383756454264135e-11 2.417698084596731955e-12 5.507908463695257027e-13 1.450654699366896104e-13 3.929119968453886032e-14 1.023291959023965822e-14 2.503850109148653650e-15 5.731218905713492613e-16 1.229624556287997772e-16 2.481952383362199375e-17 4.731803575644095948e-18 8.552745670058777544e-19 1.470730998302595015e-19 2.413696054610858880e-20 3.791480431648772811e-21 5.714425818169902426e-22 8.215601380152198332e-23 0.000000000000000000e+00
0.000000000000000000e+00 -1.805424453724450756e-26 8.626354220119427061e-26 -4.367836483069729157e-25 2.065755994110477499e-24 -9.550209925404310682e-24 5.626881674229739653e-23 -3.978971942398093744e-22 4.508462140953701854e-21 -3.244068205093271883e-20 3.861196724509086767e-19 -1.191305433600570135e-18 2.242197203433629370e-17 7.332839784100820587e-17 1.327513048760135870e-15 1.201501697658584303e-14 9.785956088647417750e-14 8.339192793897429323e-13 5.604993487693942677e-12 3.533644565360014777e-11 1.818953038811035824e-10 7.665164189557886314e-10 2.426177628592987265e-09 5.186967429877644535e-09 6.588784435122645735e-09 6.589353592142841843e-09 5.189464514355067892e-09 2.429193936693103694e-09 7.708609457430274290e-10 1.865402545787281405e-10 3.789145362931702264e-11 7.243349997442318599e-12 1.518877881140050082e-12 3.865498904299556091e-13 1.125783391529768037e-13 3.342028881272848172e-14 9.467435850248973007e-15 2.503850109148653650e-15 6.161955461874851866e-16 1.415026759881092167e-16 3.045193642907152114e-17 6.168597579758425974e-18 1.181058201094537735e-18 2.145371902265655442e-19 3.709899759586985822e-20 6.126317486253614575e-21 9.688402207577359085e-22 1.470856596936151977e-22 2.130910461071425588e-23 0.000000000000000000e+00
0.000000000000000000e+00 -5.091935013014641119e-27 2.419981417566538032e-26 -1.217910617046843428e-25 5.631439563325189363e-25 -2.482108677232972303e-24 1.229589330363835373e-23 -7.734108407841992278e-23 7.301164093007644947e-22 -5.817010193289368967e-21 5.686812663412071512e-20 -2.659921963605203839e-19 2.664470032162595934e-18 2.823982804410907196e-18 1.021061814148600286e-16 1.009324075706953730e-15 6.609997979370379438e-15 6.595985241200480192e-14 3.952868481012149051e-13 2.589428677438638958e-12 1.283572584623997530e-11 5.353742745394533138e-11 1.666708998874915272e-10 3.517614861870782955e-10 4.477898185525699331e-10 4.479150351990376459e-10 3.523123777215657961e-10 1.673505298164772937e-10 5.453570284606719480e-11 1.390064932627910815e-11 3.178712982267380654e-12 7.724720678010839093e-13 2.235615571736348988e-13 7.307376678394278198e-14 2.405940849807190057e-14 7.481843118228572939e-15 2.153959453122462627e-15 5.731218905713493599e-16 1.415026759881092167e-16 3.258729684045278855e-17 7.035688973961611490e-18 1.430719742097710114e-18 2.751694739351800488e-19 5.024196561847749204e-20 8.738156423729404167e-21 1.452100798395560074e-21 2.312228972437757303e-22 3.536530846077042725e-23 5.164439869441529280e-24 0.000000000000000000e+00
0.000000000000000000e+00 -1.337172557060662637e-27 6.313843538873852860e-27 -3.154472556062551604e-26 1.432873559551360394e-25 -6.064043627406462063e-25 2.648344501496288774e-24 -1.428935252085445311e-23 1.146117697759520952e-22 -9.356020215941877394e-22 8.223339297322366775e-21 -4.548068176806546041e-20 3.246501378564086304e-19 -1.159011985341413499e-19 6.308609053430427259e-18 9.487059800613609505e-17 3.084950033516416077e-16 5.459308169884433742e-15 2.421793984242767059e-14 1.844490366258404222e-13 8.434172511494270184e-13 3.525854027360582695e-12 1.078493296528835099e-11 2.241989749696104586e-11 2.861055698856342377e-11 2.863606568217809110e-11 2.253175288726684941e-11 1.092597674013933057e-11 3.736823201744714202e-12 1.068113161757347904e-12 3.099756764571025146e-13 1.044626868192799621e-13 3.910336947715809813e-14 1.451484713180655074e-14 5.018372826588660766e-15 1.588225184148908277e-15 4.604134883553298165e-16 1.229624556287998019e-16 3.045193642907150881e-17 7.035688973961609949e-18 1.524685303014284083e-18 3.113772808508169329e-19 6.017831906970063639e-20 1.104735313782420387e-20 1.932873802393441670e-21 3.233067087395667174e-22 5.184875500676850011e-23 7.992005199627452959e-24 1.176984681630259782e-24 0.000000000000000000e+00
0.000000000000000000e+00 -3.287144873453881470e-28 1.539710348645019035e-27 -7.623705375314663129e-27 3.402975057603951854e-26 -1.387513282655688363e-25 5.481916883615764785e-25 -2.507254661166983583e-24 1.706902481275018969e-23 -1.373322969124803296e-22 1.139927378905589222e-21 -6.765151970563289134e-21 3.914529412070609098e-20 -3.369898733460281202e-20 7.863702872429742044e-20 1.107213340723485983e-17 -1.073065485370855221e-17 5.219766864289825392e-16 1.000984054085463698e-15 1.347508002034327641e-14 5.071125678079526347e-14 2.211022875071339226e-13 6.634383891598456653e-13 1.349693036484107111e-12 1.729352202855368460e-12 1.734196249018501007e-12 1.370775647857019849e-12 6.906254605983642405e-13 2.624633790525176165e-13 9.472112172611255426e-14 3.835754293131618518e-14 1.689552080091985710e-14 7.228228715055660989e-15 2.826516122797931399e-15 9.964413586820104728e-16 3.179537479270159647e-16 9.259688799845466501e-17 2.481952383362199375e-17 6.168597579758422893e-18 1.430719742097709536e-18 3.113772808508167403e-19 6.389352167052650186e-20 1.241328959184384765e-20 2.291935388468217624e-21 4.035298306876595356e-22 6.796185867447840156e-23 1.098127671460095554e-23 1.706763212949622430e-24 2.536914719064422149e-25 0.000000000000000000e+00
0.000000000000000000e+00 -7.598282764458449167e-29 3.524004021635750986e-28 -1.725197886987099868e-27 7.548685184668963229e-27 -2.959830639695093214e-26 1.065462856925424074e-25 -4.072033475165244544e-25 2.309750670300166294e-24 -1.810074720603560656e-23 1.475390564999882245e-22 -9.039563033824841306e-22 4.486574548398554021e-21 -2.124291093966631512e-21 -7.614563744871903071e-20 1.580212485310961337e-18 -6.380337281712731253e-18 6.120494831969842481e-17 -4.105746079677283190e-17 1.106198005564988563e-15 2.586036290204362689e-15 1.339168839724046435e-14 3.930159405611191973e-14 7.673537851502998893e-14 9.922552022878129581e-14 1.000878875392646722e-13 8.045035390398863526e-14 4.420316642384189601e-14 2.096842173823972131e-14 1.064510774028156452e-14 5.725400191434594312e-15 2.908899856396363893e-15 1.316347821965776472e-15 5.260183686966774540e-16 1.872531711046036233e-16 6.009483656107998690e-17 1.757980902855083260e-17 4.731803575644097488e-18 1.181058201094537543e-18 2.751694739351800488e-19 6.017831906970062435e-20 1.241328959184384915e-20 2.425389829627654302e-21 4.505772706862529240e-22 7.986381426474990951e-23 1.354952816142768725e-23 2.207177851202026499e-24 3.461897287082257685e-25 5.199836712027630347e-26 0.000000000000000000e+00
0.000000000000000000e+00 -1.657656649005141085e-29 7.594971749827316341e-29 -3.664666444786668208e-28 1.564216053836334710e-27 -5.851468507164666964e-27 1.893696324988568721e-26 -5.728862868068726713e-26 2.510283416267266837e-25 -1.975246083086660469e-24 1.696147573026858995e-23 -1.074730722768367549e-22 4.628609391191273600e-22 4.771844010388438022e-22 -2.051344865851764771e-20 2.468288789861169656e-19 -1.349240919090595779e-18 8.379143431645814152e-18 -1.961395361623915450e-17 1.109503419695705765e-16 7.155999857480999051e-17 8.046479365620375268e-16 2.299017391930232303e-15 4.066729583326931523e-15 5.388910030475057787e-15 5.533546927706728413e-15 4.682407971639729300e-15 3.130477664408965654e-15 2.109363499787092540e-15 1.459636517733356913e-15 9.184309308119160030e-16 4.962032830817187099e-16 2.300292746207395842e-16 9.297163072157070015e-17 3.332958575275472138e-17 1.075547802839153947e-17 3.162092595087489028e-18 8.552745670058771766e-19 2.145371902265654479e-19 5.024196561847748602e-20 1.104735313782420236e-20 2.291935388468217624e-21 4.505772706862529240e-22 8.426362309489870075e-23 1.504402048987440297e-23 2.572830958009559731e-24 4.228922653839926998e-25 6.701642367652240491e-26 1.018975203000459849e-26 0.000000000000000000e+00
0.000000000000000000e+00 -3.423669958005496893e-30 1.545309691084361098e-29 -7.318134705476838630e-29 3.023832735062057919e-28 -1.061733114259968948e-27 2.947815227573410932e-27 -5.618926872973303920e-27 9.727185505175858486e-27 -1.157707890711319192e-25 1.481704063445857268e-24 -1.056620461222682418e-23 3.769950653592287053e-23 2.011376620202477803e-22 -3.970614240676000702e-21 3.868424727535882532e-20 -2.307993929165997057e-19 1.218561472513940893e-18 -3.806763526177051584e-18 1.341360713694790374e-17 -8.069292127646969685e-18 5.053615329571865804e-17 1.402093483444492054e-16 1.901968436016530704e-16 2.711976573124032825e-16 2.941508227726005070e-16 2.866552374606620481e-16 2.735857805988657727e-16 2.628304787228343280e-16 2.179603595939052577e-16 1.469644585813108337e-16 8.157113575965584957e-17 3.830993036692651574e-17 1.561308279433486504e-17 5.634212841748247228e-18 1.828942331250368411e-18 5.407426779913438408e-19 1.470730998302594292e-19 3.709899759586984618e-20 8.738156423729407176e-21 1.932873802393443175e-21 4.035298306876596296e-22 7.986381426474990951e-23 1.504402048987439709e-23 2.707341172068062384e-24 4.671599555848951105e-25 7.757660579411384573e-26 1.244219663999703417e-26 1.919823978875741647e-27 0.000000000000000000e+00
0.000000000000000000e+00 -6.710847899545964454e-31 2.973496746654382462e-30 -1.374206704560272779e-29 5.432040473150044760e-29 -1.735335912550418379e-28 3.604539087967985317e-28 1.868812176630896593e-28 -5.708152330823045812e-27 2.320875020739327045e-26 1.186470598315516723e-26 -5.788803471915473796e-25 9.257063872484313354e-25 4.754731125025391482e-23 -6.697252916286409828e-22 5.859934194409599864e-21 -3.569185464256360080e-20 1.767385568881269292e-19 -6.074714740695743695e-19 1.785282371929297280e-18 -2.198464405335897398e-18 3.595978450491335019e-18 9.809969874679251838e-18 6.023562901370959352e-18 1.155664398197785854e-17 1.501634967719035168e-17 2.037289740146740038e-17 3.013117242040171050e-17 3.638201468444858731e-17 3.275299269611221959e-17 2.277030014884817018e-17 1.282513577090211336e-17 6.080974643525814901e-18 2.497318834255496817e-18 9.073875569142337479e-19 2.964558609258877557e-19 8.819872632173054085e-20 2.413696054610858579e-20 6.126317486253616832e-21 1.452100798395560450e-21 3.233067087395667645e-22 6.796185867447841331e-23 1.354952816142768725e-23 2.572830958009560098e-24 4.671599555848952023e-25 8.143708554920677471e-26 1.368654457041645854e-26 2.226919989164741306e-27 3.498724948538934720e-28 0.000000000000000000e+00
0.000000000000000000e+00 -1.250678713712281968e-31 5.415637198227920594e-31 -2.423131603392791685e-30 8.990621942372854510e-30 -2.448533894562929238e-29 1.886302688013901079e-29 3.074792759865037574e-28 -2.531581145410012521e-27 1.211555137199142883e-26 -3.887546255294260647e-26 8.975523868645283112e-26 -5.658150773741249004e-25 9.223062545990302508e-24 -1.039715942013904411e-22 8.489196210844594532e-22 -5.162658636841620455e-21 2.487791873043801993e-20 -8.840038682295330171e-20 2.422525634030699976e-19 -3.605838892727564603e-19 3.087149436008544408e-19 8.588973440245466162e-19 -2.160302751142430039e-19 2.243441466839627300e-19 7.213290487586239229e-19 1.818666206820550988e-18 3.810864842020637063e-18 5.133282000062576345e-18 4.791572672153583279e-18 3.386409167488028246e-18 1.927732656683412864e-18 9.219255475305431286e-19 3.815531393590046233e-19 1.396453196991666399e-19 4.594300118515068224e-20 1.376168227971651255e-20 3.791480431648772811e-21 9.688402207577362847e-22 2.312228972437759184e-22 5.184875500676854125e-23 1.098127671460096435e-23 2.207177851202027601e-24 4.228922653839927916e-25 7.757660579411383425e-26 1.368654457041645280e-26 2.333556051349687151e-27 3.864218394083314448e-28 6.208657304586020397e-29 0.000000000000000000e+00
0.000000000000000000e+00 -2.217872572056350214e-32 9.330505189698138808e-32 -3.995478861873090153e-31 1.346428482476763752e-30 -2.628103772462041349e-30 -7.085095183545047237e-30 1.118578837048425577e-28 -7.408020167643439709e-28 3.560555322780087438e-27 -1.347776834073655336e-26 4.402175278069075184e-26 -1.913269129150644875e-25 1.621952402567237782e-24 -1.523182974140009983e-23 1.175749867049218777e-22 -7.082597828507303251e-22 3.368396693855810619e-21 -1.210545078527125780e-20 3.227110626760185897e-20 -5.103852352530160242e-20 3.131918082682315297e-20 9.224402160516299031e-20 -7.854885758731968542e-20 -3.885169576002233335e-20 2.938132600326052782e-20 1.973409624728628576e-19 5.023961198702879855e-19 7.099834361510548561e-19 6.752866424474506705e-19 4.828326449946721751e-19 2.774545326456795588e-19 1.338244163225593841e-19 5.583038368453830049e-20 2.059067968140442053e-20 6.824781958189186583e-21 2.059210716859993099e-21 5.714425818169902426e-22 1.470856596936151977e-22 3.536530846077042137e-23 7.992005199627454428e-24 1.706763212949624634e-24 3.461897287082259522e-25 6.701642367652240491e-26 1.244219663999703130e-26 2.226919989164740589e-27 3.864218394083313552e-28 6.538825233098932428e-29 1.079992305724569748e-29 0.000000000000000000e+00
0.000000000000000000e+00 -3.738940653272184208e-33 1.517401279413758665e-32 -6.094764122405472452e-32 1.734878583041544916e-31 -7.042852854714531830e-32 -3.463889633625162581e-30 3.121524815647714715e-29 -1.860463377490080324e-28 8.796807068920628927e-28 -3.461952653765790800e-27 1.199384940532716677e-26 -4.557399232667990134e-26 2.710876487874539567e-25 -2.130181279081686974e-24 1.552449026674823869e-23 -9.222751602585087557e-23 4.351693419952292880e-22 -1.569216929870324822e-21 4.135425886261454026e-21 -6.662223933566620891e-21 3.454026431712389437e-21 1.093448806455032626e-20 -1.225326463164937787e-20 -8.511505231006557639e-21 4.110617309098982847e-22 2.340979718015848335e-20 6.525483809922383240e-20 9.437510000703109627e-20 9.088529981229693072e-20 6.562673941177599299e-20 3.805055777368675208e-20 1.850884917386945533e-20 7.784677844574503409e-21 2.893689866011385724e-21 9.664916137916102130e-22 2.938263233637277026e-22 8.215601380152197157e-23 2.130910461071425588e-23 5.164439869441529280e-24 1.176984681630259415e-24 2.536914719064423527e-25 5.199836712027633791e-26 1.018975203000459993e-26 1.919823978875740929e-27 3.498724948538934720e-28 6.208657304586019276e-29 1.079992305724569748e-29 1.847713517114046512e-30 0.000000000000000000e+00
0.000000000000000000e+00 0.000000000000000000e+00 0.000000000000000000e+00 0.000000000000000000e+00 0.000000000000000000e+00 0.000000000000000000e+00 0.000000000000000000e+00 0.000000000000000000e+00 0.000000000000000000e+00 0.000000000000000000e+00 0.000000000000000000e+00 0.000000000000000000e+00 0.000000000000000000e+00 0.000000000000000000e+00 0.000000000000000000e+00 0.000000000000000000e+00 0.000000000000000000e+00 0.000000000000000000e+00 0.000000000000000000e+00 0.000000000000000000e+00 0.000000000000000000e+00 0.000000000000000000e+00 0.000000000000000000e+00 0.000000000000000000e+00 0.000000000000000000e+00 0.000000000000000000e+00 0.000000000000000000e+00 0.000000000000000000e+00 0.000000000000000000e+00 0.000000000000000000e+00 0.000000000000000000e+00 0.000000000000000000e+00 0.000000000000000000e+00 0.000000000000000000e+00 0.000000000000000000e+00 0.000000000000000000e+00 0.000000000000000000e+00 0.000000000000000000e+00 0.000000000000000000e+00 0.000000000000000000e+00 0.000000000000000000e+00 0.000000000000000000e+00 0.000000000000000000e+00 0.000000000000000000e+00 0.000000000000000000e+00 0.000000000000000000e+00 0.000000000000000000e+00 0.000000000000000000e+00 0.000000000000000000e+00 0.000000000000000000e+00
