0.000000000000000000e+00 0.000000000000000000e+00 0.000000000000000000e+00 0.000000000000000000e+00 0.000000000000000000e+00 0.000000000000000000e+00 0.000000000000000000e+00 0.000000000000000000e+00 0.000000000000000000e+00 0.000000000000000000e+00 0.000000000000000000e+00 0.000000000000000000e+00 0.000000000000000000e+00 0.000000000000000000e+00 0.000000000000000000e+00 0.000000000000000000e+00 0.000000000000000000e+00 0.000000000000000000e+00 0.000000000000000000e+00 0.000000000000000000e+00 0.000000000000000000e+00 0.000000000000000000e+00 0.000000000000000000e+00 0.000000000000000000e+00 0.000000000000000000e+00 0.000000000000000000e+00 0.000000000000000000e+00 0.000000000000000000e+00 0.000000000000000000e+00 0.000000000000000000e+00 0.000000000000000000e+00 0.000000000000000000e+00 0.000000000000000000e+00 0.000000000000000000e+00 0.000000000000000000e+00 0.000000000000000000e+00 0.000000000000000000e+00 0.000000000000000000e+00 0.000000000000000000e+00 0.000000000000000000e+00 0.000000000000000000e+00 0.000000000000000000e+00 0.000000000000000000e+00 0.000000000000000000e+00 0.000000000000000000e+00 0.000000000000000000e+00 0.000000000000000000e+00 0.000000000000000000e+00 0.000000000000000000e+00 0.000000000000000000e+00
0.000000000000000000e+00 -6.092564595371499297e-34 2.467271613700082447e-33 -1.064278391833951517e-32 4.438784100943667836e-32 -1.880034799893866666e-31 8.535738502882831120e-31 -4.272073007647064983e-30 2.286809735449599922e-29 -1.227036672688178568e-28 6.251203616215850667e-28 -2.906150445769598686e-27 1.215446007923170255e-26 -4.404242879802662943e-26 1.430845840283603937e-25 -3.517528619170803133e-25 9.792378161030403799e-25 -2.787224064171940140e-25 7.822186975570601992e-24 3.147566198869203881e-23 1.349221098188465502e-22 4.743090552560323136e-22 1.249311217190559205e-21 2.359630586507497157e-21 3.012273522993077420e-21 3.010097231176465633e-21 2.355113719291480811e-21 1.244572641959059987e-21 4.640860688543444559e-22 1.266630658618435219e-22 2.237830437686277211e-23 -1.064268110468696383e-24 -3.558400937403750767e-24 -2.303886289270365837e-24 -1.116876698985501063e-24 -4.626789896591694556e-25 -1.705620485635292148e-25 -5.701358978633894770e-26 -1.748203614548468324e-26 -4.958742448179754881e-27 -1.309760634429708473e-27 -3.238966352608941615e-28 -7.533112629238010009e-29 -1.653999751350564687e-29 -3.439156581820894918e-30 -6.789356685301763874e-31 -1.274988480089435159e-31 -2.279724104766574299e-32 -3.875686753560310205e-33 0.000000000000000000e+00
0.000000000000000000e+00 2.467271613700081420e-33 -1.003630447698043842e-32 4.432360895008158274e-32 -1.980952516488057927e-31 9.514096379670193680e-31 -5.044814493809505043e-30 2.867746341688141776e-29 -1.640747810524755104e-28 8.965131592129123869e-28 -4.501876320590565058e-27 2.052548041814930068e-26 -8.197124563088082184e-26 2.980484558626428093e-25 -8.402297286952209410e-25 2.709440573079017447e-24 -1.714028719772038597e-24 2.832300976242152645e-23 1.145674973929230085e-22 6.330621804969889278e-22 2.749560241029109926e-21 9.617011824853131211e-21 2.588427567526689141e-20 4.934121255410169651e-20 6.306293911349507057e-20 6.307837738256574438e-20 4.937632730986735571e-20 2.591875727968396272e-20 9.671315515698705202e-21 2.787848930762091061e-21 6.768045412059573894e-22 1.576393971351995590e-22 4.280972745211008489e-23 1.491260430687117681e-23 5.884853566388742868e-24 2.286116978093335339e-24 8.253915412805920303e-25 2.735885655231124601e-25 8.343461747172987422e-26 2.353883660682326606e-26 6.178066418712690006e-27 1.516006956949765497e-27 3.492530934134004819e-28 7.579619630757367816e-29 1.553753769275413881e-29 3.014256224657464385e-30 5.540043892551790354e-31 9.644377382559885138e-32 1.587221301646868726e-32 0.000000000000000000e+00
0.000000000000000000e+00 -1.064278391833947138e-32 4.432360895008168127e-32 -2.097824969667360116e-31 1.061303348255713742e-30 -5.935207950988726000e-30 3.566785545762751109e-29 -2.166333585288004655e-28 1.263246883350336909e-27 -6.812887961946656918e-27 3.359860031618036862e-26 -1.465739922740448010e-25 5.872542502428952581e-25 -1.871783273083100458e-24 6.718341170276949366e-24 -6.995897992924046942e-24 8.520278551631974260e-23 3.370332035620469130e-22 2.346815932239465754e-21 1.206381823285862828e-20 5.327326074382887794e-20 1.905448010821140681e-19 5.197948290356685273e-19 1.000676746200286769e-18 1.278403813353116129e-18 1.277976315161427151e-18 9.993700777368502437e-19 5.183860186374746055e-19 1.894890475892197191e-19 5.262827914717989695e-20 1.164610133795501667e-20 2.055820948656605375e-21 2.474988870002132855e-22 -9.958985836676183761e-24 -2.187263140352347099e-23 -1.082084686346060588e-23 -4.146414110198469733e-24 -1.393323428055908246e-24 -4.251740402808055300e-25 -1.195001272424657437e-25 -3.117616253233143993e-26 -7.589107728344477891e-27 -1.730335216289295773e-27 -3.705488778499130130e-28 -7.466358314347987310e-29 -1.416461584175619146e-29 -2.528032565909955544e-30 -4.231242160386781545e-31 -6.583035234029517293e-32 0.000000000000000000e+00
0.000000000000000000e+00 4.438784100943699585e-32 -1.980952516488039973e-31 1.061303348255715144e-30 -6.254876675448641052e-30 3.968160381264660521e-29 -2.551264892082970375e-28 1.581019083493590557e-27 -9.106501700884872083e-27 4.823889348215388003e-26 -2.277856940873224195e-25 9.948842127431125076e-25 -3.520186734583304524e-24 1.391139886229738895e-23 -1.938606375474695692e-23 2.121186585355323659e-22 8.258054312234988958e-22 7.065601305992460220e-21 4.171557641953567636e-20 2.236817099208233659e-19 1.005023765896598804e-18 3.654236547829640547e-18 1.011344663473910361e-17 1.967490251869217269e-17 2.515445377810208384e-17 2.516329007375533097e-17 1.970429218025519914e-17 1.014571291182913187e-17 3.675556943683403434e-18 1.018170860123174624e-18 2.298876667696453815e-19 4.463699883654080209e-20 7.932366620348026548e-21 1.424673908491255171e-21 2.967435513294009064e-22 7.680558627827668680e-23 2.280607062790197703e-23 6.931829049468083533e-24 2.025817146990931480e-24 5.564109300472954255e-25 1.427590480253107148e-25 3.419986146646866908e-26 7.656679299005574907e-27 1.602852996698468135e-27 3.135395613117691141e-28 5.714855396886678983e-29 9.641802256425509375e-30 1.484894361340959627e-30 2.010308763456829548e-31 0.000000000000000000e+00
0.000000000000000000e+00 -1.880034799893830101e-31 9.514096379670218203e-31 -5.935207950988681158e-30 3.968160381264631374e-29 -2.693857636182388742e-28 1.767824695705988906e-27 -1.082533359558241411e-26 6.125005487192257401e-26 -3.108241387818139747e-25 1.467557318256413905e-24 -5.688765758080401245e-24 2.452536138422976162e-23 -4.188010491890602561e-23 4.441385389711845378e-22 1.716168324304622204e-21 1.761390259730487565e-20 1.169391658040751275e-19 7.388535451340728621e-19 4.001069701789668625e-18 1.832055493672901031e-17 6.766165482317634421e-17 1.904202910316518485e-16 3.742995142774851334e-16 4.781073632723650094e-16 4.779556629986043395e-16 3.737652049711769777e-16 1.898296713960065969e-16 6.727784513045598550e-17 1.807380464032330370e-17 3.895909750697405103e-18 6.968522951307905823e-19 1.042515345488140639e-19 1.242988719289767911e-20 8.324718783441531480e-22 -1.421301231676144592e-22 -8.909531930743124531e-23 -3.078412032620709922e-23 -9.029508114126973807e-24 -2.419916350073421685e-24 -6.029398332504196424e-25 -1.400869637078783795e-25 -3.031073580895402212e-26 -6.084477476849219837e-27 -1.124830081373438556e-27 -1.887314245580812514e-28 -2.783388839158234033e-29 -3.311736969956885776e-30 -2.016935672643933645e-31 0.000000000000000000e+00
0.000000000000000000e+00 8.535738502882829368e-31 -5.044814493809361410e-30 3.566785545762672637e-29 -2.551264892082916117e-28 1.767824695705969175e-27 -1.146518842468360755e-26 6.896939598477705626e-26 -3.739432678258518479e-25 1.895859718358764774e-24 -7.969405860667235140e-24 3.720850676997542373e-23 -7.403883036493987857e-23 7.914131414703242939e-22 3.068130207191808280e-21 3.691438025812921958e-20 2.714107953932020267e-19 1.973626310798495590e-18 1.249236023925600839e-17 6.908307301356761060e-17 3.211596754594205962e-16 1.209564541416325057e-15 3.452543473841226099e-15 6.860517580434678277e-15 8.766193525882680053e-15 8.768379957083462817e-15 6.868679009712930756e-15 3.461596374552418806e-15 1.215490643068052465e-15 3.251472556420880773e-16 7.071600090632282276e-17 1.312801548612623616e-17 2.168446180471912662e-18 3.325514267898300912e-19 4.982745227554826048e-20 7.754855668927927367e-21 1.327121205560663429e-21 2.553553386789090997e-22 5.386143266079690702e-23 1.185380406838700362e-23 2.600231933584836125e-24 5.498233063455892182e-25 1.093211109143449828e-25 1.995528495669410482e-26 3.228200167469986546e-27 4.270421817421067122e-28 3.312330512458629602e-29 -4.283299533068594635e-30 -2.948021630366811622e-30 0.000000000000000000e+00
0.000000000000000000e+00 -4.272073007646963389e-30 2.867746341688031914e-29 -2.166333585287913179e-28 1.581019083493539438e-27 -1.082533359558213573e-26 6.896939598477627566e-26 -3.976073587906260214e-25 2.152883626648905341e-24 -9.734548924842354219e-24 4.893942544473121692e-23 -1.097865114558952456e-22 1.211183524012089684e-21 4.769901251931071310e-21 6.581847335829993524e-20 5.299618642258720896e-19 4.352718609895839247e-18 3.146508585199112642e-17 2.036982296302524232e-16 1.142226859661926163e-15 5.420808564341149766e-15 2.071984603651986276e-14 6.016495357576049793e-14 1.208782239414764946e-13 1.542892528881989912e-13 1.542627221864144893e-13 1.207722668657567013e-13 6.004719020853127330e-14 2.064164436181375362e-14 5.365706561218536877e-15 1.120333071677975227e-15 1.950124760905387548e-16 2.880151379063288116e-17 3.581277264354335184e-18 3.501687217726180407e-19 1.793380098820887303e-20 -2.871328265717056213e-21 -1.272257476434437165e-21 -3.174538519508253606e-22 -6.710683518155432809e-23 -1.307839884530935982e-23 -2.391843218645284814e-24 -4.038276485903687930e-25 -5.960675845517589213e-26 -6.501041661526853738e-27 -3.781577533075565117e-29 2.596088165566698277e-28 1.028780205357943636e-28 2.967666814510777915e-29 0.000000000000000000e+00
0.000000000000000000e+00 2.286809735449432047e-29 -1.640747810524661161e-28 1.263246883350264086e-27 -9.106501700884356943e-27 6.125005487192073730e-26 -3.739432678258424347e-25 2.152883626648889178e-24 -1.040216053516435307e-23 5.606344043587305170e-23 -1.384134606646848583e-22 1.602643941665606871e-21 6.500731429222968416e-21 1.007631652440870779e-19 8.812368232144881343e-19 8.051935281668517141e-18 6.529566790105318604e-17 4.832480537562194472e-16 3.166948422787601139e-15 1.812890779402241771e-14 8.724869622783517341e-14 3.400966904961992775e-13 1.002325966810775550e-12 2.036249395994195715e-12 2.598064222309512212e-12 2.598334702948915225e-12 2.037423205696331069e-12 1.003631658500099876e-12 3.409794662420407110e-13 8.790033043467665948e-14 1.837905233043965260e-14 3.269872434770045840e-15 5.144535603209731623e-16 7.421560950054720341e-17 1.020473595840810558e-17 1.394009699746694664e-18 1.961130903563955185e-19 2.890410114269628531e-20 4.433198284550140925e-21 6.925785917722280556e-22 1.074175657430085462e-22 1.605487443645115776e-23 2.203259628405558380e-24 2.458811047924037942e-25 1.093032483611870254e-26 -5.227705481558251670e-27 -2.423963515331693395e-27 -7.226684048412402932e-28 -1.836542047190476952e-28 0.000000000000000000e+00
0.000000000000000000e+00 -1.227036672688098077e-28 8.965131592128282641e-28 -6.812887961946163302e-27 4.823889348215101017e-26 -3.108241387817988678e-25 1.895859718358732815e-24 -9.734548924842333648e-24 5.606344043587358067e-23 -1.494183236633611704e-22 1.841540109554199494e-21 7.810348457596430267e-21 1.333490557671259049e-19 1.259221899384391735e-18 1.264352031637667201e-17 1.134256283947133425e-16 9.422079191625769755e-16 7.046144688483454838e-15 4.710857861765436414e-14 2.730542918188812646e-13 1.340737140753116934e-12 5.305826970075812081e-12 1.589908679923420284e-11 3.266881496563178583e-11 4.162950544635948744e-11 4.162720623149980566e-11 3.265771680920252697e-11 1.588674720456174188e-11 5.297305410101669331e-12 1.334143116134030197e-12 2.706313739847542560e-13 4.606069990065398938e-14 6.735975819858403625e-15 8.525086328732604552e-16 9.160690131033912203e-17 7.622437957829089437e-18 2.685072515416810946e-19 -7.104582216489456234e-20 -2.342239135061429491e-20 -4.801350740130933364e-21 -8.211156676005924996e-22 -1.247163193428756414e-22 -1.679812089679759471e-23 -1.858495517910048690e-24 -1.082930606425120304e-25 2.325137847720328832e-26 1.206340824045429428e-26 3.567006358480928817e-27 8.866626355482867702e-28 0.000000000000000000e+00
0.000000000000000000e+00 6.251203616215159211e-28 -4.501876320590120230e-27 3.359860031617722899e-26 -2.277856940873073126e-25 1.467557318256354763e-24 -7.969405860667180773e-24 4.893942544473201626e-23 -1.384134606646930162e-22 1.841540109554239367e-21 8.300033975118229125e-21 1.532323972585335047e-19 1.556036343153910206e-18 1.699965627525560599e-17 1.668915094886858370e-16 1.533952726280621914e-15 1.285281383421303472e-14 9.795359755592590975e-14 6.618447614504783055e-13 3.910841630550046326e-12 1.946827677355680861e-11 7.844200072633657523e-11 2.386589147873053497e-10 4.958991708991928245e-10 6.311721516445595132e-10 6.311881857664858726e-10 4.959884769916687185e-10 2.387580010478055989e-10 7.851214972641113285e-11 1.952522402152825287e-11 3.930611754359760180e-12 6.709771325278666114e-13 1.005493630093513647e-13 1.362451852832270997e-14 1.720109208325828903e-15 2.094412041315000240e-16 2.556578797753738260e-17 3.235978398945530272e-18 4.305182862123476022e-19 5.945687753355724431e-20 8.288126262411433894e-21 1.130333263920721125e-21 1.457899571949177902e-22 1.683354723351143878e-23 1.487263701211711562e-24 1.463882112030900030e-26 -3.871869931945492157e-26 -1.361077747867907057e-26 -3.524755802583609206e-27 0.000000000000000000e+00
0.000000000000000000e+00 -2.906150445769256456e-27 2.052548041814674937e-26 -1.465739922740320129e-25 9.948842127430469371e-25 -5.688765758080335858e-24 3.720850676997595270e-23 -1.097865114559106446e-22 1.602643941665690190e-21 7.810348457595989409e-21 1.532323972585347807e-19 1.669083010545647676e-18 1.968364823012681782e-17 2.097204819644496736e-16 2.109452315850075297e-15 1.952765060731374402e-14 1.665481903830753413e-13 1.280163774017739813e-12 8.804531600043998861e-12 5.262417644754135467e-11 2.664944863819087656e-10 1.089900366421571924e-09 3.367662678730565491e-09 7.075952642256402224e-09 8.990499611832291129e-09 8.990410849500612080e-09 7.075344564602468640e-09 3.366990990121324480e-09 1.089410711078758418e-09 2.660770695746812570e-10 5.248971045623971130e-11 8.736690049685239231e-12 1.262089049661811149e-12 1.609128699678097482e-13 1.820324464337193259e-14 1.804685644288666116e-15 1.483869697556429238e-16 7.930325816896518179e-18 -3.208080778655162702e-19 -1.894085828834649099e-19 -3.926858367183968418e-20 -6.337735071836995988e-21 -8.873975377634100590e-22 -1.093136558003776011e-22 -1.118838264498883577e-23 -6.878913837432098884e-25 7.584581886117350854e-26 4.298133185083561559e-26 1.208867195158084954e-26 0.000000000000000000e+00
0.000000000000000000e+00 1.215446007923003947e-26 -8.197124563087084621e-26 5.872542502428431874e-25 -3.520186734583187709e-24 2.452536138423009957e-23 -7.403883036495380818e-23 1.211183524012178458e-21 6.500731429222232651e-21 1.333490557671289623e-19 1.556036343153901924e-18 1.968364823012683323e-17 2.261891890258560614e-16 2.469009149055890890e-15 2.498723566797659715e-14 2.352127091567098064e-13 2.019557942028600142e-12 1.577249497246073406e-11 1.094255794949496888e-10 6.638964404061173655e-10 3.404303126023116212e-09 1.413446806204432926e-08 4.429979374592065548e-08 9.407260195034564176e-08 1.192826921293628335e-07 1.192830530398642330e-07 9.407607236836120652e-08 4.430359745150906440e-08 1.413733941476864326e-08 3.406876501084176371e-09 6.646454081626567042e-10 1.098524154854554660e-10 1.587506722417598527e-11 2.054240476964842954e-12 2.429254341633547995e-13 2.680071173643117875e-14 2.826355252273635284e-15 2.935474603177856847e-16 3.100579445038877099e-17 3.407980119521389290e-18 3.901170616444218947e-19 4.545842907475577014e-20 5.193943852052775211e-21 5.534129726455876920e-22 4.998692580414698115e-23 2.571215654365874798e-24 -3.595693734184554100e-25 -1.685811031132765463e-25 -4.369853528980137509e-26 0.000000000000000000e+00
0.000000000000000000e+00 -4.404242879801997135e-26 2.980484558626113556e-25 -1.871783273082972991e-24 1.391139886229762993e-23 -4.188010491891380738e-23 7.914131414704063905e-22 4.769901251930388206e-21 1.007631652440907974e-19 1.259221899384377290e-18 1.699965627525565838e-17 2.097204819644497229e-16 2.469009149055891284e-15 2.710729342300273486e-14 2.787973183851488280e-13 2.638609533174032338e-12 2.298192761607130406e-11 1.805751672978220306e-10 1.268114885903391682e-09 7.762436333367520015e-09 4.028965691118272446e-08 1.693529075152522342e-07 5.377073428654874742e-07 1.153113152506373322e-06 1.458362453647975700e-06 1.458361644282231033e-06 1.153096786284308313e-06 5.376896357687097614e-07 1.693389621459486733e-07 4.027649630218017729e-08 7.759123453593039984e-09 1.265861634746587796e-09 1.801189069656729253e-10 2.280348872476842323e-11 2.603170688615775463e-12 2.700215772297415716e-13 2.548170064687643954e-14 2.169064396697635950e-15 1.619955676376946887e-16 9.827837889537973094e-18 3.611424640964341377e-19 -1.149771383928051252e-20 -2.795782023441068372e-21 8.096087585967170390e-23 1.244239312710515711e-22 3.585765973531281941e-23 7.656261117670388334e-24 1.433311029239093727e-24 2.512510498834947079e-25 0.000000000000000000e+00
0.000000000000000000e+00 1.430845840283431975e-25 -8.402297286951333299e-25 6.718341170277049283e-24 -1.938606375475020129e-23 4.441385389712466980e-22 3.068130207191364413e-21 6.581847335830377507e-20 8.812368232144748454e-19 1.264352031637677370e-17 1.668915094886858863e-16 2.109452315850077664e-15 2.498723566797657506e-14 2.787973183851489794e-13 2.881587753510587999e-12 2.763872954863961045e-11 2.417177851488490583e-10 1.917405704712760390e-09 1.353238462152403712e-08 8.347854797130070142e-08 4.365751068542632643e-07 1.852882829114663218e-06 5.945321702365702891e-06 1.285599517139334916e-05 1.620761027781601328e-05 1.620760869893303691e-05 1.285605759648298110e-05 5.945387802223615298e-06 1.852937719914668745e-06 4.366297870072005554e-07 8.348950105308316264e-08 1.354223528318597612e-08 1.918860428168118145e-09 2.424783900218391065e-10 2.775646455307814187e-11 2.914972474982402483e-12 2.839536109236893363e-13 2.589657897587132549e-14 2.222885551632800601e-15 1.782521474546049206e-16 1.271362705144299764e-17 6.368361748582978302e-19 -2.305751017095916211e-20 -1.486974850767991113e-20 -3.316781920181492058e-21 -5.913407619829078868e-22 -9.469009095286953874e-23 -1.418328553641828390e-23 -2.021035222041808443e-24 0.000000000000000000e+00
0.000000000000000000e+00 -3.517528619170383445e-25 2.709440573079012304e-24 -6.995897992925517780e-24 2.121186585355653268e-22 1.716168324304354003e-21 3.691438025813209042e-20 5.299618642258611118e-19 8.051935281668624993e-18 1.134256283947134411e-16 1.533952726280624675e-15 1.952765060731373139e-14 2.352127091567101094e-13 2.638609533174029107e-12 2.763872954863962661e-11 2.659924517562003768e-10 2.344721072106118632e-09 1.863434658940643151e-08 1.319457709282271650e-07 8.151822609739375048e-07 4.275889182033662723e-06 1.823225465726038139e-05 5.889568033096586371e-05 1.280902736575449772e-04 1.608391937023108333e-04 1.608392190261038904e-04 1.280900873574363635e-04 5.889549036316011585e-05 1.823208549518245080e-05 4.275710553395323879e-06 8.151592146471650505e-07 1.319107317297408798e-07 1.863198895570893586e-08 2.342055690812332832e-09 2.657930138809810292e-10 2.754529011345774360e-11 2.632590351377235115e-12 2.344341276653826278e-13 1.975295138928127966e-14 1.625365842314766369e-15 1.397300513764213402e-16 1.393568601293974977e-17 1.717596034946033354e-18 2.473639533560539873e-19 3.761332050022342458e-20 5.664474629031452916e-21 8.237350683684434586e-22 1.149276171428431906e-22 1.530080537273073624e-23 0.000000000000000000e+00
0.000000000000000000e+00 9.792378161030122783e-25 -1.714028719772852260e-24 8.520278551633149754e-23 8.258054312233407212e-22 1.761390259730634117e-20 2.714107953931926378e-19 4.352718609895914743e-18 6.529566790105309976e-17 9.422079191625795393e-16 1.285281383421302210e-14 1.665481903830756694e-13 2.019557942028596911e-12 2.298192761607131699e-11 2.417177851488491100e-10 2.344721072106118219e-09 2.068310991570726410e-08 1.644420533859424277e-07 1.160016588622025360e-06 7.132466524139054870e-06 3.722184115442729504e-05 1.582527566954712041e-04 5.113806995252042275e-04 1.113696625728448613e-03 1.391268147571931646e-03 1.391268015700638898e-03 1.113697037374719503e-03 5.113810890681556171e-04 1.582531408381369063e-04 3.722227489560391022e-05 7.132474872038741818e-06 1.160115672666241611e-06 1.644367970803285649e-07 2.069077525104499227e-08 2.344204280264603777e-09 2.418772234323975521e-10 2.293274451857884456e-11 2.009115746518195455e-12 1.623997564594544654e-13 1.185962659908755498e-14 7.153191860178972071e-16 1.977377354448778159e-17 -4.126133853149751789e-18 -1.182843800338809029e-18 -2.187040815170957266e-19 -3.490491676591673409e-20 -5.134835413528108983e-21 -7.125628483322794145e-22 -9.361540187214797855e-23 0.000000000000000000e+00
0.000000000000000000e+00 -2.787224064175406012e-25 2.832300976242512934e-23 3.370332035619738913e-22 7.065601305993007906e-21 1.169391658040694701e-19 1.973626310798529101e-18 3.146508585199104014e-17 4.832480537562204332e-16 7.046144688483452471e-15 9.795359755592604859e-14 1.280163774017737591e-12 1.577249497246074052e-11 1.805751672978220047e-10 1.917405704712761217e-09 1.863434658940642489e-08 1.644420533859424806e-07 1.299743783219671353e-06 9.075620791271997220e-06 5.497852780735604299e-05 2.821056188059383992e-04 1.181080184254895780e-03 3.776638340164371194e-03 8.171913594389786789e-03 1.013863247574104537e-02 1.013863289812677419e-02 8.171912988231215536e-03 3.776637868710292726e-03 1.181079620533673951e-03 2.821049219277413779e-04 5.497865990102834030e-05 9.075404391818342998e-06 1.299795082359026541e-06 1.644237769153644966e-07 1.863986655916748702e-08 1.917411383426528112e-09 1.809813421221185260e-10 1.584934627329722325e-11 1.305588401745712559e-12 1.035063863957290308e-13 8.262969626052580567e-15 7.195178045605575441e-16 7.450418398445883002e-17 9.269810362622646740e-18 1.284903640610208160e-18 1.832442141400716946e-19 2.573533007234447160e-20 3.497468419771621288e-21 4.543996461104500964e-22 0.000000000000000000e+00
0.000000000000000000e+00 7.822186975572039034e-24 1.145674973929001569e-22 2.346815932239639915e-21 4.171557641953350969e-20 7.388535451340831658e-19 1.249236023925595446e-17 2.036982296302524972e-16 3.166948422787603112e-15 4.710857861765436414e-14 6.618447614504779016e-13 8.804531600044000477e-12 1.094255794949496500e-10 1.268114885903391269e-09 1.353238462152404374e-08 1.319457709282271121e-07 1.160016588622025572e-06 9.075620791271995526e-06 6.217192008327275250e-05 3.662123561260795636e-04 1.814249113673578563e-03 7.324142354813430005e-03 2.272716463948023027e-02 4.814559483116961913e-02 5.914611333241067553e-02 5.914611247651159476e-02 4.814559528958024803e-02 2.272716471472874949e-02 7.324142679141910743e-03 1.814249617376069521e-03 3.662118934006224373e-04 6.217227339113225648e-05 9.075437560526725161e-06 1.160053198444346041e-06 1.319225044192024655e-07 1.353140079597921491e-08 1.266359337911395542e-09 1.091153446724379136e-10 8.701741807006992308e-12 6.404430074034924227e-13 4.241988283156847757e-14 2.270953611006499832e-15 4.136700453944682973e-17 -1.488744119972492858e-17 -3.622026765914516210e-18 -6.152599568393962918e-19 -9.192598692314786654e-20 -1.277488981046374983e-20 -1.672662976519932933e-21 0.000000000000000000e+00
0.000000000000000000e+00 3.147566198868696655e-23 6.330621804970440349e-22 1.206381823285816485e-20 2.236817099208259178e-19 4.001069701789662462e-18 6.908307301356749967e-17 1.142226859661928332e-15 1.812890779402239878e-14 2.730542918188814666e-13 3.910841630550043903e-12 5.262417644754137406e-11 6.638964404061170553e-10 7.762436333367524979e-09 8.347854797130068818e-08 8.151822609739381401e-07 7.132466524139054870e-06 5.497852780735605654e-05 3.662123561260797805e-04 2.062598780394894662e-03 9.601498837213525914e-03 3.603810100027313168e-02 1.045353487984248403e-01 2.102820537495735664e-01 2.542487927376408385e-01 2.542487936627061962e-01 2.102820536977065835e-01 1.045353493790780880e-01 3.603810137789793810e-02 9.601499198139193739e-03 2.062599400228705242e-03 3.662119410679319899e-04 5.497891175839812522e-05 7.132407807424523324e-06 8.152444067453960689e-07 8.348186772084684920e-08 7.767524874455189874e-09 6.647297978686289212e-10 5.291681252750305259e-11 3.968924115356196460e-12 2.860145689558444023e-13 2.056641811845239272e-14 1.584160711899331092e-15 1.432625040691115444e-16 1.578368989875591404e-17 1.995008879247374521e-18 2.654881905851295956e-19 3.524784926503745178e-20 4.530687786108726398e-21 0.000000000000000000e+00
0.000000000000000000e+00 1.349221098188592220e-22 2.749560241029021905e-21 5.327326074382936544e-20 1.005023765896600537e-18 1.832055493672893020e-17 3.211596754594216316e-16 5.420808564341134778e-15 8.724869622783535012e-14 1.340737140753114712e-12 1.946827677355682800e-11 2.664944863819087139e-10 3.404303126023117039e-09 4.028965691118271122e-08 4.365751068542633701e-07 4.275889182033663570e-06 3.722184115442729504e-05 2.821056188059385618e-04 1.814249113673578780e-03 9.601498837213522444e-03 4.048017756705746956e-02 1.326612714987093766e-01 3.331820081046994453e-01 5.920548013353104100e-01 6.936844201968439538e-01 6.936844201226508577e-01 5.920548016333679886e-01 3.331820078401965257e-01 1.326612710955574759e-01 4.048017695014535094e-02 9.601498913105887753e-03 1.814249412187590249e-03 2.821051552009159720e-04 3.722189717763759684e-05 4.275783344801727203e-06 4.365688807527860906e-07 4.028006299543943988e-08 3.402897055469452829e-09 2.659495675389115929e-10 1.936794482305127428e-11 1.317533814740016328e-12 8.301396435569360563e-14 4.650291720499274567e-15 1.932612282346504179e-16 -1.894570947735357914e-18 -2.014439343889461449e-18 -3.761377520829954804e-19 -5.559258117715736240e-20 -7.404680861758613847e-21 0.000000000000000000e+00
0.000000000000000000e+00 4.743090552560173613e-22 9.617011824853213966e-21 1.905448010821145255e-19 3.654236547829618977e-18 6.766165482317662770e-17 1.209564541416321113e-15 2.071984603651990063e-14 3.400966904961986717e-13 5.305826970075815312e-12 7.844200072633654938e-11 1.089900366421572751e-09 1.413446806204432264e-08 1.693529075152522607e-07 1.852882829114664065e-06 1.823225465726037800e-05 1.582527566954711770e-04 1.181080184254895780e-03 7.324142354813430872e-03 3.603810100027311780e-02 1.326612714987094044e-01 3.459280993073066135e-01 6.489030688277682701e-01 8.491735838368522638e-01 9.151161380120309552e-01 9.151161372937943739e-01 8.491735830040626487e-01 6.489030681395409061e-01 3.459280986726108176e-01 1.326612708383007599e-01 3.603810021777608535e-02 7.324142451317228013e-03 1.181080394461993819e-03 1.582527730317155731e-04 1.823233759145099041e-05 1.852887886870711937e-06 1.693612507819309583e-07 1.413534091948773168e-08 1.090345344714247674e-09 7.850626488713462199e-11 5.322510319505170752e-12 3.427922039276758978e-13 2.121558652541471868e-14 1.287209535468753526e-15 7.960420090119949032e-17 5.368281069902470312e-18 4.255417521467640080e-19 4.035704115882052109e-20 4.295206176284883689e-21 0.000000000000000000e+00
0.000000000000000000e+00 1.249311217190556572e-21 2.588427567526703586e-20 5.197948290356645792e-19 1.011344663473917140e-17 1.904202910316509363e-16 3.452543473841236354e-15 6.016495357576038433e-14 1.002325966810776358e-12 1.589908679923419961e-11 2.386589147873052980e-10 3.367662678730566319e-09 4.429979374592064224e-08 5.377073428654875801e-07 5.945321702365696962e-06 5.889568033096590437e-05 5.113806995252040107e-04 3.776638340164371627e-03 2.272716463948023721e-02 1.045353487984248403e-01 3.331820081046992787e-01 6.489030688277684922e-01 8.634199211961538500e-01 9.558463249839601605e-01 9.814510231346691427e-01 9.814510230494806198e-01 9.558463242608297161e-01 8.634199208636597067e-01 6.489030687910072315e-01 3.331820083157133738e-01 1.045353483747647194e-01 2.272716411345013579e-02 3.776638650422005881e-03 5.113806326710705619e-04 5.889575736562995928e-05 5.945331254311795094e-06 5.377149843903544878e-07 4.430159077605078250e-08 3.368178738531691978e-09 2.387823885238748178e-10 1.592498304128416672e-11 1.007630564892880577e-12 6.112610627251355961e-14 3.620662958603706936e-15 2.176492205330586696e-16 1.431963062855836929e-17 1.135623291167241518e-18 1.119907664379399095e-19 1.269197675847108982e-20 0.000000000000000000e+00
0.000000000000000000e+00 2.359630586507541544e-21 4.934121255410113679e-20 1.000676746200294665e-18 1.967490251869206792e-17 3.742995142774862674e-16 6.860517580434665655e-15 1.208782239414765704e-13 2.036249395994196119e-12 3.266881496563177936e-11 4.958991708991927211e-10 7.075952642256406360e-09 9.407260195034565500e-08 1.153113152506372898e-06 1.285599517139335255e-05 1.280902736575448959e-04 1.113696625728448179e-03 8.171913594389781585e-03 4.814559483116959832e-02 2.102820537495733444e-01 5.920548013353097438e-01 8.491735838368518197e-01 9.558463249839597164e-01 9.888167158538887502e-01 9.964604324058562446e-01 9.964604327079424895e-01 9.888167171886934614e-01 9.558463254602735937e-01 8.491735848001414899e-01 5.920548025897225397e-01 2.102820542239925705e-01 4.814559472046040650e-02 8.171912839241448831e-03 1.113696517708570415e-03 1.280900616323886747e-04 1.285596716149341280e-05 1.153091580340343104e-06 9.406921294378909223e-08 7.074691955119198196e-09 4.956777112221196737e-10 3.261652429378812533e-11 2.027057515193179537e-12 1.191964305149703286e-13 6.586081967961132550e-15 3.311207051783917880e-16 1.328232712858730091e-17 9.738677717065467974e-20 -7.252540866102091955e-20 -1.329585131674593512e-20 0.000000000000000000e+00
0.000000000000000000e+00 3.012273522993042814e-21 6.306293911349560020e-20 1.278403813353107270e-18 2.515445377810221635e-17 4.781073632723635303e-16 8.766193525882692674e-15 1.542892528881987893e-13 2.598064222309513424e-12 4.162950544635945513e-11 6.311721516445600301e-10 8.990499611832282857e-09 1.192826921293628599e-07 1.458362453647975276e-06 1.620761027781600990e-05 1.608391937023107249e-04 1.391268147571930996e-03 1.013863247574104363e-02 5.914611333241066166e-02 2.542487927376405055e-01 6.936844201968432877e-01 9.151161380120300670e-01 9.814510231346681435e-01 9.964604324058561335e-01 9.992101713842481692e-01 9.992101724663677853e-01 9.964604337127671574e-01 9.814510245959943147e-01 9.151161395265483556e-01 6.936844218850398702e-01 2.542487943694243246e-01 5.914611371744535329e-02 1.013863269328632924e-02 1.391268192176136741e-03 1.608391835327281009e-04 1.620760707904619167e-05 1.458359175476825037e-06 1.192816810989836117e-07 8.990191901468220501e-09 6.310873616972265159e-10 4.161102445475750413e-11 2.593913790993847699e-12 1.535083031972090699e-13 8.620839628909219095e-15 4.536141130421467654e-16 2.119457617453077508e-17 6.762503949755585421e-19 -2.434319079554393161e-20 -9.001949079006003993e-21 0.000000000000000000e+00
0.000000000000000000e+00 3.010097231176552525e-21 6.307837738256510641e-20 1.277976315161430425e-18 2.516329007375534946e-17 4.779556629986038464e-16 8.768379957083461239e-15 1.542627221864144641e-13 2.598334702948914417e-12 4.162720623149979273e-11 6.311881857664861828e-10 8.990410849500607116e-09 1.192830530398642066e-07 1.458361644282230821e-06 1.620760869893303013e-05 1.608392190261039175e-04 1.391268015700639548e-03 1.013863289812677593e-02 5.914611247651158088e-02 2.542487936627061407e-01 6.936844201226499695e-01 9.151161372937927085e-01 9.814510230494799536e-01 9.964604327079429336e-01 9.992101724663691176e-01 9.992101722441824041e-01 9.964604352204077253e-01 9.814510251548896891e-01 9.151161394165151508e-01 6.936844223915069607e-01 2.542487953702002312e-01 5.914611461302286127e-02 1.013863323852489534e-02 1.391268449997765588e-03 1.608392845274499096e-04 1.620764110909240154e-05 1.458369283343195881e-06 1.192843738434026974e-07 8.990843655744803961e-09 6.312321465014784391e-10 4.164078767386167770e-11 2.599614480672286669e-12 1.545315799939935421e-13 8.793844894092408463e-15 4.812855797511813233e-16 2.539789196102514709e-17 1.284708782235761808e-18 5.983487651362266687e-20 2.085520564976855084e-21 0.000000000000000000e+00
0.000000000000000000e+00 2.355113719291455985e-21 4.937632730986745201e-20 9.993700777368508215e-19 1.970429218025519298e-17 3.737652049711766326e-16 6.868679009712937067e-15 1.207722668657565750e-13 2.037423205696331877e-12 3.265771680920252051e-11 4.959884769916686151e-10 7.075344564602466158e-09 9.407607236836118005e-08 1.153096786284307466e-06 1.285605759648296924e-05 1.280900873574363093e-04 1.113697037374719720e-03 8.171912988231215536e-03 4.814559528958026885e-02 2.102820536977065835e-01 5.920548016333677666e-01 8.491735830040622046e-01 9.558463242608288279e-01 9.888167171886941276e-01 9.964604337127682676e-01 9.964604352204081694e-01 9.888167182671153688e-01 9.558463263989205316e-01 8.491735849799828539e-01 5.920548033229581231e-01 2.102820562027489237e-01 4.814559698761265022e-02 8.171914480398180178e-03 1.113697393763443590e-03 1.280904348558718265e-04 1.285610025108759823e-05 1.153132585035128107e-06 9.408037794550513024e-08 7.077424506977198918e-09 4.962867758959894821e-10 3.274146157649840801e-11 2.050845889776663518e-12 1.234305578026045076e-13 7.294825241706707196e-15 4.432605931749888042e-16 3.012823292683051070e-17 2.509303803570233580e-18 2.576566510867413899e-19 2.977353563085803598e-20 0.000000000000000000e+00
0.000000000000000000e+00 1.244572641959030458e-21 2.591875727968403796e-20 5.183860186374779758e-19 1.014571291182906870e-17 1.898296713960072132e-16 3.461596374552413284e-15 6.004719020853128592e-14 1.003631658500100279e-12 1.588674720456172572e-11 2.387580010478056506e-10 3.366990990121321585e-09 4.430359745150907101e-08 5.376896357687096556e-07 5.945387802223612757e-06 5.889549036316010908e-05 5.113810890681556171e-04 3.776637868710293593e-03 2.272716471472873909e-02 1.045353493790780602e-01 3.331820078401965257e-01 6.489030681395400180e-01 8.634199208636593736e-01 9.558463254602729275e-01 9.814510245959938706e-01 9.814510251548891340e-01 9.558463263989206427e-01 8.634199241057008978e-01 6.489030712788808053e-01 3.331820106420489425e-01 1.045353512563596682e-01 2.272716686173789982e-02 3.776640544239983320e-03 5.113816340899456862e-04 5.889618643812647943e-05 5.945486204086707809e-06 5.377635066059507790e-07 4.431504757862783546e-08 3.371537711176518068e-09 2.395466612110387650e-10 1.608512492903639788e-11 1.038792004346217977e-12 6.679663289316108118e-14 4.591378198940975929e-15 3.747659277923877124e-16 3.846965122657971873e-17 4.674275262546757962e-18 6.078530607310571820e-19 7.888627483596419945e-20 0.000000000000000000e+00
0.000000000000000000e+00 4.640860688543357102e-22 9.671315515698780434e-21 1.894890475892206820e-19 3.675556943683384945e-18 6.727784513045613341e-17 1.215490643068050887e-15 2.064164436181374100e-14 3.409794662420411654e-13 5.297305410101662869e-12 7.851214972641117162e-11 1.089410711078756763e-09 1.413733941476864822e-08 1.693389621459485939e-07 1.852937719914668110e-06 1.823208549518244741e-05 1.582531408381368521e-04 1.181079620533673951e-03 7.324142679141913345e-03 3.603810137789791729e-02 1.326612710955574481e-01 3.459280986726104290e-01 6.489030687910070094e-01 8.491735848001418230e-01 9.151161395265493548e-01 9.151161394165148177e-01 8.491735849799829650e-01 6.489030712788805833e-01 3.459281007666680230e-01 1.326612727044266526e-01 3.603810303036050766e-02 7.324145485691968202e-03 1.181082638387301320e-03 1.582540172151370101e-04 1.823289022831043173e-05 1.853093443633262294e-06 1.694272786579195556e-07 1.415407071756428853e-08 1.095117105186529917e-09 7.961257865010683318e-11 5.558397520933517514e-12 3.894467294955192275e-13 2.983653435199058922e-14 2.784521531623500054e-15 3.253063465183979637e-16 4.363166450969921573e-17 6.102635365884238123e-18 8.454421009657776786e-19 1.129723208069022412e-19 0.000000000000000000e+00
0.000000000000000000e+00 1.266630658618421818e-22 2.787848930762159522e-21 5.262827914717977658e-20 1.018170860123179054e-18 1.807380464032330370e-17 3.251472556420881759e-16 5.365706561218533721e-15 8.790033043467677307e-14 1.334143116134028177e-12 1.952522402152825610e-11 2.660770695746811019e-10 3.406876501084177612e-09 4.027649630218013759e-08 4.366297870072006613e-07 4.275710553395323032e-06 3.722227489560391700e-05 2.821049219277414321e-04 1.814249617376070605e-03 9.601499198139192004e-03 4.048017695014532319e-02 1.326612708383006767e-01 3.331820083157134293e-01 5.920548025897224287e-01 6.936844218850399812e-01 6.936844223915065166e-01 5.920548033229576790e-01 3.331820106420487759e-01 1.326612727044266249e-01 4.048017851412011314e-02 9.601501768823900509e-03 1.814252649290256465e-03 2.821075748368009092e-04 3.722323924715786430e-05 4.276377821251529986e-06 4.367892198984289029e-07 4.035059519405708298e-08 3.422844165984456169e-09 2.710190115937010678e-10 2.054112320248221054e-11 1.567375856415105899e-12 1.323988926547220314e-13 1.377559662582681681e-14 1.779010682068323446e-15 2.585914777582395412e-16 3.861310826182897936e-17 5.663611443108758425e-18 8.029672380483362641e-19 1.087992422422303284e-19 0.000000000000000000e+00
0.000000000000000000e+00 2.237830437686245473e-23 6.768045412060075125e-22 1.164610133795464803e-20 2.298876667696529408e-19 3.895909750697351948e-18 7.071600090632345138e-17 1.120333071677970691e-15 1.837905233043970625e-14 2.706313739847537007e-13 3.930611754359765834e-12 5.248971045623966606e-11 6.646454081626569110e-10 7.759123453593035021e-09 8.348950105308321558e-08 8.151592146471649446e-07 7.132474872038740124e-06 5.497865990102833352e-05 3.662118934006223289e-04 2.062599400228706109e-03 9.601498913105882549e-03 3.603810021777607148e-02 1.045353483747646778e-01 2.102820542239925428e-01 2.542487943694245467e-01 2.542487953702001202e-01 2.102820562027488682e-01 1.045353512563596543e-01 3.603810303036048684e-02 9.601501768823898775e-03 2.062602540628232471e-03 3.662146020042710459e-04 5.498059481624313394e-05 7.133254525848767733e-06 8.155984962518039640e-07 8.360884979048632400e-08 7.807478248345350367e-09 6.759527432195142598e-10 5.577006311324187492e-11 4.632716858559435438e-12 4.286118891007857379e-13 4.906720460293861200e-14 6.918097717809369315e-15 1.083130250127241553e-15 1.724503392053201212e-16 2.680233097678703733e-17 4.010590699787379778e-18 5.759396519726780155e-19 7.883499541797181059e-20 0.000000000000000000e+00
0.000000000000000000e+00 -1.064268110469702165e-24 1.576393971352239152e-22 2.055820948656325889e-21 4.463699883654493682e-20 6.968522951307530267e-19 1.312801548612661518e-17 1.950124760905357965e-16 3.269872434770072267e-15 4.606069990065378743e-14 6.709771325278681260e-13 8.736690049685224691e-12 1.098524154854556211e-10 1.265861634746586141e-09 1.354223528318598439e-08 1.319107317297408798e-07 1.160115672666240552e-06 9.075404391818346387e-06 6.217227339113225648e-05 3.662119410679321525e-04 1.814249412187590249e-03 7.324142451317224543e-03 2.272716411345012538e-02 4.814559472046040650e-02 5.914611371744535329e-02 5.914611461302280576e-02 4.814559698761262940e-02 2.272716686173790329e-02 7.324145485691973406e-03 1.814252649290257549e-03 3.662146020042712086e-04 6.217423581077004464e-05 9.076590740142722008e-06 1.160613052190822621e-06 1.321523895458514960e-07 1.361301210610267031e-08 1.291882545778228016e-09 1.162571915613730454e-10 1.051281169191810825e-11 1.061084525909411519e-12 1.326984444436232456e-13 2.030913550480267840e-14 3.418083115440118071e-15 5.805819253810660719e-16 9.576747794701750985e-17 1.515108526727121059e-17 2.293732076120244185e-18 3.325946606055928604e-19 4.593407325032878562e-20 0.000000000000000000e+00
0.000000000000000000e+00 -3.558400937404600062e-24 4.280972745211930077e-23 2.474988870000752355e-22 7.932366620349517639e-21 1.042515345487977898e-19 2.168446180472054025e-18 2.880151379063166705e-17 5.144535603209824315e-16 6.735975819858331050e-15 1.005493630093519074e-13 1.262089049661806504e-12 1.587506722417602082e-11 1.801189069656726410e-10 1.918860428168118559e-09 1.863198895570894247e-08 1.644367970803285120e-07 1.299795082359027388e-06 9.075437560526725161e-06 5.497891175839816587e-05 2.821051552009159178e-04 1.181080394461994252e-03 3.776638650422003713e-03 8.171912839241448831e-03 1.013863269328632577e-02 1.013863323852488493e-02 8.171914480398180178e-03 3.776640544239984187e-03 1.181082638387302187e-03 2.821075748368012887e-04 5.498059481624319492e-05 9.076590740142723702e-06 1.300411417191657391e-06 1.646983421894672214e-07 1.874624567248844116e-08 1.953768855656165915e-09 1.920855622420045253e-10 1.891485604648936408e-11 2.078167672227805646e-12 2.827840717897033209e-13 4.685203423517994333e-14 8.473819102389500181e-15 1.537318344661686354e-15 2.696038290981464880e-16 4.518265213122031963e-17 7.223419738420021506e-18 1.103274150321134143e-18 1.613404886979818940e-19 2.246926390999986583e-20 0.000000000000000000e+00
0.000000000000000000e+00 -2.303886289270771750e-24 1.491260430687427424e-23 -9.958985836726597775e-24 1.424673908491691138e-21 1.242988719289244901e-20 3.325514267898709209e-19 3.581277264353973109e-18 7.421560950054980419e-17 8.525086328732415225e-16 1.362451852832284566e-14 1.609128699678087385e-13 2.054240476964849820e-12 2.280348872476837799e-11 2.424783900218392099e-10 2.342055690812332832e-09 2.069077525104500219e-08 1.644237769153645230e-07 1.160053198444346041e-06 7.132407807424529253e-06 3.722189717763759007e-05 1.582527730317157357e-04 5.113806326710707787e-04 1.113696517708570198e-03 1.391268192176136308e-03 1.391268449997764937e-03 1.113697393763443807e-03 5.113816340899457946e-04 1.582540172151371998e-04 3.722323924715793884e-05 7.133254525848777897e-06 1.160613052190822833e-06 1.646983421894672214e-07 2.080745414781404022e-08 2.389316488321780874e-09 2.572531208301982271e-10 2.761803078910026173e-11 3.300662282304425562e-12 4.877203475865362435e-13 8.737824247119040847e-14 1.699057373291103047e-14 3.296881432204935432e-15 6.158021716345702546e-16 1.095251689260204409e-16 1.852481536192977989e-17 2.985001858477702342e-18 4.594470748685745715e-19 6.772138982258594260e-20 9.506847669870680359e-21 0.000000000000000000e+00
0.000000000000000000e+00 -1.116876698985641204e-24 5.884853566389732487e-24 -2.187263140353810883e-23 2.967435513295136598e-22 8.324718783427844965e-22 4.982745227555830541e-20 3.501687217725299294e-19 1.020473595840870801e-17 9.160690131033509144e-17 1.720109208325856316e-15 1.820324464337176220e-14 2.429254341633560112e-13 2.603170688615769001e-12 2.775646455307817741e-11 2.657930138809810292e-10 2.344204280264606672e-09 1.863986655916748371e-08 1.319225044192024920e-07 8.152444067453963866e-07 4.275783344801727203e-06 1.823233759145100058e-05 5.889575736562998638e-05 1.280900616323886205e-04 1.608391835327279925e-04 1.608392845274497741e-04 1.280904348558716910e-04 5.889618643812651332e-05 1.823289022831046561e-05 4.276377821251540150e-06 8.155984962518055521e-07 1.321523895458516284e-07 1.874624567248845770e-08 2.389316488321782528e-09 2.831222531806396784e-10 3.324000557858634547e-11 4.325954794307390385e-12 6.939908344565443689e-13 1.344549527060797751e-13 2.813621255248243408e-14 5.848627398572926380e-15 1.165593495824276456e-15 2.204170900957242492e-16 3.951280131443467753e-17 6.728743511824545619e-18 1.091666928935844247e-18 1.692345578611651354e-19 2.513338043278367964e-20 3.555570537563217849e-21 0.000000000000000000e+00
0.000000000000000000e+00 -4.626789896592098632e-25 2.286116978093628845e-24 -1.082084686346413971e-23 7.680558627830412284e-23 -1.421301231679158089e-22 7.754855668930163251e-21 1.793380098819062485e-20 1.394009699746817731e-18 7.622437957828346798e-18 2.094412041315044613e-16 1.804685644288642056e-15 2.680071173643133968e-14 2.700215772297408647e-13 2.914972474982406522e-12 2.754529011345774683e-11 2.418772234323977589e-10 1.917411383426527285e-09 1.353140079597922319e-08 8.348186772084686243e-08 4.365688807527859847e-07 1.852887886870712360e-06 5.945331254311800177e-06 1.285596716149340603e-05 1.620760707904618828e-05 1.620764110909238121e-05 1.285610025108758638e-05 5.945486204086708656e-06 1.853093443633265258e-06 4.367892198984300146e-07 8.360884979048654900e-08 1.361301210610270505e-08 1.953768855656170050e-09 2.572531208301984339e-10 3.324000557858635193e-11 4.728504869183434643e-12 8.251718365273776273e-13 1.731460756970256116e-13 3.906118802525083208e-14 8.715036640085362957e-15 1.856847564886340362e-15 3.740586432794055256e-16 7.120202507468679515e-17 1.283702922211365945e-17 2.198965285550860661e-18 3.590303444657521163e-19 5.604021282456857330e-20 8.383519391932972762e-21 1.194947085790958544e-21 0.000000000000000000e+00
0.000000000000000000e+00 -1.705620485635394774e-25 8.253915412806720191e-25 -4.146414110199219846e-24 2.280607062790833057e-23 -8.909531930748857417e-23 1.327121205561124787e-21 -2.871328265720350231e-21 1.961130903564175945e-19 2.685072515415588462e-19 2.556578797753802355e-17 1.483869697556399409e-16 2.826355252273652245e-15 2.548170064687639852e-14 2.839536109236895382e-13 2.632590351377235923e-12 2.293274451857887041e-11 1.809813421221183967e-10 1.266359337911396163e-09 7.767524874455188219e-09 4.028006299543945973e-08 1.693612507819309054e-07 5.377149843903548055e-07 1.153091580340342892e-06 1.458359175476824190e-06 1.458369283343193340e-06 1.153132585035127896e-06 5.377635066059506731e-07 1.694272786579197673e-07 4.035059519405718886e-08 7.807478248345376837e-09 1.291882545778232359e-09 1.920855622420049906e-10 2.761803078910031989e-11 4.325954794307393617e-12 8.251718365273776273e-13 1.881962011959976461e-13 4.591097759924699524e-14 1.102464322537418298e-14 2.517439105753973042e-15 5.414592680428058807e-16 1.096676062958990359e-16 2.097303389385514098e-17 3.800070786596534992e-18 6.545575689032988313e-19 1.075268612970326342e-19 1.689569397719621878e-20 2.545664825436957692e-21 3.655436552599133738e-22 0.000000000000000000e+00
0.000000000000000000e+00 -5.701358978634142726e-26 2.735885655231321129e-25 -1.393323428056059590e-24 6.931829049469445637e-24 -3.078412032621712618e-23 2.553553386789952400e-22 -1.272257476434986168e-21 2.890410114269978208e-20 -7.104582216491252163e-20 3.235978398945603073e-18 7.930325816896270119e-18 2.935474603177867693e-16 2.169064396697635950e-15 2.589657897587133180e-14 2.344341276653826783e-13 2.009115746518199090e-12 1.584934627329719740e-11 1.091153446724381074e-10 6.647297978686281974e-10 3.402897055469457379e-09 1.413534091948772671e-08 4.430159077605082221e-08 9.406921294378901282e-08 1.192816810989836117e-07 1.192843738434025386e-07 9.408037794550519642e-08 4.431504757862780899e-08 1.415407071756430011e-08 3.422844165984464854e-09 6.759527432195163277e-10 1.162571915613735107e-10 1.891485604648940932e-11 3.300662282304431217e-12 6.939908344565449748e-13 1.731460756970255864e-13 4.591097759924700786e-14 1.191490144764660639e-14 2.925913916475730708e-15 6.738680380241994529e-16 1.455948086758643679e-16 2.960161575010436779e-17 5.684652629595778538e-18 1.034926638510078354e-18 1.792348741143514829e-19 2.962172981146248134e-20 4.685175852240424794e-21 7.109243843294415728e-22 1.028421651607519457e-22 0.000000000000000000e+00
0.000000000000000000e+00 -1.748203614548526295e-26 8.343461747173411013e-26 -4.251740402808358357e-25 2.025817146991197802e-24 -9.029508114128715008e-24 5.386143266081145964e-23 -3.174538519509124412e-22 4.433198284550626169e-21 -2.342239135061657895e-20 4.305182862123535726e-19 -3.208080778655144406e-19 3.100579445038867238e-17 1.619955676376957981e-16 2.222885551632798628e-15 1.975295138928127650e-14 1.623997564594549451e-13 1.305588401745707914e-12 8.701741807007019773e-12 5.291681252750293627e-11 2.659495675389121616e-10 1.090345344714247674e-09 3.368178738531694873e-09 7.074691955119189098e-09 8.990191901468222155e-09 8.990843655744795690e-09 7.077424506977209671e-09 3.371537711176514759e-09 1.095117105186529710e-09 2.710190115937014813e-10 5.577006311324201709e-11 1.051281169191813571e-11 2.078167672227808473e-12 4.877203475865363445e-13 1.344549527060797751e-13 3.906118802525083839e-14 1.102464322537418929e-14 2.925913916475730708e-15 7.244646810383143900e-16 1.675273070394229682e-16 3.631324471723926719e-17 7.409265267061469741e-18 1.428802398653339670e-18 2.613820059354033532e-19 4.551578086672348571e-20 7.567939442103224892e-21 1.204918729361782411e-21 1.841387981649362640e-22 2.683795900516923428e-23 0.000000000000000000e+00
0.000000000000000000e+00 -4.958742448179879002e-27 2.353883660682414997e-26 -1.195001272424717589e-25 5.564109300473440064e-25 -2.419916350073730253e-24 1.185380406838929877e-23 -6.710683518156764644e-23 6.925785917722889933e-22 -4.801350740131187647e-21 5.945687753355730449e-20 -1.894085828834592525e-19 3.407980119521343453e-18 9.827837889538273539e-18 1.782521474546043289e-16 1.625365842314764791e-15 1.185962659908762755e-14 1.035063863957284250e-13 6.404430074034958558e-13 3.968924115356182728e-12 1.936794482305132921e-11 7.850626488713467369e-11 2.387823885238750245e-10 4.956777112221187431e-10 6.310873616972270328e-10 6.312321465014780255e-10 4.962867758959904127e-10 2.395466612110384548e-10 7.961257865010671686e-11 2.054112320248221377e-11 4.632716858559441900e-12 1.061084525909413337e-12 2.827840717897032704e-13 8.737824247119034537e-14 2.813621255248241830e-14 8.715036640085358224e-15 2.517439105753971859e-15 6.738680380241995515e-16 1.675273070394229682e-16 3.885751712001295098e-17 8.449916179859019796e-18 1.730596715889000132e-18 3.351963821849458407e-19 6.162821500389667299e-20 1.079193920974856057e-20 1.805482063733056548e-21 2.893946676377684039e-22 4.454898197880351222e-23 6.543540231523437549e-24 0.000000000000000000e+00
0.000000000000000000e+00 -1.309760634429735199e-27 6.178066418712852870e-27 -3.117616253233263379e-26 1.427590480253193703e-25 -6.029398332504743763e-25 2.600231933585188774e-24 -1.307839884531129351e-23 1.074175657430155992e-22 -8.211156676006149750e-22 8.288126262411324056e-21 -3.926858367183812538e-20 3.901170616444118799e-19 3.611424640964927342e-19 1.271362705144288516e-17 1.397300513764210690e-16 7.153191860179061804e-16 8.262969626052507992e-15 4.241988283156889409e-14 2.860145689558428877e-13 1.317533814740020973e-12 5.322510319505179638e-12 1.592498304128416995e-11 3.261652429378806071e-11 4.161102445475755583e-11 4.164078767386169062e-11 3.274146157649848556e-11 1.608512492903637849e-11 5.558397520933502974e-12 1.567375856415104284e-12 4.286118891007856874e-13 1.326984444436231951e-13 4.685203423517992440e-14 1.699057373291101470e-14 5.848627398572920069e-15 1.856847564886337995e-15 5.414592680428051904e-16 1.455948086758643925e-16 3.631324471723925486e-17 8.449916179859018255e-18 1.844174581061779978e-18 3.792712658391956387e-19 7.380786012358427874e-20 1.364189827910449441e-20 2.402842518209476372e-21 4.045657959526466132e-22 6.529911771826898272e-23 1.012858801717904834e-23 1.500027640970310666e-24 0.000000000000000000e+00
0.000000000000000000e+00 -3.238966352608992286e-28 1.516006956949797244e-27 -7.589107728344696000e-27 3.419986146647020159e-26 -1.400869637078877927e-25 5.498233063456457888e-25 -2.391843218645558117e-24 1.605487443645198942e-23 -1.247163193428762526e-22 1.130333263920691408e-21 -6.337735071836673244e-21 4.545842907475401273e-20 -1.149771383927072037e-20 6.368361748582791487e-19 1.393568601293972512e-17 1.977377354448877691e-17 7.195178045605493597e-16 2.270953611006543220e-15 2.056641811845224757e-14 8.301396435569400953e-14 3.427922039276767056e-13 1.007630564892879769e-12 2.027057515193174691e-12 2.593913790993850526e-12 2.599614480672291515e-12 2.050845889776668768e-12 1.038792004346216362e-12 3.894467294955181672e-13 1.323988926547217285e-13 4.906720460293854889e-14 2.030913550480265947e-14 8.473819102389495448e-15 3.296881432204932671e-15 1.165593495824276259e-15 3.740586432794052791e-16 1.096676062958990482e-16 2.960161575010436779e-17 7.409265267061468200e-18 1.730596715888999554e-18 3.792712658391954462e-19 7.836152129887280482e-20 1.532754602308222513e-20 2.848922988672320752e-21 5.048881216885341775e-22 8.557927852816786494e-23 1.391470726077751815e-23 2.175852570309999702e-24 3.251485239190854787e-25 0.000000000000000000e+00
0.000000000000000000e+00 -7.533112629238094087e-29 3.492530934134062217e-28 -1.730335216289333799e-27 7.656679299005856153e-27 -3.031073580895560054e-26 1.093211109143541893e-25 -4.038276485904080526e-25 2.203259628405664542e-24 -1.679812089679734786e-23 1.457899571949118422e-22 -8.873975377633528829e-22 5.193943852052498358e-21 -2.795782023439581795e-21 -2.305751017096192762e-20 1.717596034946030273e-18 -4.126133853149634692e-18 7.450418398445800419e-17 4.136700453945100206e-17 1.584160711899317090e-15 4.650291720499305332e-15 2.121558652541478179e-14 6.112610627251348388e-14 1.191964305149699499e-13 1.535083031972091962e-13 1.545315799939941227e-13 1.234305578026049873e-13 6.679663289316098020e-14 2.983653435199047563e-14 1.377559662582677106e-14 6.918097717809359849e-15 3.418083115440114126e-15 1.537318344661685171e-15 6.158021716345698601e-16 2.204170900957240273e-16 7.120202507468674584e-17 2.097303389385513482e-17 5.684652629595780079e-18 1.428802398653339670e-18 3.351963821849458407e-19 7.380786012358426670e-20 1.532754602308222513e-20 3.014710474544384236e-21 5.637179679345426697e-22 1.005576256728290490e-22 1.716707121356601186e-23 2.813439958291298300e-24 4.438542089547212404e-25 6.700195139824662204e-26 0.000000000000000000e+00
0.000000000000000000e+00 -1.653999751350579260e-29 7.579619630757473193e-29 -3.705488778499195599e-28 1.602852996698516205e-27 -6.084477476849493908e-27 1.995528495669563445e-26 -5.960675845518194179e-26 2.458811047924198654e-25 -1.858495517909980364e-24 1.683354723351049251e-23 -1.093136558003684557e-22 5.534129726455482895e-22 8.096087585988229371e-23 -1.486974850768023613e-20 2.473639533560539391e-19 -1.182843800338794584e-18 9.269810362622568162e-18 -1.488744119972453723e-17 1.432625040691101639e-16 1.932612282346525380e-16 1.287209535468759048e-15 3.620662958603699836e-15 6.586081967961100996e-15 8.620839628909226983e-15 8.793844894092473149e-15 7.294825241706749795e-15 4.591378198940974352e-15 2.784521531623489799e-15 1.779010682068317924e-15 1.083130250127239975e-15 5.805819253810654802e-16 2.696038290981462908e-16 1.095251689260204409e-16 3.951280131443462822e-17 1.283702922211364251e-17 3.800070786596531911e-18 1.034926638510077584e-18 2.613820059354032087e-19 6.162821500389666095e-20 1.364189827910449441e-20 2.848922988672320752e-21 5.637179679345425757e-22 1.060943974515494365e-22 1.905951062390977254e-23 3.279264140194535959e-24 5.421425915839532983e-25 8.638770090179368502e-26 1.319504029192162739e-26 0.000000000000000000e+00
0.000000000000000000e+00 -3.439156581820915937e-30 1.553753769275432658e-29 -7.466358314348099413e-29 3.135395613117772305e-28 -1.124830081373485191e-27 3.228200167470246986e-27 -6.501041661527865364e-27 1.093032483612163697e-26 -1.082930606425016530e-25 1.487263701211584462e-24 -1.118838264498749423e-23 4.998692580414178546e-23 1.244239312710785604e-22 -3.316781920181527417e-21 3.761332050022339449e-20 -2.187040815170939933e-19 1.284903640610199108e-18 -3.622026765914477692e-18 1.578368989875579078e-17 -1.894570947735216551e-18 7.960420090119993405e-17 2.176492205330581766e-16 3.311207051783890270e-16 4.536141130421472585e-16 4.812855797511880286e-16 4.432605931749933401e-16 3.747659277923881069e-16 3.253063465183969776e-16 2.585914777582388509e-16 1.724503392053198500e-16 9.576747794701743590e-17 4.518265213122033195e-17 1.852481536192977681e-17 6.728743511824540226e-18 2.198965285550858735e-18 6.545575689032984461e-19 1.792348741143514107e-19 4.551578086672346164e-20 1.079193920974855906e-20 2.402842518209477500e-21 5.048881216885342715e-22 1.005576256728290490e-22 1.905951062390976667e-23 3.450614988311648758e-24 5.988618000247907801e-25 9.999326894710105541e-26 1.611914452934429877e-26 2.497026112373171834e-27 0.000000000000000000e+00
0.000000000000000000e+00 -6.789356685301799782e-31 3.014256224657492761e-30 -1.416461584175637363e-29 5.714855396886816871e-29 -1.887314245580890090e-28 4.270421817421515537e-28 -3.781577533093562273e-29 -5.227705481557657609e-27 2.325137847720427555e-26 1.463882112029445585e-26 -6.878913837430320949e-25 2.571215654365219828e-24 3.585765973531588745e-23 -5.913407619829128709e-22 5.664474629031440879e-21 -3.490491676591646927e-20 1.832442141400705149e-19 -6.152599568393924399e-19 1.995008879247364121e-18 -2.014439343889453746e-18 5.368281069902508830e-18 1.431963062855833539e-17 1.328232712858707596e-17 2.119457617453079973e-17 2.539789196102579112e-17 3.012823292683093595e-17 3.846965122657976804e-17 4.363166450969911096e-17 3.861310826182891157e-17 2.680233097678702501e-17 1.515108526727120751e-17 7.223419738420026129e-18 2.985001858477701957e-18 1.091666928935844054e-18 3.590303444657519719e-19 1.075268612970325259e-19 2.962172981146247532e-20 7.567939442103226397e-21 1.805482063733057300e-21 4.045657959526467073e-22 8.557927852816786494e-23 1.716707121356601186e-23 3.279264140194536326e-24 5.988618000247908719e-25 1.049665541232759265e-25 1.773040968686700271e-26 2.897968328377450257e-27 4.567441641315277350e-28 0.000000000000000000e+00
0.000000000000000000e+00 -1.274988480089441071e-31 5.540043892551837647e-31 -2.528032565909984621e-30 9.641802256425727978e-30 -2.783388839158365755e-29 3.312330512459399195e-29 2.596088165566372279e-28 -2.423963515331573220e-27 1.206340824045428567e-26 -3.871869931945624744e-26 7.584581886119426337e-26 -3.595693734185360875e-25 7.656261117670677799e-24 -9.469009095287004421e-23 8.237350683684393209e-22 -5.134835413528073624e-21 2.573533007234431211e-20 -9.192598692314742117e-20 2.654881905851286808e-19 -3.761377520829952396e-19 4.255417521467668488e-19 1.135623291167240170e-18 9.738677717063591396e-20 6.762503949755590236e-19 1.284708782235819971e-18 2.509303803570274409e-18 4.674275262546763355e-18 6.102635365884225797e-18 5.663611443108749951e-18 4.010590699787379007e-18 2.293732076120243800e-18 1.103274150321134721e-18 4.594470748685744752e-19 1.692345578611651354e-19 5.604021282456857330e-20 1.689569397719621878e-20 4.685175852240424041e-21 1.204918729361782599e-21 2.893946676377686390e-22 6.529911771826902974e-23 1.391470726077752697e-23 2.813439958291299769e-24 5.421425915839533901e-25 9.999326894710103245e-26 1.773040968686699410e-26 3.036670289747510547e-27 5.047643819502413355e-28 8.127558652304429343e-29 0.000000000000000000e+00
0.000000000000000000e+00 -2.279724104766586615e-32 9.644377382559956298e-32 -4.231242160386829715e-31 1.484894361340993784e-30 -3.311736969957112085e-30 -4.283299533067291428e-30 1.028780205357884894e-28 -7.226684048412169756e-28 3.567006358480894378e-27 -1.361077747867911936e-26 4.298133185083764745e-26 -1.685811031132859824e-25 1.433311029239115216e-24 -1.418328553641831329e-23 1.149276171428423442e-22 -7.125628483322741483e-22 3.497468419771598718e-21 -1.277488981046370169e-20 3.524784926503733743e-20 -5.559258117715730221e-20 4.035704115882070766e-20 1.119907664379400539e-19 -7.252540866102247234e-20 -2.434319079554401587e-20 5.983487651362778262e-20 2.576566510867452418e-19 6.078530607310575672e-19 8.454421009657759453e-19 8.029672380483353011e-19 5.759396519726778229e-19 3.325946606055928604e-19 1.613404886979819421e-19 6.772138982258595463e-20 2.513338043278369770e-20 8.383519391932980285e-21 2.545664825436958444e-21 7.109243843294417609e-22 1.841387981649362640e-22 4.454898197880348871e-23 1.012858801717904834e-23 2.175852570310002274e-24 4.438542089547215159e-25 8.638770090179367354e-26 1.611914452934429590e-26 2.897968328377448822e-27 5.047643819502410665e-28 8.565874978871260924e-29 1.416109271613403504e-29 0.000000000000000000e+00
0.000000000000000000e+00 -3.875686753560332785e-33 1.587221301646880769e-32 -6.583035234029595022e-32 2.010308763456887790e-31 -2.016935672644308930e-31 -2.948021630366588115e-30 2.967666814510674219e-29 -1.836542047190433232e-28 8.866626355482752907e-28 -3.524755802583594140e-27 1.208867195158098012e-26 -4.369853528980239102e-26 2.512510498834953967e-25 -2.021035222041808076e-24 1.530080537273061576e-23 -9.361540187214733203e-23 4.543996461104473692e-22 -1.672662976519927102e-21 4.530687786108711351e-21 -7.404680861758600305e-21 4.295206176284889708e-21 1.269197675847112442e-20 -1.329585131674607053e-20 -9.001949079006022049e-21 2.085520564977292556e-21 2.977353563085837903e-20 7.888627483596421149e-20 1.129723208069020967e-19 1.087992422422302081e-19 7.883499541797181059e-20 4.593407325032879164e-20 2.246926390999986884e-20 9.506847669870681863e-21 3.555570537563218602e-21 1.194947085790959297e-21 3.655436552599135619e-22 1.028421651607519810e-22 2.683795900516923428e-23 6.543540231523434610e-24 1.500027640970310299e-24 3.251485239190855246e-25 6.700195139824663352e-26 1.319504029192162739e-26 2.497026112373171475e-27 4.567441641315277350e-28 8.127558652304428222e-29 1.416109271613403784e-29 2.421394499661336378e-30 0.000000000000000000e+00
0.000000000000000000e+00 0.000000000000000000e+00 0.000000000000000000e+00 0.000000000000000000e+00 0.000000000000000000e+00 0.000000000000000000e+00 0.000000000000000000e+00 0.000000000000000000e+00 0.000000000000000000e+00 0.000000000000000000e+00 0.000000000000000000e+00 0.000000000000000000e+00 0.000000000000000000e+00 0.000000000000000000e+00 0.000000000000000000e+00 0.000000000000000000e+00 0.000000000000000000e+00 0.000000000000000000e+00 0.000000000000000000e+00 0.000000000000000000e+00 0.000000000000000000e+00 0.000000000000000000e+00 0.000000000000000000e+00 0.000000000000000000e+00 0.000000000000000000e+00 0.000000000000000000e+00 0.000000000000000000e+00 0.000000000000000000e+00 0.000000000000000000e+00 0.000000000000000000e+00 0.000000000000000000e+00 0.000000000000000000e+00 0.000000000000000000e+00 0.000000000000000000e+00 0.000000000000000000e+00 0.000000000000000000e+00 0.000000000000000000e+00 0.000000000000000000e+00 0.000000000000000000e+00 0.000000000000000000e+00 0.000000000000000000e+00 0.000000000000000000e+00 0.000000000000000000e+00 0.000000000000000000e+00 0.000000000000000000e+00 0.000000000000000000e+00 0.000000000000000000e+00 0.000000000000000000e+00 0.000000000000000000e+00 0.000000000000000000e+00
