0.000000000000000000e+00 0.000000000000000000e+00 0.000000000000000000e+00 0.000000000000000000e+00 0.000000000000000000e+00 0.000000000000000000e+00 0.000000000000000000e+00 0.000000000000000000e+00 0.000000000000000000e+00 0.000000000000000000e+00 0.000000000000000000e+00 0.000000000000000000e+00 0.000000000000000000e+00 0.000000000000000000e+00 0.000000000000000000e+00 0.000000000000000000e+00 0.000000000000000000e+00 0.000000000000000000e+00 0.000000000000000000e+00 0.000000000000000000e+00 0.000000000000000000e+00 0.000000000000000000e+00 0.000000000000000000e+00 0.000000000000000000e+00 0.000000000000000000e+00 0.000000000000000000e+00 0.000000000000000000e+00 0.000000000000000000e+00 0.000000000000000000e+00 0.000000000000000000e+00 0.000000000000000000e+00 0.000000000000000000e+00 0.000000000000000000e+00 0.000000000000000000e+00 0.000000000000000000e+00 0.000000000000000000e+00 0.000000000000000000e+00 0.000000000000000000e+00 0.000000000000000000e+00 0.000000000000000000e+00 0.000000000000000000e+00 0.000000000000000000e+00 0.000000000000000000e+00 0.000000000000000000e+00 0.000000000000000000e+00 0.000000000000000000e+00 0.000000000000000000e+00 0.000000000000000000e+00 0.000000000000000000e+00 0.000000000000000000e+00
0.000000000000000000e+00 -1.049996990492918915e-33 4.343655934487571549e-33 -1.934458675123981116e-32 8.826613986344568750e-32 -4.339703469637729114e-31 2.327297014757540541e-30 -1.312098932811467733e-29 7.345655576098095427e-29 -3.898364434420241100e-28 1.903912138547488379e-27 -8.397615640773848135e-27 3.298125185978162130e-26 -1.137523576552688656e-25 3.390259012639598034e-25 -8.527818303331422822e-25 1.754589628253415499e-24 -2.726643175857284721e-24 2.981824506699623161e-24 1.598562877369854540e-25 1.310655706375019364e-24 1.955739761170702655e-23 4.647814668904729258e-23 9.426632212902313646e-23 1.118140274064134179e-22 1.036890734474856097e-22 7.110794347333956117e-23 2.298129269446671714e-23 -5.825204606216766227e-24 -1.502102109196927036e-23 -1.443078079775290767e-23 -1.041258816362705835e-23 -6.216430247655743288e-24 -3.175659122313521508e-24 -1.417289727506151284e-24 -5.616590230629690191e-25 -2.002922056973122335e-25 -6.498269983312579363e-26 -1.935520913065472989e-26 -5.332156624073459373e-27 -1.367078925931682773e-27 -3.278628596251966996e-28 -7.386446442764646872e-29 -1.568641717329140568e-29 -3.148806999224089189e-30 -5.986597224231938913e-31 -1.079337405285447972e-31 -1.845290563685135556e-32 -2.992736834520999341e-33 0.000000000000000000e+00
0.000000000000000000e+00 4.343655934487564023e-33 -1.868246819689496164e-32 9.035170064414442431e-32 -4.700881417158197313e-31 2.671613908267552317e-30 -1.597892485332879986e-29 9.512629250787358769e-29 -5.390001098945621911e-28 2.826071235946252938e-27 -1.347610541617018132e-26 5.772783807543478347e-26 -2.196523080486407087e-25 7.333307163070912317e-25 -2.111873171653992324e-24 5.144733829787045097e-24 -1.009345533073133962e-23 1.581519741829566446e-23 -1.147114441511690879e-23 2.287439161650050045e-23 1.051605970948033119e-22 3.716672705134050084e-22 1.057276779033175888e-21 2.175109907711462027e-21 2.941863914718860038e-21 3.069838215712691379e-21 2.607358443849662880e-21 1.516394586239885859e-21 7.008886488162121122e-22 3.065819330764176761e-22 1.429450824088919831e-22 7.139645405435163604e-23 3.561859996966467335e-23 1.668977843259874388e-23 7.137613803370070640e-24 2.766114117847372863e-24 9.737217786748545436e-25 3.131315175768422095e-25 9.257910011164541081e-26 2.531615770392884774e-26 6.436757816160608255e-27 1.528434800385730909e-27 3.401713185754402890e-28 7.115583005798952988e-29 1.401463533193340467e-29 2.601043421593324038e-30 4.546131072891013369e-31 7.461690230848487327e-32 1.144154307773549077e-32 0.000000000000000000e+00
0.000000000000000000e+00 -1.934458675123972632e-32 9.035170064414423820e-32 -4.959979942326951333e-31 2.966039058101941159e-30 -1.870944973709460873e-29 1.178693710331676282e-28 -7.098335242020741510e-28 3.975904712749051201e-27 -2.037565055274922837e-26 9.448554270244670344e-26 -3.926861809205693458e-25 1.448580584749376337e-24 -4.681863135629986356e-24 1.308398622791748876e-23 -3.055521025776209518e-23 6.006399677388079258e-23 -7.445953920581247626e-23 1.536323290010643425e-22 3.773983460806915485e-22 2.208923157601996000e-21 7.770718316575599846e-21 2.581671897714398912e-20 5.265338680829804892e-20 6.427205642671374125e-20 6.187848257952194938e-20 4.374626448936825967e-20 1.616593893707936683e-20 1.665818180499889990e-21 -1.670275716519571631e-21 -1.336464584479538053e-21 -6.653696631064263284e-22 -2.822921575202902116e-22 -1.117473503977986530e-22 -4.217916779408559779e-23 -1.508962444715442424e-23 -5.061014834928904380e-24 -1.580272318595654363e-24 -4.582804429403151743e-25 -1.235075468692652209e-25 -3.099322601396614823e-26 -7.258216114026035632e-27 -1.589312834734895922e-27 -3.257469332317917791e-28 -6.248344850746453904e-29 -1.119269375834641269e-29 -1.862290418417325195e-30 -2.845324688545403632e-31 -3.879449317837444817e-32 0.000000000000000000e+00
0.000000000000000000e+00 8.826613986344511822e-32 -4.700881417158173666e-31 2.966039058101942560e-30 -1.970197959334959277e-29 1.310174715199120808e-28 -8.355507560116778046e-28 4.976287637800804338e-27 -2.724908477750786869e-26 1.358053672763276671e-25 -6.109569885988468976e-25 2.461508217901395834e-24 -8.790734882762526473e-24 2.756923454222542200e-23 -7.399156593878776826e-23 1.722093136172038822e-22 -2.844026116834812645e-22 6.613037087466656517e-22 9.573467217386986814e-22 9.992686748667848782e-21 4.029271696840958491e-20 1.958602064179952749e-19 5.459288783626128051e-19 1.144183312322126893e-18 1.518079380940338794e-18 1.556255458156386401e-18 1.297345853736097689e-18 7.128244021520170978e-19 2.988857357514344571e-19 1.090675097951529830e-19 3.702652841259946089e-20 1.192999101389703780e-20 3.678734416870957464e-21 1.102033711128550973e-21 3.264313077987373491e-22 9.638588731550247019e-23 2.817773663486638188e-23 8.026112792859294146e-24 2.191271414421741944e-24 5.665933649157153272e-25 1.377393564883187397e-25 3.134883826293256718e-26 6.659852261821882113e-27 1.316098046921528883e-27 2.405300048758323656e-28 4.020035375620763312e-29 6.000323505129533138e-30 7.549509499305022643e-31 6.317693306026135124e-32 0.000000000000000000e+00
0.000000000000000000e+00 -4.339703469637673063e-31 2.671613908267545311e-30 -1.870944973709457790e-29 1.310174715199118790e-28 -8.820884399973783989e-28 5.564235053610926249e-27 -3.240082419105979783e-26 1.725497585775089058e-25 -8.342950667509327626e-25 3.638374003239710006e-24 -1.419155087451501070e-23 4.917350438908195562e-23 -1.482514575061845036e-22 3.951892607218336828e-22 -7.953120718529978793e-22 2.086485872287562391e-21 1.708404211555872638e-21 3.534051737456776251e-20 1.567590750859382086e-19 1.032933987036141524e-18 3.648865497816115413e-18 1.230345618241156652e-17 2.605640612310843382e-17 3.250215577616554317e-17 3.197998244556581280e-17 2.378787468669715020e-17 9.828491087109302451e-18 2.118768281073623889e-18 -4.036158908631988305e-20 -2.414180188633082626e-19 -1.223060280858898230e-19 -4.301658277612058974e-20 -1.262105889675999830e-20 -3.331200003702515114e-21 -8.289793758169285545e-22 -2.008328790016991154e-22 -4.816258090301196726e-23 -1.143921724609026418e-23 -2.660968149280839699e-24 -5.967622841573748057e-25 -1.270450363953985084e-25 -2.530664453017642002e-26 -4.641357572781401018e-27 -7.647731247672784464e-28 -1.074976597760684281e-28 -1.095017382590196446e-29 -5.329872524418797642e-32 3.900909865570712119e-31 0.000000000000000000e+00
0.000000000000000000e+00 2.327297014757530031e-30 -1.597892485332864291e-29 1.178693710331671574e-28 -8.355507560116754728e-28 5.564235053610917640e-27 -3.431890155843268053e-26 1.943588872160040264e-25 -1.004146075592033672e-24 4.706224355032893399e-24 -1.986876371553276220e-23 7.517940758269720006e-23 -2.505408324265661617e-22 7.484517584987112837e-22 -1.752822223101427393e-21 5.139344626335056106e-21 1.902571205598852258e-21 1.000333878023205839e-19 4.778872564161539879e-19 4.034790285572604038e-18 1.719123418178623811e-17 8.333692946954043120e-17 2.524098325078061968e-16 5.404196099704634549e-16 7.007780406366550035e-16 7.068808600021394928e-16 5.695667804182342237e-16 2.841803799828404467e-16 1.031716802007797573e-16 3.181216391795124589e-17 9.206712199616840156e-18 2.584683402298875244e-18 6.952511801541575033e-19 1.757682833687843269e-19 4.145935220014499949e-20 9.170787063301821045e-21 1.927208136756126810e-21 3.909816880091562223e-22 7.764497563091982100e-23 1.518828333225552066e-23 2.911963610965732005e-24 5.382236785682191726e-25 9.325586498346102667e-26 1.445359637197688569e-26 1.800735787151993086e-27 1.070483406282547838e-28 -3.137927078699457986e-29 -1.612099563434837058e-29 -4.962563703578811685e-30 0.000000000000000000e+00
0.000000000000000000e+00 -1.312098932811454561e-29 9.512629250787301596e-29 -7.098335242020711915e-28 4.976287637800791424e-27 -3.240082419105975765e-26 1.943588872160037509e-25 -1.067841104724095860e-24 5.347543667037954450e-24 -2.426155913808403168e-23 9.934777988903396846e-23 -3.616241471795199565e-22 1.192174265303513635e-21 -3.158229423343060568e-21 1.024636968499621300e-20 2.896483695275936445e-22 2.311803222675800592e-19 1.177316082550687596e-18 1.220214368368734830e-17 6.064052087449450796e-17 3.889703863985943438e-16 1.541171149485215351e-15 5.166496714731325451e-15 1.129273716086641174e-14 1.428261464446901016e-14 1.422212774774632402e-14 1.096729233925320702e-14 4.812682332268026688e-15 1.317173597599232595e-15 2.153301805652439416e-16 2.377412627138669282e-18 -1.282131213315138694e-17 -5.708760936538984945e-18 -1.738147800009354268e-18 -4.385841964145320357e-19 -9.776641218604193424e-20 -1.988185319845712837e-20 -3.765975545770720859e-21 -6.746629530607001617e-22 -1.154979682631442576e-22 -1.894382873670541738e-23 -2.943860510424334991e-24 -4.173736233777627316e-25 -4.835210845740519834e-26 -2.511215647090889598e-27 9.106736043511589344e-28 4.449273561595505768e-28 1.336297277763592371e-28 3.404872874292376961e-29 0.000000000000000000e+00
0.000000000000000000e+00 7.345655576098001259e-29 -5.390001098945590521e-28 3.975904712749030395e-27 -2.724908477750771945e-26 1.725497585775084925e-25 -1.004146075592030182e-24 5.347543667037943430e-24 -2.592279711194403197e-23 1.140644808504016111e-22 -4.493613718045305137e-22 1.616366915677738529e-21 -4.751240960203559025e-21 1.691341110868048424e-20 -4.036297740199443991e-21 4.433445178794812088e-19 2.397109153086953141e-18 2.948596736020965502e-17 1.668981281980864612e-16 1.336364174499582459e-15 6.531568665821814775e-15 3.065002283879580985e-14 9.999673947558165002e-14 2.207513533567588441e-13 2.823298233943316821e-13 2.828308674889967948e-13 2.239066449076519227e-13 1.034117755753773227e-13 3.285005955170332469e-14 8.326931595042646125e-15 1.901192519388184307e-15 4.277281959815877891e-16 9.801153497971380957e-17 2.242291225453508441e-17 4.948898816320420057e-18 1.030292827125596895e-18 2.006507072524432853e-19 3.656247970991139509e-20 6.256744706787268475e-21 1.009058788450537404e-21 1.532938142681923583e-22 2.169044312988657964e-23 2.749557537054418893e-24 2.733996140184153843e-25 6.875792770260596797e-27 -6.782320253861894823e-27 -2.702091942440198966e-27 -7.468375467375282961e-28 -1.803657895710371067e-28 0.000000000000000000e+00
0.000000000000000000e+00 -3.898364434420222266e-28 2.826071235946225675e-27 -2.037565055274913654e-26 1.358053672763268865e-25 -8.342950667509274361e-25 4.706224355032883848e-24 -2.426155913808392001e-23 1.140644808504011644e-22 -4.828730983219893292e-22 1.878877422786870200e-21 -6.043274641868939729e-21 2.345256444343336442e-20 -1.042155496214192817e-20 7.145754682801207814e-19 4.101285080079728259e-18 5.825829244157643954e-17 3.690934892272166332e-16 3.537130445890784760e-15 2.048936367461835366e-14 1.243920849962742138e-13 5.454205002511050519e-13 1.862286971627611709e-12 4.192363913985524652e-12 5.318342899498838200e-12 5.314973489670707229e-12 4.165874965071895907e-12 1.833812859853212553e-12 5.266847348853013111e-13 1.082770931922748680e-13 1.581495932278709709e-14 1.162369833557301419e-15 -2.120770293761001939e-16 -1.205424204676646659e-16 -3.523627062275647972e-17 -8.201361270673299666e-18 -1.669206516523636183e-18 -3.080552610241099172e-19 -5.248142650658994532e-20 -8.331692229869575174e-21 -1.236338931933927142e-21 -1.704717795778319152e-22 -2.129814290455194202e-23 -2.219627228518650040e-24 -1.274211149475891318e-25 2.261591630216715700e-26 1.162520711670412387e-26 3.311079993257401655e-27 7.968064571501976969e-28 0.000000000000000000e+00
0.000000000000000000e+00 1.903912138547467931e-27 -1.347610541617004931e-26 9.448554270244576212e-26 -6.109569885988415711e-25 3.638374003239680619e-24 -1.986876371553251829e-23 9.934777988903260488e-23 -4.493613718045222382e-22 1.878877422786848758e-21 -6.543080191675380340e-21 2.755899126376400936e-20 -1.634176477811735934e-20 9.771849022798152031e-19 5.968550744197704375e-18 9.572577088234054220e-17 6.701425052562315098e-16 7.448673889930114510e-15 4.969897006574089249e-14 3.696241784534426371e-13 2.032599251062689610e-12 9.557304526230060652e-12 3.293686207763056062e-11 7.517145886865856223e-11 9.541750516931842298e-11 9.543469800594812464e-11 7.536308077812144122e-11 3.314079510396160535e-11 9.694968822283636576e-12 2.157562488731620808e-12 4.022585399925474781e-13 6.851474603520621259e-14 1.159029294240155637e-14 2.060524072213744327e-15 3.854124639281896124e-16 7.298450671704672040e-17 1.345307713028254030e-17 2.358382856124884470e-18 3.893314799962996488e-19 6.033093210952949103e-20 8.759406087586248230e-21 1.185318626166202282e-21 1.470415201955190130e-22 1.591257012265531303e-23 1.245890611130785433e-24 -1.937368160358399680e-26 -3.984424253735857975e-26 -1.251229634668052038e-26 -3.063924743820643810e-27 0.000000000000000000e+00
0.000000000000000000e+00 -8.397615640773756300e-27 5.772783807543394547e-26 -3.926861809205646622e-25 2.461508217901357263e-24 -1.419155087451478148e-23 7.517940758269528400e-23 -3.616241471795089069e-22 1.616366915677663486e-21 -6.043274641868571094e-21 2.755899126376292603e-20 -1.876898360292639101e-20 1.140926362485465591e-18 7.450626864914569741e-18 1.324099502724964937e-16 1.014847016471443372e-15 1.277322861072128525e-14 9.613689485899543457e-14 8.422885175492472672e-13 5.542946021988704366e-12 3.319967522442204776e-11 1.556872012979700640e-10 5.505168480261706687e-10 1.278508774554593004e-09 1.616771101866653335e-09 1.616718478447357204e-09 1.277322921320928929e-09 5.492728190657673848e-10 1.548208979875906393e-10 3.236855035983228118e-11 5.354406896237412100e-12 7.131647303653472656e-13 7.194781980682283284e-14 3.393439053190739180e-15 -7.488211952642835784e-16 -2.999702101980127970e-16 -6.993549027459522800e-17 -1.335716938792012049e-17 -2.258837953209398540e-18 -3.478342653294361920e-19 -4.928358644956966222e-20 -6.423223872901028260e-21 -7.592528613771451808e-22 -7.760483949303299002e-23 -5.696056567945060416e-24 8.934984655154350433e-26 1.631867146185778336e-25 4.850694283893947308e-26 1.133885930307894901e-26 0.000000000000000000e+00
0.000000000000000000e+00 3.298125185978098993e-26 -2.196523080486363465e-25 1.448580584749342174e-24 -8.790734882762295782e-24 4.917350438908003956e-23 -2.505408324265532783e-22 1.192174265303409063e-21 -4.751240960203012091e-21 2.345256444343012946e-20 -1.634176477810515376e-20 1.140926362485431310e-18 8.017899004804253834e-18 1.554183579501188251e-16 1.296067747273566536e-15 1.813477996719651458e-14 1.516437889638318672e-13 1.520787857137754629e-12 1.158651501730636177e-11 8.382201891476738414e-11 4.953275075733635753e-10 2.395475654142094037e-09 8.628366994267531576e-09 2.035312223450438300e-08 2.567121211429628345e-08 2.567113809469440538e-08 2.035933582232342928e-08 8.634752002435864514e-09 2.400095161542438272e-09 5.000198617560211980e-10 8.469297712768927325e-11 1.234900368511491043e-11 1.630878579692548156e-12 2.064095595035529236e-13 2.663941196619259830e-14 3.665958570239742299e-15 5.369307638855020367e-16 8.034750510835969124e-17 1.172360935380115622e-17 1.609631999393833066e-18 2.020715821719287154e-19 2.233355690996013719e-20 1.984429026820980894e-21 9.024822203568408558e-23 -1.536434188304477580e-23 -6.120871835238210513e-24 -1.414632589372996445e-24 -2.784795959220150294e-25 -5.156959935856173308e-26 0.000000000000000000e+00
0.000000000000000000e+00 -1.137523576552656284e-25 7.333307163070680892e-25 -4.681863135629798277e-24 2.756923454222391148e-23 -1.482514575061723255e-22 7.484517584986141408e-22 -3.158229423342444797e-21 1.691341110867611478e-20 -1.042155496212302397e-20 9.771849022797175585e-19 7.450626864914917949e-18 1.554183579501175432e-16 1.405131673682929775e-15 2.154948465797946375e-14 1.980999688945469001e-13 2.226463754843135146e-12 1.917956135264332258e-11 1.614246579093461592e-10 1.141415043523226932e-09 6.961307166775630359e-09 3.415332087348504927e-08 1.254905912386152897e-07 3.007673752787868851e-07 3.779575797254352103e-07 3.779598671578959658e-07 3.007402061291122109e-07 1.254635051975707215e-07 3.413276372432077539e-08 6.939146671097659805e-09 1.138425472102797394e-09 1.575845465496593077e-10 1.883897896852666464e-11 1.950073141479583884e-12 1.690897044268956935e-13 1.059698061796093455e-14 6.198856073624347406e-17 -1.197975325552125174e-16 -2.427760413565981719e-17 -3.026318750389920237e-18 -1.968769483323009897e-19 2.255461319768578459e-20 1.161464610939138692e-20 2.842049872136028435e-21 5.519594356929615019e-22 9.467018503794369778e-23 1.501187472692142430e-23 2.262454801207952109e-24 3.310376071054083078e-25 0.000000000000000000e+00
0.000000000000000000e+00 3.390259012639457984e-25 -2.111873171653867060e-24 1.308398622791650134e-23 -7.399156593877874046e-23 3.951892607217645167e-22 -1.752822223100874816e-21 1.024636968499249957e-20 -4.036297740177659918e-21 7.145754682800036848e-19 5.968550744198352258e-18 1.324099502724939793e-16 1.296067747273582313e-15 2.154948465797939749e-14 2.163305173492083004e-13 2.683612778755230848e-12 2.571607848773843759e-11 2.452374482796703319e-10 2.001991594423311807e-09 1.458146025176407050e-08 8.964750378840805677e-08 4.475698378147169673e-07 1.672934411544206068e-06 4.068265067019949418e-06 5.091433912126705389e-06 5.091416298328234277e-06 4.068362172095405854e-06 1.673026857240576654e-06 4.476444829641055097e-07 8.973320475984474810e-08 1.458747686975390930e-08 2.018291146538331876e-09 2.455121729993702002e-10 2.692165816343329840e-11 2.721423145480613633e-12 2.589278686460576877e-13 2.342861539294966384e-14 1.947935443526557207e-15 1.192923093890025178e-16 -4.024909702813469431e-18 -3.649913266788203646e-18 -9.697708791535928280e-19 -1.995613086735891033e-19 -3.593767502489852122e-20 -5.903942396834407554e-21 -9.032975861793193625e-22 -1.304306032908976324e-22 -1.795704149448588763e-23 -2.371110384898139257e-24 0.000000000000000000e+00
0.000000000000000000e+00 -8.527818303330776300e-25 5.144733829786511717e-24 -3.055521025775698766e-23 1.722093136171626928e-22 -7.953120718526299026e-22 5.139344626332574215e-21 2.896483695461374910e-22 4.433445178793856826e-19 4.101285080080455490e-18 9.572577088233806469e-17 1.014847016471472559e-15 1.813477996719637889e-14 1.980999688945478341e-13 2.683612778755226001e-12 2.831327792698548056e-11 3.005481432376131428e-10 2.765565204850731987e-09 2.318555888597257519e-08 1.690265976887598277e-07 1.050907899791057973e-06 5.304665790804727888e-06 2.010565096273951084e-05 4.950679732929464636e-05 6.165372711713179132e-05 6.165381539461204708e-05 4.950652217473939159e-05 2.010540806705041748e-05 5.304452248273604550e-06 1.050645171809677743e-06 1.690311870576536847e-07 2.312816402566696082e-08 2.769913101658005533e-09 2.960014584525327421e-10 2.862843263690816775e-11 2.542529800039806812e-12 2.134205087498816070e-13 1.838111451355691327e-14 1.936526499976901534e-15 2.830546068481797086e-16 5.077039605656919809e-17 9.398346064667355901e-18 1.664116061630012209e-18 2.767533569893402382e-19 4.324383537989216305e-20 6.379570757972805598e-21 8.934811179536979947e-22 1.194126532106371173e-22 1.523455729174187421e-23 0.000000000000000000e+00
0.000000000000000000e+00 1.754589628253175258e-24 -1.009345533072911794e-23 6.006399677386063285e-23 -2.844026116833056456e-22 2.086485872286154055e-21 1.902571205609593079e-21 2.311803222675124590e-19 2.397109153087465439e-18 5.825829244157406064e-17 6.701425052562576408e-16 1.277322861072111959e-14 1.516437889638331799e-13 2.226463754843127068e-12 2.571607848773847636e-11 3.005481432376131428e-10 3.072670363553925512e-09 2.897287051772153152e-08 2.416961645464604556e-07 1.768443953343717676e-06 1.100471623461111149e-05 5.578679511733748085e-05 2.131047660028682162e-04 5.291214457697327768e-04 6.550658556988798401e-04 6.550655370952870047e-04 5.291220351398031024e-04 2.131052175236214027e-04 5.578724804106537506e-05 1.100532090568451806e-05 1.768353769650069401e-06 2.418603313938002346e-07 2.894075533460306669e-08 3.087459106401991781e-09 2.976571160096124061e-10 2.612877321604694257e-11 2.073997447655346850e-12 1.404529302645124451e-13 5.654962173040144002e-15 -5.977034409064865756e-16 -2.365646203025865316e-16 -5.131443807410052917e-17 -9.360961196237145369e-18 -1.552640565440675528e-18 -2.401921839768558999e-19 -3.505627587720474742e-20 -4.859963457577431282e-21 -6.430445678101000737e-22 -8.112918314425629312e-23 0.000000000000000000e+00
0.000000000000000000e+00 -2.726643175856507425e-24 1.581519741828812073e-23 -7.445953920574890552e-23 6.613037087460350225e-22 1.708404211560350425e-21 1.000333878022831848e-19 1.177316082550947597e-18 2.948596736020798486e-17 3.690934892272337416e-16 7.448673889929999336e-15 9.613689485899654528e-14 1.520787857137747762e-12 1.917956135264335812e-11 2.452374482796703319e-10 2.765565204850731574e-09 2.897287051772154475e-08 2.712078594424571035e-07 2.258594863383445001e-06 1.637426141323659724e-05 1.008790094150999601e-04 5.071895814187345674e-04 1.931855114176787933e-03 4.799144803975138179e-03 5.897870100008302356e-03 5.897870927351204877e-03 4.799143923415731539e-03 1.931854641428495814e-03 5.071889558181250568e-04 1.008780724672502237e-04 1.637462745101949239e-05 2.258224286662037607e-06 2.713383487117817265e-07 2.893193873625351232e-08 2.779444390602302860e-09 2.441152631704020934e-10 1.997927467449124901e-11 1.581558383778959373e-12 1.316721486878845893e-13 1.323375272647719059e-14 1.730519933090876320e-15 2.687578078823973194e-16 4.363106709461359920e-17 6.926891260433704419e-18 1.051790039115885163e-18 1.520555413656365130e-19 2.095440900855641079e-20 2.759931150543426323e-21 3.467504423243118641e-22 0.000000000000000000e+00
0.000000000000000000e+00 2.981824506697603515e-24 -1.147114441509854169e-23 1.536323290008676353e-22 9.573467217401149170e-22 3.534051737455247544e-20 4.778872564162523066e-19 1.220214368368645313e-17 1.668981281980944237e-16 3.537130445890716523e-15 4.969897006574163086e-14 8.422885175492424204e-13 1.158651501730639246e-11 1.614246579093461592e-10 2.001991594423310979e-09 2.318555888597259835e-08 2.416961645464602968e-07 2.258594863383445425e-06 1.855583175523392971e-05 1.316706386587946774e-04 7.882816676407061176e-04 3.847348715117341212e-03 1.432206538702620116e-02 3.504755778760509921e-02 4.265278349797031049e-02 4.265278204464695300e-02 3.504755858194326390e-02 1.432206534844926091e-02 3.847349063455969987e-03 7.882823675266564193e-04 1.316698348079921863e-04 1.855646412454456257e-05 2.258240637107679657e-06 2.417889491863252742e-07 2.313978855183644222e-08 2.004835474286120054e-09 1.584952220389804372e-10 1.138813633012527881e-11 7.123683827181366335e-13 3.054488704296445622e-14 -1.217352039557968278e-15 -6.359533856958533088e-16 -1.316775347386651259e-16 -2.242309370679253832e-17 -3.475120668096277298e-18 -5.049046738314748202e-19 -6.958595533225483648e-20 -9.152106392477831030e-21 -1.147750112836714832e-21 0.000000000000000000e+00
0.000000000000000000e+00 1.598562877412510750e-25 2.287439161646300218e-23 3.773983460810796968e-22 9.992686748664157918e-21 1.567590750859709254e-19 4.034790285572298201e-18 6.064052087449730595e-17 1.336364174499553863e-15 2.048936367461868183e-14 3.696241784534399108e-13 5.542946021988720522e-12 8.382201891476734537e-11 1.141415043523226518e-09 1.458146025176408539e-08 1.690265976887597747e-07 1.768443953343718735e-06 1.637426141323659724e-05 1.316706386587946774e-04 8.988466971842476363e-04 5.083960037400289678e-03 2.317613096942348558e-02 8.099800492333204815e-02 1.886688109928136015e-01 2.262792556177830594e-01 2.262792570503816825e-01 1.886688105980805774e-01 8.099800563840937884e-02 2.317613131678692914e-02 5.083960355532227138e-03 8.988475367106047061e-04 1.316698870968743135e-04 1.637490550372579275e-05 1.768286040579729091e-06 1.691330481220992685e-07 1.457540032012062415e-08 1.149096154650480857e-09 8.423996019776833876e-11 5.889407833632744448e-12 4.142937648288222496e-13 3.268153220542087659e-14 3.276392581789029944e-15 4.172845398699988973e-16 5.977872363667752045e-17 8.713373163631791581e-18 1.237114539996603169e-18 1.687952983462147102e-19 2.207807990771124004e-20 2.758404761821562311e-21 0.000000000000000000e+00
0.000000000000000000e+00 1.310655706369664988e-24 1.051605970948702328e-22 2.208923157601335467e-21 4.029271696841699372e-20 1.032933987036067953e-18 1.719123418178697459e-17 3.889703863985866031e-16 6.531568665821897605e-15 1.243920849962733555e-13 2.032599251062695668e-12 3.319967522442200252e-11 4.953275075733635753e-10 6.961307166775634495e-09 8.964750378840797736e-08 1.050907899791059032e-06 1.100471623461111149e-05 1.008790094150999872e-04 7.882816676407065513e-04 5.083960037400287943e-03 2.611170615854688237e-02 1.036690526843568882e-01 3.114113055037805444e-01 6.311660848225074671e-01 7.360957002998889109e-01 7.360957001069398098e-01 6.311660853573621832e-01 3.114113051839876301e-01 1.036690523351058574e-01 2.611170547447233883e-02 5.083960178924761507e-03 7.882821361780750682e-04 1.008783003429950681e-04 1.100487892960871555e-05 1.050746629413082096e-06 8.965649812213397070e-08 6.948034055805986192e-09 4.948619251223480556e-10 3.258704707521994896e-11 1.969633881767917631e-12 1.038741659290213859e-13 3.612723234398043387e-15 -1.783588950116847112e-16 -6.790332449101844824e-17 -1.212071406197173699e-17 -1.819182931700066273e-18 -2.514184475562299828e-19 -3.285958144034943302e-20 -4.084917061844892726e-21 0.000000000000000000e+00
0.000000000000000000e+00 1.955739761171521093e-23 3.716672705133092291e-22 7.770718316576820103e-21 1.958602064179812396e-19 3.648865497816266406e-18 8.333692946953880418e-17 1.541171149485233298e-15 3.065002283879560159e-14 5.454205002511065665e-13 9.557304526230041265e-12 1.556872012979700899e-10 2.395475654142093623e-09 3.415332087348503604e-08 4.475698378147169144e-07 5.304665790804726194e-06 5.578679511733748085e-05 5.071895814187346758e-04 3.847348715117341646e-03 2.317613096942346823e-02 1.036690526843568605e-01 3.200137289959735232e-01 6.773841213330407118e-01 8.850105729371239294e-01 9.414223450329087806e-01 9.414223441801184977e-01 8.850105721451232421e-01 6.773841207414365018e-01 3.200137284325441089e-01 1.036690521037768459e-01 2.317613011398472755e-02 3.847348930428223183e-03 5.071898401490089687e-04 5.578677519082235134e-05 5.304770543493191702e-06 4.475629977161102257e-07 3.416363409883972853e-08 2.395309922020755220e-09 1.561684817092905061e-10 9.574934139378762482e-12 5.594477074756368991e-13 3.186642241589490470e-14 1.856512050449939728e-15 1.210988417312629334e-16 9.767324849661115584e-18 9.778077161264563849e-19 1.104289304211355161e-19 1.285969921447542938e-20 1.470891411332655527e-21 0.000000000000000000e+00
0.000000000000000000e+00 4.647814668903362745e-23 1.057276779033360582e-21 2.581671897714180440e-20 5.459288783626376496e-19 1.230345618241129227e-17 2.524098325078093522e-16 5.166496714731274964e-15 9.999673947558225587e-14 1.862286971627603227e-12 3.293686207763061878e-11 5.505168480261701517e-10 8.628366994267529921e-09 1.254905912386153955e-07 1.672934411544205644e-06 2.010565096273951084e-05 2.131047660028682162e-04 1.931855114176788367e-03 1.432206538702620463e-02 8.099800492333211754e-02 3.114113055037804889e-01 6.773841213330407118e-01 8.944015251261587807e-01 9.720726695604783307e-01 9.897822206895569019e-01 9.897822207447303233e-01 9.720726686490410717e-01 8.944015248593647494e-01 6.773841212624304164e-01 3.114113057488691605e-01 8.099800449736706265e-02 1.432206474283574844e-02 1.931855649362456285e-03 2.131046325931999481e-04 2.010577216895964735e-05 1.672935902825847073e-06 1.255005065892216230e-07 8.629724605901961870e-09 5.510239135520292224e-10 3.303847865370926086e-11 1.882985086752489470e-12 1.041085471630560729e-13 5.850431557116425068e-15 3.699769282551016125e-16 3.007150741006419996e-17 3.200099982856296872e-18 3.948658550500123545e-19 5.055842084317557348e-20 6.355374563056789687e-21 0.000000000000000000e+00
0.000000000000000000e+00 9.426632212904302582e-23 2.175109907711206615e-21 5.265338680830120865e-20 1.144183312322090493e-18 2.605640612310884982e-17 5.404196099704586231e-16 1.129273716086646538e-14 2.207513533567580868e-13 4.192363913985532730e-12 7.517145886865849761e-11 1.278508774554592383e-09 2.035312223450438962e-08 3.007673752787868851e-07 4.068265067019948571e-06 4.950679732929465313e-05 5.291214457697326684e-04 4.799144803975137312e-03 3.504755778760509227e-02 1.886688109928134072e-01 6.311660848225071341e-01 8.850105729371241514e-01 9.720726695604786638e-01 9.941981696764170540e-01 9.984385073418300394e-01 9.984385074271733274e-01 9.941981711936268562e-01 9.720726697302957131e-01 8.850105737569039510e-01 6.311660859763756903e-01 1.886688112910227810e-01 3.504755774535559670e-02 4.799143822597320627e-03 5.291214533439466024e-04 4.950653824859655523e-05 4.068261306624012250e-06 3.007430442496650879e-07 2.035179647250511748e-08 1.277285927305583548e-09 7.505291928667165540e-11 4.150867612809641307e-12 2.153716584063840173e-13 1.018433124768961114e-14 3.827128998199686601e-16 1.278365045363567511e-18 -2.282851093102043543e-18 -4.135184089681769462e-19 -5.770855079751447642e-20 -7.278578973662118688e-21 0.000000000000000000e+00
0.000000000000000000e+00 1.118140274064059887e-22 2.941863914718950692e-21 6.427205642671233292e-20 1.518079380940358438e-18 3.250215577616530282e-17 7.007780406366581590e-16 1.428261464446897545e-14 2.823298233943321869e-13 5.318342899498830122e-12 9.541750516931855222e-11 1.616771101866651267e-09 2.567121211429629007e-08 3.779575797254351573e-07 5.091433912126702001e-06 6.165372711713179132e-05 6.550658556988794064e-04 5.897870100008295417e-03 4.265278349797029661e-02 2.262792556177828651e-01 7.360957002998881338e-01 9.414223450329082254e-01 9.897822206895564578e-01 9.984385073418297063e-01 9.997166788632878553e-01 9.997166802247380302e-01 9.984385081404820728e-01 9.897822218863131516e-01 9.414223461739783527e-01 7.360957015826791183e-01 2.262792571612750325e-01 4.265278348886018117e-02 5.897870414962276715e-03 6.550658346778098643e-04 6.165373621137166529e-05 5.091429483962287431e-06 3.779561917745366987e-07 2.567053951853311976e-08 1.616620080820026629e-09 9.536626723075654591e-11 5.309467771238359330e-12 2.800251391659498714e-13 1.391412198543103144e-14 6.277341563948209461e-16 2.128507669899404063e-17 -2.973093195286020108e-19 -1.977120585181232532e-19 -3.411447716064245952e-20 -4.801140891214649979e-21 0.000000000000000000e+00
0.000000000000000000e+00 1.036890734474883251e-22 3.069838215712627808e-21 6.187848257952330957e-20 1.556255458156367527e-18 3.197998244556602234e-17 7.068808600021374221e-16 1.422212774774634611e-14 2.828308674889963910e-13 5.314973489670714499e-12 9.543469800594807294e-11 1.616718478447356377e-09 2.567113809469439545e-08 3.779598671578960717e-07 5.091416298328230889e-06 6.165381539461201998e-05 6.550655370952872215e-04 5.897870927351204877e-03 4.265278204464695994e-02 2.262792570503815992e-01 7.360957001069394767e-01 9.414223441801160552e-01 9.897822207447306564e-01 9.984385074271734384e-01 9.997166802247382522e-01 9.997166792282787817e-01 9.984385100787432910e-01 9.897822223534784580e-01 9.414223458876864736e-01 7.360957020934802975e-01 2.262792581119018875e-01 4.265278424151277420e-02 5.897870821036461410e-03 6.550660065921672884e-04 6.165379728544437147e-05 5.091448393828602113e-06 3.779614152201788845e-07 2.567184675846907858e-08 1.616919717849291560e-09 9.542968753832197646e-11 5.321944520301285780e-12 2.823192446930348408e-13 1.431026662625947593e-14 6.922521533915827874e-16 3.123377949534975525e-17 1.160241782788232413e-18 5.817321069403731867e-21 -6.952822596634919040e-21 -1.343198765146093104e-21 0.000000000000000000e+00
0.000000000000000000e+00 7.110794347333711615e-23 2.607358443849703505e-21 4.374626448936785041e-20 1.297345853736106549e-18 2.378787468669699921e-17 5.695667804182363931e-16 1.096729233925318020e-14 2.239066449076520994e-13 4.165874965071893484e-12 7.536308077812138952e-11 1.277322921320929136e-09 2.035933582232341935e-08 3.007402061291121580e-07 4.068362172095404160e-06 4.950652217473935771e-05 5.291220351398029939e-04 4.799143923415728936e-03 3.504755858194327084e-02 1.886688105980805219e-01 6.311660853573619612e-01 8.850105721451221319e-01 9.720726686490400725e-01 9.941981711936273003e-01 9.984385081404822948e-01 9.984385100787435130e-01 9.941981716530805535e-01 9.720726703182123174e-01 8.850105735379715233e-01 6.311660863115601261e-01 1.886688129207936271e-01 3.504755968219911560e-02 4.799145191760865320e-03 5.291221549468186477e-04 4.950682326406664939e-05 4.068357927910072779e-06 3.007713052289755397e-07 2.035909755963934845e-08 1.278981110387115817e-09 7.541141813046852810e-11 4.220661323840083430e-12 2.279885656782833267e-13 1.231739401121029133e-14 7.220105014458799612e-16 5.231831004815198459e-17 5.010201622025006673e-18 5.801603821050766082e-19 7.180627456821874965e-20 8.849992540592463507e-21 0.000000000000000000e+00
0.000000000000000000e+00 2.298129269445450670e-23 1.516394586240075631e-21 1.616593893707716706e-20 7.128244021520477201e-19 9.828491087108932673e-18 2.841803799828448347e-16 4.812682332267981723e-15 1.034117755753776887e-13 1.833812859853208110e-12 3.314079510396164413e-11 5.492728190657663508e-10 8.634752002435867823e-09 1.254635051975706686e-07 1.673026857240576442e-06 2.010540806705042087e-05 2.131052175236213485e-04 1.931854641428495598e-03 1.432206534844926091e-02 8.099800563840936496e-02 3.114113051839875745e-01 6.773841207414359467e-01 8.944015248593641942e-01 9.720726697302953800e-01 9.897822218863141508e-01 9.897822223534789021e-01 9.720726703182122064e-01 8.944015278261945312e-01 6.773841234138748835e-01 3.114113076951248171e-01 8.099800689089138583e-02 1.432206694685682173e-02 1.931857097121061776e-03 2.131053593061489615e-04 2.010606740285992880e-05 1.673036995433905078e-06 1.255305385077789729e-07 8.637631743051082550e-09 5.528992829229050654e-10 3.344428681457617854e-11 1.963925607838696677e-12 1.191144984977528235e-13 8.454463020531284381e-15 7.954541275936617358e-16 9.585920860138833125e-17 1.286827945984064546e-17 1.750452717506463789e-18 2.324763695543340339e-19 2.968517721834926085e-20 0.000000000000000000e+00
0.000000000000000000e+00 -5.825204606229158142e-24 7.008886488164023542e-22 1.665818180498011832e-21 2.988857357514591090e-19 2.118768281073345399e-18 1.031716802007827155e-16 1.317173597599204787e-15 3.285005955170353926e-14 5.266847348852997965e-13 9.694968822283655963e-12 1.548208979875904067e-10 2.400095161542437445e-09 3.413276372432076877e-08 4.476444829641051920e-07 5.304452248273605397e-06 5.578724804106537506e-05 5.071889558181249483e-04 3.847349063455970854e-03 2.317613131678692914e-02 1.036690523351058157e-01 3.200137284325440534e-01 6.773841212624304164e-01 8.850105737569041731e-01 9.414223461739791299e-01 9.414223458876864736e-01 8.850105735379717453e-01 6.773841234138748835e-01 3.200137299611225949e-01 1.036690534039884787e-01 2.317613234588666166e-02 3.847351378835613209e-03 5.071916071601455548e-04 5.578771868217731380e-05 5.305172054290994037e-06 4.477057787042612171e-07 3.420744506777593958e-08 2.407178927093411761e-09 1.590567715882612751e-10 1.021475812532069295e-11 6.898532513541770495e-13 5.653336379143182216e-14 6.218113594802554155e-15 8.464095783295599738e-16 1.237922648993606730e-16 1.799998912037638132e-17 2.532919961073593613e-18 3.425921825808581273e-19 4.431571760375823399e-20 0.000000000000000000e+00
0.000000000000000000e+00 -1.502102109197845391e-23 3.065819330765305236e-22 -1.670275716520582933e-21 1.090675097951658627e-19 -4.036158908643352495e-20 3.181216391795253395e-17 2.153301805652340562e-16 8.326931595042732900e-15 1.082770931922741612e-13 2.157562488731628078e-12 3.236855035983219071e-11 5.000198617560214048e-10 6.939146671097657323e-09 8.973320475984473487e-08 1.050645171809677954e-06 1.100532090568451806e-05 1.008780724672501424e-04 7.882823675266568530e-04 5.083960355532228872e-03 2.611170547447233883e-02 1.036690521037768320e-01 3.114113057488691605e-01 6.311660859763755793e-01 7.360957015826793404e-01 7.360957020934796313e-01 6.311660863115597930e-01 3.114113076951247061e-01 1.036690534039884787e-01 2.611170639294244436e-02 5.083962452434475331e-03 7.882848420729177867e-04 1.008802904087319164e-04 1.100594371886409423e-05 1.051198185733603877e-06 8.981622199116054912e-08 6.996764028937288913e-09 5.079914724068636138e-10 3.576637869116141013e-11 2.670946243725415304e-12 2.463110510899059664e-13 3.048106916766600184e-14 4.562844226815703628e-15 7.194862369062993082e-16 1.115821370857669599e-16 1.664731687466960831e-17 2.378120385265453078e-18 3.254593958803609054e-19 4.254707920432375951e-20 0.000000000000000000e+00
0.000000000000000000e+00 -1.443078079775740981e-23 1.429450824089442926e-22 -1.336464584479951262e-21 3.702652841260458266e-20 -2.414180188633442294e-19 9.206712199617240750e-18 2.377412627136057721e-18 1.901192519388209945e-15 1.581495932278690776e-14 4.022585399925494471e-13 5.354406896237395136e-12 8.469297712768933787e-11 1.138425472102797187e-09 1.458747686975390765e-08 1.690311870576537906e-07 1.768353769650068977e-06 1.637462745101947884e-05 1.316698348079922947e-04 8.988475367106050313e-04 5.083960178924763242e-03 2.317613011398472408e-02 8.099800449736704877e-02 1.886688112910227810e-01 2.262792571612750325e-01 2.262792581119017765e-01 1.886688129207935716e-01 8.099800689089134420e-02 2.317613234588665819e-02 5.083962452434478800e-03 8.988501468078855926e-04 1.316719950364182040e-04 1.637616186489258697e-05 1.768882094446140691e-06 1.693688833186695031e-07 1.465568548092136837e-08 1.173144071458902664e-09 9.068550181382795921e-11 7.455864473937194746e-12 7.631760077791241439e-13 1.045190821750369451e-13 1.705265217664109921e-14 2.893195222247693715e-15 4.790541648414759396e-16 7.592659736090380948e-17 1.147898404999102195e-17 1.657615734094962509e-18 2.291728657230605650e-19 3.025757591264914368e-20 0.000000000000000000e+00
0.000000000000000000e+00 -1.041258816362894648e-23 7.139645405436993848e-23 -6.653696631065910857e-22 1.192999101389862519e-20 -1.223060280859012341e-19 2.584683402298976548e-18 -1.282131213315203251e-17 4.277281959815927195e-16 1.162369833557269668e-15 6.851474603520646503e-14 7.131647303653454480e-13 1.234900368511490396e-11 1.575845465496594369e-10 2.018291146538329808e-09 2.312816402566697075e-08 2.418603313938001287e-07 2.258224286662037607e-06 1.855646412454456596e-05 1.316698870968743135e-04 7.882821361780755019e-04 3.847348930428225785e-03 1.432206474283574324e-02 3.504755774535559670e-02 4.265278348886017423e-02 4.265278424151273950e-02 3.504755968219910867e-02 1.432206694685681653e-02 3.847351378835614944e-03 7.882848420729184373e-04 1.316719950364182853e-04 1.855799216278901137e-05 2.259112942395025927e-06 2.421980574014170971e-07 2.330136383094282312e-08 2.059845723822877690e-09 1.749645701864745025e-10 1.579539142266607216e-11 1.780734857540863412e-12 2.677378463044349031e-13 4.745363655729691835e-14 8.665343781200977442e-15 1.534545118227114345e-15 2.589249356769354698e-16 4.151867302187540575e-17 6.338418845954374837e-18 9.239261353104194522e-19 1.289514213996688375e-19 1.718726603026660605e-20 0.000000000000000000e+00
0.000000000000000000e+00 -6.216430247656416993e-24 3.561859996966989254e-23 -2.822921575203485631e-22 3.678734416871357697e-21 -4.301658277612423697e-20 6.952511801541767626e-19 -5.708760936539149805e-18 9.801153497971445052e-17 -2.120770293761049764e-16 1.159029294240158793e-14 7.194781980682263089e-14 1.630878579692546743e-12 1.883897896852667111e-11 2.455121729993700968e-10 2.769913101658004705e-09 2.894075533460305676e-08 2.713383487117818324e-07 2.258240637107679657e-06 1.637490550372578259e-05 1.008783003429950952e-04 5.071898401490091855e-04 1.931855649362456502e-03 4.799143822597319760e-03 5.897870414962277583e-03 5.897870821036455338e-03 4.799145191760866187e-03 1.931857097121062209e-03 5.071916071601459885e-04 1.008802904087320520e-04 1.637616186489259374e-05 2.259112942395026351e-06 2.717738630286384899e-07 2.911520037157683074e-08 2.846688649730993217e-09 2.659436852656227803e-10 2.632843830748195635e-11 3.254730861916643696e-12 5.349772685496529045e-13 1.028870461430773488e-13 2.024156726976640978e-14 3.840830981017077927e-15 6.913562944732634069e-16 1.178229189748892820e-16 1.905417526080350097e-17 2.933455660138335039e-18 4.313215508222199702e-19 6.074193365529262429e-20 8.169900467495756770e-21 0.000000000000000000e+00
0.000000000000000000e+00 -3.175659122313714730e-24 1.668977843260011333e-23 -1.117473503978160973e-22 1.102033711128645765e-21 -1.262105889676106208e-20 1.757682833687880343e-19 -1.738147800009392401e-18 2.242291225453519842e-17 -1.205424204676650603e-16 2.060524072213747482e-15 3.393439053190727741e-15 2.064095595035528984e-13 1.950073141479583884e-12 2.692165816343330163e-11 2.960014584525325870e-10 3.087459106401992195e-09 2.893193873625351563e-08 2.417889491863252742e-07 1.768286040579728879e-06 1.100487892960871555e-05 5.578677519082235134e-05 2.131046325932000024e-04 5.291214533439463855e-04 6.550658346778102980e-04 6.550660065921668548e-04 5.291221549468188646e-04 2.131053593061491512e-04 5.578771868217739511e-05 1.100594371886411117e-05 1.768882094446142597e-06 2.421980574014172559e-07 2.911520037157682743e-08 3.163119824082146824e-09 3.259291397426534360e-10 3.540821186596183013e-11 4.790964407854163654e-12 8.591950361503326288e-13 1.792776152643712717e-13 3.804635428029647865e-14 7.749277800496268424e-15 1.490980351937826911e-15 2.705906418891936861e-16 4.644374251844984232e-17 7.565652677110447278e-18 1.173790716198747490e-18 1.740071768911405728e-19 2.471625808758226214e-20 3.353632270193920945e-21 0.000000000000000000e+00
0.000000000000000000e+00 -1.417289727506196100e-24 7.137613803370435044e-24 -4.217916779408995299e-23 3.264313077987613762e-22 -3.331200003702783691e-21 4.145935220014578190e-20 -4.385841964145401246e-19 4.948898816320430072e-18 -3.523627062275650437e-17 3.854124639281899082e-16 -7.488211952642827896e-16 2.663941196619262354e-14 1.690897044268952896e-13 2.721423145480618480e-12 2.862843263690813867e-11 2.976571160096127163e-10 2.779444390602302446e-09 2.313978855183644552e-08 1.691330481220992421e-07 1.050746629413081884e-06 5.304770543493191702e-06 2.010577216895965752e-05 4.950653824859649425e-05 6.165373621137167884e-05 6.165379728544430370e-05 4.950682326406666294e-05 2.010606740285993219e-05 5.305172054291000813e-06 1.051198185733605783e-06 1.693688833186697678e-07 2.330136383094285290e-08 2.846688649730994458e-09 3.259291397426535911e-10 3.901571782148847334e-11 5.785418411916012600e-12 1.132246021685166667e-12 2.565456477783874171e-13 5.882132667628073210e-14 1.288428867241425083e-14 2.654919064580909685e-15 5.140983364552945578e-16 9.382806319705161347e-17 1.620199513884421386e-17 2.656971720602864675e-18 4.152382893662111259e-19 6.203984922088654143e-20 8.885378427822397342e-21 1.215891646843948014e-21 0.000000000000000000e+00
0.000000000000000000e+00 -5.616590230629793047e-25 2.766114117847463596e-24 -1.508962444715536463e-23 9.638588731550898243e-23 -8.289793758169864829e-22 9.170787063302070814e-21 -9.776641218604349906e-20 1.030292827125600362e-18 -8.201361270673288881e-18 7.298450671704662179e-17 -2.999702101980123040e-16 3.665958570239749399e-15 1.059698061796080991e-14 2.589278686460587480e-13 2.542529800039800350e-12 2.612877321604700074e-11 2.441152631704020417e-10 2.004835474286120882e-09 1.457540032012062911e-08 8.965649812213394423e-08 4.475629977161103316e-07 1.672935902825848979e-06 4.068261306624005474e-06 5.091429483962282349e-06 5.091448393828596184e-06 4.068357927910075320e-06 1.673036995433905289e-06 4.477057787042617995e-07 8.981622199116068147e-08 1.465568548092139815e-08 2.059845723822881826e-09 2.659436852656230905e-10 3.540821186596185598e-11 5.785418411916010985e-12 1.239604208981081482e-12 3.057986872881991715e-13 7.593850439107273928e-14 1.793006900726956393e-14 3.965634813048525785e-15 8.210481962446002760e-16 1.596562877766952481e-16 2.927871931860818655e-17 5.084119444940416474e-18 8.390547814722087912e-19 1.320507348204901825e-19 1.987902073482926387e-20 2.870020805516578903e-21 3.960078447432499865e-22 0.000000000000000000e+00
0.000000000000000000e+00 -2.002922056973143687e-25 9.737217786748754821e-25 -5.061014834929088786e-24 2.817773663486803933e-23 -2.008328790017103061e-22 1.927208136756205427e-21 -1.988185319845739921e-20 2.006507072524447538e-19 -1.669206516523634065e-18 1.345307713028249870e-17 -6.993549027459505544e-17 5.369307638855027269e-16 6.198856073621717048e-17 2.342861539294990049e-14 2.134205087498802943e-13 2.073997447655355736e-12 1.997927467449123931e-11 1.584952220389804889e-10 1.149096154650481477e-09 6.948034055805985365e-09 3.416363409883974839e-08 1.255005065892217554e-07 3.007430442496646115e-07 3.779561917745362751e-07 3.779614152201786198e-07 3.007713052289759103e-07 1.255305385077789729e-07 3.420744506777596605e-08 6.996764028937298012e-09 1.173144071458904111e-09 1.749645701864747868e-10 2.632843830748199836e-11 4.790964407854166885e-12 1.132246021685166465e-12 3.057986872881988685e-13 8.260418456898492408e-14 2.109798584642756554e-14 5.023359028272077318e-15 1.114879239243854362e-15 2.315125371264312952e-16 4.518357552274085933e-17 8.323936118522778226e-18 1.453275056751640826e-18 2.413263580565076189e-19 3.824004383975353048e-20 5.799333415335349712e-21 8.438905301466941365e-22 1.173974412858095056e-22 0.000000000000000000e+00
0.000000000000000000e+00 -6.498269983312632169e-26 3.131315175768465257e-25 -1.580272318595691097e-24 8.026112792859657079e-24 -4.816258090301412430e-23 3.909816880091752183e-22 -3.765975545770784054e-21 3.656247970991170805e-20 -3.080552610241103024e-19 2.358382856124876766e-18 -1.335716938792009430e-17 8.034750510835981450e-17 -1.197975325552165850e-16 1.947935443526600594e-15 1.838111451355666399e-14 1.404529302645137073e-13 1.581558383778956950e-12 1.138813633012528689e-11 8.423996019776835169e-11 4.948619251223478488e-10 2.395309922020757702e-09 8.629724605901968488e-09 2.035179647250508439e-08 2.567053951853308998e-08 2.567184675846906866e-08 2.035909755963936830e-08 8.637631743051077587e-09 2.407178927093411347e-09 5.079914724068635104e-10 9.068550181382797213e-11 1.579539142266606893e-11 3.254730861916642484e-12 8.591950361503325279e-13 2.565456477783875181e-13 7.593850439107270141e-14 2.109798584642755923e-14 5.431366006453217935e-15 1.296744245441655482e-15 2.884148857554546621e-16 6.005878293445718691e-17 1.176504868195657216e-17 2.177429093342999835e-18 3.822225451692068533e-19 6.386075894564169230e-20 1.018775629414560019e-20 1.556362230199481754e-21 2.282513783048098307e-22 3.201436507809799881e-23 0.000000000000000000e+00
0.000000000000000000e+00 -1.935520913065483894e-26 9.257910011164617993e-26 -4.582804429403227048e-25 2.191271414421813943e-24 -1.143921724609071087e-23 7.764497563092355907e-23 -6.746629530607154902e-22 6.256744706787325651e-21 -5.248142650659015597e-20 3.893314799962991191e-19 -2.258837953209393918e-18 1.172360935380118087e-17 -2.427760413566039651e-17 1.192923093890093711e-16 1.936526499976860119e-15 5.654962173040352261e-15 1.316721486878838824e-13 7.123683827181382491e-13 5.889407833632743640e-12 3.258704707521994250e-11 1.561684817092908421e-10 5.510239135520294292e-10 1.277285927305581274e-09 1.616620080820024975e-09 1.616919717849291767e-09 1.278981110387116851e-09 5.528992829229043416e-10 1.590567715882609907e-10 3.576637869116134551e-11 7.455864473937181821e-12 1.780734857540859979e-12 5.349772685496521977e-13 1.792776152643710445e-13 5.882132667628070686e-14 1.793006900726955762e-14 5.023359028272078107e-15 1.296744245441655679e-15 3.101709299936886192e-16 6.914667047731590277e-17 1.444421778597428900e-17 2.840848360781392328e-18 5.283037402125485452e-19 9.325158927795748945e-20 1.567680526954955286e-20 2.517931363828440662e-21 3.874904406412882088e-22 5.727787842291655705e-23 8.101190616677715122e-24 0.000000000000000000e+00
0.000000000000000000e+00 -5.332156624073487354e-27 2.531615770392901132e-26 -1.235075468692666214e-25 5.665933649157284596e-25 -2.660968149280932269e-24 1.518828333225618775e-23 -1.154979682631476430e-22 1.009058788450550382e-21 -8.331692229869644388e-21 6.033093210952950307e-20 -3.478342653294363846e-19 1.609631999393838459e-18 -3.026318750390001896e-18 -4.024909702812425577e-18 2.830546068481735456e-16 -5.977034409064539364e-16 1.323375272647706753e-14 3.054488704296481594e-14 4.142937648288216438e-13 1.969633881767917227e-12 9.574934139378791563e-12 3.303847865370926086e-11 7.505291928667151323e-11 9.536626723075639081e-11 9.542968753832217033e-11 7.541141813046854102e-11 3.344428681457612038e-11 1.021475812532065902e-11 2.670946243725406014e-12 7.631760077791218215e-13 2.677378463044341458e-13 1.028870461430771468e-13 3.804635428029642816e-14 1.288428867241423978e-14 3.965634813048522629e-15 1.114879239243853968e-15 2.884148857554547114e-16 6.914667047731589044e-17 1.546031771403374159e-17 3.241419605751041833e-18 6.403227313321687995e-19 1.196857519526934381e-19 2.124715722794131569e-20 3.594584401604039077e-21 5.813428590884649268e-22 9.013614182259411011e-23 1.343200593397528303e-23 1.916429525210669344e-24 0.000000000000000000e+00
0.000000000000000000e+00 -1.367078925931689948e-27 6.436757816160644846e-27 -3.099322601396644669e-26 1.377393564883210586e-25 -5.967622841573917952e-25 2.911963610965845881e-24 -1.894382873670605509e-23 1.532938142681952735e-22 -1.236338931933943129e-21 8.759406087586282837e-21 -4.928358644956980666e-20 2.020715821719300877e-19 -1.968769483323127619e-19 -3.649913266788052653e-18 5.077039605656829829e-17 -2.365646203025816505e-16 1.730519933090855612e-15 -1.217352039557906747e-15 3.268153220542070620e-14 1.038741659290214617e-13 5.594477074756388176e-13 1.882985086752489470e-12 4.150867612809630806e-12 5.309467771238348021e-12 5.321944520301311629e-12 4.220661323840084238e-12 1.963925607838692638e-12 6.898532513541731115e-13 2.463110510899047547e-13 1.045190821750365664e-13 4.745363655729680476e-14 2.024156726976638138e-14 7.749277800496258958e-15 2.654919064580908107e-15 8.210481962445993885e-16 2.315125371264311966e-16 6.005878293445717459e-17 1.444421778597427976e-17 3.241419605751040677e-18 6.824965406254829534e-19 1.354782668732398928e-19 2.546073211983335878e-20 4.547089316344338219e-21 7.743381362773673984e-22 1.261294222000465923e-22 1.970880190499844549e-23 2.962062410217791877e-24 4.265948808993899374e-25 0.000000000000000000e+00
0.000000000000000000e+00 -3.278628596251984485e-28 1.528434800385739698e-27 -7.258216114026090159e-27 3.134883826293300340e-26 -1.270450363954013553e-25 5.382236785682391927e-25 -2.943860510424442255e-24 2.169044312988714682e-23 -1.704717795778346658e-22 1.185318626166213002e-21 -6.423223872901064371e-21 2.233355690996047422e-20 2.255461319768392487e-20 -9.697708791535710650e-19 9.398346064667229560e-18 -5.131443807409981426e-17 2.687578078823943119e-16 -6.359533856958444341e-16 3.276392581789003912e-15 3.612723234398062320e-15 3.186642241589503092e-14 1.041085471630560476e-13 2.153716584063831590e-13 2.800251391659492151e-13 2.823192446930375671e-13 2.279885656782836297e-13 1.191144984977524700e-13 5.653336379143140564e-14 3.048106916766582513e-14 1.705265217664103926e-14 8.665343781200956932e-15 3.840830981017073193e-15 1.490980351937825728e-15 5.140983364552942620e-16 1.596562877766951002e-16 4.518357552274085317e-17 1.176504868195656600e-17 2.840848360781390402e-18 6.403227313321684143e-19 1.354782668732398206e-19 2.703660389092178611e-20 5.110724786116131261e-21 9.185427989547353215e-22 1.575042583545688122e-22 2.584903239522134927e-23 4.072623246398084305e-24 6.177149820612376768e-25 8.989240398709924196e-26 0.000000000000000000e+00
0.000000000000000000e+00 -7.386446442764678261e-29 3.401713185754422621e-28 -1.589312834734906684e-27 6.659852261821959600e-27 -2.530664453017689354e-26 9.325586498346422943e-26 -4.173736233777796293e-25 2.749557537054514769e-24 -2.129814290455239164e-23 1.470415201955210818e-22 -7.592528613771528921e-22 1.984429026821050108e-21 1.161464610939108600e-20 -1.995613086735859977e-19 1.664116061629994298e-18 -9.360961196237045221e-18 4.363106709461322326e-17 -1.316775347386638933e-16 4.172845398699955940e-16 -1.783588950116816297e-16 1.856512050449946433e-15 5.850431557116429801e-15 1.018433124768953699e-14 1.391412198543099831e-14 1.431026662625974098e-14 1.231739401121035444e-14 8.454463020531257560e-15 6.218113594802508401e-15 4.562844226815679173e-15 2.893195222247685432e-15 1.534545118227111584e-15 6.913562944732628152e-16 2.705906418891933903e-16 9.382806319705150253e-17 2.927871931860816807e-17 8.323936118522770523e-18 2.177429093342999450e-18 5.283037402125482563e-19 1.196857519526934381e-19 2.546073211983335878e-20 5.110724786116131261e-21 9.721524842743349941e-22 1.759102836763017853e-22 3.038642661474160246e-23 5.027346881968489626e-24 7.992321518235311712e-25 1.224636478514153919e-25 1.803534412452180321e-26 0.000000000000000000e+00
0.000000000000000000e+00 -1.568641717329147855e-29 7.115583005798995587e-29 -3.257469332317939315e-28 1.316098046921543053e-27 -4.641357572781477070e-27 1.445359637197737930e-26 -4.835210845740772955e-26 2.733996140184304454e-25 -2.219627228518718366e-24 1.591257012265569213e-23 -7.760483949303438886e-23 9.024822203569669863e-23 2.842049872135977654e-21 -3.593767502489806381e-20 2.767533569893380234e-19 -1.552640565440661661e-18 6.926891260433662049e-18 -2.242309370679238116e-17 5.977872363667708904e-17 -6.790332449101797985e-17 1.210988417312630813e-16 3.699769282551026478e-16 3.827128998199617082e-16 6.277341563948203544e-16 6.922521533916078337e-16 7.220105014458881457e-16 7.954541275936599608e-16 8.464095783295549448e-16 7.194862369062962513e-16 4.790541648414746577e-16 2.589249356769350260e-16 1.178229189748892327e-16 4.644374251844981151e-17 1.620199513884419229e-17 5.084119444940411852e-18 1.453275056751639478e-18 3.822225451692066607e-19 9.325158927795744131e-20 2.124715722794130968e-20 4.547089316344338219e-21 9.185427989547355096e-22 1.759102836763018794e-22 3.206411445987586585e-23 5.583077862735620281e-24 9.319346939450933667e-25 1.496550138990361846e-25 2.320034211593354207e-26 3.465482415436513918e-27 0.000000000000000000e+00
0.000000000000000000e+00 -3.148806999224103552e-30 1.401463533193349715e-29 -6.248344850746497625e-29 2.405300048758350561e-28 -7.647731247672909124e-28 1.800735787152067344e-27 -2.511215647091252994e-27 6.875792770262677445e-27 -1.274211149475987056e-25 1.245890611130846228e-24 -5.696056567945280087e-24 -1.536434188304272457e-23 5.519594356929533204e-22 -5.903942396834348121e-21 4.324383537989183203e-20 -2.401921839768542147e-19 1.051790039115879000e-18 -3.475120668096257268e-18 8.713373163631745359e-18 -1.212071406197166919e-17 9.767324849661073984e-18 3.007150741006435403e-17 1.278365045362946591e-18 2.128507669899409301e-17 3.123377949535204171e-17 5.231831004815285974e-17 9.585920860138809706e-17 1.237922648993601306e-16 1.115821370857666887e-16 7.592659736090366157e-17 4.151867302187536261e-17 1.905417526080349481e-17 7.565652677110442656e-18 2.656971720602862749e-18 8.390547814722084060e-19 2.413263580565075708e-19 6.386075894564169230e-20 1.567680526954954986e-20 3.594584401604038325e-21 7.743381362773674924e-22 1.575042583545688122e-22 3.038642661474160246e-23 5.583077862735619546e-24 9.807606764422728920e-25 1.653549872590333991e-25 2.686377871874215462e-26 4.222460387286504918e-27 6.417130411657593529e-28 0.000000000000000000e+00
0.000000000000000000e+00 -5.986597224231967814e-31 2.601043421593342955e-30 -1.119269375834648836e-29 4.020035375620808714e-29 -1.074976597760705581e-28 1.070483406282660615e-28 9.106736043511081737e-28 -6.782320253861622186e-27 2.261591630216595740e-26 -1.937368160357578326e-26 8.934984655151342821e-26 -6.120871835237925456e-24 9.467018503794254580e-23 -9.032975861793135320e-22 6.379570757972763468e-21 -3.505627587720453075e-20 1.520555413656357667e-19 -5.049046738314723165e-19 1.237114539996598354e-18 -1.819182931700057028e-18 9.778077161264463701e-19 3.200099982856317672e-18 -2.282851093102098240e-18 -2.973093195285942589e-19 1.160241782788436177e-18 5.010201622025092955e-18 1.286827945984061465e-17 1.799998912037631353e-17 1.664731687466957133e-17 1.147898404999100962e-17 6.338418845954373297e-18 2.933455660138336194e-18 1.173790716198747297e-18 4.152382893662109333e-19 1.320507348204901344e-19 3.824004383975351844e-20 1.018775629414560320e-20 2.517931363828440286e-21 5.813428590884651149e-22 1.261294222000465923e-22 2.584903239522135221e-23 5.027346881968492564e-24 9.319346939450933667e-25 1.653549872590333761e-25 2.820352617544266569e-26 4.645622156498499507e-27 7.425392330137633233e-28 1.152944299726056673e-28 0.000000000000000000e+00
0.000000000000000000e+00 -1.079337405285453883e-31 4.546131072891046650e-31 -1.862290418417342011e-30 6.000323505129611611e-30 -1.095017382590234000e-29 -3.137927078699284786e-29 4.449273561595435816e-28 -2.702091942440165245e-27 1.162520711670400334e-26 -3.984424253735762695e-26 1.631867146185742980e-25 -1.414632589372963935e-24 1.501187472692124209e-23 -1.304306032908969271e-22 8.934811179536927285e-22 -4.859963457577406456e-21 2.095440900855632051e-20 -6.958595533225459574e-20 1.687952983462140602e-19 -2.514184475562289235e-19 1.104289304211341198e-19 3.948658550500148582e-19 -4.135184089681817611e-19 -1.977120585181226513e-19 5.817321069421563270e-21 5.801603821050839267e-19 1.750452717506459937e-18 2.532919961073586680e-18 2.378120385265448841e-18 1.657615734094961738e-18 9.239261353104194522e-19 4.313215508222201146e-19 1.740071768911405247e-19 6.203984922088656551e-20 1.987902073482925786e-20 5.799333415335348207e-21 1.556362230199481754e-21 3.874904406412880678e-22 9.013614182259411011e-23 1.970880190499846312e-23 4.072623246398086509e-24 7.992321518235313548e-25 1.496550138990362076e-25 2.686377871874215462e-26 4.645622156498498790e-27 7.781689955246645083e-28 1.269782827521525581e-28 2.024922522575077695e-29 0.000000000000000000e+00
0.000000000000000000e+00 -1.845290563685147051e-32 7.461690230848550824e-32 -2.845324688545434286e-31 7.549509499305159270e-31 -5.329872524425419872e-32 -1.612099563434810434e-29 1.336297277763583178e-28 -7.468375467375246191e-28 3.311079993257389458e-27 -1.251229634668043571e-26 4.850694283893913443e-26 -2.784795959220122744e-25 2.262454801207930069e-24 -1.795704149448580535e-23 1.194126532106365295e-22 -6.430445678100973466e-22 2.759931150543416543e-21 -9.152106392477802442e-21 2.207807990771115879e-20 -3.285958144034930663e-20 1.285969921447525634e-20 5.055842084317587441e-20 -5.770855079751487364e-20 -3.411447716064244147e-20 -6.952822596633369268e-21 7.180627456821929132e-20 2.324763695543336487e-19 3.425921825808575014e-19 3.254593958803604721e-19 2.291728657230605650e-19 1.289514213996688616e-19 6.074193365529262429e-20 2.471625808758225914e-20 8.885378427822400351e-21 2.870020805516578527e-21 8.438905301466941365e-22 2.282513783048098777e-22 5.727787842291653354e-23 1.343200593397527421e-23 2.962062410217792979e-24 6.177149820612379523e-25 1.224636478514154608e-25 2.320034211593355068e-26 4.222460387286504918e-27 7.425392330137632336e-28 1.269782827521525581e-28 2.125536868082013227e-29 3.502087594844727665e-30 0.000000000000000000e+00
0.000000000000000000e+00 -2.992736834521020210e-33 1.144154307773559477e-32 -3.879449317837499008e-32 6.317693306026389109e-32 3.900909865570600453e-31 -4.962563703578761239e-30 3.404872874292361266e-29 -1.803657895710366359e-28 7.968064571501962620e-28 -3.063924743820638071e-27 1.133885930307891745e-26 -5.156959935856161255e-26 3.310376071054059201e-25 -2.371110384898130441e-24 1.523455729174181543e-23 -8.112918314425608153e-23 3.467504423243109707e-22 -1.147750112836711823e-21 2.758404761821553659e-21 -4.084917061844881441e-21 1.470891411332636719e-21 6.355374563056822037e-21 -7.278578973662157809e-21 -4.801140891214650731e-21 -1.343198765145958816e-21 8.849992540592504132e-21 2.968517721834920668e-20 4.431571760375816177e-20 4.254707920432371136e-20 3.025757591264915572e-20 1.718726603026661809e-20 8.169900467495756770e-21 3.353632270193920945e-21 1.215891646843948202e-21 3.960078447432499865e-22 1.173974412858095292e-22 3.201436507809801057e-23 8.101190616677713653e-24 1.916429525210668609e-24 4.265948808993901211e-25 8.989240398709926492e-26 1.803534412452181469e-26 3.465482415436515353e-27 6.417130411657591735e-28 1.152944299726056001e-28 2.024922522575077134e-29 3.502087594844727665e-30 6.012811518045128705e-31 0.000000000000000000e+00
0.000000000000000000e+00 0.000000000000000000e+00 0.000000000000000000e+00 0.000000000000000000e+00 0.000000000000000000e+00 0.000000000000000000e+00 0.000000000000000000e+00 0.000000000000000000e+00 0.000000000000000000e+00 0.000000000000000000e+00 0.000000000000000000e+00 0.000000000000000000e+00 0.000000000000000000e+00 0.000000000000000000e+00 0.000000000000000000e+00 0.000000000000000000e+00 0.000000000000000000e+00 0.000000000000000000e+00 0.000000000000000000e+00 0.000000000000000000e+00 0.000000000000000000e+00 0.000000000000000000e+00 0.000000000000000000e+00 0.000000000000000000e+00 0.000000000000000000e+00 0.000000000000000000e+00 0.000000000000000000e+00 0.000000000000000000e+00 0.000000000000000000e+00 0.000000000000000000e+00 0.000000000000000000e+00 0.000000000000000000e+00 0.000000000000000000e+00 0.000000000000000000e+00 0.000000000000000000e+00 0.000000000000000000e+00 0.000000000000000000e+00 0.000000000000000000e+00 0.000000000000000000e+00 0.000000000000000000e+00 0.000000000000000000e+00 0.000000000000000000e+00 0.000000000000000000e+00 0.000000000000000000e+00 0.000000000000000000e+00 0.000000000000000000e+00 0.000000000000000000e+00 0.000000000000000000e+00 0.000000000000000000e+00 0.000000000000000000e+00
