0.000000000000000000e+00 0.000000000000000000e+00 0.000000000000000000e+00 0.000000000000000000e+00 0.000000000000000000e+00 0.000000000000000000e+00 0.000000000000000000e+00 0.000000000000000000e+00 0.000000000000000000e+00 0.000000000000000000e+00 0.000000000000000000e+00 0.000000000000000000e+00 0.000000000000000000e+00 0.000000000000000000e+00 0.000000000000000000e+00 0.000000000000000000e+00 0.000000000000000000e+00 0.000000000000000000e+00 0.000000000000000000e+00 0.000000000000000000e+00 0.000000000000000000e+00 0.000000000000000000e+00 0.000000000000000000e+00 0.000000000000000000e+00 0.000000000000000000e+00 0.000000000000000000e+00 0.000000000000000000e+00 0.000000000000000000e+00 0.000000000000000000e+00 0.000000000000000000e+00 0.000000000000000000e+00 0.000000000000000000e+00 0.000000000000000000e+00 0.000000000000000000e+00 0.000000000000000000e+00 0.000000000000000000e+00 0.000000000000000000e+00 0.000000000000000000e+00 0.000000000000000000e+00 0.000000000000000000e+00 0.000000000000000000e+00 0.000000000000000000e+00 0.000000000000000000e+00 0.000000000000000000e+00 0.000000000000000000e+00 0.000000000000000000e+00 0.000000000000000000e+00 0.000000000000000000e+00 0.000000000000000000e+00 0.000000000000000000e+00
0.000000000000000000e+00 3.538349502642431638e-31 3.459094243144231506e-30 3.232154162619045126e-29 2.908342687842914839e-28 2.515014513572979621e-27 2.085270822604070356e-26 1.653428305212604795e-25 1.250127452100383877e-24 8.983824066565013740e-24 6.113873542210301589e-23 3.923845707763976353e-22 2.363610481225621957e-21 1.328970473509237052e-20 6.930152486562772184e-20 3.326470255507672343e-19 1.456659945056243550e-18 5.757499524738014543e-18 2.027902770146092439e-17 6.267684332079770862e-17 1.668941179139704725e-16 3.748523740495782943e-16 6.945918629498604267e-16 1.043356068375936136e-15 1.268038112464112288e-15 1.268038111928948064e-15 1.043356066953672384e-15 6.945918611274650249e-16 3.748523722958546148e-16 1.668941164996663015e-16 6.267684229897482589e-17 2.027902702248098775e-17 5.757499124580162900e-18 1.456659723096100399e-18 3.326469149951672966e-19 6.930147368827538822e-20 1.328968307522795501e-20 2.363601981894289916e-21 3.923814814089815322e-22 6.113768763286280868e-23 8.983491665310899446e-24 1.250028252089534048e-24 1.653149173122823477e-25 2.084526538500437548e-26 2.513130731657055843e-27 2.903797442165431887e-28 3.221686148653425764e-29 3.436032741938003242e-30 3.491291718431832110e-31 0.000000000000000000e+00
0.000000000000000000e+00 3.459094243144310679e-30 3.404782177442528721e-29 3.203512063556287190e-28 2.902478075568652572e-27 2.527176426719292168e-26 2.109658362488955534e-25 1.684128085073620283e-24 1.281953992330789072e-23 9.274709159018850827e-23 6.354391237745555987e-22 4.105738417446832924e-21 2.489928238527535529e-20 1.409527778115132396e-19 7.400637011505251046e-19 3.576847731815738762e-18 1.577191161382745923e-17 6.277334501466584535e-17 2.226287615950447592e-16 6.927220622423398516e-16 1.856287661239450033e-15 4.192814443932404930e-15 7.803562896901339778e-15 1.175326815889480480e-14 1.429667515165106094e-14 1.429667515105092396e-14 1.175326815732759377e-14 7.803562895029410715e-15 4.192814442398681048e-15 1.856287660250076463e-15 6.927220617384815725e-16 2.226287614049903191e-16 6.277334496152763244e-17 1.577191160969032752e-17 3.576847736624436084e-18 7.400637049321479654e-19 1.409527795458198230e-19 2.489928299095472298e-20 4.105738579391013819e-21 6.354391546260370639e-22 9.274709237688374147e-23 1.281953758121357443e-23 1.684126656738286166e-24 2.109652764495779439e-25 2.527157691231914090e-26 2.902423931977852406e-27 3.203367760281833741e-28 3.404433204653123895e-29 3.458403258061754180e-30 0.000000000000000000e+00
0.000000000000000000e+00 3.232154162618938067e-29 3.203512063556323512e-28 3.035291334303643039e-27 2.769197854052523413e-26 2.427748613995491826e-25 2.040499131529235606e-24 1.639947657419689283e-23 1.256710416941419056e-22 9.152765476670145362e-22 6.312509032586327271e-21 4.105714692622351644e-20 2.506425176447838909e-19 1.428304839671310278e-18 7.549390544633854862e-18 3.673328332455267202e-17 1.630725516666823840e-16 6.534620220502780922e-16 2.333250655166545576e-15 7.308208803096346800e-15 1.970683612585223451e-14 4.476083726638542584e-14 8.367404883611185757e-14 1.263587436628858106e-13 1.538293589097025201e-13 1.538293589096988598e-13 1.263587436627596181e-13 8.367404883522443323e-14 4.476083726404620082e-14 1.970683612260142076e-14 7.308208799532162790e-15 2.333250651953893762e-15 6.534620198237084251e-16 1.630725502760459384e-16 3.673328259252632307e-17 7.549390195274045624e-18 1.428304690789324317e-18 2.506424595161741016e-19 4.105712609043134247e-20 6.312502096783856788e-21 9.152743960513887224e-22 1.256704144804103119e-22 1.639930447892790522e-23 2.040454351741491960e-24 2.427638110739980649e-25 2.768937458855079400e-26 3.034705880849355231e-27 3.202249908046179188e-28 3.229588916094899520e-29 0.000000000000000000e+00
0.000000000000000000e+00 2.908342687843013490e-28 2.902478075568607372e-27 2.769197854052540058e-26 2.543799664174420376e-25 2.245279092458189554e-24 1.899776760233857988e-23 1.536945202102506973e-22 1.185470163764527207e-21 8.689669077731328410e-21 6.031457379160102753e-20 3.947838361420255677e-19 2.425299585731423674e-18 1.390820571754792594e-17 7.397943706270039176e-17 3.622642481957886976e-16 1.618582355247124419e-15 6.527989463102725524e-15 2.345971778636703099e-14 7.394806641486515374e-14 2.006109121461843095e-13 4.581211748355800237e-13 8.600469332905322927e-13 1.302099350949571944e-12 1.586374144562777253e-12 1.586374144560700820e-12 1.302099350944563422e-12 8.600469332885067503e-13 4.581211748431492514e-13 2.006109121610922155e-13 7.394806643397655242e-14 2.345971780494953944e-14 6.527989476326246261e-15 1.618582363751455776e-15 3.622642527068735138e-16 7.397943924092156288e-17 1.390820664910213013e-17 2.425299950912175018e-18 3.947839672276576192e-19 6.031461744794770095e-20 8.689682616216404759e-21 1.185474103738975990e-21 1.536955990636178049e-22 1.899804734742751397e-23 2.245347859203812056e-24 2.543960843101502129e-25 2.769558084813144619e-26 2.903248962240604894e-27 2.909899703315612488e-28 0.000000000000000000e+00
0.000000000000000000e+00 2.515014513572905363e-27 2.527176426719331772e-26 2.427748613995474377e-25 2.245279092458195432e-24 1.995015856740090265e-23 1.699090558080554995e-22 1.383436156062026253e-21 1.073811520321165439e-20 7.920090268360978534e-20 5.530907296122392270e-19 3.642048773099714726e-18 2.250809480425484583e-17 1.298427382702095767e-16 6.947519999117601229e-16 3.422376068197693559e-15 1.538298941970815738e-14 6.241809554085732095e-14 2.256768485361891770e-13 7.156383829944989133e-13 1.952602962240704398e-12 4.482098312283627133e-12 8.448815147510383425e-12 1.282243001172479518e-11 1.563230473872029966e-11 1.563230473873267829e-11 1.282243001175617957e-11 8.448815147526791328e-12 4.482098312244631706e-12 1.952602962158499690e-12 7.156383828843285935e-13 2.256768484270318303e-13 6.241809546305834386e-14 1.538298936889815975e-14 3.422376041275536543e-15 6.947519867975948340e-16 1.298427326558240463e-16 2.250809259373419327e-17 3.642047978145731843e-18 5.530904643151114760e-19 7.920082029999385546e-20 1.073809121430390109e-20 1.383429585817676943e-21 1.699073536713050560e-22 1.994974068007903022e-23 2.245181397365348176e-24 2.427530953058361406e-25 2.526712743128476497e-26 2.514082933808679689e-27 0.000000000000000000e+00
0.000000000000000000e+00 2.085270822604117135e-26 2.109658362488931198e-25 2.040499131529247728e-24 1.899776760233853580e-23 1.699090558080556170e-22 1.456329545800748481e-21 1.193185900727640669e-20 9.317839814043452815e-20 6.913362565688790919e-19 4.855852002858179452e-18 3.215655042768065023e-17 1.998351778883324736e-16 1.159120145444349336e-15 6.235939907734891749e-15 3.088599463813952199e-14 1.395891536493776590e-13 5.695375390163087055e-13 2.070705622278130759e-12 6.602872067183098482e-12 1.811247017396648101e-11 4.177829489709678800e-11 7.905612735273529080e-11 1.202515626190740503e-10 1.466865345206974669e-10 1.466865345206036853e-10 1.202515626188225616e-10 7.905612735252859904e-11 4.177829489718565175e-11 1.811247017430466540e-11 6.602872067711892267e-12 2.070705622832002092e-12 5.695375394168301236e-13 1.395891539179430191e-13 3.088599478051377556e-14 6.235939977980854623e-15 1.159120175532743759e-15 1.998351897984738089e-16 3.215655471461630403e-17 4.855853435820314460e-18 6.913367015781508946e-19 9.317852763324065158e-20 1.193189441967219076e-20 1.456338694802310526e-21 1.699112938157496476e-22 1.899828812522867472e-23 2.040614373049807435e-24 2.109901882531545367e-25 2.085755493225653789e-26 0.000000000000000000e+00
0.000000000000000000e+00 1.653428305212579081e-25 1.684128085073635711e-24 1.639947657419681936e-23 1.536945202102510264e-22 1.383436156062025877e-21 1.193185900727640970e-20 9.835061608152744957e-20 7.725321845465968432e-19 5.764136675869495991e-18 4.070684463482406052e-17 2.709865650382081020e-16 1.692605308781033357e-15 9.866454350384398531e-15 5.333906476129265996e-14 2.654601056538256007e-13 1.205559794406570619e-12 4.942896541288300496e-12 1.806040779560934119e-11 5.787632848295531822e-11 1.595336363724370587e-10 3.696171817054211840e-10 7.018946201929464407e-10 1.069827944083825985e-09 1.305587350268835167e-09 1.305587350268849436e-09 1.069827944084018925e-09 7.018946201929879031e-10 3.696171817045805617e-10 1.595336363708921697e-10 5.787632848060426412e-11 1.806040779310731694e-11 4.942896539474503439e-12 1.205559793154438286e-12 2.654601049913516225e-13 5.333906442868487046e-14 9.866454207985677647e-15 1.692605251989428882e-15 2.709865445956681818e-16 4.070683779066948458e-17 5.764134553263275223e-18 7.725315682692631927e-19 9.835044821882070885e-20 1.193181588838559958e-20 1.383425688379199927e-21 1.536921098901455519e-22 1.639894958001976679e-23 1.684018467492843488e-24 1.653214271228232882e-25 0.000000000000000000e+00
0.000000000000000000e+00 1.250127452100397652e-24 1.281953992330781431e-23 1.256710416941423052e-22 1.185470163764526267e-21 1.073811520321165891e-20 9.317839814043457630e-20 7.725321845465967469e-19 6.102063783670610710e-18 4.577198018228046552e-17 3.248793796603768705e-16 2.173097667621050879e-15 1.363515417047378112e-14 7.982683778409123191e-14 4.333591800850497114e-13 2.165580469717711061e-12 9.874694069509785919e-12 4.065294089895599261e-11 1.491584939112733262e-10 4.800225851816729539e-10 1.328730303490043247e-09 3.090502963235117005e-09 5.887148195274173364e-09 8.988998934173327473e-09 1.097307998605598058e-08 1.097307998606738244e-08 8.988998934202675841e-09 5.887148195309613917e-09 3.090502963267530077e-09 1.328730303515426111e-09 4.800225852020341081e-10 1.491584939265341623e-10 4.065294090830063907e-11 9.874694075404593235e-12 2.165580472651396769e-12 4.333591815354761299e-13 7.982683839092669893e-14 1.363515441190910561e-14 2.173097753731191545e-15 3.248794084013736944e-16 4.577198903686135652e-17 6.102066337334823920e-18 7.725328735464135851e-19 9.317857298312474005e-20 1.073815698218373300e-20 1.185479588679152634e-21 1.256730487577037230e-22 1.281994340057100409e-23 1.250202831849904029e-24 0.000000000000000000e+00
0.000000000000000000e+00 8.983824066564944679e-24 9.274709159018889618e-23 9.152765476670134078e-22 8.689669077731334428e-21 7.920090268360980942e-20 6.913362565688789956e-19 5.764136675869500613e-18 4.577198018228045936e-17 3.450497144724622938e-16 2.460435832276013361e-15 1.652820206203659773e-14 1.041159043411692855e-13 6.117640302797368467e-13 3.332346665525086060e-12 1.670565904767800989e-11 7.641141626896683727e-11 3.155523708499419572e-10 1.161469400002340856e-09 3.750187592254608217e-09 1.041561081562589716e-08 2.430309232451542374e-08 4.641484527372673968e-08 7.096874680781643040e-08 8.664140623970013828e-08 8.664140623971874654e-08 7.096874680784439572e-08 4.641484527371183720e-08 2.430309232441593707e-08 1.041561081547606828e-08 3.750187592115118269e-09 1.161469399903239449e-09 3.155523707938231810e-10 7.641141623764924937e-11 1.670565903355221103e-11 3.332346659039637052e-12 6.117640277466357671e-13 1.041159033708550492e-13 1.652820172933906110e-14 2.460435723847096927e-15 3.450496819147498767e-16 4.577197099858475875e-17 5.764134260744217592e-18 6.913356615080006059e-19 7.920076568613723026e-20 8.689639637326031430e-21 9.152706793589377914e-22 9.274601756403041200e-23 8.983649926243660362e-24 0.000000000000000000e+00
0.000000000000000000e+00 6.113873542210336854e-23 6.354391237745534358e-22 6.312509032586337051e-21 6.031457379160102753e-20 5.530907296122395159e-19 4.855852002858183304e-18 4.070684463482406052e-17 3.248793796603770184e-16 2.460435832276013755e-15 1.761806347633950232e-14 1.187924962480830188e-13 7.507573027820983780e-13 4.423812539629570994e-12 2.415600977728496533e-11 1.213575108820279656e-10 5.561627491599791852e-10 2.301042800407692312e-09 8.485884423946743303e-09 2.745664856370572953e-08 7.642865651198684005e-08 1.787355659974743666e-07 3.419888545729264473e-07 5.233768040347795623e-07 6.388626718060432683e-07 6.388626718022011268e-07 5.233768040247690093e-07 3.419888545614380336e-07 1.787355659888217133e-07 7.642865650691717581e-08 2.745664856129265178e-08 8.485884423046891565e-09 2.301042800151604226e-09 5.561627491287258201e-10 1.213575108920680771e-10 2.415600979051627822e-11 4.423812546212834917e-12 7.507573056819000736e-13 1.187924972769045062e-13 1.761806381694302187e-14 2.460435932729625324e-15 3.248794072256095487e-16 4.070685155313600506e-17 4.855853601484793097e-18 5.530910644248617261e-19 6.031463594926567347e-20 6.312518604632555869e-21 6.354400857334624264e-22 6.113867361038065624e-23 0.000000000000000000e+00
0.000000000000000000e+00 3.923845707763959896e-22 4.105738417446844961e-21 4.105714692622349839e-20 3.947838361420259048e-19 3.642048773099716267e-18 3.215655042768065639e-17 2.709865650382080527e-16 2.173097667621050879e-15 1.652820206203660720e-14 1.187924962480829936e-13 8.034945781618424141e-13 5.090895724681434089e-12 3.005602661173048533e-11 1.643447407728172372e-10 8.263850129143360504e-10 3.789188154216973847e-09 1.568244060972433783e-08 5.785369725996899219e-08 1.872860451854565715e-07 5.217475696241341024e-07 1.221384837031265699e-06 2.339047539931830412e-06 3.580570473402601121e-06 4.368608386217476254e-06 4.368608386251709938e-06 3.580570473498619929e-06 2.339047540054294859e-06 1.221384837144220507e-06 5.217475697111834666e-07 1.872860452382834224e-07 5.785369728593722903e-08 1.568244062054101143e-08 3.789188158072389063e-09 8.263850141313442415e-10 1.643447411018652904e-10 3.005602669191079524e-11 5.090895740650658262e-12 8.034945808432083483e-13 1.187924964932493761e-13 1.652820203651510467e-14 2.173097644881022993e-15 2.709865579695880612e-16 3.215654891492147986e-17 3.642048595316357350e-18 3.947838619963719018e-19 4.105717255600655745e-20 4.105749118294148888e-21 3.923880004326579468e-22 0.000000000000000000e+00
0.000000000000000000e+00 2.363610481225629104e-21 2.489928238527531617e-20 2.506425176447840353e-19 2.425299585731424444e-18 2.250809480425486432e-17 1.998351778883324983e-16 1.692605308781033357e-15 1.363515417047377954e-14 1.041159043411693360e-13 7.507573027820982770e-13 5.090895724681436512e-12 3.231221322292656511e-11 1.909480421848591677e-10 1.044253618029893165e-09 5.247867059051719864e-09 2.403463518884060496e-08 9.931742236327752601e-08 3.657704341336068065e-07 1.182278384805078172e-06 3.289915488429028864e-06 7.696403159798435108e-06 1.473301961603183766e-05 2.253906893089244965e-05 2.747550056127159816e-05 2.747550056184729935e-05 2.253906893232863806e-05 1.473301961755742362e-05 7.696403160744399809e-06 3.289915488789915298e-06 1.182278384887718729e-06 3.657704341220939876e-07 9.931742233896222765e-08 2.403463517370027153e-08 5.247867052255944750e-09 1.044253615572032888e-09 1.909480414076800722e-10 3.231221300899490478e-11 5.090895670684664553e-12 7.507572905071704592e-13 1.041159017032867275e-13 1.363515363571025095e-14 1.692605199921813020e-15 1.998351548325712432e-16 2.250808945280955735e-17 2.425298235874577473e-18 2.506421609321963381e-19 2.489918819488481204e-20 2.363586604865259670e-21 0.000000000000000000e+00
0.000000000000000000e+00 1.328970473509234645e-20 1.409527778115133840e-19 1.428304839671310086e-18 1.390820571754793210e-17 1.298427382702095767e-16 1.159120145444349928e-15 9.866454350384398531e-15 7.982683778409134551e-14 6.117640302797361398e-13 4.423812539629573417e-12 3.005602661173047886e-11 1.909480421848590643e-10 1.128276629600020989e-09 6.162904732473940943e-09 3.090166511538091244e-08 1.410744411360319774e-07 5.806841301216340722e-07 2.129458076040426414e-06 6.854180312927424953e-06 1.900247978156874789e-05 4.432369805977156945e-05 8.465997031692579721e-05 1.292806039564152703e-04 1.573701382552872838e-04 1.573701382375579762e-04 1.292806039092033073e-04 8.465997026150353700e-05 4.432369801584501678e-05 1.900247975337237972e-05 6.854180298002993261e-06 2.129458069485251565e-06 5.806841276578379983e-07 1.410744403269970605e-07 3.090166488038429364e-08 6.162904671348327774e-09 1.128276615297914135e-09 1.909480391459865045e-10 3.005602602960331185e-11 4.423812438813583919e-12 6.117640150907891567e-13 7.982683592168273577e-14 9.866454237148805084e-15 1.159120175475785044e-15 1.298427552133122068e-16 1.390821139593165847e-17 1.428306468294925297e-18 1.409532079968838195e-19 1.328981084912937642e-20 0.000000000000000000e+00
0.000000000000000000e+00 6.930152486562783017e-20 7.400637011505252009e-19 7.549390544633854862e-18 7.397943706270039176e-17 6.947519999117600243e-16 6.235939907734891749e-15 5.333906476129267258e-14 4.333591800850495599e-13 3.332346665525086464e-12 2.415600977728497502e-11 1.643447407728173147e-10 1.044253618029893371e-09 6.162904732473943424e-09 3.357396650981097515e-08 1.676479993959622435e-07 7.611084133312791693e-07 3.111718265931887305e-06 1.132539479281800574e-05 3.617322356389428593e-05 9.956700776329748231e-05 2.308335452463832307e-04 4.388253580451537475e-04 6.677774883506673457e-04 8.110951382302822137e-04 8.110951384497074946e-04 6.677774889538534665e-04 4.388253587797506469e-04 2.308335458726534523e-04 9.956700820602436503e-05 3.617322381377616110e-05 1.132539491007621558e-05 3.111718313256941557e-06 7.611084300766762677e-07 1.676480046732859572e-07 3.357396801108575195e-08 6.162905121953644627e-09 1.044253711022922328e-09 1.643447613374938258e-10 2.415601401762932242e-11 3.332347483502845778e-12 4.333593283120183968e-13 5.333908997895386270e-14 6.235943927588734033e-15 6.947525931225565282e-16 7.397951583685550804e-17 7.549399169662556444e-18 7.400642095922896891e-19 6.930142770678037170e-20 0.000000000000000000e+00
0.000000000000000000e+00 3.326470255507668491e-19 3.576847731815738762e-18 3.673328332455268435e-17 3.622642481957887962e-16 3.422376068197697109e-15 3.088599463813952830e-14 2.654601056538257016e-13 2.165580469717709850e-12 1.670565904767801313e-11 1.213575108820279915e-10 8.263850129143362572e-10 5.247867059051719864e-09 3.090166511538089921e-08 1.676479993959622435e-07 8.319676665636308192e-07 3.745959704613275728e-06 1.515970357872060560e-05 5.453527391984360693e-05 1.720471028746661845e-04 4.679258103854826265e-04 1.073501315786112680e-03 2.023939278933976817e-03 3.061851159031899177e-03 3.706908268478394976e-03 3.706908266857584285e-03 3.061851154425396064e-03 2.023939273149637230e-03 1.073501310573168888e-03 4.679258064687852564e-04 1.720471006060764088e-04 5.453527282192284818e-05 1.515970312237794270e-05 3.745959538561310714e-06 8.319676127255992047e-07 1.676479836276044942e-07 3.090166089804091914e-08 5.247866019607258830e-09 8.263847750812513317e-10 1.213574600332538390e-10 1.670564883779921213e-11 2.165578535367610888e-12 2.654597587280818785e-13 3.088593556673185609e-14 3.422366508996033560e-15 3.622627784581254944e-16 3.673306945684102478e-17 3.576818557842612205e-18 3.326434263907466007e-19 0.000000000000000000e+00
0.000000000000000000e+00 1.456659945056244320e-18 1.577191161382745615e-17 1.630725516666824333e-16 1.618582355247124616e-15 1.538298941970816369e-14 1.395891536493775832e-13 1.205559794406570014e-12 9.874694069509785919e-12 7.641141626896683727e-11 5.561627491599792886e-10 3.789188154216973847e-09 2.403463518884060165e-08 1.410744411360320039e-07 7.611084133312786399e-07 3.745959704613274881e-06 1.667831721039345232e-05 6.654690200977742692e-05 2.354176308037049243e-04 7.291456972940376681e-04 1.946692580754204359e-03 4.391711989658366073e-03 8.169143199508318090e-03 1.224293053737789128e-02 1.475110833149811604e-02 1.475110833894555801e-02 1.224293055956516066e-02 8.169143228315274910e-03 4.391712017091408890e-03 1.946692602418277455e-03 7.291457099247662709e-04 2.354176370412042381e-04 6.654690463972652830e-05 1.667831817982386663e-05 3.745960023074722009e-06 7.611085078443449424e-07 1.410744667613858257e-07 2.403464159568543392e-08 3.789189642769272758e-09 5.561630726851567885e-10 7.641148241062565240e-11 9.874706851534664228e-12 1.205562138751606042e-12 1.395895631933174942e-13 1.538305775088996758e-14 1.618593268135160767e-15 1.630742218373394938e-16 1.577215653153975637e-17 1.456693820251602012e-18 0.000000000000000000e+00
0.000000000000000000e+00 5.757499524738013002e-18 6.277334501466591931e-17 6.534620220502777964e-16 6.527989463102730257e-15 6.241809554085725784e-14 5.695375390163090084e-13 4.942896541288298880e-12 4.065294089895597322e-11 3.155523708499419055e-10 2.301042800407692312e-09 1.568244060972431467e-08 9.931742236327745984e-08 5.806841301216337546e-07 3.111718265931884764e-06 1.515970357872061069e-05 6.654690200977739982e-05 2.606536700848844572e-04 9.013219375930301910e-04 2.719532493667944830e-03 7.063690691733007752e-03 1.552894141265260403e-02 2.828008032626991991e-02 4.176483424357278068e-02 4.996179800548568306e-02 4.996179798640679875e-02 4.176483418112817564e-02 2.828008024127371539e-02 1.552894132607893045e-02 7.063690620126151891e-03 2.719532452716848583e-03 9.013219170383280450e-04 2.606536614340894788e-04 6.654689882367704980e-05 1.515970253349482359e-05 3.111717956565535646e-06 5.806840465466878177e-07 9.931740156045355124e-08 1.568243580081987266e-08 2.301041760829336379e-09 3.155521594095344565e-10 4.065290021403910675e-11 4.942889099073947918e-12 5.695362389996790196e-13 6.241787784355084997e-14 6.527954393832400565e-15 6.534565725211796315e-16 6.277252666002134781e-17 5.757382308044560744e-18 0.000000000000000000e+00
0.000000000000000000e+00 2.027902770146092747e-17 2.226287615950446606e-16 2.333250655166545970e-15 2.345971778636703099e-14 2.256768485361892275e-13 2.070705622278129143e-12 1.806040779560934765e-11 1.491584939112733004e-10 1.161469400002341063e-09 8.485884423946741649e-09 5.785369725996899219e-08 3.657704341336067006e-07 2.129458076040425144e-06 1.132539479281800404e-05 5.453527391984360016e-05 2.354176308037048430e-04 9.013219375930300826e-04 3.026419366248905580e-03 8.812309580813266346e-03 2.200283499010625282e-02 4.652705354659787684e-02 8.199665935329518429e-02 1.183569468920453865e-01 1.400575971251381280e-01 1.400575971375351558e-01 1.183569469591062434e-01 8.199665945708733972e-02 4.652705366750342630e-02 2.200283509556802061e-02 8.812309634160551269e-03 3.026419393858755316e-03 9.013219484106514039e-04 2.354176345701008109e-04 5.453527505862595335e-05 1.132539509239312197e-05 2.129458144144196667e-06 3.657704470867730785e-07 5.785369912153244918e-08 8.485884533724489668e-09 1.161469352998068279e-09 1.491584697378843911e-10 1.806040032022627066e-11 2.070703745077796935e-12 2.256764347766276310e-13 2.345963504648814550e-14 2.333235372447376736e-15 2.226261259131746240e-16 2.027860702577731250e-17 0.000000000000000000e+00
0.000000000000000000e+00 6.267684332079770862e-17 6.927220622423398516e-16 7.308208803096342067e-15 7.394806641486511588e-14 7.156383829944991153e-13 6.602872067183097674e-12 5.787632848295529237e-11 4.800225851816730573e-10 3.750187592254608217e-09 2.745664856370573284e-08 1.872860451854565715e-07 1.182278384805077748e-06 6.854180312927424106e-06 3.617322356389427915e-05 1.720471028746660489e-04 7.291456972940376681e-04 2.719532493667944830e-03 8.812309580813266346e-03 2.451055884357383752e-02 5.796210547922168305e-02 1.157927259454655800e-01 1.941166614184028916e-01 2.704259364601188653e-01 3.147046595060128960e-01 3.147046595630476618e-01 2.704259365652143532e-01 1.941166615363961179e-01 1.157927260430676869e-01 5.796210556158445243e-02 2.451055891899770953e-02 8.812309614738954994e-03 2.719532512624409700e-03 7.291457055064160366e-04 1.720471062911078204e-04 3.617322488180614359e-05 6.854180784160274007e-06 1.182278540656953639e-06 1.872860927714175384e-07 2.745666198916317007e-08 3.750191101948986614e-09 4.800234385538612110e-10 5.787652228331671415e-11 6.602913348413921665e-12 7.156466642868774141e-13 7.394963692608021061e-14 7.308491356319766182e-15 6.927704230914343992e-16 6.268461115623836970e-17 0.000000000000000000e+00
0.000000000000000000e+00 1.668941179139703492e-16 1.856287661239449639e-15 1.970683612585222189e-14 2.006109121461843095e-13 1.952602962240703186e-12 1.811247017396647778e-11 1.595336363724370587e-10 1.328730303490044074e-09 1.041561081562589220e-08 7.642865651198684005e-08 5.217475696241338906e-07 3.289915488429029287e-06 1.900247978156874789e-05 9.956700776329752297e-05 4.679258103854827349e-04 1.946692580754204576e-03 7.063690691733003416e-03 2.200283499010622854e-02 5.796210547922166223e-02 1.278527645243249800e-01 2.361258079734566140e-01 3.680286279376422942e-01 4.860757900243730112e-01 5.514637242547077989e-01 5.514637241849957849e-01 4.860757898288705081e-01 3.680286276414750368e-01 2.361258076200652423e-01 1.278527641941215043e-01 5.796210527905909515e-02 2.200283490428773039e-02 7.063690645162531978e-03 1.946692560382012362e-03 4.679258007475085054e-04 9.956700352763348449e-05 1.900247807117600194e-05 3.289914863355605040e-06 5.217473631081040489e-07 7.642859449607187192e-08 1.041559376745884372e-08 1.328725981965543989e-09 1.595326193680491121e-10 1.811224662335764881e-11 1.952556816544215757e-12 2.006019244857772693e-13 1.970517755967488448e-14 1.855996726504391256e-15 1.668462648598464321e-16 0.000000000000000000e+00
0.000000000000000000e+00 3.748523740495783929e-16 4.192814443932404141e-15 4.476083726638546371e-14 4.581211748355798218e-13 4.482098312283626325e-12 4.177829489709678800e-11 3.696171817054211323e-10 3.090502963235117832e-09 2.430309232451543036e-08 1.787355659974743401e-07 1.221384837031265699e-06 7.696403159798436802e-06 4.432369805977158977e-05 2.308335452463833662e-04 1.073501315786113113e-03 4.391711989658365206e-03 1.552894141265261270e-02 4.652705354659784909e-02 1.157927259454655938e-01 2.361258079734567528e-01 3.962608792404438418e-01 5.624784049300856070e-01 6.924033457682974291e-01 7.589932743693974526e-01 7.589932741794921389e-01 6.924033453333690025e-01 5.624784044313202447e-01 3.962608787861711668e-01 2.361258075698319803e-01 1.157927256054228499e-01 4.652705336308684408e-02 1.552894135258371666e-02 4.391711977769435261e-03 1.073501320768541429e-03 2.308335507750719029e-04 4.432370121637453240e-05 7.696404526268040423e-06 1.221385333139974012e-06 1.787357237629695008e-07 2.430313735369682161e-08 3.090514684279951267e-09 3.696199962421357048e-10 4.177892383484091448e-11 4.482230010930266040e-12 4.581471642751562512e-13 4.476569374155191384e-14 4.193676826808657407e-15 3.749959582127975736e-16 0.000000000000000000e+00
0.000000000000000000e+00 6.945918629498605253e-16 7.803562896901344511e-15 8.367404883611181970e-14 8.600469332905327976e-13 8.448815147510385041e-12 7.905612735273529080e-11 7.018946201929462339e-10 5.887148195274174191e-09 4.641484527372671321e-08 3.419888545729263414e-07 2.339047539931828294e-06 1.473301961603183258e-05 8.465997031692577010e-05 4.388253580451536933e-04 2.023939278933975950e-03 8.169143199508319825e-03 2.828008032626993726e-02 8.199665935329514266e-02 1.941166614184028638e-01 3.680286279376421277e-01 5.624784049300854960e-01 7.285879970866766531e-01 8.386899550511880408e-01 8.897180865793339333e-01 8.897180866024626544e-01 8.386899551503980144e-01 7.285879973114509633e-01 5.624784053349409785e-01 3.680286283638841693e-01 1.941166616047105553e-01 8.199665935047470433e-02 2.828008028308522104e-02 8.169143159119457431e-03 2.023939254963501473e-03 4.388253472220802988e-04 8.465996613531362805e-05 1.473301820811425733e-05 2.339047115196445881e-06 3.419887380034430650e-07 4.641481582352813995e-08 5.887141282354325507e-09 7.018931012175134937e-10 7.905581297937682615e-11 8.448753542346689048e-12 8.600354515593689804e-13 8.367200571143910176e-14 7.803214825477208744e-15 6.945357263765738381e-16 0.000000000000000000e+00
0.000000000000000000e+00 1.043356068375936728e-15 1.175326815889480322e-14 1.263587436628858863e-13 1.302099350949571540e-12 1.282243001172479679e-11 1.202515626190741020e-10 1.069827944083825778e-09 8.988998934173324165e-09 7.096874680781640393e-08 5.233768040347793506e-07 3.580570473402599427e-06 2.253906893089245643e-05 1.292806039564151348e-04 6.677774883506669120e-04 3.061851159031898310e-03 1.224293053737788781e-02 4.176483424357278068e-02 1.183569468920454143e-01 2.704259364601186433e-01 4.860757900243729557e-01 6.924033457682974291e-01 8.386899550511879298e-01 9.202807602025493416e-01 9.538670512083278208e-01 9.538670517125853454e-01 9.202807615093985261e-01 8.386899567574227499e-01 6.924033477224745825e-01 4.860757919370494728e-01 2.704259378486277843e-01 1.183569475954171085e-01 4.176483446228192176e-02 1.224293056746081354e-02 3.061851131976590229e-03 6.677774636030292706e-04 1.292805904663977363e-04 2.253906319324329042e-05 3.580568403954908010e-06 5.233761464006136700e-07 7.096855856310439625e-08 8.988949672216673273e-09 1.069816030769474248e-09 1.202488779728014841e-10 1.282186252073469881e-11 1.301986208530122975e-12 1.263373696638442058e-13 1.174942912285685884e-14 1.042709506797380551e-15 0.000000000000000000e+00
0.000000000000000000e+00 1.268038112464112880e-15 1.429667515165106725e-14 1.538293589097025201e-13 1.586374144562778061e-12 1.563230473872030290e-11 1.466865345206974669e-10 1.305587350268834960e-09 1.097307998605597893e-08 8.664140623970017799e-08 6.388626718060434801e-07 4.368608386217475407e-06 2.747550056127160155e-05 1.573701382552871483e-04 8.110951382302822137e-04 3.706908268478393675e-03 1.475110833149811257e-02 4.996179800548566918e-02 1.400575971251380725e-01 3.147046595060128960e-01 5.514637242547077989e-01 7.589932743693970085e-01 8.897180865793339333e-01 9.538670512083272657e-01 9.776666775889844008e-01 9.776666785085299516e-01 9.538670536174449488e-01 8.897180897495825525e-01 7.589932778557935134e-01 5.514637276824627676e-01 3.147046623640081808e-01 1.400575990609510546e-01 4.996179905269952648e-02 1.475110882503182126e-02 3.706908467753137950e-03 8.110952084947203617e-04 1.573701603475468648e-04 2.747550676819233807e-05 4.368609961123230600e-06 6.388630338627790600e-07 8.664148175181495530e-08 1.097309422746105165e-08 1.305589752249398934e-09 1.466868867930549259e-10 1.563234627649810164e-11 1.586376913731240153e-12 1.538289945401004257e-13 1.429647216890832909e-14 1.267984716172994638e-15 0.000000000000000000e+00
0.000000000000000000e+00 1.268038111928948064e-15 1.429667515105092711e-14 1.538293589096987841e-13 1.586374144560700618e-12 1.563230473873267506e-11 1.466865345206037111e-10 1.305587350268848815e-09 1.097307998606738575e-08 8.664140623971873330e-08 6.388626718022012327e-07 4.368608386251709938e-06 2.747550056184729935e-05 1.573701382375580033e-04 8.110951384497074946e-04 3.706908266857584285e-03 1.475110833894554760e-02 4.996179798640681957e-02 1.400575971375351003e-01 3.147046595630473287e-01 5.514637241849956739e-01 7.589932741794919169e-01 8.897180866024629875e-01 9.538670517125846793e-01 9.776666785085299516e-01 9.776666796415447447e-01 9.538670547914440689e-01 8.897180908124300291e-01 7.589932788039597256e-01 5.514637287616822592e-01 3.147046636862337321e-01 1.400576004138633368e-01 4.996180014781771012e-02 1.475110954118912659e-02 3.706908857973043384e-03 8.110953904670886337e-04 1.573702345482840535e-04 2.747553367749148141e-05 4.368618759556697109e-06 6.388656564526291756e-07 8.664220095667571108e-08 1.097327708029504146e-08 1.305633133499062555e-09 1.466965445582348466e-10 1.563437360770338422e-11 1.586779891394795228e-12 1.539051250317647256e-13 1.431017907734478286e-14 1.270303244793874156e-15 0.000000000000000000e+00
0.000000000000000000e+00 1.043356066953672384e-15 1.175326815732760008e-14 1.263587436627595676e-13 1.302099350944563220e-12 1.282243001175617149e-11 1.202515626188225099e-10 1.069827944084018305e-09 8.988998934202677496e-09 7.096874680784438248e-08 5.233768040247690093e-07 3.580570473498619929e-06 2.253906893232862451e-05 1.292806039092033886e-04 6.677774889538536833e-04 3.061851154425396931e-03 1.224293055956516066e-02 4.176483418112816870e-02 1.183569469591062018e-01 2.704259365652141311e-01 4.860757898288698975e-01 6.924033453333686694e-01 8.386899551503979033e-01 9.202807615093973048e-01 9.538670536174457260e-01 9.538670547914441800e-01 9.202807647228840038e-01 8.386899598482481233e-01 6.924033506037990948e-01 4.860757950733954336e-01 2.704259415134914746e-01 1.183569512933078660e-01 4.176483746195300967e-02 1.224293254300294620e-02 3.061852216932254168e-03 6.677779733234861939e-04 1.292807996945117644e-04 2.253913951757397578e-05 3.580593489464166498e-06 5.233836585666207315e-07 7.097062733714061069e-08 8.989477676124282324e-09 1.069941748190187827e-09 1.202769606226860297e-10 1.282777658361572357e-11 1.303165418051772494e-12 1.265608194493056903e-13 1.178977916426502047e-14 1.049553781808287685e-15 0.000000000000000000e+00
0.000000000000000000e+00 6.945918611274649263e-16 7.803562895029407560e-15 8.367404883522437012e-14 8.600469332885063464e-13 8.448815147526781635e-12 7.905612735252853442e-11 7.018946201929872828e-10 5.887148195309614744e-09 4.641484527371180411e-08 3.419888545614380336e-07 2.339047540054294435e-06 1.473301961755742023e-05 8.465997026150355056e-05 4.388253587797505927e-04 2.023939273149638098e-03 8.169143228315273175e-03 2.828008024127371886e-02 8.199665945708738135e-02 1.941166615363961179e-01 3.680286276414749258e-01 5.624784044313199116e-01 7.285879973114509633e-01 8.386899567574227499e-01 8.897180897495824414e-01 8.897180908124299181e-01 8.386899598482482343e-01 7.285880022219144436e-01 5.624784100784072649e-01 3.680286332670799077e-01 1.941166669786953958e-01 8.199666461431134867e-02 2.828008452144271240e-02 8.169145956219118695e-03 2.023940800023897504e-03 4.388260783258662629e-04 8.466026852770143702e-05 1.473312936535921918e-05 2.339083925702718229e-06 3.419998428233131407e-07 4.641789597785933870e-08 5.887932918815685952e-09 7.020828738172981999e-10 7.909848575684469673e-11 8.457798454402377684e-12 8.618503441643033907e-13 8.401804220534302158e-14 7.866079919531326130e-15 7.052595811709026153e-16 0.000000000000000000e+00
0.000000000000000000e+00 3.748523722958544669e-16 4.192814442398677892e-15 4.476083726404619451e-14 4.581211748431486456e-13 4.482098312244627667e-12 4.177829489718562590e-11 3.696171817045801998e-10 3.090502963267530077e-09 2.430309232441595031e-08 1.787355659888218192e-07 1.221384837144220083e-06 7.696403160744399809e-06 4.432369801584503034e-05 2.308335458726534523e-04 1.073501310573169538e-03 4.391712017091409757e-03 1.552894132607892351e-02 4.652705366750344018e-02 1.157927260430676175e-01 2.361258076200649925e-01 3.962608787861715554e-01 5.624784053349413115e-01 6.924033477224752486e-01 7.589932778557938464e-01 7.589932788039599476e-01 6.924033506037995389e-01 5.624784100784072649e-01 3.962608843030771544e-01 2.361258132324179360e-01 1.157927317517998267e-01 4.652705937031607897e-02 1.552894620339789929e-02 4.391715195058845840e-03 1.073503108175254735e-03 2.308344016154323093e-04 4.432405524114711043e-05 7.696535432550859952e-06 1.221428935206574290e-06 1.787489521872134646e-07 2.430682695395544944e-08 3.091468124956720771e-09 3.698497781114320680e-10 4.183086402102824992e-11 4.493295888525684873e-12 4.603787953964748512e-13 4.519330237342581911e-14 4.271740821042056975e-15 3.883732768115091114e-16 0.000000000000000000e+00
0.000000000000000000e+00 1.668941164996664001e-16 1.856287660250074885e-15 1.970683612260143023e-14 2.006109121610921145e-13 1.952602962158499286e-12 1.811247017430464278e-11 1.595336363708921697e-10 1.328730303515425904e-09 1.041561081547606166e-08 7.642865650691718904e-08 5.217475697111832548e-07 3.289915488789914451e-06 1.900247975337238649e-05 9.956700820602443279e-05 4.679258064687854732e-04 1.946692602418278106e-03 7.063690620126150156e-03 2.200283509556799980e-02 5.796210556158441080e-02 1.278527641941215043e-01 2.361258075698322301e-01 3.680286283638843359e-01 4.860757919370494728e-01 5.514637276824629897e-01 5.514637287616821482e-01 4.860757950733947674e-01 3.680286332670798521e-01 2.361258132324178527e-01 1.278527700734087280e-01 5.796211162286171031e-02 2.200284099857117981e-02 7.063695492685720390e-03 1.946695741937873574e-03 4.679275564727384206e-04 9.956783595357605963e-05 1.900282371681504183e-05 3.290042582919892539e-06 5.217899173960483391e-07 7.644151899261795505e-08 1.041920459562241584e-08 1.329661043725862414e-09 1.597585305344015250e-10 1.816345325349809185e-11 1.963499180853326503e-12 2.028157011916774969e-13 2.013078845176558446e-14 1.933966719679015600e-15 1.802528245317924697e-16 0.000000000000000000e+00
0.000000000000000000e+00 6.267684229897485054e-17 6.927220617384813753e-16 7.308208799532165945e-15 7.394806643397645144e-14 7.156383828843282906e-13 6.602872067711888228e-12 5.787632848060425766e-11 4.800225852020341081e-10 3.750187592115118269e-09 2.745664856129266502e-08 1.872860452382834753e-07 1.182278384887718941e-06 6.854180298002997496e-06 3.617322381377619498e-05 1.720471006060764359e-04 7.291457099247665961e-04 2.719532452716849017e-03 8.812309634160546065e-03 2.451055891899768177e-02 5.796210527905910903e-02 1.157927256054230025e-01 1.941166616047105831e-01 2.704259378486277288e-01 3.147046623640079588e-01 3.147046636862334545e-01 2.704259415134913080e-01 1.941166669786953680e-01 1.157927317517998544e-01 5.796211162286172419e-02 2.451056512661052567e-02 8.812315189972710558e-03 2.719536714553231517e-03 7.291483606752306680e-04 1.720485342830418301e-04 3.617389035506234253e-05 6.854453993278605710e-06 1.182378771713558838e-06 1.873193480771189648e-07 2.746674172869053366e-08 3.753006015423349983e-09 4.807529877305780851e-10 5.805309254422892811e-11 6.643036000376693172e-12 7.242468413449420407e-13 7.569569865949226072e-14 7.645486890212788211e-15 7.547638821009028954e-16 7.338856852831278661e-17 0.000000000000000000e+00
0.000000000000000000e+00 2.027902702248097851e-17 2.226287614049903684e-16 2.333250651953894551e-15 2.345971780494952367e-14 2.256768484270318556e-13 2.070705622832001688e-12 1.806040779310733309e-11 1.491584939265340847e-10 1.161469399903240276e-09 8.485884423046891565e-09 5.785369728593722241e-08 3.657704341220940935e-07 2.129458069485251988e-06 1.132539491007623083e-05 5.453527282192286173e-05 2.354176370412043465e-04 9.013219170383277197e-04 3.026419393858753581e-03 8.812309614738948055e-03 2.200283490428773733e-02 4.652705336308689960e-02 8.199665935047471821e-02 1.183569475954171224e-01 1.400575990609509436e-01 1.400576004138632258e-01 1.183569512933079493e-01 8.199666461431143194e-02 4.652705937031610672e-02 2.200284099857117981e-02 8.812315189972712293e-03 3.026423959493282443e-03 9.013251580220440389e-04 2.354195648121406106e-04 5.453627835622048669e-05 1.132585187634822433e-05 2.129642735510248437e-06 3.658374576255073475e-07 5.787578235464510305e-08 8.492551147727427515e-09 1.163327424942414539e-09 1.496398239261010427e-10 1.817698897571842887e-11 2.097241172248398565e-12 2.313783910676232144e-13 2.462075143081681075e-14 2.558111076045711129e-15 2.641528135210441162e-16 2.747684850233284683e-17 0.000000000000000000e+00
0.000000000000000000e+00 5.757499124580158278e-18 6.277334496152766941e-17 6.534620198237084251e-16 6.527989476326246261e-15 6.241809546305833124e-14 5.695375394168299216e-13 4.942896539474505862e-12 4.065294090830063260e-11 3.155523707938234395e-10 2.301042800151602571e-09 1.568244062054102797e-08 9.931742233896228059e-08 5.806841276578379983e-07 3.111718313256944098e-06 1.515970312237793931e-05 6.654690463972654185e-05 2.606536614340894246e-04 9.013219484106510786e-04 2.719532512624406231e-03 7.063690645162532845e-03 1.552894135258373054e-02 2.828008028308521757e-02 4.176483446228192870e-02 4.996179905269951260e-02 4.996180014781766154e-02 4.176483746195298191e-02 2.828008452144270893e-02 1.552894620339791143e-02 7.063695492685722992e-03 2.719536714553231517e-03 9.013251580220437136e-04 2.606557964934787469e-04 6.654812105174699591e-05 1.516031544072180382e-05 3.111989959597237127e-06 5.807920087717726202e-07 9.935611110465561777e-08 1.569508704700507484e-08 2.304841023964539435e-09 3.166079622195895747e-10 4.092609901948438604e-11 5.009074005341673970e-12 5.846202374602065972e-13 6.566580268556259679e-14 7.191204853456904939e-15 7.823414081795153678e-16 8.666348321581642950e-17 9.914958891295890164e-18 0.000000000000000000e+00
0.000000000000000000e+00 1.456659723096098666e-18 1.577191160969032752e-17 1.630725502760459138e-16 1.618582363751455776e-15 1.538298936889815659e-14 1.395891539179430444e-13 1.205559793154438286e-12 9.874694075404593235e-12 7.641141623764924937e-11 5.561627491287256133e-10 3.789188158072390718e-09 2.403463517370026491e-08 1.410744403269971664e-07 7.611084300766766912e-07 3.745959538561311561e-06 1.667831817982386663e-05 6.654689882367700914e-05 2.354176345701007025e-04 7.291457055064152776e-04 1.946692560382012145e-03 4.391711977769433527e-03 8.169143159119460901e-03 1.224293056746082221e-02 1.475110882503181779e-02 1.475110954118910925e-02 1.224293254300294100e-02 8.169145956219110022e-03 4.391715195058845840e-03 1.946695741937873574e-03 7.291483606752299090e-04 2.354195648121404209e-04 6.654812105174698236e-05 1.667898953577070823e-05 3.746287076637014250e-06 7.612504860057675334e-07 1.411299078686595784e-07 2.405428758471961221e-08 3.795558203958352381e-09 5.580653614728000713e-10 7.693844857075682354e-11 1.001086801324609530e-11 1.238546224606099915e-12 1.471146206477951497e-13 1.700647827539086373e-14 1.950981404876490952e-15 2.278729320498741014e-16 2.782804715488038676e-17 3.562811060585585303e-18 0.000000000000000000e+00
0.000000000000000000e+00 3.326469149951670559e-19 3.576847736624437625e-18 3.673328259252633540e-17 3.622642527068734645e-16 3.422376041275536938e-15 3.088599478051377556e-14 2.654601049913516225e-13 2.165580472651396365e-12 1.670565903355221426e-11 1.213575108920680771e-10 8.263850141313442415e-10 5.247867052255942269e-09 3.090166488038430025e-08 1.676480046732860102e-07 8.319676127255995223e-07 3.745960023074723279e-06 1.515970253349482190e-05 5.453527505862595335e-05 1.720471062911078204e-04 4.679258007475084512e-04 1.073501320768541212e-03 2.023939254963501907e-03 3.061851131976591964e-03 3.706908467753135348e-03 3.706908857973038179e-03 3.061852216932254601e-03 2.023940800023896636e-03 1.073503108175254735e-03 4.679275564727386916e-04 1.720485342830416404e-04 5.453627835622043248e-05 1.516031544072179365e-05 3.746287076637013826e-06 8.321231130706871550e-07 1.677141283523487157e-07 3.092709113501048942e-08 5.256774098703521257e-09 8.292487554186559000e-10 1.222081584138773834e-10 1.694049240679109307e-11 2.226153245222309410e-12 2.801282781466543752e-13 3.423499647826439813e-14 4.146090473845805187e-15 5.108021209742192073e-16 6.577892020024505927e-17 9.000032327809829947e-18 1.283616859484424964e-18 0.000000000000000000e+00
0.000000000000000000e+00 6.930147368827537618e-20 7.400637049321484468e-19 7.549390195274044084e-18 7.397943924092155055e-17 6.947519867975948340e-16 6.235939977980856989e-15 5.333906442868486415e-14 4.333591815354761299e-13 3.332346659039637456e-12 2.415600979051628791e-11 1.643447411018653163e-10 1.044253615572032474e-09 6.162904671348327774e-09 3.357396801108575856e-08 1.676479836276046795e-07 7.611085078443449424e-07 3.111717956565534376e-06 1.132539509239312875e-05 3.617322488180615714e-05 9.956700352763357936e-05 2.308335507750719571e-04 4.388253472220805156e-04 6.677774636030292706e-04 8.110952084947199280e-04 8.110953904670878747e-04 6.677779733234861939e-04 4.388260783258662629e-04 2.308344016154323906e-04 9.956783595357616805e-05 3.617389035506232898e-05 1.132585187634822263e-05 3.111989959597235856e-06 7.612504860057675334e-07 1.677141283523487422e-07 3.360163891462118273e-08 6.173406243362825735e-09 1.047895775330737588e-09 1.655071714767649404e-10 2.449954283571271236e-11 3.426879178177098510e-12 4.577024636527274445e-13 5.923182887497156326e-14 7.582309861767682639e-15 9.861641221677861018e-16 1.339294858937088105e-16 1.930682613047365174e-17 2.942918727033690291e-18 4.569982169595001086e-19 0.000000000000000000e+00
0.000000000000000000e+00 1.328968307522793545e-20 1.409527795458198953e-19 1.428304690789323739e-18 1.390820664910212705e-17 1.298427326558240710e-16 1.159120175532744351e-15 9.866454207985682381e-15 7.982683839092667368e-14 6.117640277466362719e-13 4.423812546212834109e-12 3.005602669191080816e-11 1.909480414076800722e-10 1.128276615297914549e-09 6.162905121953647109e-09 3.090166089804093237e-08 1.410744667613857992e-07 5.806840465466877118e-07 2.129458144144197091e-06 6.854180784160274854e-06 1.900247807117601550e-05 4.432370121637455273e-05 8.465996613531375002e-05 1.292805904663978718e-04 1.573701603475468106e-04 1.573702345482840264e-04 1.292807996945118186e-04 8.466026852770140991e-05 4.432405524114712398e-05 1.900282371681504860e-05 6.854453993278609098e-06 2.129642735510248437e-06 5.807920087717725143e-07 1.411299078686596048e-07 3.092709113501048942e-08 6.173406243362827389e-09 1.132219433583575738e-09 1.923040468893153122e-10 3.048609247634769373e-11 4.550348019112097263e-12 6.464858812970872465e-13 8.875535120505057412e-14 1.202721809802653445e-14 1.653171726692872315e-15 2.369452677037278142e-16 3.599202149433211326e-17 5.771912143837145360e-18 9.575261187211271688e-19 1.575238124613163321e-19 0.000000000000000000e+00
0.000000000000000000e+00 2.363601981894286907e-21 2.489928299095473802e-20 2.506424595161740534e-19 2.425299950912174247e-18 2.250809259373418711e-17 1.998351897984738582e-16 1.692605251989430066e-15 1.363515441190910403e-14 1.041159033708551628e-13 7.507573056818998717e-13 5.090895740650661493e-12 3.231221300899490478e-11 1.909480391459865304e-10 1.044253711022922742e-09 5.247866019607258003e-09 2.403464159568544385e-08 9.931740156045356448e-08 3.657704470867731314e-07 1.182278540656953851e-06 3.289914863355608428e-06 7.696404526268040423e-06 1.473301820811428443e-05 2.253906319324330737e-05 2.747550676819233807e-05 2.747553367749147802e-05 2.253913951757397578e-05 1.473312936535922935e-05 7.696535432550858258e-06 3.290042582919892539e-06 1.182378771713558414e-06 3.658374576255074004e-07 9.935611110465563101e-08 2.405428758471961883e-08 5.256774098703524566e-09 1.047895775330738208e-09 1.923040468893154414e-10 3.277544053787069712e-11 5.237062732619122111e-12 7.936081774808163832e-13 1.158478166702459827e-13 1.664871725067276521e-14 2.421884844279660477e-15 3.667267779624516937e-16 5.874685689455454741e-17 9.914721459232064007e-18 1.727960512125558630e-18 3.035618839255726772e-19 5.176102523752734360e-20 0.000000000000000000e+00
0.000000000000000000e+00 3.923814814089810620e-22 4.105738579391019085e-21 4.105712609043131238e-20 3.947839672276578600e-19 3.642047978145730303e-18 3.215655471461632868e-17 2.709865445956682311e-16 2.173097753731191545e-15 1.652820172933906426e-14 1.187924972769045315e-13 8.034945808432087522e-13 5.090895670684665361e-12 3.005602602960329247e-11 1.643447613374939033e-10 8.263847750812508147e-10 3.789189642769272758e-09 1.568243580081988259e-08 5.785369912153244256e-08 1.872860927714176178e-07 5.217473631081048959e-07 1.221385333139974648e-06 2.339047115196448422e-06 3.580568403954911822e-06 4.368609961123231447e-06 4.368618759556695415e-06 3.580593489464164804e-06 2.339083925702720770e-06 1.221428935206574290e-06 5.217899173960483391e-07 1.873193480771188589e-07 5.787578235464511628e-08 1.569508704700507484e-08 3.795558203958352381e-09 8.292487554186564170e-10 1.655071714767650696e-10 3.048609247634771311e-11 5.237062732619125342e-12 8.494370592045934048e-13 1.322246567361355990e-13 2.019978099774662204e-14 3.115629984551869919e-15 4.991418883499268415e-16 8.442457157001549209e-17 1.501159109814295644e-17 2.750113428076819979e-18 5.070119541272515777e-19 9.229491909636643262e-20 1.608137749952838417e-20 0.000000000000000000e+00
0.000000000000000000e+00 6.113768763286278517e-23 6.354391546260380984e-22 6.312502096783847008e-21 6.031461744794779725e-20 5.530904643151108019e-19 4.855853435820320623e-18 4.070683779066947841e-17 3.248794084013737930e-16 2.460435723847095743e-15 1.761806381694302818e-14 1.187924964932493509e-13 7.507572905071708631e-13 4.423812438813585534e-12 2.415601401762932565e-11 1.213574600332537614e-10 5.561630726851572021e-10 2.301041760829338447e-09 8.485884533724492977e-09 2.745666198916318661e-08 7.642859449607196456e-08 1.787357237629697125e-07 3.419887380034434356e-07 5.233761464006146229e-07 6.388630338627795894e-07 6.388656564526289639e-07 5.233836585666205197e-07 3.419998428233135642e-07 1.787489521872136234e-07 7.644151899261798152e-08 2.746674172869053366e-08 8.492551147727432478e-09 2.304841023964539435e-09 5.580653614728000713e-10 1.222081584138774093e-10 2.449954283571272528e-11 4.550348019112099687e-12 7.936081774808167871e-13 1.322246567361356242e-13 2.153811162238524218e-14 3.530951458942251960e-15 5.996615295849258329e-16 1.072654249990598760e-16 2.012410372887247606e-17 3.880794071129675019e-18 7.514162679200804315e-19 1.434440177654730313e-19 2.667898671313416315e-20 4.711127742280340745e-21 0.000000000000000000e+00
0.000000000000000000e+00 8.983491665310911201e-24 9.274709237688380025e-23 9.152743960513879701e-22 8.689682616216418301e-21 7.920082029999371101e-20 6.913367015781518575e-19 5.764134553263269060e-18 4.577198903686140583e-17 3.450496819147496302e-16 2.460435932729626507e-15 1.652820203651510467e-14 1.041159017032867653e-13 6.117640150907893587e-13 3.332347483502845374e-12 1.670564883779920244e-11 7.641148241062571702e-11 3.155521594095347150e-10 1.161469352998068279e-09 3.750191101948988268e-09 1.041559376745885861e-08 2.430313735369682492e-08 4.641481582352817304e-08 7.096855856310446243e-08 8.664148175181498177e-08 8.664220095667567137e-08 7.097062733714065039e-08 4.641789597785939826e-08 2.430682695395547261e-08 1.041920459562241914e-08 3.753006015423349983e-09 1.163327424942415573e-09 3.166079622195896781e-10 7.693844857075683647e-11 1.694049240679108984e-11 3.426879178177099318e-12 6.464858812970872465e-13 1.158478166702459827e-13 2.019978099774663150e-14 3.530951458942251565e-15 6.373220886676841285e-16 1.208246391336187806e-16 2.396276207768917607e-17 4.872872979593966987e-18 9.925525534213699751e-19 1.988837043612122476e-19 3.877258282225563893e-20 7.307903089013248527e-21 1.302001328589898147e-21 0.000000000000000000e+00
0.000000000000000000e+00 1.250028252089539742e-24 1.281953758121356267e-23 1.256704144804102884e-22 1.185474103738977119e-21 1.073809121430388153e-20 9.317852763324077195e-20 7.725315682692624223e-19 6.102066337334833934e-18 4.577197099858471561e-17 3.248794072256096474e-16 2.173097644881021809e-15 1.363515363571024780e-14 7.982683592168276102e-14 4.333593283120182958e-13 2.165578535367610080e-12 9.874706851534678768e-12 4.065290021403911322e-11 1.491584697378843911e-10 4.800234385538612110e-10 1.328725981965544609e-09 3.090514684279949612e-09 5.887141282354326335e-09 8.988949672216681544e-09 1.097309422746105165e-08 1.097327708029503981e-08 8.989477676124283979e-09 5.887932918815694224e-09 3.091468124956721598e-09 1.329661043725862000e-09 4.807529877305781885e-10 1.496398239261011978e-10 4.092609901948439896e-11 1.001086801324610015e-11 2.226153245222309006e-12 4.577024636527274445e-13 8.875535120505054888e-14 1.664871725067276206e-14 3.115629984551870313e-15 5.996615295849257343e-16 1.208246391336187313e-16 2.539323768076360069e-17 5.457115198083807253e-18 1.171686701169340303e-18 2.468860035388494816e-19 5.050193763607998306e-20 9.974220929386239471e-21 1.896728369006652464e-21 3.401554598785915619e-22 0.000000000000000000e+00
0.000000000000000000e+00 1.653149173122837252e-25 1.684126656738280656e-24 1.639930447892791991e-23 1.536955990636177813e-22 1.383429585817676003e-21 1.193189441967220430e-20 9.835044821882060051e-20 7.725328735464145481e-19 5.764134260744215281e-18 4.070685155313599890e-17 2.709865579695880612e-16 1.692605199921812823e-15 9.866454237148806662e-15 5.333908997895382483e-14 2.654597587280818785e-13 1.205562138751607658e-12 4.942889099073952765e-12 1.806040032022626743e-11 5.787652228331673353e-11 1.595326193680492414e-10 3.696199962421354463e-10 7.018931012175135971e-10 1.069816030769474455e-09 1.305589752249398727e-09 1.305633133499062348e-09 1.069941748190187413e-09 7.020828738172988203e-10 3.698497781114319129e-10 1.597585305344014991e-10 5.805309254422897981e-11 1.817698897571845149e-11 5.009074005341678009e-12 1.238546224606100520e-12 2.801282781466544762e-13 5.923182887497155064e-14 1.202721809802653445e-14 2.421884844279661266e-15 4.991418883499268415e-16 1.072654249990599130e-16 2.396276207768918223e-17 5.457115198083808023e-18 1.238093192418281327e-18 2.749365729222959857e-19 5.912699635145352927e-20 1.225020124660528279e-20 2.440508656146777527e-21 4.671701064958873124e-22 8.423857870485374715e-23 0.000000000000000000e+00
0.000000000000000000e+00 2.084526538500468830e-26 2.109652764495762909e-25 2.040454351741499674e-24 1.899804734742747870e-23 1.699073536713051501e-22 1.456338694802310902e-21 1.193181588838559808e-20 9.317857298312478820e-20 6.913356615080004133e-19 4.855853601484790016e-18 3.215654891492149835e-17 1.998351548325711939e-16 1.159120175475785438e-15 6.235943927588730088e-15 3.088593556673184978e-14 1.395895631933175952e-13 5.695362389996796255e-13 2.070703745077795320e-12 6.602913348413924088e-12 1.811224662335765527e-11 4.177892383484090156e-11 7.905581297937682615e-11 1.202488779728014065e-10 1.466868867930549259e-10 1.466965445582348466e-10 1.202769606226859780e-10 7.909848575684472258e-11 4.183086402102821115e-11 1.816345325349808216e-11 6.643036000376702866e-12 2.097241172248400181e-12 5.846202374602072031e-13 1.471146206477953011e-13 3.423499647826442337e-14 7.582309861767685795e-15 1.653171726692873499e-15 3.667267779624519895e-16 8.442457157001554140e-17 2.012410372887250071e-17 4.872872979593968527e-18 1.171686701169340495e-18 2.749365729222959376e-19 6.230845986955662699e-20 1.357046729904018973e-20 2.835679198563147089e-21 5.685930847336350018e-22 1.094441824424579521e-22 1.983312240093749592e-23 0.000000000000000000e+00
0.000000000000000000e+00 2.513130731657128666e-27 2.527157691231873912e-26 2.427638110740002689e-25 2.245347859203801770e-24 1.994974068007908018e-23 1.699112938157494595e-22 1.383425688379201055e-21 1.073815698218373300e-20 7.920076568613731451e-20 5.530910644248610521e-19 3.642048595316358891e-18 2.250808945280955427e-17 1.298427552133122808e-16 6.947525931225565282e-16 3.422366508996034743e-15 1.538305775088997074e-14 6.241787784355091308e-14 2.256764347766275300e-13 7.156466642868775151e-13 1.952556816544216564e-12 4.482230010930267655e-12 8.448753542346690664e-12 1.282186252073469396e-11 1.563234627649810164e-11 1.563437360770338422e-11 1.282777658361571387e-11 8.457798454402377684e-12 4.493295888525678411e-12 1.963499180853325291e-12 7.242468413449430504e-13 2.313783910676234163e-13 6.566580268556263465e-14 1.700647827539087635e-14 4.146090473845809920e-15 9.861641221677872851e-16 2.369452677037281100e-16 5.874685689455462137e-17 1.501159109814296260e-17 3.880794071129680411e-18 9.925525534213709380e-19 2.468860035388496742e-19 5.912699635145352927e-20 1.357046729904018371e-20 2.980756648354158230e-21 6.268471418740520346e-22 1.263760071639546145e-22 2.444933700029201381e-23 4.452405607773391557e-24 0.000000000000000000e+00
0.000000000000000000e+00 2.903797442165593317e-28 2.902423931977758419e-27 2.768937458855131057e-26 2.543960843101476415e-25 2.245181397365360666e-24 1.899828812522861007e-23 1.536921098901458810e-22 1.185479588679151505e-21 8.689639637326040458e-21 6.031463594926562533e-20 3.947838619963720463e-19 2.425298235874576318e-18 1.390821139593167080e-17 7.397951583685550804e-17 3.622627784581256916e-16 1.618593268135161556e-15 6.527954393832407665e-15 2.345963504648814550e-14 7.394963692608024847e-14 2.006019244857772945e-13 4.581471642751562512e-13 8.600354515593691823e-13 1.301986208530122975e-12 1.586376913731239951e-12 1.586779891394795026e-12 1.303165418051771686e-12 8.618503441643031887e-13 4.603787953964744473e-13 2.028157011916773454e-13 7.569569865949234907e-14 2.462075143081683915e-14 7.191204853456908095e-15 1.950981404876492136e-15 5.108021209742198975e-16 1.339294858937090324e-16 3.599202149433216873e-17 9.914721459232077873e-18 2.750113428076823445e-18 7.514162679200813944e-19 1.988837043612124883e-19 5.050193763607997704e-20 1.225020124660528730e-20 2.835679198563149346e-21 6.268471418740523167e-22 1.325380317226313065e-22 2.685563408101484052e-23 5.221920623916173471e-24 9.557909136833530027e-25 0.000000000000000000e+00
0.000000000000000000e+00 3.221686148653759834e-29 3.203367760281635542e-28 3.034705880849467156e-27 2.769558084813087796e-26 2.427530953058388498e-25 2.040614373049794211e-24 1.639894958001983732e-23 1.256730487577034408e-22 9.152706793589391079e-22 6.312518604632553612e-21 4.105717255600657550e-20 2.506421609321964344e-19 1.428306468294926838e-18 7.549399169662561066e-18 3.673306945684104327e-17 1.630742218373395924e-16 6.534565725211802231e-16 2.333235372447375552e-15 7.308491356319772492e-15 1.970517755967487502e-14 4.476569374155192646e-14 8.367200571143911439e-14 1.263373696638442058e-13 1.538289945401003247e-13 1.539051250317647508e-13 1.265608194493056651e-13 8.401804220534307207e-14 4.519330237342577493e-14 2.013078845176556553e-14 7.645486890212794522e-15 2.558111076045714284e-15 7.823414081795156636e-16 2.278729320498744466e-16 6.577892020024512090e-17 1.930682613047367639e-17 5.771912143837153834e-18 1.727960512125560364e-18 5.070119541272519629e-19 1.434440177654731035e-19 3.877258282225565698e-20 9.974220929386245490e-21 2.440508656146779408e-21 5.685930847336352840e-22 1.263760071639546850e-22 2.685563408101485228e-23 5.469127907904195506e-24 1.069037450343314971e-24 1.967391913545397247e-25 0.000000000000000000e+00
0.000000000000000000e+00 3.436032741938649941e-30 3.404433204652747787e-29 3.202249908046397118e-28 2.903248962240495122e-27 2.526712743128528729e-26 2.109901882531522408e-25 1.684018467492855610e-24 1.281994340057096442e-23 9.274601756403063535e-23 6.354400857334625204e-22 4.105749118294149641e-21 2.489918819488484213e-20 1.409532079968839158e-19 7.400642095922901706e-19 3.576818557842610665e-18 1.577215653153976254e-17 6.277252666002137246e-17 2.226261259131744268e-16 6.927704230914348922e-16 1.855996726504390072e-15 4.193676826808658985e-15 7.803214825477211899e-15 1.174942912285685411e-14 1.429647216890832909e-14 1.431017907734478286e-14 1.178977916426502205e-14 7.866079919531327708e-15 4.271740821042052241e-15 1.933966719679015206e-15 7.547638821009027968e-16 2.641528135210443627e-16 8.666348321581651578e-17 2.782804715488039908e-17 9.000032327809834569e-18 2.942918727033692602e-18 9.575261187211275540e-19 3.035618839255729661e-19 9.229491909636655299e-20 2.667898671313418121e-20 7.307903089013251536e-21 1.896728369006654345e-21 4.671701064958875005e-22 1.094441824424579991e-22 2.444933700029201675e-23 5.221920623916173471e-24 1.069037450343315338e-24 2.101398961836884717e-25 3.890474648629229871e-26 0.000000000000000000e+00
0.000000000000000000e+00 3.491291718433025403e-31 3.458403258061073850e-30 3.229588916095291884e-29 2.909899703315419670e-28 2.514082933808769013e-27 2.085755493225620499e-26 1.653214271228248494e-25 1.250202831849900356e-24 8.983649926243682403e-24 6.113867361038066800e-23 3.923880004326575236e-22 2.363586604865264937e-21 1.328981084912937341e-20 6.930142770678049207e-20 3.326434263907463118e-19 1.456693820251602975e-18 5.757382308044559203e-18 2.027860702577730017e-17 6.268461115623841900e-17 1.668462648598463335e-16 3.749959582127976229e-16 6.945357263765742326e-16 1.042709506797380156e-15 1.267984716172994836e-15 1.270303244793873565e-15 1.049553781808287685e-15 7.052595811709027140e-16 3.883732768115087170e-16 1.802528245317924697e-16 7.338856852831278661e-17 2.747684850233286532e-17 9.914958891295896327e-18 3.562811060585585303e-18 1.283616859484425734e-18 4.569982169595003975e-19 1.575238124613164766e-19 5.176102523752740981e-20 1.608137749952839320e-20 4.711127742280344506e-21 1.302001328589898523e-21 3.401554598785917500e-22 8.423857870485379417e-23 1.983312240093751355e-23 4.452405607773393026e-24 9.557909136833528190e-25 1.967391913545397017e-25 3.890474648629229297e-26 7.252122742534862617e-27 0.000000000000000000e+00
0.000000000000000000e+00 0.000000000000000000e+00 0.000000000000000000e+00 0.000000000000000000e+00 0.000000000000000000e+00 0.000000000000000000e+00 0.000000000000000000e+00 0.000000000000000000e+00 0.000000000000000000e+00 0.000000000000000000e+00 0.000000000000000000e+00 0.000000000000000000e+00 0.000000000000000000e+00 0.000000000000000000e+00 0.000000000000000000e+00 0.000000000000000000e+00 0.000000000000000000e+00 0.000000000000000000e+00 0.000000000000000000e+00 0.000000000000000000e+00 0.000000000000000000e+00 0.000000000000000000e+00 0.000000000000000000e+00 0.000000000000000000e+00 0.000000000000000000e+00 0.000000000000000000e+00 0.000000000000000000e+00 0.000000000000000000e+00 0.000000000000000000e+00 0.000000000000000000e+00 0.000000000000000000e+00 0.000000000000000000e+00 0.000000000000000000e+00 0.000000000000000000e+00 0.000000000000000000e+00 0.000000000000000000e+00 0.000000000000000000e+00 0.000000000000000000e+00 0.000000000000000000e+00 0.000000000000000000e+00 0.000000000000000000e+00 0.000000000000000000e+00 0.000000000000000000e+00 0.000000000000000000e+00 0.000000000000000000e+00 0.000000000000000000e+00 0.000000000000000000e+00 0.000000000000000000e+00 0.000000000000000000e+00 0.000000000000000000e+00
