0.000000000000000000e+00 0.000000000000000000e+00 0.000000000000000000e+00 0.000000000000000000e+00 0.000000000000000000e+00 0.000000000000000000e+00 0.000000000000000000e+00 0.000000000000000000e+00 0.000000000000000000e+00 0.000000000000000000e+00 0.000000000000000000e+00 0.000000000000000000e+00 0.000000000000000000e+00 0.000000000000000000e+00 0.000000000000000000e+00 0.000000000000000000e+00 0.000000000000000000e+00 0.000000000000000000e+00 0.000000000000000000e+00 0.000000000000000000e+00 0.000000000000000000e+00 0.000000000000000000e+00 0.000000000000000000e+00 0.000000000000000000e+00 0.000000000000000000e+00 0.000000000000000000e+00 0.000000000000000000e+00 0.000000000000000000e+00 0.000000000000000000e+00 0.000000000000000000e+00 0.000000000000000000e+00 0.000000000000000000e+00 0.000000000000000000e+00 0.000000000000000000e+00 0.000000000000000000e+00 0.000000000000000000e+00 0.000000000000000000e+00 0.000000000000000000e+00 0.000000000000000000e+00 0.000000000000000000e+00 0.000000000000000000e+00 0.000000000000000000e+00 0.000000000000000000e+00 0.000000000000000000e+00 0.000000000000000000e+00 0.000000000000000000e+00 0.000000000000000000e+00 0.000000000000000000e+00 0.000000000000000000e+00 0.000000000000000000e+00
0.000000000000000000e+00 -1.540222778859766666e-34 6.145232143640960903e-34 -2.738098407618749213e-33 1.152320155831613686e-32 -4.256970539440203464e-32 1.876797782272989392e-31 -4.117644109316214928e-31 5.030650144527938618e-30 1.143087982778089610e-29 2.894536170234290846e-28 1.733355424778975025e-27 1.876378933507107546e-26 1.315867438249278746e-25 1.034061235136245600e-24 6.818817445869010264e-24 4.278313456054355105e-23 2.376053154692676548e-22 1.177496527013470541e-21 5.061608603935629617e-21 1.842713208093985678e-20 5.487870466435804613e-20 1.279111157566611971e-19 2.220267328312284584e-19 2.807188600237780449e-19 2.807177700812940270e-19 2.220240522911850146e-19 1.279076183737404237e-19 5.487353117273218307e-20 1.842235643386311317e-20 5.057047920707372566e-21 1.173510279959545732e-21 2.355828209893916126e-22 4.136581777891773955e-23 6.276193723856891090e-24 7.557367653786003328e-25 3.875837449783200404e-26 -1.715087025140177306e-26 -9.031038782849203774e-27 -3.068887533112579589e-27 -8.906593455336137481e-28 -2.354961452976251478e-28 -5.804822768121211584e-29 -1.347859965013037512e-29 -2.965293474786569332e-30 -6.204745055006777632e-31 -1.238327667998344035e-31 -2.361085314024235732e-32 -4.270024850020550005e-33 0.000000000000000000e+00
0.000000000000000000e+00 6.145232143641113144e-34 -2.449507296646677576e-33 1.097674571282064381e-32 -4.226846934431241020e-32 2.004673163562604344e-31 -4.133831100650912692e-31 6.243929038320262772e-30 1.923270797176692143e-29 4.242631072158717993e-28 2.905216547246115612e-27 3.242430549295370471e-26 2.504932124659681533e-25 2.125644725466970018e-24 1.544793130823613962e-23 1.075081383859197812e-22 6.713368844565156020e-22 3.801734823213525527e-21 1.904984401702035703e-20 8.300761288990733834e-20 3.061007379356523048e-19 9.226505758547156975e-19 2.172689927603745533e-18 3.795897501105915609e-18 4.803123817474376131e-18 4.803121685260643820e-18 3.795888927449229777e-18 2.172681211976700516e-18 9.226556159894525978e-19 3.061099664013422502e-19 8.302244642436582145e-20 1.906576347026413300e-20 3.809800524184365449e-21 6.776987332478200117e-22 1.098064388679942907e-22 1.672484704103473897e-23 2.528712142831808465e-24 4.139961529038900823e-25 7.961988098086291801e-26 1.793222318702280109e-26 4.373970644667279515e-27 1.074501554496819403e-27 2.559744536608835806e-28 5.828420073796566250e-29 1.263364988766151883e-29 2.606751851877646107e-30 5.125730493224962882e-31 9.612767133213695404e-32 1.714425237818299403e-32 0.000000000000000000e+00
0.000000000000000000e+00 -2.738098407618536760e-33 1.097674571282065749e-32 -4.511928617125939253e-32 2.251354488199888120e-31 -5.051341048364502890e-31 7.738308822273620061e-30 2.385808091150350940e-29 5.828921004225590705e-28 4.179701289241624282e-27 5.047376993563904535e-26 4.161394250175658084e-25 3.836376659540823587e-24 3.027541189483427034e-23 2.318162682481163015e-22 1.605069458798189286e-21 1.022277615217018412e-20 5.850100225319678943e-20 2.972325295895037462e-19 1.312158862471765128e-18 4.901975823341455007e-18 1.495768677570859025e-17 3.559192860380535146e-17 6.259604875710431418e-17 7.926132408348265322e-17 7.926132781630969298e-17 6.259607705721764966e-17 3.559195829486989423e-17 1.495764635695489148e-17 4.901921321094622407e-18 1.312073240890576211e-18 2.971420783617291796e-19 5.845693295011451022e-20 1.018605133166954750e-20 1.592664290319489561e-21 2.244098784149169792e-22 2.807869832548204601e-23 2.893652804248831051e-24 1.555327445285006081e-25 -3.518094141772141951e-26 -1.779381631549626808e-26 -5.351483763287608990e-27 -1.364129771383974770e-27 -3.171390312159774263e-28 -6.890191500495581553e-29 -1.412807303442885739e-29 -2.746411072390988646e-30 -5.070030293233233526e-31 -8.851840254431062145e-32 0.000000000000000000e+00
0.000000000000000000e+00 1.152320155831582758e-32 -4.226846934430127097e-32 2.251354488199604795e-31 -5.356920239230666575e-31 8.584520562230294982e-30 2.727954161894846353e-29 7.183478372302553230e-28 5.415144734011452512e-27 7.006992351700678936e-26 6.148876876809742330e-25 6.109822763504753467e-24 5.201299560489021564e-23 4.340853527732244057e-22 3.297415942989088480e-21 2.330749959374063711e-20 1.498468098315342000e-19 8.694907385070806231e-19 4.474297926199119074e-18 2.001409527377500897e-17 7.574427108520772776e-17 2.339769780913060837e-16 5.626405103276397834e-16 9.961830396838486023e-16 1.262158188760711463e-15 1.262158304893321839e-15 9.961832575476956674e-16 5.626407373416332870e-16 2.339774139439331507e-16 7.574463824416486218e-17 2.001457024244256700e-17 4.474768235800260232e-18 8.697072127556845776e-19 1.500381365879464050e-19 2.336649727538099692e-20 3.336159579045370536e-21 4.445942957545965470e-22 5.690421015964850829e-23 7.374161573455954433e-24 1.051710050239689249e-24 1.774712110783576919e-25 3.502332063789157435e-26 7.471254209097417607e-27 1.605833661302007738e-27 3.350028937947273394e-28 6.676773276863581946e-29 1.263190426041065223e-29 2.260068450799024901e-30 3.790661514908527470e-31 0.000000000000000000e+00
0.000000000000000000e+00 -4.256970539438023788e-32 2.004673163561711892e-31 -5.051341048359078989e-31 8.584520562229026806e-30 2.851667563345482927e-29 7.971809087788164666e-28 6.319929452047441988e-27 8.706603381270386674e-26 8.106117996329282562e-25 8.628036696148040014e-24 7.877609794259237460e-23 7.110649641955860047e-22 5.873965357460385383e-21 4.557800304524712779e-20 3.248528804030870098e-19 2.117232759684072637e-18 1.243548956882106616e-17 6.482456802405334237e-17 2.937479511573019556e-16 1.126109967535406717e-15 3.521539986168103842e-15 8.558214234798213236e-15 1.525555188183479779e-14 1.933799919222687073e-14 1.933799400969884383e-14 1.525553751008490968e-14 8.558198437898805469e-15 3.521528227430156007e-15 1.126102930721090222e-15 2.937433662279781115e-16 6.482153045411801734e-17 1.243426932633214733e-17 2.116247541852260625e-18 3.245846934244441053e-19 4.538740092113262826e-20 5.828448700248634999e-21 6.875283189628895150e-22 7.328218627917789889e-23 6.580575827883273588e-24 3.413463220274567106e-25 -4.718164256387363834e-26 -2.291445283815672809e-26 -6.064798018209503145e-27 -1.339293912934459943e-27 -2.668335336879197660e-28 -4.899496349702708883e-29 -8.307552782893623362e-30 -1.279163659816381595e-30 0.000000000000000000e+00
0.000000000000000000e+00 1.876797782271202079e-31 -4.133831100640278589e-31 7.738308822269475020e-30 2.727954161897043589e-29 7.971809087787721632e-28 6.653034174194255287e-27 9.700807292468073872e-26 9.558506218579427783e-25 1.084004607665593116e-23 1.056420016146340224e-22 1.024661682729801768e-21 9.138254218595749041e-21 7.713879053126459234e-20 6.029310929601290130e-19 4.354892644932510347e-18 2.870910961109488532e-17 1.707276214763719195e-16 9.011627295375207645e-16 4.135885364081609995e-15 1.605808238821232402e-14 5.083197021159394068e-14 1.248475336920902417e-13 2.240636127825275133e-13 2.841225194620255956e-13 2.841226547032972339e-13 2.240640120372917811e-13 1.248479794505030742e-13 5.083227764893505174e-14 1.605826541405592968e-14 4.135974248175984828e-15 9.012017162999828357e-16 1.707410036581112693e-16 2.871579287261016627e-17 4.356508027682031108e-18 6.039121677413763902e-19 7.733655032852562370e-20 9.247279580871828896e-21 1.046363674933749829e-21 1.145645140908440152e-22 1.265221366903602429e-23 1.507634733135710184e-24 2.070482187077266618e-25 3.285412854696828446e-26 5.629791547832140310e-27 9.628559563306776968e-28 1.547184762332768480e-28 2.203642514102355538e-29 2.442086695814179860e-30 0.000000000000000000e+00
0.000000000000000000e+00 -4.117644109302443667e-31 6.243929038312605377e-30 2.385808091154446935e-29 7.183478372301155967e-28 6.319929452048154430e-27 9.700807292467923491e-26 1.009664513030075337e-24 1.214369505998651905e-23 1.258266528066260939e-22 1.304303569814242383e-21 1.248281310112072223e-20 1.137826982438555171e-19 9.666651433874401127e-19 7.653671187022543924e-18 5.587250206439722215e-17 3.726737130796520559e-16 2.242383284030265678e-15 1.198041053417651368e-14 5.566792991979358166e-14 2.188402574110253622e-13 7.011071180527577095e-13 1.740158112001386442e-12 3.144244707516162324e-12 3.987793663224092834e-12 3.987791040076796560e-12 3.144236661984672569e-12 1.740149042924583876e-12 7.011008126341643897e-13 2.188363313533980634e-13 5.566611409767116909e-14 1.197969064111416062e-14 2.242144448274908492e-15 3.725930238799080398e-16 5.585284012210736468e-17 7.646448419262867217e-18 9.653311630257069988e-19 1.132059471913093007e-19 1.238866658784753397e-20 1.265147884110546133e-21 1.193542723171823598e-22 1.002437885235676727e-23 6.561761812245862629e-25 1.036158880737741333e-26 -6.886072082038620080e-27 -1.611764321555183062e-27 -2.091678604166826862e-28 -3.904072036649810725e-30 7.920692808782053120e-30 0.000000000000000000e+00
0.000000000000000000e+00 5.030650144517085562e-30 1.923270797181790066e-29 5.828921004223045499e-28 5.415144734012738209e-27 8.706603381269914869e-26 9.558506218579580230e-25 1.214369505998649701e-23 1.333511317260346475e-22 1.470564816586634811e-21 1.502891312888395458e-20 1.470244960312398923e-19 1.347869071165757754e-18 1.159503316076426690e-17 9.271660374439827506e-17 6.842974367320069943e-16 4.614037699632356059e-15 2.807563025487541734e-14 1.517371445092334704e-13 7.134543084983752701e-13 2.838556625123770983e-12 9.201031227141432800e-12 2.307414485627507699e-11 4.197127840636722877e-11 5.323193590434292068e-11 5.323197582443160973e-11 4.197140563209117168e-11 2.307428938627094277e-11 9.201133750503875512e-12 2.838623532290342082e-12 7.134850018845593329e-13 1.517493014601451187e-13 2.807969157201411556e-14 4.615269449587977804e-15 6.846115786391325095e-16 9.280122522237540310e-17 1.161178888699624471e-17 1.352508402644891714e-18 1.477497537637121652e-19 1.525023524333113394e-20 1.500180419843230940e-21 1.423083705420459546e-22 1.322587405096011315e-23 1.220207882035507287e-24 1.090623867923331317e-25 7.683488499137345966e-27 -2.574122733778985842e-28 -3.249881135377038438e-28 -1.105757755518598986e-28 0.000000000000000000e+00
0.000000000000000000e+00 1.143087982783556495e-29 4.242631072155373710e-28 4.179701289243164679e-27 7.006992351699853564e-26 8.106117996329580109e-25 1.084004607665584300e-23 1.258266528066258588e-22 1.470564816586637444e-21 1.598418404327304002e-20 1.669863550641552771e-19 1.642287277544396594e-18 1.524030439515051783e-17 1.323239082271011181e-16 1.068991773253011632e-15 7.968352620860243075e-15 5.427736203577691688e-14 3.337129400695371922e-13 1.823024532344105527e-12 8.667330378738989049e-12 3.487811215622943654e-11 1.143304834401404212e-10 2.896029213056374330e-10 5.302152660390721861e-10 6.723279065383383574e-10 6.723274193002883109e-10 5.302136430767067199e-10 2.896010645678216541e-10 1.143291354230575104e-10 3.487719158650645557e-11 8.666911138711205799e-12 1.822855346935022707e-12 3.336559582228678694e-13 5.426035372158363507e-14 7.963903099178590033e-15 1.067893196488106719e-15 1.320924006059512814e-16 1.518873932799427058e-17 1.633477633470696107e-18 1.650684015513886250e-19 1.572159576862919889e-20 1.413125857208369535e-21 1.199514491076671330e-22 9.699792634623584565e-24 7.921538274049605104e-25 8.093419194139129004e-26 1.345446882801979430e-26 3.108840860969046129e-27 7.595807656401235596e-28 0.000000000000000000e+00
0.000000000000000000e+00 2.894536170231090953e-28 2.905216547247675381e-27 5.047376993562913286e-26 6.148876876810144570e-25 8.628036696147843119e-24 1.056420016146338578e-22 1.304303569814248966e-21 1.502891312888389740e-20 1.669863550641554456e-19 1.753528725254983561e-18 1.745385715027238818e-17 1.634091464600575936e-16 1.432622256960001620e-15 1.167963053653709383e-14 8.786153367651271001e-14 6.039761271451667029e-13 3.748221698026637186e-12 2.067445272612563022e-11 9.928919260401149600e-11 4.037467859761003426e-10 1.337448238998863497e-09 3.420183037581140636e-09 6.300725897002562935e-09 7.985778504346413954e-09 7.985783312689049776e-09 6.300742798100367690e-09 3.420202501264882208e-09 1.337462735480830510e-09 4.037571330578577452e-10 9.929384153751125599e-11 2.067637659199910406e-11 3.748871586549925780e-12 6.041708801475377218e-13 8.791314636785782078e-14 1.169215186176251656e-14 1.435338100686710632e-15 1.639771093231680490e-16 1.755690500252767831e-17 1.773089870023569933e-18 1.699443446786139186e-19 1.555415815149531091e-20 1.366921749831470538e-21 1.154287990197653063e-22 9.169348019457842620e-24 6.078547338645785178e-25 8.612421657122656380e-27 -9.700867575773903301e-27 -3.236113880205886521e-27 0.000000000000000000e+00
0.000000000000000000e+00 1.733355424780318837e-27 3.242430549294538786e-26 4.161394250176086956e-25 6.109822763504527185e-24 7.877609794259268023e-23 1.024661682729807034e-21 1.248281310112062443e-20 1.470244960312406386e-19 1.642287277544393320e-18 1.745385715027239434e-17 1.752456774367927686e-16 1.656195279326939176e-15 1.464512328338452589e-14 1.203975020985025544e-13 9.130107202875465761e-13 6.326028628006022682e-12 3.957211002487175258e-11 2.200723372756058728e-10 1.066084958653212519e-09 4.375060450716167727e-09 1.463001855366582072e-08 3.774110290649047762e-08 6.992608901346093397e-08 8.855757478501320261e-08 8.855753648719863632e-08 6.992594486217884492e-08 3.774093586748088779e-08 1.462989056574143730e-08 4.374965030580807584e-09 1.066043025598634439e-09 2.200544317329618044e-10 3.956608810930784257e-11 6.324207576899465567e-12 9.125250491123741338e-13 1.202798453137710177e-13 1.461927845810138127e-14 1.650877474771195605e-15 1.742548418882636236e-16 1.727365139555057505e-17 1.613501817896834443e-18 1.422727590518978177e-19 1.184384612869428407e-20 9.305434108748123052e-22 6.953190429098927477e-23 5.214329554858852432e-24 4.780825567432491412e-25 6.955034363535216256e-26 1.432772934478379395e-26 0.000000000000000000e+00
0.000000000000000000e+00 1.876378933506585806e-26 2.504932124660019947e-25 3.836376659540659753e-24 5.201299560489078575e-23 7.110649641955906127e-22 9.138254218595666286e-21 1.137826982438566005e-19 1.347869071165751591e-18 1.524030439515055172e-17 1.634091464600575936e-16 1.656195279326938387e-15 1.578404888635553044e-14 1.406803738655590006e-13 1.164957191541716865e-12 8.893963641785744205e-12 6.201630636438625235e-11 3.903446827426206473e-10 2.184521045907159695e-09 1.065376895157181748e-08 4.404387078316098405e-08 1.484466035095333791e-07 3.858589831035592595e-07 7.184776556069277229e-07 9.088443688561988960e-07 9.088446120405926033e-07 7.184786590864701705e-07 3.858601525202509823e-07 1.484475286907458810e-07 4.404459109578611235e-08 1.065407510420318570e-08 2.184657186890844670e-09 3.903897848727211576e-10 6.203012296810625935e-11 8.897650297640666352e-12 1.165851415678484047e-12 1.408776622615488459e-13 1.582440516649264827e-14 1.663780537267729857e-15 1.647655965972035613e-16 1.546137939125167237e-17 1.383303523726400556e-18 1.187869421775792584e-19 9.859312973217832921e-21 7.950138195739125505e-22 6.191419761019971863e-23 4.431500768131439822e-24 2.234299976275444308e-25 -1.333771836381241174e-26 0.000000000000000000e+00
0.000000000000000000e+00 1.315867438249474815e-25 2.125644725466888468e-24 3.027541189483471115e-23 4.340853527732285434e-22 5.873965357460327454e-21 7.713879053126556735e-20 9.666651433874335645e-19 1.159503316076432083e-17 1.323239082271008962e-16 1.432622256960002212e-15 1.464512328338452905e-14 1.406803738655590006e-13 1.262639987245539526e-12 1.051951092667360045e-11 8.072970229314933029e-11 5.654152801868938726e-10 3.572750556859793375e-09 2.006974319171688590e-08 9.827526583909319788e-08 4.082264018628385995e-07 1.383644958907150905e-06 3.617539919520691220e-06 6.761836397911930068e-06 8.539078882849863265e-06 8.539077686165276310e-06 6.761830755781202465e-06 3.617533312327335265e-06 1.383639534956736655e-06 4.082219911241017696e-07 9.827348112931706970e-08 2.006890410288816078e-08 3.572481329962998539e-09 5.653311186030188930e-10 8.070743565600619355e-11 1.051410850587201891e-11 1.261452238443779678e-12 1.404394470390307527e-13 1.460007620178163080e-14 1.424708349934075617e-15 1.310419143734997402e-16 1.139552391913376979e-17 9.385516593923113943e-19 7.323048994593254114e-20 5.408741887743138181e-21 3.790136977343363469e-22 2.583480149827068207e-23 1.919272119281714729e-24 2.019794058180400275e-25 0.000000000000000000e+00
0.000000000000000000e+00 1.034061235136212722e-24 1.544793130823628656e-23 2.318162682481194048e-22 3.297415942989050112e-21 4.557800304524782594e-20 6.029310929601239093e-19 7.653671187022588605e-18 9.271660374439800389e-17 1.068991773253012421e-15 1.167963053653709383e-14 1.203975020985025291e-13 1.164957191541717067e-12 1.051951092667360691e-11 8.806031109955149307e-11 6.781074758771914042e-10 4.759302780510571311e-09 3.010413098831152916e-08 1.691706693933737907e-07 8.286861732633616333e-07 3.445992888704833218e-06 1.170670692995158319e-05 3.070490527938880837e-05 5.751331376466545020e-05 7.245929407944366350e-05 7.245929836214798163e-05 5.751333889166325658e-05 3.070493480642680210e-05 1.170673225549357360e-05 3.446014414126518878e-06 8.286942607235670284e-07 1.691747985970150127e-07 3.010537576709764169e-08 4.759706473872684771e-09 6.782113964685346745e-10 8.808546819992836250e-11 1.052493842629692518e-11 1.166032648687762519e-12 1.205924921482108585e-13 1.171234472089664816e-14 1.074003827271920787e-15 9.343337155423352019e-17 7.744318142806525315e-18 6.136138891279153706e-19 4.653097542677441036e-20 3.361266688375974148e-21 2.263326579269435013e-22 1.308617140643491621e-23 3.977509364199249897e-25 0.000000000000000000e+00
0.000000000000000000e+00 6.818817445869030835e-24 1.075081383859210977e-22 1.605069458798166717e-21 2.330749959374100725e-20 3.248528804030837357e-19 4.354892644932545784e-18 5.587250206439700028e-17 6.842974367320083748e-16 7.968352620860239920e-15 8.786153367651267215e-14 9.130107202875471820e-13 8.893963641785742590e-12 8.072970229314936906e-11 6.781074758771914042e-10 5.229200519221350008e-09 3.667847548580975330e-08 2.314080315907518892e-07 1.295148383754774924e-06 6.314367093985634654e-06 2.614625405262981436e-05 8.858562457691410651e-05 2.321490473516047771e-04 4.345689097399743021e-04 5.457068130367166963e-04 5.457068038136224028e-04 4.345688240690953824e-04 2.321489466156015792e-04 8.858553334033175762e-05 2.614617287509243208e-05 6.314340055543507136e-06 1.295132565057099303e-06 2.314038293377703892e-07 3.667700144724336380e-08 5.228849205726650733e-09 6.780230310055407660e-10 8.071267979395876479e-11 8.890854635759124566e-12 9.125184396665135950e-13 8.779577534162781348e-14 7.961980271135716741e-15 6.841512755118939626e-16 5.601260906201445178e-17 4.400859886036726782e-18 3.356110126566418014e-19 2.535020741624975467e-20 1.965174174634686804e-21 1.646303101747926342e-22 1.553347617647253963e-23 0.000000000000000000e+00
0.000000000000000000e+00 4.278313456054362157e-23 6.713368844565077967e-22 1.022277615217029997e-20 1.498468098315327315e-19 2.117232759684090355e-18 2.870910961109475590e-17 3.726737130796525490e-16 4.614037699632356059e-15 5.427736203577687270e-14 6.039761271451672077e-13 6.326028628006021066e-12 6.201630636438629112e-11 5.654152801868938726e-10 4.759302780510571311e-09 3.667847548580977315e-08 2.563186963111974592e-07 1.606059534546429134e-06 8.901210494307570112e-06 4.288987880909629033e-05 1.754680820955247357e-04 5.884108428782427189e-04 1.530934430573281527e-03 2.851630370196574747e-03 3.564313527881223919e-03 3.564313527489941860e-03 2.851630580249077049e-03 1.530934675944237936e-03 5.884110820961244420e-04 1.754683057038266137e-04 4.288993783856241991e-05 8.901255775566000114e-06 1.606068392140794741e-06 2.563225460757961933e-07 3.667918229788439356e-08 4.759468670109421080e-09 5.654379217154909087e-10 6.201805070174498786e-11 6.325572716148039800e-12 6.037206768610743491e-13 5.419811812437270328e-14 4.594521890286386500e-15 3.684737433279903947e-16 2.789619411838615654e-17 1.971500868746566352e-18 1.255925621012173555e-19 6.398318634870117330e-21 1.030071876900590695e-22 -3.748099862994860190e-23 0.000000000000000000e+00
0.000000000000000000e+00 2.376053154692671376e-22 3.801734823213536811e-21 5.850100225319652461e-20 8.694907385070833194e-19 1.243548956882103843e-17 1.707276214763721414e-16 2.242383284030266073e-15 2.807563025487539209e-14 3.337129400695372427e-13 3.748221698026636378e-12 3.957211002487175258e-11 3.903446827426206473e-10 3.572750556859793788e-09 3.010413098831153578e-08 2.314080315907517834e-07 1.606059534546428922e-06 9.944955912554497224e-06 5.419065830584066757e-05 2.555940437750661384e-04 1.021299056052371547e-03 3.349425097645637294e-03 8.562928077120978906e-03 1.575642885575818941e-02 1.956085823943618310e-02 1.956085832141335121e-02 1.575642853345894309e-02 8.562927713063035393e-03 3.349424696450757893e-03 1.021298658028350469e-03 2.555939938270603375e-04 5.419056772486192150e-05 9.944952268956675154e-06 1.606053276230763417e-06 2.314081566901623264e-07 3.010418762033936179e-08 3.572851841055871288e-09 3.903821632490898688e-10 3.958405251168709005e-11 3.751400087409997256e-12 3.344664511459124857e-13 2.823756187769900172e-14 2.274436722093023242e-15 1.766237257399589921e-16 1.345313726194594294e-17 1.034961440328645598e-18 8.404654827067678348e-20 7.550509799706452172e-21 7.590395434817597369e-22 0.000000000000000000e+00
0.000000000000000000e+00 1.177496527013461325e-21 1.904984401702040217e-20 2.972325295895031203e-19 4.474297926199123696e-18 6.482456802405329307e-17 9.011627295375211589e-16 1.198041053417649633e-14 1.517371445092336471e-13 1.823024532344104316e-12 2.067445272612562699e-11 2.200723372756059762e-10 2.184521045907160109e-09 2.006974319171688259e-08 1.691706693933738701e-07 1.295148383754774288e-06 8.901210494307576889e-06 5.419065830584064724e-05 2.878844208290133708e-04 1.312374208730980466e-03 5.035422550181277608e-03 1.584193704976181311e-02 3.909921763322740662e-02 7.016912866653625402e-02 8.620088190772888515e-02 8.620088162144848298e-02 7.016912884732645628e-02 3.909921777838624296e-02 1.584193731169977054e-02 5.035422843847297061e-03 1.312374085264458737e-03 2.878845350748334775e-04 5.419061480278991681e-05 8.901213993338299714e-06 1.295141841042408766e-06 1.691689831187231179e-07 2.006894833216580582e-08 2.184285403499222863e-09 2.200050882796819721e-10 2.065768958394243105e-11 1.819198538986321712e-12 1.509348126143539285e-13 1.182419088481513438e-14 8.727269493264799667e-16 5.995465782157803130e-17 3.685901956095870395e-18 1.759787223016109554e-19 1.281368197782775981e-21 -1.289159725353868708e-21 0.000000000000000000e+00
0.000000000000000000e+00 5.061608603935666480e-21 8.300761288990694111e-20 1.312158862471770135e-18 2.001409527377495042e-17 2.937479511573024487e-16 4.135885364081604473e-15 5.566792991979361953e-14 7.134543084983749672e-13 8.667330378738992280e-12 9.928919260401149600e-11 1.066084958653212312e-09 1.065376895157181582e-08 9.827526583909317141e-08 8.286861732633618451e-07 6.314367093985635501e-06 4.288987880909625645e-05 2.555940437750662468e-04 1.312374208730980032e-03 5.693930461545325221e-03 2.047591720684809047e-02 5.987773423210938917e-02 1.382376856871842252e-01 2.361614212049857331e-01 2.850305677118962211e-01 2.850305681287889636e-01 2.361614214049898852e-01 1.382376861037885318e-01 5.987773457515786768e-02 2.047591753178126806e-02 5.693930829929545051e-03 1.312374118622665125e-03 2.555941875267983359e-04 4.288988616887797227e-05 6.314391664988585168e-06 8.286924819979588042e-07 9.827812618637221810e-08 1.065458413573541665e-08 1.066316697995404793e-09 9.934620737509883872e-11 8.680285793290540507e-12 7.161596855164364121e-13 5.619334417040151181e-14 4.231376771114608719e-15 3.100852606606711475e-16 2.265836774774641032e-17 1.718805616138084890e-18 1.426320189411054530e-19 1.334316926573899510e-20 0.000000000000000000e+00
0.000000000000000000e+00 1.842713208093977252e-20 3.061007379356539900e-19 4.901975823341431126e-18 7.574427108520803591e-17 1.126109967535403956e-15 1.605808238821235242e-14 2.188402574110252360e-13 2.838556625123773002e-12 3.487811215622942362e-11 4.037467859761004977e-10 4.375060450716169381e-09 4.404387078316095096e-08 4.082264018628385465e-07 3.445992888704831523e-06 2.614625405262979742e-05 1.754680820955246544e-04 1.021299056052371763e-03 5.035422550181280210e-03 2.047591720684809394e-02 6.692459750986184952e-02 1.731157182329414457e-01 3.530675372124797429e-01 5.468131368989093133e-01 6.382596917962208849e-01 6.382596917754397303e-01 5.468131369279091158e-01 3.530675369605765779e-01 1.731157178081381698e-01 6.692459700810915457e-02 2.047591715543574734e-02 5.035422655324021945e-03 1.021298857222101807e-03 1.754680630115189842e-04 2.614620341212222913e-05 3.445979608893127479e-06 4.082200786175013158e-07 4.404211070463937692e-08 4.374551928851982570e-09 4.036228984825332290e-10 3.484995610533955267e-11 2.832700337552715426e-12 2.177059541862001252e-13 1.585250007784717445e-14 1.091026465491642123e-15 7.007850767557204525e-17 4.032471325164628891e-18 1.788326984211362058e-19 7.764869132196932451e-22 0.000000000000000000e+00
0.000000000000000000e+00 5.487870466435828688e-20 9.226505758547110753e-19 1.495768677570864571e-17 2.339769780913054428e-16 3.521539986168109364e-15 5.083197021159388388e-14 7.011071180527586182e-13 9.201031227141426338e-12 1.143304834401404600e-10 1.337448238998862876e-09 1.463001855366582238e-08 1.484466035095334055e-07 1.383644958907150693e-06 1.170670692995158319e-05 8.858562457691413362e-05 5.884108428782427189e-04 3.349425097645636860e-03 1.584193704976180617e-02 5.987773423210941692e-02 1.731157182329414179e-01 3.723538603508469436e-01 6.156654565833968862e-01 7.949973416006855809e-01 8.682924167707245511e-01 8.682924162638294696e-01 7.949973408070341030e-01 6.156654558302748770e-01 3.723538596658633737e-01 1.731157175492277767e-01 5.987773358061142248e-02 1.584193698059405478e-02 3.349425207856640812e-03 5.884108813163624850e-04 8.858567882357012892e-05 1.170672131349001935e-05 1.383651930804742172e-06 1.484484028011247766e-07 1.463054371703382157e-08 1.337570618203494440e-09 1.143579053727401393e-10 9.206590569525534712e-12 7.021628755758636671e-13 5.101949108219062578e-14 3.552937679691722751e-15 2.389550027286358562e-16 1.570808819336562217e-17 1.030588290187028230e-18 6.960319882171781707e-20 0.000000000000000000e+00
0.000000000000000000e+00 1.279111157566609082e-19 2.172689927603748999e-18 3.559192860380530216e-17 5.626405103276403751e-16 8.558214234798208503e-15 1.248475336920902669e-13 1.740158112001385230e-12 2.307414485627507699e-11 2.896029213056373813e-10 3.420183037581140636e-09 3.774110290649048423e-08 3.858589831035591537e-07 3.617539919520692067e-06 3.070490527938879482e-05 2.321490473516047229e-04 1.530934430573280877e-03 8.562928077120980641e-03 3.909921763322740662e-02 1.382376856871841975e-01 3.530675372124795208e-01 6.156654565833968862e-01 8.174593621923674780e-01 9.242547055223940822e-01 9.615744916641744133e-01 9.615744915156967387e-01 9.242547050682033971e-01 8.174593618988356125e-01 6.156654566104881043e-01 3.530675373901043246e-01 1.382376853746489220e-01 3.909921726073588288e-02 8.562928128642940950e-03 1.530934398650310533e-03 2.321490723488167055e-04 3.070491426809734210e-05 3.617544440785916918e-06 3.858605630257175809e-07 3.774156788711173293e-08 3.420308784528252709e-09 2.896327109321900924e-10 2.308070071327231648e-11 1.741482977740689151e-12 1.250977905954050983e-13 8.602556610739234970e-15 5.700589740746331493e-16 3.676914088175983862e-17 2.350560717171036831e-18 1.533251608067939974e-19 0.000000000000000000e+00
0.000000000000000000e+00 2.220267328312284103e-19 3.795897501105914839e-18 6.259604875710432650e-17 9.961830396838478135e-16 1.525555188183480726e-14 2.240636127825271347e-13 3.144244707516164748e-12 4.197127840636720938e-11 5.302152660390725997e-10 6.300725897002564590e-09 6.992608901346093397e-08 7.184776556069278288e-07 6.761836397911928374e-06 5.751331376466540954e-05 4.345689097399741394e-04 2.851630370196571711e-03 1.575642885575819982e-02 7.016912866653618464e-02 2.361614212049855943e-01 5.468131368989088692e-01 7.949973416006852478e-01 9.242547055223930830e-01 9.751781020326198979e-01 9.901613589029659712e-01 9.901613593491435106e-01 9.751781032125634852e-01 9.242547064211616981e-01 7.949973428272628651e-01 5.468131383055401251e-01 2.361614219269201620e-01 7.016912865244238906e-02 1.575642841382639617e-02 2.851630193667292670e-03 4.345687526164182740e-04 5.751326607993303291e-05 6.761815992417376108e-06 7.184721031053280236e-07 6.992450508584679268e-08 6.300349184289797669e-09 5.301303405771947131e-10 4.195381773163070620e-11 3.140885538014828456e-12 2.234582992908096964e-13 1.515267984489540647e-14 9.796204730297702346e-16 6.005954437783311200e-17 3.425149624495949293e-18 1.706359511504438916e-19 0.000000000000000000e+00
0.000000000000000000e+00 2.807188600237776116e-19 4.803123817474378442e-18 7.926132408348255461e-17 1.262158188760711857e-15 1.933799919222686442e-14 2.841225194620255956e-13 3.987793663224096065e-12 5.323193590434291422e-11 6.723279065383384608e-10 7.985778504346410645e-09 8.855757478501310997e-08 9.088443688561988960e-07 8.539078882849854795e-06 7.245929407944364995e-05 5.457068130367166963e-04 3.564313527881220883e-03 1.956085823943617269e-02 8.620088190772885739e-02 2.850305677118959435e-01 6.382596917962199967e-01 8.682924167707244401e-01 9.615744916641738582e-01 9.901613589029657492e-01 9.970836360843364776e-01 9.970836369758474538e-01 9.901613607349257773e-01 9.615744936502235163e-01 8.682924188975460478e-01 6.382596940534174257e-01 2.850305696114471266e-01 8.620088280455349972e-02 1.956085852539613326e-02 3.564313642031963561e-03 5.457068141789464533e-04 7.245929115464289463e-05 8.539075079868560321e-06 9.088427875436744259e-07 8.855704743213683570e-08 7.985624237958653744e-09 6.722892510278429768e-10 5.322299359255065783e-11 3.985913538819163194e-12 2.837540672565972004e-13 1.927054768387854385e-14 1.250524882857810310e-15 7.736218910641760149e-17 4.508390849384256067e-18 2.375412913280052591e-19 0.000000000000000000e+00
0.000000000000000000e+00 2.807177700812947492e-19 4.803121685260633806e-18 7.926132781630980391e-17 1.262158304893320853e-15 1.933799400969886592e-14 2.841226547032971330e-13 3.987791040076798176e-12 5.323197582443162266e-11 6.723274193002884143e-10 7.985783312689048122e-09 8.855753648719862309e-08 9.088446120405917562e-07 8.539077686165266146e-06 7.245929836214802229e-05 5.457068038136221860e-04 3.564313527489942294e-03 1.956085832141335121e-02 8.620088162144849686e-02 2.850305681287886306e-01 6.382596917754389532e-01 8.682924162638290255e-01 9.615744915156967387e-01 9.901613593491430665e-01 9.970836369758484530e-01 9.970836375379719119e-01 9.901613618662447047e-01 9.615744943190701610e-01 8.682924191066943020e-01 6.382596946421226214e-01 2.850305706779538983e-01 8.620088387726006218e-02 1.956085927319246853e-02 3.564314044724204659e-03 5.457069920629041256e-04 7.245935808561993136e-05 8.539097090866078844e-06 9.088492342075860332e-07 8.855875328386670395e-08 7.986036695417761490e-09 6.723812200236212431e-10 5.324204981655606115e-11 3.989606324131628681e-12 2.844270071807989381e-13 1.938641579936066131e-14 1.269453363569893525e-15 8.030671133327367856e-17 4.945864264601473436e-18 2.991977393071355537e-19 0.000000000000000000e+00
0.000000000000000000e+00 2.220240522911845332e-19 3.795888927449233629e-18 6.259607705721761268e-17 9.961832575476958646e-16 1.525553751008490021e-14 2.240640120372917558e-13 3.144236661984673376e-12 4.197140563209117814e-11 5.302136430767067199e-10 6.300742798100361900e-09 6.992594486217880521e-08 7.184786590864698529e-07 6.761830755781194842e-06 5.751333889166327691e-05 4.345688240690954909e-04 2.851630580249077916e-03 1.575642853345893268e-02 7.016912884732648403e-02 2.361614214049896354e-01 5.468131369279086718e-01 7.949973408070337699e-01 9.242547050682032861e-01 9.751781032125627080e-01 9.901613607349253332e-01 9.901613618662445937e-01 9.751781051034252856e-01 9.242547080112448743e-01 7.949973437972424062e-01 5.468131397494992996e-01 2.361614244385641936e-01 7.016913140036754037e-02 1.575643048251936310e-02 2.851631374399097966e-03 4.345692966426992752e-04 5.751347699825060041e-05 6.761886820643375363e-06 7.184931458389340386e-07 6.993012601748147490e-08 6.301716359244423809e-09 5.304362368091692759e-10 4.201730567472892098e-11 3.153194144715804841e-12 2.257006113278110455e-13 1.553847327058263495e-14 1.042584500589435341e-15 6.984487589197154772e-17 4.877795791060270700e-18 3.752554776758254262e-19 0.000000000000000000e+00
0.000000000000000000e+00 1.279076183737399663e-19 2.172681211976705139e-18 3.559195829486986958e-17 5.626407373416330898e-16 8.558198437898802314e-15 1.248479794505029985e-13 1.740149042924582463e-12 2.307428938627093307e-11 2.896010645678213439e-10 3.420202501264881794e-09 3.774093586748085470e-08 3.858601525202508765e-07 3.617533312327333571e-06 3.070493480642678854e-05 2.321489466156016063e-04 1.530934675944237936e-03 8.562927713063033658e-03 3.909921777838622908e-02 1.382376861037884486e-01 3.530675369605764669e-01 6.156654558302743219e-01 8.174593618988353905e-01 9.242547064211615870e-01 9.615744936502236273e-01 9.615744943190690508e-01 9.242547080112446523e-01 8.174593655462191188e-01 6.156654596644421940e-01 3.530675403891295194e-01 1.382376890140833703e-01 3.909922084256516744e-02 8.562930758928806799e-03 1.530935900530349053e-03 2.321497709613023564e-04 3.070518872576056277e-05 3.617637986901000209e-06 3.858887929408715273e-07 3.774923011430227536e-08 3.422202754734479986e-09 2.900633791359927806e-10 2.317153973867406967e-11 1.759380063123631535e-12 1.284108883382582518e-13 9.181754191981146647e-15 6.661019073693505019e-16 5.193322424247691364e-17 4.637375126067138217e-18 4.804035001464386487e-19 0.000000000000000000e+00
0.000000000000000000e+00 5.487353117273194233e-20 9.226556159894549090e-19 1.495764635695486374e-17 2.339774139439331014e-16 3.521528227430155218e-15 5.083227764893502649e-14 7.011008126341645917e-13 9.201133750503865818e-12 1.143291354230574845e-10 1.337462735480829476e-09 1.462989056574143069e-08 1.484475286907458546e-07 1.383639534956736444e-06 1.170673225549357190e-05 8.858553334033177117e-05 5.884110820961244420e-04 3.349424696450757459e-03 1.584193731169976360e-02 5.987773457515782605e-02 1.731157178081380588e-01 3.723538596658631517e-01 6.156654566104882154e-01 7.949973428272627540e-01 8.682924188975460478e-01 8.682924191066938580e-01 7.949973437972416290e-01 6.156654596644419719e-01 3.723538627265190470e-01 1.731157204646327774e-01 5.987773736755461901e-02 1.584194094330991162e-02 3.349428240216144933e-03 5.884126650694972670e-04 8.858652825454562459e-05 1.170706166622832003e-05 1.383769957107297222e-06 1.484845783211755180e-07 1.464050361514005298e-08 1.340065393419669543e-09 1.149322933255339151e-10 9.329177275300094583e-12 7.265864374907739879e-13 5.558929238708394337e-14 4.360048334505414803e-15 3.741134831157187486e-16 3.725135189073811230e-17 4.309310590643275126e-18 5.425879598355644457e-19 0.000000000000000000e+00
0.000000000000000000e+00 1.842235643386308608e-20 3.061099664013423465e-19 4.901921321094627029e-18 7.574463824416477590e-17 1.126102930721091208e-15 1.605826541405592022e-14 2.188363313533981139e-13 2.838623532290340062e-12 3.487719158650646849e-11 4.037571330578577452e-10 4.374965030580808411e-09 4.404459109578611235e-08 4.082219911241017167e-07 3.446014414126520149e-06 2.614617287509244224e-05 1.754683057038265324e-04 1.021298658028350686e-03 5.035422843847297061e-03 2.047591753178125418e-02 6.692459700810914069e-02 1.731157175492278044e-01 3.530675373901043246e-01 5.468131383055403472e-01 6.382596940534175367e-01 6.382596946421222883e-01 5.468131397494988555e-01 3.530675403891295194e-01 1.731157204646326941e-01 6.692459976783728115e-02 2.047592100147952940e-02 5.035426737195443543e-03 1.021301978494785047e-03 1.754698929516400221e-04 2.614707206323659908e-05 3.446326814268716127e-06 4.083402869284843708e-07 4.407892401539095536e-08 4.384685930672302984e-09 4.061624756570991828e-10 3.543525423184725783e-11 2.957803661293864313e-12 2.426793414399957079e-13 2.053608618251121038e-14 1.920456397824921462e-15 2.093919525431338839e-16 2.631111062146675650e-17 3.581516017966720477e-18 4.934289329868659397e-19 0.000000000000000000e+00
0.000000000000000000e+00 5.057047920707376327e-21 8.302244642436561682e-20 1.312073240890581411e-18 2.001457024244248380e-17 2.937433662279789990e-16 4.135974248175973784e-15 5.566611409767127006e-14 7.134850018845580202e-13 8.666911138711217108e-12 9.929384153751116552e-11 1.066043025598634853e-09 1.065407510420318404e-08 9.827348112931703000e-08 8.286942607235671343e-07 6.314340055543507983e-06 4.288993783856242669e-05 2.555939938270602291e-04 1.312374085264458520e-03 5.693930829929541582e-03 2.047591715543573346e-02 5.987773358061138085e-02 1.382376853746488943e-01 2.361614219269201342e-01 2.850305696114472376e-01 2.850305706779537318e-01 2.361614244385641381e-01 1.382376890140833425e-01 5.987773736755458431e-02 2.047592100147950511e-02 5.693934835666178071e-03 1.312377662554621398e-03 2.555966007332655652e-04 4.289120383013124009e-05 6.314990415213270356e-06 8.289255586847158965e-07 9.835760028838122557e-08 1.067873594775223288e-08 1.072948686293794371e-09 1.010101578948377332e-10 9.065247872038371860e-12 7.989160167518165050e-13 7.283152741102292389e-14 7.377270251054770160e-15 8.721712399471808359e-16 1.179608591280153330e-16 1.710924307997169913e-17 2.516971670828371194e-18 3.605392008355075688e-19 0.000000000000000000e+00
0.000000000000000000e+00 1.173510279959539713e-21 1.906576347026414804e-20 2.971420783617305759e-19 4.474768235800234039e-18 6.482153045411831316e-17 9.012017162999794830e-16 1.197969064111418744e-14 1.517493014601447148e-13 1.822855346935026746e-12 2.067637659199907821e-11 2.200544317329619337e-10 2.184657186890845084e-09 2.006890410288816409e-08 1.691747985970150921e-07 1.295132565057100362e-06 8.901255775566003502e-06 5.419056772486190117e-05 2.878845350748336402e-04 1.312374118622663824e-03 5.035422655324021078e-03 1.584193698059405131e-02 3.909921726073587595e-02 7.016912865244240294e-02 8.620088280455345808e-02 8.620088387726004830e-02 7.016913140036752650e-02 3.909922084256516744e-02 1.584194094330990815e-02 5.035426737195441808e-03 1.312377662554621398e-03 2.878872444694962045e-04 5.419229805986313270e-05 8.902084942263679322e-06 1.295525034982493731e-06 1.693152349498618003e-07 2.011821708214251716e-08 2.199150064903751312e-09 2.240706870284225953e-10 2.167601581518098119e-11 2.054785369950738209e-12 2.016413939757417078e-13 2.204114915084191631e-14 2.810261704022183363e-15 4.073890877673571545e-16 6.283756663972615051e-17 9.772152057569511001e-18 1.489053278044066364e-18 2.173738208207945889e-19 0.000000000000000000e+00
0.000000000000000000e+00 2.355828209893852179e-22 3.809800524184409083e-21 5.845693295011442597e-20 8.697072127556818813e-19 1.243426932633219509e-17 1.707410036581107023e-16 2.242144448274914014e-15 2.807969157201403667e-14 3.336559582228683743e-13 3.748871586549920934e-12 3.956608810930788135e-11 3.903897848727212610e-10 3.572481329962997712e-09 3.010537576709763508e-08 2.314038293377704950e-07 1.606068392140795800e-06 9.944952268956676848e-06 5.419061480278995069e-05 2.555941875267982275e-04 1.021298857222101156e-03 3.349425207856639077e-03 8.562928128642935746e-03 1.575642841382640311e-02 1.956085852539612632e-02 1.956085927319246506e-02 1.575643048251937003e-02 8.562930758928805064e-03 3.349428240216144933e-03 1.021301978494785264e-03 2.555966007332655652e-04 5.419229805986315981e-05 9.945928121730642762e-06 1.606525390912761625e-06 2.316066255070657722e-07 3.017767332184335584e-08 3.597125272924013762e-09 3.976173121320139595e-10 4.154966373795289252e-11 4.242362059186250740e-12 4.480609175098304193e-13 5.274242649419037988e-14 7.231168799782808191e-15 1.121428893648496837e-15 1.839005149703236902e-16 3.025084838430701038e-17 4.858479940636749836e-18 7.535008448037523455e-19 1.112523080129990744e-19 0.000000000000000000e+00
0.000000000000000000e+00 4.136581777891435413e-23 6.776987332478445560e-22 1.018605133166934588e-20 1.500381365879471513e-19 2.116247541852259085e-18 2.871579287261009232e-17 3.725930238799090259e-16 4.615269449587965182e-15 5.426035372158374235e-14 6.041708801475369141e-13 6.324207576899472029e-12 6.203012296810624642e-11 5.653311186030186862e-10 4.759706473872685598e-09 3.667700144724333733e-08 2.563225460757962992e-07 1.606053276230764475e-06 8.901213993338309878e-06 4.288988616887797227e-05 1.754680630115189842e-04 5.884108813163628103e-04 1.530934398650310533e-03 2.851630193667292670e-03 3.564313642031960525e-03 3.564314044724201189e-03 2.851631374399097966e-03 1.530935900530348620e-03 5.884126650694974838e-04 1.754698929516401577e-04 4.289120383013127397e-05 8.902084942263689487e-06 1.606525390912762895e-06 2.565386654006441166e-07 3.676833033357614101e-08 4.792004188109192348e-09 5.760749468204953449e-10 6.516711272222821404e-11 7.177694303140417794e-12 8.161937862694158064e-13 1.033625357039922376e-13 1.521670738108267687e-14 2.522908773881004782e-15 4.400597447881157496e-16 7.665843845872364433e-17 1.299262274458837469e-17 2.120940161009134005e-18 3.324789353792144697e-19 4.950231336409142097e-20 0.000000000000000000e+00
0.000000000000000000e+00 6.276193723855573067e-24 1.098064388680040003e-22 1.592664290319393452e-21 2.336649727538153558e-20 3.245846934244406386e-19 4.356508027682033419e-18 5.585284012210747561e-17 6.846115786391304387e-16 7.963903099178612121e-15 8.791314636785761883e-14 9.125250491123755475e-13 8.897650297640661505e-12 8.070743565600615477e-11 6.782113964685350881e-10 5.228849205726649906e-09 3.667918229788442003e-08 2.314081566901622734e-07 1.295141841042409613e-06 6.314391664988586862e-06 2.614620341212224607e-05 8.858567882357015603e-05 2.321490723488166513e-04 4.345687526164182198e-04 5.457068141789459112e-04 5.457069920629035835e-04 4.345692966426992752e-04 2.321497709613022751e-04 8.858652825454570591e-05 2.614707206323662957e-05 6.314990415213281367e-06 1.295525034982496273e-06 2.316066255070661692e-07 3.676833033357616748e-08 5.265189844125842689e-09 6.909473558854558816e-10 8.486246314509534895e-11 1.010458270367799083e-11 1.238460520961400172e-12 1.687317329615008501e-13 2.666189150336005241e-14 4.726606065781246446e-15 8.776912341038231907e-16 1.621331224463397718e-16 2.904398121171916022e-17 4.996964955530476159e-18 8.237621985208273731e-19 1.301591198482987780e-19 1.951774553867341601e-20 0.000000000000000000e+00
0.000000000000000000e+00 7.557367653781774303e-25 1.672484704103797746e-23 2.244098784148847237e-22 3.336159579045575166e-21 4.538740092113121390e-20 6.039121677413815902e-19 7.646448419262864135e-18 9.280122522237509495e-17 1.067893196488110269e-15 1.169215186176248659e-14 1.202798453137712702e-13 1.165851415678483239e-12 1.051410850587201891e-11 8.808546819992837542e-11 6.780230310055405592e-10 4.759468670109423562e-09 3.010418762033935517e-08 1.691689831187231973e-07 8.286924819979590160e-07 3.445979608893127902e-06 1.170672131349002274e-05 3.070491426809734888e-05 5.751326607993302614e-05 7.245929115464285397e-05 7.245935808561986360e-05 5.751347699825060041e-05 3.070518872576056955e-05 1.170706166622833019e-05 3.446326814268721210e-06 8.289255586847172729e-07 1.693152349498621179e-07 3.017767332184342863e-08 4.792004188109201447e-09 6.909473558854565020e-10 9.257792242225894678e-11 1.195795935766624014e-11 1.583212930543791272e-12 2.323114151121864469e-13 3.942315524959478651e-14 7.478954712728163929e-15 1.480335414875730887e-15 2.904266979316798442e-16 5.507785511400930639e-17 1.000353759691087518e-17 1.736485250179595897e-18 2.883294521973987437e-19 4.586542343817335951e-20 6.922893648086207279e-21 0.000000000000000000e+00
0.000000000000000000e+00 3.875837449771505154e-26 2.528712142832766493e-24 2.807869832547314752e-23 4.445942957546576727e-22 5.828448700248221225e-21 7.733655032852757370e-20 9.653311630257017988e-19 1.161178888699620928e-17 1.320924006059518238e-16 1.435338100686705307e-15 1.461927845810142860e-14 1.408776622615486945e-13 1.261452238443780082e-12 1.052493842629693164e-11 8.071267979395875187e-11 5.654379217154910121e-10 3.572851841055870874e-09 2.006894833216582237e-08 9.827812618637225781e-08 4.082200786175013688e-07 1.383651930804742808e-06 3.617544440785917765e-06 6.761815992417375261e-06 8.539075079868550157e-06 8.539097090866068680e-06 6.761886820643375363e-06 3.617637986901001903e-06 1.383769957107299552e-06 4.083402869284852179e-07 9.835760028838143733e-08 2.011821708214257672e-08 3.597125272924024929e-09 5.760749468204964823e-10 8.486246314509545235e-11 1.195795935766624176e-11 1.716944305329446140e-12 2.720174793142304019e-13 4.966118476111233294e-14 1.009810799941923497e-14 2.134238262471879143e-15 4.455066674862504738e-16 8.960523594712670185e-17 1.721044780937712114e-17 3.151020764124133797e-18 5.505138289603255952e-19 9.196789405932642590e-20 1.472078497952278699e-20 2.235961291575121385e-21 0.000000000000000000e+00
0.000000000000000000e+00 -1.715087025143070698e-26 4.139961529041426299e-25 2.893652804246664100e-24 5.690421015966429518e-23 6.875283189627878582e-22 9.247279580872364546e-21 1.132059471913075192e-19 1.352508402644890366e-18 1.518873932799435994e-17 1.639771093231672108e-16 1.650877474771203297e-15 1.582440516649261041e-14 1.404394470390309294e-13 1.166032648687762318e-12 8.890854635759124566e-12 6.201805070174500079e-11 3.903821632490897137e-10 2.184285403499224517e-09 1.065458413573541831e-08 4.404211070463937030e-08 1.484484028011248031e-07 3.858605630257175809e-07 7.184721031053279177e-07 9.088427875436732612e-07 9.088492342075851862e-07 7.184931458389340386e-07 3.858887929408715802e-07 1.484845783211756239e-07 4.407892401539105462e-08 1.067873594775225934e-08 2.199150064903758343e-09 3.976173121320152520e-10 6.516711272222840791e-11 1.010458270367801022e-11 1.583212930543793292e-12 2.720174793142306543e-13 5.359974541398807067e-14 1.171386446842013385e-14 2.650132271013357622e-15 5.899523897895903013e-16 1.261137265270056589e-16 2.566610711622320435e-17 4.965397176149905796e-18 9.143372953463033975e-19 1.606207891603806562e-19 2.698542301439229102e-20 4.345385081213920172e-21 6.641207087697983589e-22 0.000000000000000000e+00
0.000000000000000000e+00 -9.031038782855755663e-27 7.961988098092264552e-26 1.555327445280160840e-25 7.374161573459608751e-24 7.328218627915502377e-23 1.046363674933875466e-21 1.238866658784704647e-20 1.477497537637128392e-19 1.633477633470708433e-18 1.755690500252754272e-17 1.742548418882647330e-16 1.663780537267723546e-15 1.460007620178167182e-14 1.205924921482107070e-13 9.125184396665139989e-13 6.325572716148046262e-12 3.958405251168705774e-11 2.200050882796822306e-10 1.066316697995405414e-09 4.374551928851980916e-09 1.463054371703382157e-08 3.774156788711171308e-08 6.992450508584672650e-08 8.855704743213669012e-08 8.855875328386662454e-08 6.993012601748147490e-08 3.774923011430230183e-08 1.464050361514005629e-08 4.384685930672311255e-09 1.072948686293797886e-09 2.240706870284233966e-10 4.154966373795304115e-11 7.177694303140442836e-12 1.238460520961403201e-12 2.323114151121866994e-13 4.966118476111238343e-14 1.171386446842014174e-14 2.847026639399656983e-15 6.779926645579955273e-16 1.544577102219564853e-16 3.338726248010186970e-17 6.839657006845134906e-18 1.330020567227516800e-18 2.461180779450492374e-19 4.345816507649421605e-20 7.341728924686670049e-21 1.189268630085901798e-21 1.828898755651718462e-22 0.000000000000000000e+00
0.000000000000000000e+00 -3.068887533113951740e-27 1.793222318703548874e-26 -3.518094141782214583e-26 1.051710050240456443e-24 6.580575827878465816e-24 1.145645140908710281e-22 1.265147884110429712e-21 1.525023524333141982e-20 1.650684015513896843e-19 1.773089870023551444e-18 1.727365139555074145e-17 1.647655965972026491e-16 1.424708349934080744e-15 1.171234472089663080e-14 8.779577534162785135e-14 6.037206768610748539e-13 3.751400087409994832e-12 2.065768958394245044e-11 9.934620737509882579e-11 4.036228984825333324e-10 1.337570618203494647e-09 3.420308784528252295e-09 6.300349184289789397e-09 7.985624237958640509e-09 7.986036695417754873e-09 6.301716359244421328e-09 3.422202754734479159e-09 1.340065393419669750e-09 4.061624756570998549e-10 1.010101578948380046e-10 2.167601581518107166e-11 4.242362059186268511e-12 8.161937862694185327e-13 1.687317329615012035e-13 3.942315524959483699e-14 1.009810799941924443e-14 2.650132271013358411e-15 6.779926645579956259e-16 1.651926116866241093e-16 3.804045794154320598e-17 8.273528912015765211e-18 1.702864857392202637e-18 3.326136682168789473e-19 6.183931387783318916e-20 1.097506060734252195e-20 1.864426925165103232e-21 3.038362096989169162e-22 4.702128206686282046e-23 0.000000000000000000e+00
0.000000000000000000e+00 -8.906593455338797482e-28 4.373970644669717461e-27 -1.779381631551569128e-26 1.774712110785049272e-25 3.413463220265197130e-25 1.265221366904134046e-23 1.193542723171574863e-22 1.500180419843309181e-21 1.572159576862917481e-20 1.699443446786119204e-19 1.613501817896856207e-18 1.546137939125155219e-17 1.310419143735004305e-16 1.074003827271919012e-15 7.961980271135718319e-15 5.419811812437281057e-14 3.344664511459120313e-13 1.819198538986324539e-12 8.680285793290537276e-12 3.484995610533957206e-11 1.143579053727402039e-10 2.896327109321900924e-10 5.301303405771947131e-10 6.722892510278420462e-10 6.723812200236206227e-10 5.304362368091693793e-10 2.900633791359924704e-10 1.149322933255338634e-10 3.543525423184732246e-11 9.065247872038392863e-12 2.054785369950746287e-12 4.480609175098319339e-13 1.033625357039924395e-13 2.666189150336007135e-14 7.478954712728165507e-15 2.134238262471879537e-15 5.899523897895903013e-16 1.544577102219564360e-16 3.804045794154321214e-17 8.812748650165717189e-18 1.925258497637084941e-18 3.979116214971946662e-19 7.806292823440770260e-20 1.458267563743191733e-20 2.601624707300393167e-21 4.444850024983413709e-22 7.288557818775862048e-23 1.135407351927161274e-23 0.000000000000000000e+00
0.000000000000000000e+00 -2.354961452976723660e-28 1.074501554497248985e-27 -5.351483763291044929e-27 3.502332063791758102e-26 -4.718164256404177766e-26 1.507634733136675007e-24 1.002437885235198742e-23 1.423083705420634224e-22 1.413125857208335493e-21 1.555415815149518151e-20 1.422727590519002492e-19 1.383303523726386689e-18 1.139552391913384991e-17 9.343337155423337228e-17 6.841512755118935682e-16 4.594521890286403066e-15 2.823756187769892284e-14 1.509348126143542819e-13 7.161596855164356043e-13 2.832700337552717849e-12 9.206590569525533096e-12 2.308070071327232618e-11 4.195381773163069973e-11 5.322299359255061905e-11 5.324204981655601591e-11 4.201730567472894037e-11 2.317153973867404059e-11 9.329177275300081658e-12 2.957803661293867544e-12 7.989160167518177167e-13 2.016413939757421874e-13 5.274242649419045561e-14 1.521670738108268002e-14 4.726606065781245658e-15 1.480335414875730690e-15 4.455066674862505725e-16 1.261137265270057082e-16 3.338726248010186970e-17 8.273528912015766752e-18 1.925258497637084941e-18 4.223092699116837234e-19 8.764999719709276055e-20 1.727363153292947342e-20 3.242913333066031573e-21 5.817087602021418536e-22 9.997707923183750953e-23 1.650084500135551296e-23 2.588517660617488545e-24 0.000000000000000000e+00
0.000000000000000000e+00 -5.804822768121955953e-29 2.559744536609523227e-28 -1.364129771384530088e-27 7.471254209101654954e-27 -2.291445283818439066e-26 2.070482187078881087e-25 6.561761812237625903e-25 1.322587405096343980e-23 1.199514491076579642e-22 1.366921749831475428e-21 1.184384612869452029e-20 1.187869421775778380e-19 9.385516593923204461e-19 7.744318142806512989e-18 5.601260906201437782e-17 3.684737433279922189e-16 2.274436722093014959e-15 1.182419088481517856e-14 5.619334417040141084e-14 2.177059541862004281e-13 7.021628755758631623e-13 1.741482977740691170e-12 3.140885538014828052e-12 3.985913538819163194e-12 3.989606324131626258e-12 3.153194144715807264e-12 1.759380063123630525e-12 7.265864374907731801e-13 2.426793414399958594e-13 7.283152741102298700e-14 2.204114915084194787e-14 7.231168799782805035e-15 2.522908773881003993e-15 8.776912341038225004e-16 2.904266979316797456e-16 8.960523594712668953e-17 2.566610711622320127e-17 6.839657006845137217e-18 1.702864857392203022e-18 3.979116214971948106e-19 8.764999719709277259e-20 1.827318216600835981e-20 3.618675495239358967e-21 6.829566703835465555e-22 1.232155634836073530e-22 2.131089322812887617e-23 3.541810328671522720e-24 5.598560824552430294e-25 0.000000000000000000e+00
0.000000000000000000e+00 -1.347859965013139527e-29 5.828420073797559490e-29 -3.171390312160582308e-28 1.605833661302637314e-27 -6.064798018213658701e-27 3.285412854699310300e-26 1.036158880724916649e-26 1.220207882036066197e-24 9.699792634621847772e-24 1.154287990197688093e-22 9.305434108748335581e-22 9.859312973217695999e-21 7.323048994593346799e-20 6.136138891279145039e-19 4.400859886036715227e-18 2.789619411838634760e-17 1.766237257399579567e-16 8.727269493264847985e-16 4.231376771114594520e-15 1.585250007784721231e-14 5.101949108219053112e-14 1.250977905954053255e-13 2.234582992908098226e-13 2.837540672565976043e-13 2.844270071807988371e-13 2.257006113278112475e-13 1.284108883382581760e-13 5.558929238708389289e-14 2.053608618251122300e-14 7.377270251054781204e-15 2.810261704022184546e-15 1.121428893648496443e-15 4.400597447881157496e-16 1.621331224463395253e-16 5.507785511400927558e-17 1.721044780937712422e-17 4.965397176149908878e-18 1.330020567227516608e-18 3.326136682168790436e-19 7.806292823440773871e-20 1.727363153292947342e-20 3.618675495239360472e-21 7.203648211921738208e-22 1.367276080946819521e-22 2.482082722867013776e-23 4.322303050281093967e-24 7.238346984026105030e-25 1.153959348540573270e-25 0.000000000000000000e+00
0.000000000000000000e+00 -2.965293474786682487e-30 1.263364988766277720e-29 -6.890191500496608425e-29 3.350028937948117312e-28 -1.339293912935022794e-27 5.629791547835627189e-27 -6.886072082056698758e-27 1.090623867924170005e-25 7.921538274046922589e-25 9.169348019458590528e-24 6.953190429099117907e-23 7.950138195739003254e-22 5.408741887743241249e-21 4.653097542677433212e-20 3.356110126566405976e-19 1.971500868746585996e-18 1.345313726194582122e-17 5.995465782157853667e-17 3.100852606606694712e-16 1.091026465491646068e-15 3.552937679691712495e-15 8.602556610739255480e-15 1.515267984489541909e-14 1.927054768387858171e-14 1.938641579936066762e-14 1.553847327058265704e-14 9.181754191981148225e-15 4.360048334505415592e-15 1.920456397824922250e-15 8.721712399471819206e-16 4.073890877673574503e-16 1.839005149703236902e-16 7.665843845872361968e-17 2.904398121171912325e-17 1.000353759691087210e-17 3.151020764124133797e-18 9.143372953463032049e-19 2.461180779450491411e-19 6.183931387783320119e-20 1.458267563743192636e-20 3.242913333066031197e-21 6.829566703835467435e-22 1.367276080946820462e-22 2.611134030010696583e-23 4.772221912183649666e-24 8.373112862397337116e-25 1.414195120167737146e-25 2.276764171590741523e-26 0.000000000000000000e+00
0.000000000000000000e+00 -6.204745055006858206e-31 2.606751851877770472e-30 -1.412807303442990556e-29 6.676773276864566218e-29 -2.668335336879872077e-28 9.628559563311198345e-28 -1.611764321557481460e-27 7.683488499148720653e-27 8.093419194135563491e-26 6.078547338646965264e-25 5.214329554859058879e-24 6.191419761019853138e-23 3.790136977343487602e-22 3.361266688375962863e-21 2.535020741624965235e-20 1.255925621012192573e-19 1.034961440328632887e-18 3.685901956095922010e-18 2.265836774774622852e-17 7.007850767557248899e-17 2.389550027286348208e-16 5.700589740746353187e-16 9.796204730297712207e-16 1.250524882857813268e-15 1.269453363569895497e-15 1.042584500589437905e-15 6.661019073693509949e-16 3.741134831157188966e-16 2.093919525431340564e-16 1.179608591280153330e-16 6.283756663972615051e-17 3.025084838430701038e-17 1.299262274458837315e-17 4.996964955530473077e-18 1.736485250179595897e-18 5.505138289603254026e-19 1.606207891603806321e-19 4.345816507649420401e-20 1.097506060734252044e-20 2.601624707300392791e-21 5.817087602021418536e-22 1.232155634836073295e-22 2.482082722867014364e-23 4.772221912183651135e-24 8.787509487016382052e-25 1.554947774268724076e-25 2.652088491862297295e-26 4.319431817925172884e-27 0.000000000000000000e+00
0.000000000000000000e+00 -1.238327667998338343e-31 5.125730493225012804e-31 -2.746411072391048551e-30 1.263190426041153505e-29 -4.899496349703379264e-29 1.547184762333261961e-28 -2.091678604169429017e-28 -2.574122733765009179e-28 1.345446882801562439e-26 8.612421657138146445e-27 4.780825567432757735e-25 4.431500768131286273e-24 2.583480149827214556e-23 2.263326579269411974e-22 1.965174174634679657e-21 6.398318634870294876e-21 8.404654827067557977e-20 1.759787223016160592e-19 1.718805616138066979e-18 4.032471325164675113e-18 1.570808819336552664e-17 3.676914088176004816e-17 6.005954437783316131e-17 7.736218910641783568e-17 8.030671133327396205e-17 6.984487589197183122e-17 5.193322424247698143e-17 3.725135189073813079e-17 2.631111062146675958e-17 1.710924307997170221e-17 9.772152057569507920e-18 4.858479940636749066e-18 2.120940161009133235e-18 8.237621985208265064e-19 2.883294521973987437e-19 9.196789405932638979e-20 2.698542301439227297e-20 7.341728924686670049e-21 1.864426925165103608e-21 4.444850024983414649e-22 9.997707923183753304e-23 2.131089322812887029e-23 4.322303050281096171e-24 8.373112862397340790e-25 1.554947774268723158e-25 2.778541381194866457e-26 4.793946660015699309e-27 7.917827246511645365e-28 0.000000000000000000e+00
0.000000000000000000e+00 -2.361085314024199057e-32 9.612767133213533379e-32 -5.070030293233156454e-31 2.260068450799053277e-30 -8.307552782894049357e-30 2.203642514102807877e-29 -3.904072036675070531e-30 -3.249881135375482436e-28 3.108840860968606682e-27 -9.700867575772115379e-27 6.955034363535554899e-26 2.234299976275209209e-25 1.919272119281874523e-24 1.308617140643456062e-23 1.646303101747919759e-22 1.030071876900762905e-22 7.550509799706331802e-21 1.281368197783271945e-21 1.426320189411037196e-19 1.788326984211407799e-19 1.030588290187019178e-18 2.350560717171055320e-18 3.425149624495946982e-18 4.508390849384271475e-18 4.945864264601505021e-18 4.877795791060300745e-18 4.637375126067145920e-18 4.309310590643279748e-18 3.581516017966720477e-18 2.516971670828371580e-18 1.489053278044066171e-18 7.535008448037524418e-19 3.324789353792142771e-19 1.301591198482987539e-19 4.586542343817337155e-20 1.472078497952278097e-20 4.345385081213916410e-21 1.189268630085901798e-21 3.038362096989170103e-22 7.288557818775862048e-23 1.650084500135552178e-23 3.541810328671521251e-24 7.238346984026106867e-25 1.414195120167737834e-25 2.652088491862295573e-26 4.793946660015696439e-27 8.386222254281513468e-28 1.408946297831216783e-28 0.000000000000000000e+00
0.000000000000000000e+00 -4.270024850020450108e-33 1.714425237818234264e-32 -8.851840254430674598e-32 3.790661514908404419e-31 -1.279163659816356722e-30 2.442086695814418782e-30 7.920692808780182387e-30 -1.105757755518443835e-28 7.595807656400789871e-28 -3.236113880205697828e-27 1.432772934478411824e-26 -1.333771836381586418e-26 2.019794058180549508e-25 3.977509364198790719e-25 1.553347617647240738e-23 -3.748099862994670935e-23 7.590395434817473237e-22 -1.289159725353820560e-21 1.334316926573882808e-20 7.764869132201410614e-22 6.960319882171697448e-20 1.533251608067956826e-19 1.706359511504433861e-19 2.375412913280062703e-19 2.991977393071385871e-19 3.752554776758283151e-19 4.804035001464395153e-19 5.425879598355649272e-19 4.934289329868659397e-19 3.605392008355078577e-19 2.173738208207946852e-19 1.112523080129990984e-19 4.950231336409140893e-20 1.951774553867340999e-20 6.922893648086210289e-21 2.235961291575120257e-21 6.641207087697977947e-22 1.828898755651718697e-22 4.702128206686285572e-23 1.135407351927161421e-23 2.588517660617489279e-24 5.598560824552430294e-25 1.153959348540573959e-25 2.276764171590742958e-26 4.319431817925172167e-27 7.917827246511641778e-28 1.408946297831216335e-28 2.419289492547389369e-29 0.000000000000000000e+00
0.000000000000000000e+00 0.000000000000000000e+00 0.000000000000000000e+00 0.000000000000000000e+00 0.000000000000000000e+00 0.000000000000000000e+00 0.000000000000000000e+00 0.000000000000000000e+00 0.000000000000000000e+00 0.000000000000000000e+00 0.000000000000000000e+00 0.000000000000000000e+00 0.000000000000000000e+00 0.000000000000000000e+00 0.000000000000000000e+00 0.000000000000000000e+00 0.000000000000000000e+00 0.000000000000000000e+00 0.000000000000000000e+00 0.000000000000000000e+00 0.000000000000000000e+00 0.000000000000000000e+00 0.000000000000000000e+00 0.000000000000000000e+00 0.000000000000000000e+00 0.000000000000000000e+00 0.000000000000000000e+00 0.000000000000000000e+00 0.000000000000000000e+00 0.000000000000000000e+00 0.000000000000000000e+00 0.000000000000000000e+00 0.000000000000000000e+00 0.000000000000000000e+00 0.000000000000000000e+00 0.000000000000000000e+00 0.000000000000000000e+00 0.000000000000000000e+00 0.000000000000000000e+00 0.000000000000000000e+00 0.000000000000000000e+00 0.000000000000000000e+00 0.000000000000000000e+00 0.000000000000000000e+00 0.000000000000000000e+00 0.000000000000000000e+00 0.000000000000000000e+00 0.000000000000000000e+00 0.000000000000000000e+00 0.000000000000000000e+00
