0.000000000000000000e+00 0.000000000000000000e+00 0.000000000000000000e+00 0.000000000000000000e+00 0.000000000000000000e+00 0.000000000000000000e+00 0.000000000000000000e+00 0.000000000000000000e+00 0.000000000000000000e+00 0.000000000000000000e+00 0.000000000000000000e+00 0.000000000000000000e+00 0.000000000000000000e+00 0.000000000000000000e+00 0.000000000000000000e+00 0.000000000000000000e+00 0.000000000000000000e+00 0.000000000000000000e+00 0.000000000000000000e+00 0.000000000000000000e+00 0.000000000000000000e+00 0.000000000000000000e+00 0.000000000000000000e+00 0.000000000000000000e+00 0.000000000000000000e+00 0.000000000000000000e+00 0.000000000000000000e+00 0.000000000000000000e+00 0.000000000000000000e+00 0.000000000000000000e+00 0.000000000000000000e+00 0.000000000000000000e+00 0.000000000000000000e+00 0.000000000000000000e+00 0.000000000000000000e+00 0.000000000000000000e+00 0.000000000000000000e+00 0.000000000000000000e+00 0.000000000000000000e+00 0.000000000000000000e+00 0.000000000000000000e+00 0.000000000000000000e+00 0.000000000000000000e+00 0.000000000000000000e+00 0.000000000000000000e+00 0.000000000000000000e+00 0.000000000000000000e+00 0.000000000000000000e+00 0.000000000000000000e+00 0.000000000000000000e+00
0.000000000000000000e+00 5.207386902519977730e-32 5.302804087708641610e-31 5.166607516447588953e-30 4.849615039528902138e-29 4.376271762983058183e-28 3.787816048944656130e-27 3.136364459837012395e-26 2.477186758344266312e-25 1.860237642853436103e-24 1.323289253705503147e-23 8.879605388183577687e-23 5.593597632409058750e-22 3.289450287200925419e-21 1.794150920287842767e-20 9.006609155387705412e-20 4.123449955766214598e-19 1.702911886141247988e-18 6.260264208497647062e-18 2.015884616763278524e-17 5.576508744320849972e-17 1.295260173526175447e-16 2.464565803425294594e-16 3.764136944707224158e-16 4.602361486015833774e-16 4.602361479997700702e-16 3.764136928684513033e-16 2.464565782926011317e-16 1.295260153706838501e-16 5.576508583708700644e-17 2.015884499429997666e-17 6.260263416498094640e-18 1.702911420645402729e-18 4.123447356886997432e-19 9.006596357885786146e-20 1.794145039305979920e-20 3.289425792075593460e-21 5.593502971198083089e-22 8.879267653357335862e-23 1.323176816997669298e-23 1.859888032029137527e-24 2.476163751179079879e-25 3.133544901781817334e-26 3.780446317932952498e-27 4.358003687088122498e-28 4.806403376131650766e-29 5.069121463137049245e-30 5.092191047667751221e-31 4.784976905438035290e-32 0.000000000000000000e+00
0.000000000000000000e+00 5.302804087708838668e-31 5.439059174176344320e-30 5.338826908039289365e-29 5.048253129069551735e-28 4.589094729862536324e-27 4.001143566704685607e-26 3.337233921366672661e-25 2.655072254166115349e-24 2.008361013015302693e-23 1.439086502582598028e-22 9.727336813069673148e-22 6.172705961086574250e-21 3.656909195138385215e-20 2.009480621702982568e-19 1.016365533291425810e-18 4.688559821172026807e-18 1.951077147444605610e-17 7.227082476782907819e-17 2.344520685000436198e-16 6.531350947537198880e-16 1.526599428358348212e-15 2.919238585115782634e-15 4.472031015012400923e-15 5.472855506262926443e-15 5.472855505574327392e-15 4.472031013216998468e-15 2.919238583069330323e-15 1.526599426906427234e-15 6.531350940355792782e-16 2.344520683698218636e-16 7.227082494722555135e-17 1.951077167781484120e-17 4.688559979025958185e-18 1.016365621657931521e-18 2.009481053771680655e-19 3.656911015236163829e-20 6.172712893221177358e-21 9.727360719156125786e-22 1.439094124806539484e-22 2.008383458866738993e-23 2.655134433506890714e-24 3.337394716224675269e-25 4.001540124339019310e-26 4.590014942387845844e-27 5.050312016816636764e-28 5.343194521340964713e-29 5.448066203508056421e-30 5.321011995615789901e-31 0.000000000000000000e+00
0.000000000000000000e+00 5.166607516447371051e-30 5.338826908039353264e-29 5.279707153921218718e-28 5.029578364631327659e-27 4.605934542520264445e-26 4.045335460280209086e-25 3.398721921557666776e-24 2.723622021038892509e-23 2.075107311555112265e-22 1.497637060001909905e-21 1.019609769310672777e-20 6.516934652725277990e-20 3.888887178461700098e-19 2.152591573992176884e-18 1.096788323598747385e-17 5.097249637683277250e-17 2.137044534496174098e-16 7.975146314229032929e-16 2.606204050960046175e-15 7.311122931631047853e-15 1.719574472098614040e-14 3.304618568162897948e-14 5.077588401854269495e-14 6.219285257028004600e-14 6.219285257055135104e-14 5.077588401914493030e-14 3.304618568111025611e-14 1.719574471761392727e-14 7.311122926421006538e-15 2.606204044885651544e-15 7.975146257656177809e-16 2.137044495793504871e-16 5.097249393507579107e-17 1.096788197508374158e-17 2.152590975305853915e-18 3.888884670370516696e-19 6.516924983417648030e-20 1.019606359777747973e-20 1.497625885822500805e-21 2.075073228938366700e-22 2.723524316624152368e-23 3.398458575717569747e-24 4.044662074985529623e-25 4.604303801875957610e-26 5.025804847822345297e-27 5.271390087099294718e-28 5.321235376857833662e-29 5.131522663466436960e-30 0.000000000000000000e+00
0.000000000000000000e+00 4.849615039529065249e-29 5.048253129069488957e-28 5.029578364631345595e-27 4.826647892003993118e-26 4.452386549839193062e-25 3.938736153385464085e-24 3.332832410589070727e-23 2.689739728110444923e-22 2.063686640366927119e-21 1.499785976540412678e-20 1.028166422127914102e-19 6.617222160712328009e-19 3.976188493191179659e-18 2.216302956714062812e-17 1.137212039709562489e-16 5.322739432868045907e-16 2.247597493041823724e-15 8.448002134256653631e-15 2.780302717409999549e-14 7.852425127689381374e-14 1.858174978460424660e-13 3.588342121050455469e-13 5.529607401173098433e-13 6.778295909343692009e-13 6.778295909305333931e-13 5.529607401073450028e-13 3.588342120997135540e-13 1.858174978585547340e-13 7.852425130225252378e-14 2.780302720752031494e-14 8.448002167129098130e-15 2.247597515834334527e-15 5.322739580457490085e-16 1.137212116000340075e-16 2.216303323341861312e-17 3.976190030265529112e-18 6.617228114043594920e-19 1.028168523115599266e-19 1.499792868980495382e-20 2.063707663832507980e-21 2.689799927068563841e-22 3.332994457076891860e-23 3.939149300528273322e-24 4.453384080096890939e-25 4.828945068254675011e-26 5.034615744986850927e-27 5.058834271111569581e-28 4.870583871634406111e-29 0.000000000000000000e+00
0.000000000000000000e+00 4.376271762982964016e-28 4.589094729862570763e-27 4.605934542520256410e-26 4.452386549839194898e-25 4.136722099133686100e-24 3.685457720760077322e-23 3.140314446980006594e-22 2.551823029268668916e-21 1.971165981298384355e-20 1.442154086297021608e-19 9.952222195186209171e-19 6.447448871811043553e-18 3.899670464653075599e-17 2.187989147582625969e-16 1.130138185289263255e-15 5.325098686910936589e-15 2.263825877089883265e-14 8.566952911462063651e-14 2.838492673712371182e-13 8.068886636374500254e-13 1.920644143386638249e-12 3.726418275601551755e-12 5.758458246778065963e-12 7.063805217808436459e-12 7.063805217830910892e-12 5.758458246839955875e-12 3.726418275643632145e-12 1.920644143330908571e-12 8.068886635096731380e-13 2.838492671907203480e-13 8.566952893214588837e-14 2.263825864412737372e-14 5.325098603051100148e-15 1.130138142123478661e-15 2.187988937570078484e-16 3.899669585470797164e-17 6.447445447633766251e-18 9.952210106868391435e-19 1.442150113380061729e-19 1.971153860043630850e-20 2.551788334595002893e-21 3.140221140309166324e-22 3.685220375785934231e-23 4.136150588159729478e-24 4.451076239859345957e-25 4.603075660395654153e-26 4.583131087405754798e-27 4.364545223515245659e-28 0.000000000000000000e+00
0.000000000000000000e+00 3.787816048944693438e-27 4.001143566704672979e-26 4.045335460280208627e-25 3.938736153385466289e-24 3.685457720760076147e-23 3.306265609082930704e-22 2.836410419436735862e-21 2.320246200764451645e-20 1.803989470098721981e-19 1.328292368714952342e-18 9.224108960426977898e-18 6.012791524749160821e-17 3.659107003002762905e-16 2.065582085764786793e-15 1.073463201994121516e-14 5.089382554235633435e-14 2.177180815770036543e-13 8.291222090128399596e-13 2.764491940752943471e-12 7.906681224559264085e-12 1.892558390084622480e-11 3.688384535985106632e-11 5.714757548753123187e-11 7.014418833906146584e-11 7.014418833899735935e-11 5.714757548732223952e-11 3.688384535971768991e-11 1.892558390114163814e-11 7.906681225162495240e-12 2.764491941635448653e-12 8.291222099209464424e-13 2.177180822064674512e-13 5.089382596901328218e-14 1.073463223787667462e-14 2.065582193459596368e-15 3.659107452032267189e-16 6.012793285723714533e-17 9.224115168123065809e-18 1.328294412141963947e-18 1.803995695554753181e-19 2.320263989014079383e-20 2.836458110482301425e-21 3.306386364895790872e-22 3.685746810013960571e-23 3.939393730484077717e-24 4.046756573659428367e-25 4.004072069346837488e-26 3.793492296394619396e-27 0.000000000000000000e+00
0.000000000000000000e+00 3.136364459837003786e-26 3.337233921366671283e-25 3.398721921557671184e-24 3.332832410589067789e-23 3.140314446980009415e-22 2.836410419436735110e-21 2.449459250441434582e-20 2.016613288862775043e-19 1.577709730545965106e-18 1.168721279894175952e-17 8.163783863172692357e-17 5.352156962460228922e-16 3.275396466703093285e-15 1.859244923417621578e-14 9.715784432031497271e-14 4.631970663518784078e-13 1.992674385075368369e-12 7.631987803723307169e-12 2.559335144763557513e-11 7.361186049426011902e-11 1.771139704881746235e-10 3.466196474261862482e-10 5.383596954890428018e-10 6.611088450468530908e-10 6.611088450459131034e-10 5.383596954868056918e-10 3.466196474231647642e-10 1.771139704840504302e-10 7.361186048984832537e-11 2.559335144270848996e-11 7.631987799192727479e-12 1.992674382098832040e-12 4.631970643461569704e-13 9.715784332247750568e-14 1.859244873600046618e-14 3.275396261642247297e-15 5.352156153459685070e-16 8.163781028464542609e-17 1.168720346525971622e-17 1.577706900372524648e-18 2.016605236779521891e-19 2.449437811241062661e-20 2.836356614788727551e-21 3.140187109001796317e-22 3.332547043031826242e-23 3.398116612938256718e-24 3.336015954713425681e-25 3.134073173423019003e-26 0.000000000000000000e+00
0.000000000000000000e+00 2.477186758344265393e-25 2.655072254166120124e-24 2.723622021038889570e-23 2.689739728110448684e-22 2.551823029268667787e-21 2.320246200764453752e-20 2.016613288862774080e-19 1.670538615936319178e-18 1.314719381447341998e-17 9.794429287577667658e-17 6.878849035615138668e-16 4.533273517878660491e-15 2.788195833288177463e-14 1.590416688616770324e-13 8.350884584048761235e-13 4.000333555319130211e-12 1.729285527811227068e-11 6.655960195245576874e-11 2.243261592528045431e-10 6.484337803962754399e-10 1.567445610627642818e-09 3.079169116060365427e-09 4.792834503762587012e-09 5.887511622723839427e-09 5.887511622719707660e-09 4.792834503753132337e-09 3.079169116055387868e-09 1.567445610638466476e-09 6.484337804176772907e-10 2.243261592782920199e-10 6.655960197458729622e-11 1.729285529194448181e-11 4.000333564336819796e-12 8.350884626839487821e-13 1.590416709868917623e-13 2.788195918140434055e-14 4.533273852286625843e-15 6.878850187266078396e-16 9.794433061178292320e-17 1.314720511292673079e-17 1.670541797102003657e-18 2.016621631661279773e-19 2.320266762587426387e-20 2.551870555067956792e-21 2.689843014306325904e-22 2.723832411692090927e-23 2.655473141897317036e-24 2.477886158749712759e-25 0.000000000000000000e+00
0.000000000000000000e+00 1.860237642853436838e-24 2.008361013015303869e-23 2.075107311555112500e-22 2.063686640366926743e-21 1.971165981298385559e-20 1.803989470098721740e-19 1.577709730545965877e-18 1.314719381447342307e-17 1.040498323804133363e-16 7.792454188893377122e-16 5.499871217740702117e-15 3.641253675994967425e-14 2.249254496763225255e-13 1.288245847817147423e-12 6.790788027743002863e-12 3.265501000098788167e-11 1.417078964837802209e-10 5.475898891672092358e-10 1.853105267947770945e-09 5.378836796476226122e-09 1.305371844810414609e-08 2.572673933665608265e-08 4.011681328328798986e-08 4.928563869381776233e-08 4.928563869433158708e-08 4.011681328463722071e-08 2.572673933819096921e-08 1.305371844921837657e-08 5.378836797096421330e-09 1.853105268206030380e-09 5.475898892328724872e-10 1.417078964853203278e-10 3.265500998337271509e-11 6.790788016584447067e-12 1.288245841009061827e-12 2.249254468593950982e-13 3.641253559456357201e-14 5.499870818803927340e-15 7.792452875778839922e-16 1.040497937531256368e-16 1.314718311808523395e-17 1.577707006240666624e-18 1.803982999951581842e-19 1.971151794185346863e-20 2.063658014456095298e-21 2.075055158616066196e-22 2.008278093021948598e-23 1.860135532338027152e-24 0.000000000000000000e+00
0.000000000000000000e+00 1.323289253705505792e-23 1.439086502582596383e-22 1.497637060001911974e-21 1.499785976540411475e-20 1.442154086297022330e-19 1.328292368714952342e-18 1.168721279894177031e-17 9.794429287577667658e-17 7.792454188893377122e-16 5.864186379049352600e-15 4.157136247480334473e-14 2.763178293194518199e-13 1.712893323228223037e-12 9.841531917374596619e-12 5.202702518034904052e-11 2.508553454510655120e-10 1.091463033567666716e-09 4.229082851820046452e-09 1.435299600172610584e-08 4.178848422898753428e-08 1.017228122474437713e-07 2.009870206645530046e-07 3.138222256992103569e-07 3.855012750090246832e-07 3.855012750040750991e-07 3.138222256852348427e-07 2.009870206470103170e-07 1.017228122317847261e-07 4.178848421723411173e-08 1.435299599487841852e-08 4.229082848633218991e-09 1.091463032317489926e-09 2.508553450584281043e-10 5.202702507081775169e-11 9.841531898094945551e-12 1.712893321182851557e-12 2.763178304247266265e-13 4.157136311612982369e-14 5.864186657216443702e-15 7.792455075928627448e-16 9.794431842660530725e-17 1.168721914254404602e-17 1.328293777506919615e-18 1.442156760330942103e-19 1.499790003539817276e-20 1.497640106457454847e-21 1.439078334008528112e-22 1.323238516616390147e-23 0.000000000000000000e+00
0.000000000000000000e+00 8.879605388183562405e-23 9.727336813069686314e-22 1.019609769310671273e-20 1.028166422127915546e-19 9.952222195186205319e-19 9.224108960426985602e-18 8.163783863172684961e-17 6.878849035615143598e-16 5.499871217740701329e-15 4.157136247480334473e-14 2.958288907013169822e-13 1.972687868841309279e-12 1.226106289805324933e-11 7.059437668920403452e-11 3.738016900911029560e-10 1.804637736470988753e-09 7.860550678820793903e-09 3.049122019476136484e-08 1.036194014029118364e-07 3.021690259584707943e-07 7.368638789084042238e-07 1.458200231387885356e-06 2.278381547016128934e-06 2.797564866533639162e-06 2.797564866435957205e-06 2.278381546771326248e-06 1.458200231128438529e-06 7.368638787496921665e-07 3.021690258988876380e-07 1.036194013887525557e-07 3.049122019565324421e-08 7.860550681923823005e-09 1.804637738334729450e-09 3.738016909080478289e-10 7.059437695596007562e-11 1.226106297758093959e-11 1.972687887162620312e-12 2.958288947198834351e-13 4.157136310980738752e-14 5.499871309139906267e-15 6.878849102123150604e-16 8.163783943993157333e-17 9.224109485939439597e-18 9.952225841547861025e-19 1.028168093747724342e-19 1.019615932308528960e-20 9.727531763529164848e-22 8.880152390622885530e-23 0.000000000000000000e+00
0.000000000000000000e+00 5.593597632409069094e-22 6.172705961086560709e-21 6.516934652725293638e-20 6.617222160712318380e-19 6.447448871811054338e-18 6.012791524749157123e-17 5.352156962460236811e-16 4.533273517878657335e-15 3.641253675994966794e-14 2.763178293194517694e-13 1.972687868841310087e-12 1.318696578715771554e-11 8.209901244571649343e-11 4.731109937826290071e-10 2.505562522549447407e-09 1.209122098935859424e-08 5.262394775319894332e-08 2.039417648758730740e-07 6.925479278043352226e-07 2.018884975705832638e-06 4.923721398068363059e-06 9.746135417584849778e-06 1.522489534338859866e-05 1.867846207578697550e-05 1.867846207920476360e-05 1.522489535252525508e-05 9.746135428170625401e-06 4.923721406190210471e-06 2.018884980740221241e-06 6.925479303734978541e-07 2.039417659611003152e-07 5.262394814490004550e-08 1.209122111291681723e-08 2.505562556937752566e-09 4.731110023947831451e-10 8.209901437412348266e-11 1.318696618514562640e-11 1.972687942000483493e-12 2.763178418421917714e-13 3.641253856573352635e-14 4.533273728379808798e-15 5.352156990363337629e-16 6.012790671384911295e-17 6.447444801665735651e-18 6.617208183018731638e-19 6.516892451402362522e-20 6.172589325415281869e-21 5.593299486050542406e-22 0.000000000000000000e+00
0.000000000000000000e+00 3.289450287200921281e-21 3.656909195138393641e-20 3.888887178461693839e-19 3.976188493191186593e-18 3.899670464653071285e-17 3.659107003002767343e-16 3.275396466703092496e-15 2.788195833288179356e-14 2.249254496763226517e-13 1.712893323228223239e-12 1.226106289805324610e-11 8.209901244571648050e-11 5.114442756496933597e-10 2.945916469123052778e-09 1.557764602530762914e-08 7.498930027505994746e-08 3.253406624629165217e-07 1.256409230894992136e-06 4.251840313248536102e-06 1.235824785258704386e-05 3.007335400271243659e-05 5.943475768713781741e-05 9.271480818694395663e-05 1.135874712855681291e-04 1.135874712357510722e-04 9.271480804952619663e-05 5.943475752267016188e-05 3.007335386758641231e-05 1.235824776025305293e-05 4.251840262993359833e-06 1.256409208185012005e-06 3.253406536414975041e-07 7.498929727202061031e-08 1.557764511525306487e-08 2.945916220113329753e-09 5.114442135684289162e-10 8.209899818724653216e-11 1.226105987052923600e-11 1.712892723113195512e-12 2.249253388790100368e-13 2.788193916260697207e-14 3.275393398944644467e-15 3.659102524597225052e-16 3.899664890907828035e-17 3.976183824397754231e-18 3.888889986999087272e-19 3.656936822748813864e-20 3.289543420743055186e-21 0.000000000000000000e+00
0.000000000000000000e+00 1.794150920287844874e-20 2.009480621702980642e-19 2.152591573992180351e-18 2.216302956714061272e-17 2.187989147582627448e-16 2.065582085764786004e-15 1.859244923417623156e-14 1.590416688616771081e-13 1.288245847817146615e-12 9.841531917374598234e-12 7.059437668920402160e-11 4.731109937826291105e-10 2.945916469123052778e-09 1.693586612525465020e-08 8.924901328694096211e-08 4.275569849416301855e-07 1.843748928750087332e-06 7.071649346201605111e-06 2.376368208787600734e-05 6.862241287348775298e-05 1.660890688079036447e-04 3.268957166069342809e-04 5.083519525042119909e-04 6.214597356382444262e-04 6.214597360890016962e-04 5.083519537873256887e-04 3.268957181830333954e-04 1.660890701708486663e-04 6.862241386390555663e-05 2.376368264145123566e-05 7.071649604603677129e-06 1.843749032300491091e-06 4.275570212601489562e-07 8.924902463442439692e-08 1.693586932776708329e-08 2.945917294238527868e-09 4.731111897037816180e-10 7.059441985459760144e-11 9.841540804714516855e-12 1.288247564449143369e-12 1.590419815591644888e-13 1.859250300444404173e-14 2.065590830455845989e-15 2.188002536479434911e-16 2.216322090494480913e-17 2.152616433398569612e-18 2.009508076439708700e-19 1.794170133173342158e-20 0.000000000000000000e+00
0.000000000000000000e+00 9.006609155387704209e-20 1.016365533291426195e-18 1.096788323598747231e-17 1.137212039709562489e-16 1.130138185289263057e-15 1.073463201994121831e-14 9.715784432031497271e-14 8.350884584048765274e-13 6.790788027743006902e-12 5.202702518034901467e-11 3.738016900911030594e-10 2.505562522549447821e-09 1.557764602530762914e-08 8.924901328694094887e-08 4.677557258459528262e-07 2.223891535626726348e-06 9.498946452251023470e-06 3.603230011028582823e-05 1.196661290097973272e-04 3.416389397183357095e-04 8.186941525656931708e-04 1.598841414441111572e-03 2.472524003960677955e-03 3.012955813085535853e-03 3.012955810376839304e-03 2.472523995933900362e-03 1.598841404318300996e-03 8.186941433738879762e-04 3.416389326978860040e-04 1.196661250492159797e-04 3.603229821962649368e-05 9.498945681661215753e-06 2.223891261064905976e-06 4.677556386847272536e-07 8.924898829434923333e-08 1.557763948014006334e-08 2.505560942307731990e-09 3.738013357063195401e-10 5.202695086040663918e-11 6.790773377749400209e-12 8.350857302784251651e-13 9.715736279387158042e-14 1.073455118590183116e-14 1.130125262455607790e-15 1.137192350042647710e-16 1.096759806616842429e-17 1.016326520088152190e-18 9.006119284738549627e-20 0.000000000000000000e+00
0.000000000000000000e+00 4.123449955766215561e-19 4.688559821172026807e-18 5.097249637683278483e-17 5.322739432868045907e-16 5.325098686910937378e-15 5.089382554235632173e-14 4.631970663518784078e-13 4.000333555319130211e-12 3.265501000098788167e-11 2.508553454510654086e-10 1.804637736470989373e-09 1.209122098935859424e-08 7.498930027505993423e-08 4.275569849416298679e-07 2.223891535626725925e-06 1.046193222489939541e-05 4.408193932446390095e-05 1.645137968947218434e-04 5.366000789670436573e-04 1.504314739477303478e-03 3.545967323272997910e-03 6.834237501125424961e-03 1.047184833777879166e-02 1.269986240324189053e-02 1.269986241376182441e-02 1.047184837099427931e-02 6.834237544352387769e-03 3.545967364683004410e-03 1.504314772554475122e-03 5.366000974806751488e-04 1.645138059050797600e-04 4.408194301719609004e-05 1.046193354913368826e-05 2.223891958612290312e-06 4.275571068926229958e-07 7.498933237827210019e-08 1.209122877877869364e-08 1.804639492027113922e-09 2.508557154641153140e-10 3.265508334164230335e-11 4.000347297248671338e-12 4.631995103930410327e-13 5.089423977950242608e-14 5.325165781938502298e-15 5.322843557684921697e-16 5.097404637666134760e-17 4.688781138653603981e-18 4.123748417026041294e-19 0.000000000000000000e+00
0.000000000000000000e+00 1.702911886141248374e-18 1.951077147444606226e-17 2.137044534496173851e-16 2.247597493041824119e-15 2.263825877089883896e-14 2.177180815770037048e-13 1.992674385075367965e-12 1.729285527811227391e-11 1.417078964837800658e-10 1.091463033567667750e-09 7.860550678820788940e-09 5.262394775319894332e-08 3.253406624629165217e-07 1.843748928750086273e-06 9.498946452251026858e-06 4.408193932446390095e-05 1.824103212463188360e-04 6.655771993914002963e-04 2.114965780249699820e-03 5.767589361408427540e-03 1.324612305616911304e-02 2.499107589306763175e-02 3.773090834641951163e-02 4.543138905786221760e-02 4.543138903539634121e-02 3.773090826468053494e-02 2.499107578151993705e-02 1.324612294156589549e-02 5.767589265780654478e-03 2.114965728887212206e-03 6.655771737763128797e-04 1.824103109158934104e-04 4.408193564534485946e-05 9.498945290992264775e-06 1.843748599515004108e-06 3.253405776745953055e-07 5.262392775854163696e-08 7.860546332519531453e-09 1.091462157772367640e-09 1.417077321428035081e-10 1.729282644358090468e-11 1.992669639763868959e-12 2.177173468757019357e-13 2.263815154226194523e-14 2.247582711413795365e-15 2.137025280718266482e-16 1.951053471199305974e-17 1.702884792608030071e-18 0.000000000000000000e+00
0.000000000000000000e+00 6.260264208497650143e-18 7.227082476782902889e-17 7.975146314229033915e-16 8.448002134256656786e-15 8.566952911462062389e-14 8.291222090128399596e-13 7.631987803723308785e-12 6.655960195245571704e-11 5.475898891672092358e-10 4.229082851820046452e-09 3.049122019476137146e-08 2.039417648758729946e-07 1.256409230894991713e-06 7.071649346201601723e-06 3.603230011028584178e-05 1.645137968947217892e-04 6.655771993913998626e-04 2.357987591415261572e-03 7.227289889428623222e-03 1.892897154962209713e-02 4.176957175097830571e-02 7.618744469925031737e-02 1.123486130528174448e-01 1.337986405035398452e-01 1.337986405093969100e-01 1.123486131254633064e-01 7.618744481397433932e-02 4.176957188872339882e-02 1.892897167068352884e-02 7.227289942098005099e-03 2.357987620234756974e-03 6.655772093427856067e-04 1.645138001365427990e-04 3.603230094883784794e-05 7.071649511204560902e-06 1.256409247396679856e-06 2.039417603492731791e-07 3.049121674227814686e-08 4.229081493551720672e-09 5.475894699744304874e-10 6.655949048351673381e-11 7.631961254967819002e-12 8.291164266649032960e-13 8.566836217005691077e-14 8.447781927477860056e-15 7.974755083648971507e-16 7.226424765254500551e-17 6.259229605609209772e-18 0.000000000000000000e+00
0.000000000000000000e+00 2.015884616763277292e-17 2.344520685000438664e-16 2.606204050960045386e-15 2.780302717409998287e-14 2.838492673712371182e-13 2.764491940752942663e-12 2.559335144763555897e-11 2.243261592528046207e-10 1.853105267947770945e-09 1.435299600172611080e-08 1.036194014029118232e-07 6.925479278043354343e-07 4.251840313248534408e-06 2.376368208787599039e-05 1.196661290097972730e-04 5.366000789670435488e-04 2.114965780249698953e-03 7.227289889428623222e-03 2.113259502204745816e-02 5.230485832048288597e-02 1.087258880234754921e-01 1.881271928928822390e-01 2.672183709042534883e-01 3.127980058001392227e-01 3.127980058773972005e-01 2.672183710378607802e-01 1.881271930475155729e-01 1.087258881553232054e-01 5.230485843436421395e-02 2.113259512495709730e-02 7.227289929464543114e-03 2.114965804746261717e-03 5.366000891874574737e-04 1.196661334639279137e-04 2.376368385770934118e-05 4.251840962981803338e-06 6.925481463883195966e-07 1.036194686694177217e-07 1.435301499207174120e-08 1.853110209367468147e-09 2.243273507194667019e-10 2.559361909673713522e-11 2.764548242450758524e-12 2.838604100777950427e-13 2.780511081318061318e-14 2.606573608469266898e-15 2.345144278397796778e-16 2.016873174757523947e-17 0.000000000000000000e+00
0.000000000000000000e+00 5.576508744320849972e-17 6.531350947537197894e-16 7.311122931631044697e-15 7.852425127689376326e-14 8.068886636374499245e-13 7.906681224559259238e-12 7.361186049426010610e-11 6.484337803962754399e-10 5.378836796476227777e-09 4.178848422898752767e-08 3.021690259584706884e-07 2.018884975705833062e-06 1.235824785258704386e-05 6.862241287348775298e-05 3.416389397183358179e-04 1.504314739477303478e-03 5.767589361408424070e-03 1.892897154962209019e-02 5.230485832048285821e-02 1.202577850137768328e-01 2.297262570976977836e-01 3.672784505999238669e-01 4.922730918345786799e-01 5.608940167652396447e-01 5.608940166993507948e-01 4.922730916468638918e-01 3.672784503020069535e-01 2.297262567290535851e-01 1.202577846645379034e-01 5.230485812483004482e-02 1.892897147631864355e-02 5.767589313523136321e-03 1.504314718197598049e-03 3.416389283205228944e-04 6.862240763580794271e-05 1.235824568968344604e-05 2.018884184534241964e-06 3.021687673427103635e-07 4.178840788163745666e-08 5.378816236745040198e-09 6.484286847773754409e-10 7.361068915533028437e-11 7.906429830734838104e-12 8.068380005465297820e-13 7.851461653252200572e-14 7.309386465706139453e-15 6.528374988922000971e-16 5.571719443252024498e-17 0.000000000000000000e+00
0.000000000000000000e+00 1.295260173526175447e-16 1.526599428358347818e-15 1.719574472098614671e-14 1.858174978460424408e-13 1.920644143386637845e-12 1.892558390084621834e-11 1.771139704881746235e-10 1.567445610627643025e-09 1.305371844810414112e-08 1.017228122474437448e-07 7.368638789084038003e-07 4.923721398068363059e-06 3.007335400271244675e-05 1.660890688079036447e-04 8.186941525656933876e-04 3.545967323272999211e-03 1.324612305616911997e-02 4.176957175097828490e-02 1.087258880234755060e-01 2.297262570976978946e-01 3.949094641384710003e-01 5.688353726505592789e-01 7.046055987419802547e-01 7.730962592005062861e-01 7.730962589785184136e-01 7.046055982473100610e-01 5.688353720906645927e-01 3.949094636266944902e-01 2.297262566369501491e-01 1.087258876360482907e-01 4.176957155968339525e-02 1.324612300662298368e-02 3.545967319296842567e-03 8.186941631639449391e-04 1.660890767088500349e-04 3.007335801751910879e-05 4.923723015931632187e-06 7.368644359239527929e-07 1.017229816784736961e-07 1.305376492971046492e-08 1.567457276376895320e-09 1.771166772425545774e-10 1.892616928135655253e-11 1.920762922899233934e-12 1.858402345827143745e-13 1.719986946143413026e-14 1.527311078509962214e-15 1.296413584901067665e-16 0.000000000000000000e+00
0.000000000000000000e+00 2.464565803425294594e-16 2.919238585115782634e-15 3.304618568162896686e-14 3.588342121050456479e-13 3.726418275601552563e-12 3.688384535985107924e-11 3.466196474261861448e-10 3.079169116060365841e-09 2.572673933665606279e-08 2.009870206645529252e-07 1.458200231387883662e-06 9.746135417584846390e-06 5.943475768713776320e-05 3.268957166069340640e-04 1.598841414441112222e-03 6.834237501125424961e-03 2.499107589306764562e-02 7.618744469925027574e-02 1.881271928928822113e-01 3.672784505999237004e-01 5.688353726505595009e-01 7.395985239954915302e-01 8.507368477450598654e-01 9.010495488875021053e-01 9.010495488805152497e-01 8.507368477682772934e-01 7.395985241282261313e-01 5.688353729787372082e-01 3.672784509614990256e-01 1.881271929979791979e-01 7.618744463404944489e-02 2.499107582878209999e-02 6.834237454564518789e-03 1.598841390956934729e-03 3.268957073059037947e-04 5.943475446740947334e-05 9.746134453269027082e-06 1.458199972886217723e-06 2.009869580963937042e-07 2.572672552765988028e-08 3.079166318299666116e-09 3.466191247692863183e-10 3.688375512201952119e-11 3.726403879301129735e-12 3.588320976353897621e-13 3.304590250874457792e-14 2.919204797324643822e-15 2.464531069321546725e-16 0.000000000000000000e+00
0.000000000000000000e+00 3.764136944707227116e-16 4.472031015012402501e-15 5.077588401854269495e-14 5.529607401173098433e-13 5.758458246778065155e-12 5.714757548753126418e-11 5.383596954890426984e-10 4.792834503762586184e-09 4.011681328328798986e-08 3.138222256992101981e-07 2.278381547016127664e-06 1.522489534338860375e-05 9.271480818694388887e-05 5.083519525042117741e-04 2.472524003960675787e-03 1.047184833777879340e-02 3.773090834641953939e-02 1.123486130528174032e-01 2.672183709042534328e-01 4.922730918345782358e-01 7.046055987419798106e-01 8.507368477450594213e-01 9.294588241277396135e-01 9.608278677015009706e-01 9.608278681966417878e-01 9.294588253922337895e-01 8.507368493459402936e-01 7.046056005876104589e-01 4.922730936573889715e-01 2.672183721858988337e-01 1.123486136382114003e-01 3.773090846841862384e-02 1.047184831785471539e-02 2.472523952464685155e-03 5.083519190381297634e-04 9.271479204113913005e-05 1.522488897858001614e-05 2.278379376700098787e-06 3.138215674108467734e-07 4.011663245133716786e-08 4.792788932831430490e-09 5.383490575009775170e-10 5.714525749372368649e-11 5.757983834558781882e-12 5.528690646542704435e-13 5.075908337954320597e-14 4.469101300433541928e-15 3.759337279043972628e-16 0.000000000000000000e+00
0.000000000000000000e+00 4.602361486015834760e-16 5.472855506262925654e-15 6.219285257028010911e-14 6.778295909343693019e-13 7.063805217808438883e-12 7.014418833906150462e-11 6.611088450468532976e-10 5.887511622723838600e-09 4.928563869381778880e-08 3.855012750090246832e-07 2.797564866533639585e-06 1.867846207578698227e-05 1.135874712855680885e-04 6.214597356382446430e-04 3.012955813085534985e-03 1.269986240324188533e-02 4.543138905786215515e-02 1.337986405035397619e-01 3.127980058001392227e-01 5.608940167652394226e-01 7.730962592005053979e-01 9.010495488875021053e-01 9.608278677015000824e-01 9.820544779158796311e-01 9.820544788229143007e-01 9.608278700497082658e-01 9.010495519131772602e-01 7.730962625110723296e-01 5.608940200335557069e-01 3.127980085098425178e-01 1.337986422897450567e-01 4.543138997350285035e-02 1.269986281673221064e-02 3.012955968818458938e-03 6.214597862882102015e-04 1.135874857206440935e-04 1.867846562799414554e-05 2.797565618648067571e-06 3.855014054365073837e-07 4.928565448193932473e-08 5.887511642921593999e-09 6.611080987790424549e-10 7.014388896311908503e-11 7.063720024263998814e-12 6.778091058705505898e-13 6.218844761430842207e-14 5.471985951155345898e-15 4.600793445506953900e-16 0.000000000000000000e+00
0.000000000000000000e+00 4.602361479997704647e-16 5.472855505574319504e-15 6.219285257055140153e-14 6.778295909305325854e-13 7.063805217830908469e-12 7.014418833899737227e-11 6.611088450459125865e-10 5.887511622719707660e-09 4.928563869433158708e-08 3.855012750040750461e-07 2.797564866435957628e-06 1.867846207920475683e-05 1.135874712357510722e-04 6.214597360890014794e-04 3.012955810376839304e-03 1.269986241376181574e-02 4.543138903539635509e-02 1.337986405093968267e-01 3.127980058773969785e-01 5.608940166993504617e-01 7.730962589785179695e-01 9.010495488805155828e-01 9.608278681966415657e-01 9.820544788229150779e-01 9.820544799205856989e-01 9.608278711855757770e-01 9.010495529106500312e-01 7.730962633637451509e-01 5.608940210351298639e-01 3.127980097879088373e-01 1.337986436083997976e-01 4.543139102897680165e-02 1.269986349305752237e-02 3.012956328348053835e-03 6.214599495077153873e-04 1.135875504406529189e-04 1.867848843970597493e-05 2.797572866009160817e-06 3.855035043534943340e-07 4.928621375805099181e-08 5.887649818815347554e-09 6.611399596030746757e-10 7.015078399242239065e-11 7.065127294235667767e-12 6.780811387754858725e-13 6.223843792459840161e-14 5.480743473196804543e-15 4.615227624927083111e-16 0.000000000000000000e+00
0.000000000000000000e+00 3.764136928684514019e-16 4.472031013217001624e-15 5.077588401914492399e-14 5.529607401073448009e-13 5.758458246839955067e-12 5.714757548732223306e-11 5.383596954868054850e-10 4.792834503753130683e-09 4.011681328463718762e-08 3.138222256852347368e-07 2.278381546771325825e-06 1.522489535252525338e-05 9.271480804952625084e-05 5.083519537873259055e-04 2.472523995933901663e-03 1.047184837099428105e-02 3.773090826468053494e-02 1.123486131254632925e-01 2.672183710378606691e-01 4.922730916468638918e-01 7.046055982473095058e-01 8.507368477682771823e-01 9.294588253922329013e-01 9.608278700497089320e-01 9.608278711855752219e-01 9.294588284525009403e-01 8.507368522434790581e-01 7.046056032236184263e-01 4.922730965705742201e-01 2.672183756975584634e-01 1.123486172165278768e-01 3.773091134846267430e-02 1.047185018185226545e-02 2.472524953409074161e-03 5.083523775732377587e-04 9.271497528540473016e-05 1.522495400081598572e-05 2.278400154562816967e-06 3.138276155118342457e-07 4.011825130730762919e-08 4.793190524425728444e-09 5.384420049487818986e-10 5.716544294924652500e-11 5.762117393688885568e-12 5.536706637248279832e-13 5.090684882242005830e-14 4.495066657132749061e-15 3.802257807333227193e-16 0.000000000000000000e+00
0.000000000000000000e+00 2.464565782926010824e-16 2.919238583069331506e-15 3.304618568111023717e-14 3.588342120997135540e-13 3.726418275643630530e-12 3.688384535971766406e-11 3.466196474231646091e-10 3.079169116055387454e-09 2.572673933819095598e-08 2.009870206470101846e-07 1.458200231128438318e-06 9.746135428170623707e-06 5.943475752267018221e-05 3.268957181830333954e-04 1.598841404318301863e-03 6.834237544352390371e-03 2.499107578151993705e-02 7.618744481397439483e-02 1.881271930475155729e-01 3.672784503020067315e-01 5.688353720906644817e-01 7.395985241282261313e-01 8.507368493459405157e-01 9.010495519131778153e-01 9.010495529106499202e-01 8.507368522434791691e-01 7.395985288326161200e-01 5.688353774603938096e-01 3.672784555838009002e-01 1.881271981347093503e-01 7.618744968761324843e-02 2.499107986312887678e-02 6.834240072545603312e-03 1.598842806243394588e-03 3.268963609753842091e-04 5.943501795506788224e-05 9.746228761403925026e-06 1.458230366776732289e-06 2.009958791600923966e-07 2.572913279831683729e-08 3.079768224333211629e-09 3.467595101702622963e-10 3.691447237155408116e-11 3.732740417890200022e-12 3.600697531182864361e-13 3.327565776949244890e-14 2.959856021478405273e-15 2.532163396274318601e-16 0.000000000000000000e+00
0.000000000000000000e+00 1.295260153706837515e-16 1.526599426906427234e-15 1.719574471761390834e-14 1.858174978585548097e-13 1.920644143330906955e-12 1.892558390114162522e-11 1.771139704840502751e-10 1.567445610638466476e-09 1.305371844921837822e-08 1.017228122317847394e-07 7.368638787496926959e-07 4.923721406190204542e-06 3.007335386758641570e-05 1.660890701708486121e-04 8.186941433738884099e-04 3.545967364683007446e-03 1.324612294156588682e-02 4.176957188872341964e-02 1.087258881553231221e-01 2.297262567290535573e-01 3.949094636266948788e-01 5.688353729787378743e-01 7.046056005876113471e-01 7.730962625110727737e-01 7.730962633637453729e-01 7.046056032236185374e-01 5.688353774603939206e-01 3.949094687912192980e-01 2.297262619160232444e-01 1.087258934591975035e-01 4.176957729827236038e-02 1.324612761570681009e-02 3.545970332250077128e-03 8.186958042475070592e-04 1.660898402586314336e-04 3.007366799366578144e-05 4.923834727832904921e-06 7.369006785440491681e-07 1.017336880675117778e-07 1.305667205314261754e-08 1.568188594706872199e-09 1.772882596761911469e-10 1.896393050801770561e-11 1.928596742520845981e-12 1.873788431889296300e-13 1.748704904048508103e-14 1.578394035686034917e-15 1.381825870383030936e-16 0.000000000000000000e+00
0.000000000000000000e+00 5.576508583708700644e-17 6.531350940355793768e-16 7.311122926421009693e-15 7.852425130225251116e-14 8.068886635096729361e-13 7.906681225162488777e-12 7.361186048984828660e-11 6.484337804176773941e-10 5.378836797096418849e-09 4.178848421723411173e-08 3.021690258988875851e-07 2.018884980740221665e-06 1.235824776025304954e-05 6.862241386390555663e-05 3.416389326978862208e-04 1.504314772554475772e-03 5.767589265780652744e-03 1.892897167068351844e-02 5.230485843436420007e-02 1.202577846645378340e-01 2.297262566369503434e-01 3.672784509614991921e-01 4.922730936573891936e-01 5.608940200335559290e-01 5.608940210351299749e-01 4.922730965705739981e-01 3.672784555838009557e-01 2.297262619160233554e-01 1.202577901094457752e-01 5.230486411785887496e-02 1.892897729075180766e-02 5.767593918244609368e-03 1.504317698925939500e-03 3.416405417551734796e-04 6.862315558014449443e-05 1.235854877744501305e-05 2.018993359533451408e-06 3.022042039406843966e-07 4.179888894790336791e-08 5.381667281559737521e-09 6.491475050536498259e-10 7.377977838281138475e-11 7.943750102572536966e-12 8.146046077873739514e-13 8.004510676994149112e-14 7.596049519008592876e-15 7.040137171323089704e-16 6.430439140821048234e-17 0.000000000000000000e+00
0.000000000000000000e+00 2.015884499429998899e-17 2.344520683698218143e-16 2.606204044885651544e-15 2.780302720752031494e-14 2.838492671907202471e-13 2.764491941635447442e-12 2.559335144270849319e-11 2.243261592782919165e-10 1.853105268206030794e-09 1.435299599487842349e-08 1.036194013887525954e-07 6.925479303734981717e-07 4.251840262993360680e-06 2.376368264145125260e-05 1.196661250492159662e-04 5.366000974806754741e-04 2.114965728887213074e-03 7.227289942098003364e-03 2.113259512495707995e-02 5.230485812483004482e-02 1.087258876360484294e-01 1.881271929979792257e-01 2.672183721858987782e-01 3.127980085098426843e-01 3.127980097879086152e-01 2.672183756975582414e-01 1.881271981347092948e-01 1.087258934591975312e-01 5.230486411785887496e-02 2.113260101609524405e-02 7.227295226126932183e-03 2.114969757889997252e-03 5.366025454962698553e-04 1.196674270992951578e-04 2.376427278638986959e-05 4.252076825569608924e-06 6.926324876928689780e-07 1.036467315600663558e-07 1.436106378666878254e-08 1.855299378113954297e-09 2.248799454288216130e-10 2.572388857094466884e-11 2.793384801685382419e-12 2.898826826218869780e-13 2.899660770154323090e-14 2.830717632344825151e-15 2.747157135853164485e-16 2.694576402556196469e-17 0.000000000000000000e+00
0.000000000000000000e+00 6.260263416498097722e-18 7.227082494722555135e-17 7.975146257656176823e-16 8.448002167129099707e-15 8.566952893214583789e-14 8.291222099209467453e-13 7.631987799192732326e-12 6.655960197458725745e-11 5.475898892328730042e-10 4.229082848633219818e-09 3.049122019565326406e-08 2.039417659611003417e-07 1.256409208185012216e-06 7.071649604603677976e-06 3.603229821962650046e-05 1.645138059050799497e-04 6.655771737763126628e-04 2.357987620234756106e-03 7.227289929464530104e-03 1.892897147631864008e-02 4.176957155968342300e-02 7.618744463404944489e-02 1.123486136382113865e-01 1.337986422897449457e-01 1.337986436083997421e-01 1.123486172165279184e-01 7.618744968761329006e-02 4.176957729827238813e-02 1.892897729075181459e-02 7.227295226126933050e-03 2.357991926661955756e-03 6.655801926917179765e-04 1.645155603572807381e-04 3.603319599988073259e-05 7.072047450760628998e-06 1.256566113719243379e-06 2.039972724151215607e-07 3.050904339785355501e-08 4.234324663832123455e-09 5.490131300601357559e-10 6.691880562186131929e-11 7.716756735960066836e-12 8.479242570757223625e-13 8.960693475273298724e-14 9.229603175035191236e-15 9.451075564817578030e-16 9.885271553221149140e-17 1.076044766269154469e-17 0.000000000000000000e+00
0.000000000000000000e+00 1.702911420645402729e-18 1.951077167781484120e-17 2.137044495793504132e-16 2.247597515834334922e-15 2.263825864412736110e-14 2.177180822064675017e-13 1.992674382098832444e-12 1.729285529194447212e-11 1.417078964853204571e-10 1.091463032317489720e-09 7.860550681923824659e-09 5.262394814490006535e-08 3.253406536414978747e-07 1.843749032300492149e-06 9.498945681661215753e-06 4.408194301719611037e-05 1.824103109158933290e-04 6.655772093427857151e-04 2.114965804746259549e-03 5.767589313523135454e-03 1.324612300662299236e-02 2.499107582878210346e-02 3.773090846841862384e-02 4.543138997350282954e-02 4.543139102897676695e-02 3.773091134846265349e-02 2.499107986312887678e-02 1.324612761570681356e-02 5.767593918244609368e-03 2.114969757889997252e-03 6.655801926917178681e-04 1.824122632346861250e-04 4.408302985689357349e-05 9.499481531130761857e-06 1.843980889960959164e-06 3.254305045575662121e-07 5.265536131279569167e-08 7.870559093484384222e-09 1.094392475136158421e-09 1.425013037651281677e-10 1.749294825164409568e-11 2.039923077344377494e-12 2.282154878536412508e-13 2.484208142346523453e-14 2.686465259180037576e-15 2.968868799338597797e-16 3.455455083816118272e-17 4.260699993280522854e-18 0.000000000000000000e+00
0.000000000000000000e+00 4.123447356886996469e-19 4.688559979025958956e-18 5.097249393507580956e-17 5.322739580457491071e-16 5.325098603051097781e-15 5.089382596901326955e-14 4.631970643461570714e-13 4.000333564336820604e-12 3.265500998337272156e-11 2.508553450584282594e-10 1.804637738334729657e-09 1.209122111291681723e-08 7.498929727202062355e-08 4.275570212601492209e-07 2.223891261064907247e-06 1.046193354913368995e-05 4.408193564534483913e-05 1.645138001365427990e-04 5.366000891874572569e-04 1.504314718197598049e-03 3.545967319296845170e-03 6.834237454564522259e-03 1.047184831785472232e-02 1.269986281673220890e-02 1.269986349305750675e-02 1.047185018185226718e-02 6.834240072545598975e-03 3.545970332250075394e-03 1.504317698925939500e-03 5.366025454962694216e-04 1.645155603572806839e-04 4.408302985689353283e-05 1.046252091552938452e-05 2.224171657013975427e-06 4.276756594444536505e-07 7.503449952420188280e-08 1.210683770138075969e-08 1.809572832482946990e-09 2.522922931298035220e-10 3.304303944412746821e-11 4.098076569702620130e-12 4.862825745745406779e-13 5.602968631210329583e-14 6.405733896452338039e-15 7.481090934005976366e-16 9.202710541001229661e-17 1.214334274327857639e-17 1.685160887254049102e-18 0.000000000000000000e+00
0.000000000000000000e+00 9.006596357885780127e-20 1.016365621657932098e-18 1.096788197508373388e-17 1.137212116000340075e-16 1.130138142123478266e-15 1.073463223787667304e-14 9.715784332247750568e-14 8.350884626839484792e-13 6.790788016584446259e-12 5.202702507081775815e-11 3.738016909080478289e-10 2.505562556937754221e-09 1.557764511525306818e-08 8.924902463442441016e-08 4.677556386847273595e-07 2.223891958612291583e-06 9.498945290992263080e-06 3.603230094883785471e-05 1.196661334639279408e-04 3.416389283205230028e-04 8.186941631639449391e-04 1.598841390956935379e-03 2.472523952464688191e-03 3.012955968818458070e-03 3.012956328348050366e-03 2.472524953409075896e-03 1.598842806243394371e-03 8.186958042475070592e-04 3.416405417551737506e-04 1.196674270992950764e-04 3.603319599988071226e-05 9.499481531130761857e-06 2.224171657013976274e-06 4.678856944323036332e-07 8.930299149820804682e-08 1.559789630494682806e-08 2.512481875787541881e-09 3.759712303779627011e-10 5.265545389371889933e-11 6.959966441165482704e-12 8.776456669491060571e-13 1.072093852089180048e-13 1.297333921874364163e-14 1.602145766592000769e-15 2.082580389047005184e-16 2.901116765806229217e-17 4.305485585383410941e-18 6.539477897444763460e-19 0.000000000000000000e+00
0.000000000000000000e+00 1.794145039305977211e-20 2.009481053771682340e-19 2.152590975305851989e-18 2.216303323341863161e-17 2.187988937570077991e-16 2.065582193459596763e-15 1.859244873600047880e-14 1.590416709868917875e-13 1.288245841009062029e-12 9.841531898094952014e-12 7.059437695596006270e-11 4.731110023947834553e-10 2.945916220113329753e-09 1.693586932776707668e-08 8.924898829434935245e-08 4.275571068926231017e-07 1.843748599515003261e-06 7.071649511204561749e-06 2.376368385770935473e-05 6.862240763580794271e-05 1.660890767088500620e-04 3.268957073059041200e-04 5.083519190381298718e-04 6.214597862882100931e-04 6.214599495077144115e-04 5.083523775732378671e-04 3.268963609753843176e-04 1.660898402586314878e-04 6.862315558014457574e-05 2.376427278638988314e-05 7.072047450760629845e-06 1.843980889960958529e-06 4.276756594444536505e-07 8.930299149820806006e-08 1.695792137336608143e-08 2.954084933157354641e-09 4.758750311155667959e-10 7.145494156081839852e-11 1.008961397214229953e-11 1.354838948809028454e-12 1.757711643188250488e-13 2.254365951234447259e-14 2.946524587415421850e-15 4.048949643322954110e-16 5.953509601287750597e-17 9.308852182330638358e-18 1.510414821688907261e-18 2.433341404749650061e-19 0.000000000000000000e+00
0.000000000000000000e+00 3.289425792075586313e-21 3.656911015236166839e-20 3.888884670370511399e-19 3.976190030265535275e-18 3.899669585470794082e-17 3.659107452032268175e-16 3.275396261642250058e-15 2.788195918140434371e-14 2.249254468593951992e-13 1.712893321182852971e-12 1.226106297758093959e-11 8.209901437412349558e-11 5.114442135684290196e-10 2.945917294238527868e-09 1.557763948014006995e-08 7.498933237827207372e-08 3.253405776745950938e-07 1.256409247396679856e-06 4.251840962981805879e-06 1.235824568968346129e-05 3.007335801751912912e-05 5.943475446740958176e-05 9.271479204113925203e-05 1.135874857206440800e-04 1.135875504406528240e-04 9.271497528540475726e-05 5.943501795506791612e-05 3.007366799366579160e-05 1.235854877744501982e-05 4.252076825569609771e-06 1.256566113719242744e-06 3.254305045575663179e-07 7.503449952420190927e-08 1.559789630494683799e-08 2.954084933157354641e-09 5.144381412877434250e-10 8.310388664863715098e-11 1.257205650175679233e-11 1.802178348405464933e-12 2.488328759956564164e-13 3.388136915243704172e-14 4.692457122028576581e-15 6.821891740661210180e-16 1.059369038014922222e-16 1.745439695378556537e-17 2.978094108204242622e-18 5.121095146497713368e-19 8.546443503740696973e-20 0.000000000000000000e+00
0.000000000000000000e+00 5.593502971198076507e-22 6.172712893221178110e-21 6.516924983417644418e-20 6.617228114043596846e-19 6.447445447633762399e-18 6.012793285723713300e-17 5.352156153459685070e-16 4.533273852286627421e-15 3.641253559456359725e-14 2.763178304247265255e-13 1.972687887162622332e-12 1.318696618514562478e-11 8.209899818724658386e-11 4.731111897037815146e-10 2.505560942307732403e-09 1.209122877877870026e-08 5.262392775854162373e-08 2.039417603492732056e-07 6.925481463883197025e-07 2.018884184534244929e-06 4.923723015931632187e-06 9.746134453269042329e-06 1.522488897858003308e-05 1.867846562799413876e-05 1.867848843970596137e-05 1.522495400081599419e-05 9.746228761403933496e-06 4.923834727832909156e-06 2.018993359533452679e-06 6.926324876928689780e-07 2.039972724151215607e-07 5.265536131279570491e-08 1.210683770138077127e-08 2.512481875787544776e-09 4.758750311155672095e-10 8.310388664863720268e-11 1.352208676274635719e-11 2.075907137339559021e-12 3.058545038253106034e-13 4.430615958356654406e-14 6.512656348576163132e-15 1.002883549784057600e-15 1.646326216807044921e-16 2.860927558349383593e-17 5.135674337460650535e-18 9.273817171148714077e-19 1.651130673009813434e-19 2.813196183762809827e-20 0.000000000000000000e+00
0.000000000000000000e+00 8.879267653357335862e-23 9.727360719156122024e-22 1.019606359777747973e-20 1.028168523115599748e-19 9.952210106868385658e-19 9.224115168123071972e-18 8.163781028464541376e-17 6.878850187266081355e-16 5.499870818803930495e-15 4.157136311612981107e-14 2.958288947198834351e-13 1.972687942000482685e-12 1.226105987052924569e-11 7.059441985459758851e-11 3.738013357063195401e-10 1.804639492027114956e-09 7.860546332519529798e-09 3.049121674227814686e-08 1.036194686694177879e-07 3.021687673427108929e-07 7.368644359239531105e-07 1.458199972886219840e-06 2.278379376700102176e-06 2.797565618648067994e-06 2.797572866009160817e-06 2.278400154562816967e-06 1.458230366776734195e-06 7.369006785440498034e-07 3.022042039406846083e-07 1.036467315600664220e-07 3.050904339785356825e-08 7.870559093484387531e-09 1.809572832482948851e-09 3.759712303779627528e-10 7.145494156081843729e-11 1.257205650175680525e-11 2.075907137339559425e-12 3.275077751738169938e-13 5.061478556219011909e-14 7.913590835109363653e-15 1.292965417746605631e-15 2.246858667502546278e-16 4.123404004874452272e-17 7.797606358463061644e-18 1.479767996293912052e-18 2.764189798200888503e-19 5.022993185934622238e-20 8.667182535287297237e-21 0.000000000000000000e+00
0.000000000000000000e+00 1.323176816997669886e-23 1.439094124806539954e-22 1.497625885822499864e-21 1.499792868980496586e-20 1.442150113380061729e-19 1.328294412141964139e-18 1.168720346525970544e-17 9.794433061178293553e-17 7.792452875778845838e-16 5.864186657216444491e-15 4.157136310980738121e-14 2.763178418421917209e-13 1.712892723113197128e-12 9.841540804714516855e-12 5.202695086040665210e-11 2.508557154641156759e-10 1.091462157772367640e-09 4.229081493551724808e-09 1.435301499207174286e-08 4.178840788163750960e-08 1.017229816784737358e-07 2.009869580963939160e-07 3.138215674108473028e-07 3.855014054365073308e-07 3.855035043534942811e-07 3.138276155118342986e-07 2.009958791600925819e-07 1.017336880675118704e-07 4.179888894790340100e-08 1.436106378666878751e-08 4.234324663832125109e-09 1.094392475136159455e-09 2.522922931298037804e-10 5.265545389371890579e-11 1.008961397214230437e-11 1.802178348405466549e-12 3.058545038253106034e-13 5.061478556219012541e-14 8.441996053303948496e-15 1.466851667130086809e-15 2.703524719733207574e-16 5.248591803001201225e-17 1.047293503751914197e-17 2.091943830511131119e-18 4.103743875584535077e-19 7.819444510737896313e-20 1.438785527634516306e-20 2.503681213608759327e-21 0.000000000000000000e+00
0.000000000000000000e+00 1.859888032029142670e-24 2.008383458866739287e-23 2.075073228938364114e-22 2.063707663832510613e-21 1.971153860043631753e-20 1.803995695554752700e-19 1.577706900372523685e-18 1.314720511292673233e-17 1.040497937531256738e-16 7.792455075928630406e-16 5.499871309139907055e-15 3.641253856573352004e-14 2.249253388790101378e-13 1.288247564449142965e-12 6.790773377749398593e-12 3.265508334164236152e-11 1.417077321428035340e-10 5.475894699744310043e-10 1.853110209367468560e-09 5.378816236745047643e-09 1.305376492971046326e-08 2.572672552765990013e-08 4.011663245133720757e-08 4.928565448193931812e-08 4.928621375805096534e-08 4.011825130730765566e-08 2.572913279831685052e-08 1.305667205314262250e-08 5.381667281559740003e-09 1.855299378113954091e-09 5.490131300601360661e-10 1.425013037651282711e-10 3.304303944412749406e-11 6.959966441165484319e-12 1.354838948809029262e-12 2.488328759956563659e-13 4.430615958356653144e-14 7.913590835109363653e-15 1.466851667130086809e-15 2.874759770883797494e-16 5.917288085587660606e-17 1.248414624535580390e-17 2.629752740944069800e-18 5.427044029638562494e-19 1.085454746088095790e-19 2.093447918634001009e-20 3.884292672574907683e-21 6.802156718239121929e-22 0.000000000000000000e+00
0.000000000000000000e+00 2.476163751179101001e-25 2.655134433506886306e-24 2.723524316624154132e-23 2.689799927068562431e-22 2.551788334595005150e-21 2.320263989014077578e-20 2.016605236779521891e-19 1.670541797102004234e-18 1.314718311808523703e-17 9.794431842660527027e-17 6.878849102123151590e-16 4.533273728379808798e-15 2.788193916260698469e-14 1.590419815591643878e-13 8.350857302784247612e-13 4.000347297248677800e-12 1.729282644358090468e-11 6.655949048351677258e-11 2.243273507194667277e-10 6.484286847773760613e-10 1.567457276376894493e-09 3.079166318299666943e-09 4.792788932831434626e-09 5.887511642921594826e-09 5.887649818815345072e-09 4.793190524425730925e-09 3.079768224333212870e-09 1.568188594706872820e-09 6.491475050536497225e-10 2.248799454288216647e-10 6.691880562186135807e-11 1.749294825164411184e-11 4.098076569702624169e-12 8.776456669491065619e-13 1.757711643188251245e-13 3.388136915243704803e-14 6.512656348576163132e-15 1.292965417746606223e-15 2.703524719733207574e-16 5.917288085587661838e-17 1.323407042255238895e-17 2.946701892760921262e-18 6.410877903797020416e-19 1.348475098716958945e-19 2.729053147361270003e-20 5.306051119895981617e-21 9.907413341851776533e-22 1.744285339129945217e-22 0.000000000000000000e+00
0.000000000000000000e+00 3.133544901781871862e-26 3.337394716224651851e-25 3.398458575717582236e-24 3.332994457076884219e-23 3.140221140309170555e-22 2.836458110482298416e-21 2.449437811241062360e-20 2.016621631661279773e-19 1.577707006240666624e-18 1.168721914254403832e-17 8.163783943993163496e-17 5.352156990363335657e-16 3.275393398944645650e-15 1.859250300444402911e-14 9.715736279387150469e-14 4.631995103930415376e-13 1.992669639763869363e-12 7.631961254967817386e-12 2.559361909673712876e-11 7.361068915533032315e-11 1.771166772425544740e-10 3.466191247692862666e-10 5.383490575009776204e-10 6.611080987790421447e-10 6.611399596030741587e-10 5.384420049487821054e-10 3.467595101702622446e-10 1.772882596761910435e-10 7.377977838281139767e-11 2.572388857094469792e-11 7.716756735960070067e-12 2.039923077344378706e-12 4.862825745745413847e-13 1.072093852089181058e-13 2.254365951234448836e-14 4.692457122028578158e-15 1.002883549784058389e-15 2.246858667502547757e-16 5.248591803001204923e-17 1.248414624535581776e-17 2.946701892760922418e-18 6.775735515082291630e-19 1.502250361790800656e-19 3.196718094980771170e-20 6.520686836191736543e-21 1.275575654221472308e-21 2.394565433993719288e-22 4.236820977933653484e-23 0.000000000000000000e+00
0.000000000000000000e+00 3.780446317933084511e-27 4.001540124338948138e-26 4.044662074985572327e-25 3.939149300528246873e-24 3.685220375785947749e-23 3.306386364895784290e-22 2.836356614788731313e-21 2.320266762587425785e-20 1.803982999951581360e-19 1.328293777506917881e-18 9.224109485939447301e-18 6.012790671384908830e-17 3.659102524597227517e-16 2.065590830455845989e-15 1.073455118590182958e-14 5.089423977950245132e-14 2.177173468757019610e-13 8.291164266649029931e-13 2.764548242450758120e-12 7.906429830734842951e-12 1.892616928135654930e-11 3.688375512201952765e-11 5.714525749372369295e-11 7.014388896311905918e-11 7.015078399242235187e-11 5.716544294924652500e-11 3.691447237155404885e-11 1.896393050801769592e-11 7.943750102572535350e-12 2.793384801685386054e-12 8.479242570757222616e-13 2.282154878536413013e-13 5.602968631210338419e-14 1.297333921874365267e-14 2.946524587415424216e-15 6.821891740661210180e-16 1.646326216807047139e-16 4.123404004874455969e-17 1.047293503751915122e-17 2.629752740944072497e-18 6.410877903797025230e-19 1.502250361790801379e-19 3.369272432960513284e-20 7.225565069613063097e-21 1.482713010052078405e-21 2.915700191649682445e-22 5.501079248935634029e-23 9.781411669201548536e-24 0.000000000000000000e+00
0.000000000000000000e+00 4.358003687088419349e-28 4.590014942387668630e-27 4.604303801876062072e-26 4.453384080096831246e-25 4.136150588159761804e-24 3.685746810013944114e-23 3.140187109001801019e-22 2.551870555067957168e-21 1.971151794185346562e-20 1.442156760330941140e-19 9.952225841547864876e-19 6.447444801665735651e-18 3.899664890907831733e-17 2.188002536479435404e-16 1.130125262455607592e-15 5.325165781938504664e-15 2.263815154226195154e-14 8.566836217005684766e-14 2.838604100777950931e-13 8.068380005465300849e-13 1.920762922899235145e-12 3.726403879301129735e-12 5.757983834558781882e-12 7.063720024263992351e-12 7.065127294235665344e-12 5.762117393688882337e-12 3.732740417890197599e-12 1.928596742520844769e-12 8.146046077873738504e-13 2.898826826218873314e-13 8.960693475273298724e-14 2.484208142346523137e-14 6.405733896452346717e-15 1.602145766592001756e-15 4.048949643322959040e-16 1.059369038014923947e-16 2.860927558349386675e-17 7.797606358463070888e-18 2.091943830511133815e-18 5.427044029638567309e-19 1.348475098716959186e-19 3.196718094980771772e-20 7.225565069613063097e-21 1.558777692010241176e-21 3.215209301807122870e-22 6.353932239902112959e-23 1.204850615298273128e-23 2.153322547142678537e-24 0.000000000000000000e+00
0.000000000000000000e+00 4.806403376132284153e-29 5.050312016816252921e-28 5.025804847822577756e-27 4.828945068254545294e-26 4.451076239859413915e-25 3.939393730484046126e-24 3.332547043031836821e-23 2.689843014306325434e-22 2.063658014456094169e-21 1.499790003539817577e-20 1.028168093747723981e-19 6.617208183018737416e-19 3.976183824397758853e-18 2.216322090494481838e-17 1.137192350042647464e-16 5.322843557684924656e-16 2.247582711413796548e-15 8.447781927477856901e-15 2.780511081318063211e-14 7.851461653252200572e-14 1.858402345827145007e-13 3.588320976353898126e-13 5.528690646542707464e-13 6.778091058705500849e-13 6.780811387754855695e-13 5.536706637248276803e-13 3.600697531182862342e-13 1.873788431889295037e-13 8.004510676994146588e-14 2.899660770154325615e-14 9.229603175035191236e-15 2.686465259180035210e-15 7.481090934005980310e-16 2.082580389047006416e-16 5.953509601287757993e-17 1.745439695378558694e-17 5.135674337460655928e-18 1.479767996293913593e-18 4.103743875584535559e-19 1.085454746088095790e-19 2.729053147361270605e-20 6.520686836191741056e-21 1.482713010052079909e-21 3.215209301807123810e-22 6.664498414073709217e-23 1.323632329847616247e-23 2.523131648269088948e-24 4.534171520603611140e-25 0.000000000000000000e+00
0.000000000000000000e+00 5.069121463138340542e-30 5.343194521340181107e-29 5.271390087099767348e-28 5.034615744986597662e-27 4.603075660395783297e-26 4.046756573659371888e-25 3.398116612938278024e-24 2.723832411692088576e-23 2.075055158616065255e-22 1.497640106457457480e-21 1.019615932308527455e-20 6.516892451402373355e-20 3.888889986999091605e-19 2.152616433398571153e-18 1.096759806616842275e-17 5.097404637666133527e-17 2.137025280718266975e-16 7.974755083648970521e-16 2.606573608469269659e-15 7.309386465706133142e-15 1.719986946143415235e-14 3.304590250874457792e-14 5.075908337954321860e-14 6.218844761430838420e-14 6.223843792459837637e-14 5.090684882242006461e-14 3.327565776949244259e-14 1.748704904048507157e-14 7.596049519008589721e-15 2.830717632344827517e-15 9.451075564817576058e-16 2.968868799338596318e-16 9.202710541001230894e-17 2.901116765806230450e-17 9.308852182330650684e-18 2.978094108204244934e-18 9.273817171148719855e-19 2.764189798200889947e-19 7.819444510737896313e-20 2.093447918634002212e-20 5.306051119895985379e-21 1.275575654221472872e-21 2.915700191649684326e-22 6.353932239902114134e-23 1.323632329847615659e-23 2.642681960995107914e-24 5.066061784294704959e-25 9.158986117772464996e-26 0.000000000000000000e+00
0.000000000000000000e+00 5.092191047670283193e-31 5.448066203506557032e-30 5.321235376858726009e-29 5.058834271111113991e-28 4.583131087405978647e-27 4.004072069346750244e-26 3.336015954713457823e-25 2.655473141897316668e-24 2.008278093021945659e-23 1.439078334008533990e-22 9.727531763529132874e-22 6.172589325415300677e-21 3.656936822748810855e-20 2.009508076439711108e-19 1.016326520088152575e-18 4.688781138653599359e-18 1.951053471199305049e-17 7.226424765254495620e-17 2.345144278397798751e-16 6.528374988921993082e-16 1.527311078509964186e-15 2.919204797324643034e-15 4.469101300433541928e-15 5.471985951155345110e-15 5.480743473196799021e-15 4.495066657132750639e-15 2.959856021478406062e-15 1.578394035686034720e-15 7.040137171323088718e-16 2.747157135853164485e-16 9.885271553221145442e-17 3.455455083816120121e-17 1.214334274327858101e-17 4.305485585383415563e-18 1.510414821688908416e-18 5.121095146497715294e-19 1.651130673009814156e-19 5.022993185934625248e-20 1.438785527634516306e-20 3.884292672574908435e-21 9.907413341851784056e-22 2.394565433993719758e-22 5.501079248935632853e-23 1.204850615298272393e-23 2.523131648269087845e-24 5.066061784294704040e-25 9.772018603257536362e-26 1.778663024385710370e-26 0.000000000000000000e+00
0.000000000000000000e+00 4.784976905442877433e-32 5.321011995613020585e-31 5.131522663468042148e-30 4.870583871633623626e-29 4.364545223515613359e-28 3.793492296394492404e-27 3.134073173423059181e-26 2.477886158749716892e-25 1.860135532338019070e-24 1.323238516616399404e-23 8.880152390622826756e-23 5.593299486050571559e-22 3.289543420743046910e-21 1.794170133173345167e-20 9.006119284738548423e-20 4.123748417026040331e-19 1.702884792608029686e-18 6.259229605609201298e-18 2.016873174757526721e-17 5.571719443252015870e-17 1.296413584901068897e-16 2.464531069321545739e-16 3.759337279043971642e-16 4.600793445506955872e-16 4.615227624927076208e-16 3.802257807333228672e-16 2.532163396274320080e-16 1.381825870383031922e-16 6.430439140821049466e-17 2.694576402556196161e-17 1.076044766269154160e-17 4.260699993280524395e-18 1.685160887254049487e-18 6.539477897444769238e-19 2.433341404749651987e-19 8.546443503740702991e-20 2.813196183762811632e-20 8.667182535287300246e-21 2.503681213608759703e-21 6.802156718239119108e-22 1.744285339129946393e-22 4.236820977933657598e-23 9.781411669201550006e-24 2.153322547142678537e-24 4.534171520603610221e-25 9.158986117772462700e-26 1.778663024385710083e-26 3.263023212562722200e-27 0.000000000000000000e+00
0.000000000000000000e+00 0.000000000000000000e+00 0.000000000000000000e+00 0.000000000000000000e+00 0.000000000000000000e+00 0.000000000000000000e+00 0.000000000000000000e+00 0.000000000000000000e+00 0.000000000000000000e+00 0.000000000000000000e+00 0.000000000000000000e+00 0.000000000000000000e+00 0.000000000000000000e+00 0.000000000000000000e+00 0.000000000000000000e+00 0.000000000000000000e+00 0.000000000000000000e+00 0.000000000000000000e+00 0.000000000000000000e+00 0.000000000000000000e+00 0.000000000000000000e+00 0.000000000000000000e+00 0.000000000000000000e+00 0.000000000000000000e+00 0.000000000000000000e+00 0.000000000000000000e+00 0.000000000000000000e+00 0.000000000000000000e+00 0.000000000000000000e+00 0.000000000000000000e+00 0.000000000000000000e+00 0.000000000000000000e+00 0.000000000000000000e+00 0.000000000000000000e+00 0.000000000000000000e+00 0.000000000000000000e+00 0.000000000000000000e+00 0.000000000000000000e+00 0.000000000000000000e+00 0.000000000000000000e+00 0.000000000000000000e+00 0.000000000000000000e+00 0.000000000000000000e+00 0.000000000000000000e+00 0.000000000000000000e+00 0.000000000000000000e+00 0.000000000000000000e+00 0.000000000000000000e+00 0.000000000000000000e+00 0.000000000000000000e+00
