0.000000000000000000e+00 0.000000000000000000e+00 0.000000000000000000e+00 0.000000000000000000e+00 0.000000000000000000e+00 0.000000000000000000e+00 0.000000000000000000e+00 0.000000000000000000e+00 0.000000000000000000e+00 0.000000000000000000e+00 0.000000000000000000e+00 0.000000000000000000e+00 0.000000000000000000e+00 0.000000000000000000e+00 0.000000000000000000e+00 0.000000000000000000e+00 0.000000000000000000e+00 0.000000000000000000e+00 0.000000000000000000e+00 0.000000000000000000e+00 0.000000000000000000e+00 0.000000000000000000e+00 0.000000000000000000e+00 0.000000000000000000e+00 0.000000000000000000e+00 0.000000000000000000e+00 0.000000000000000000e+00 0.000000000000000000e+00 0.000000000000000000e+00 0.000000000000000000e+00 0.000000000000000000e+00 0.000000000000000000e+00 0.000000000000000000e+00 0.000000000000000000e+00 0.000000000000000000e+00 0.000000000000000000e+00 0.000000000000000000e+00 0.000000000000000000e+00 0.000000000000000000e+00 0.000000000000000000e+00 0.000000000000000000e+00 0.000000000000000000e+00 0.000000000000000000e+00 0.000000000000000000e+00 0.000000000000000000e+00 0.000000000000000000e+00 0.000000000000000000e+00 0.000000000000000000e+00 0.000000000000000000e+00 0.000000000000000000e+00
0.000000000000000000e+00 -4.653290860733281529e-34 1.878905787964277930e-33 -8.119078583034005321e-33 3.339320405361642118e-32 -1.361995762752929019e-31 5.813796390757610166e-31 -2.725741939044977307e-30 1.403412422400750278e-29 -7.437826356410835093e-29 3.850949430576793280e-28 -1.804826660841572349e-27 7.932538160438891163e-27 -2.770988474059197804e-26 1.065835171896569323e-25 -1.656077893417259731e-25 1.228162275230527032e-24 3.132503334537943901e-24 2.424068116095648441e-23 1.120821060819101906e-22 4.608386841861181437e-22 1.541728953503625781e-21 3.951104358677260987e-21 7.303376606244968363e-21 9.310907505288239816e-21 9.309298848118847789e-21 7.300099995910568856e-21 3.947381994493820615e-21 1.533419813633832959e-21 4.536587319472375846e-22 1.042790008045447445e-22 1.673869277669639512e-23 7.909864873892126170e-26 -1.517809537813696182e-24 -9.181113356047357441e-25 -4.050578485057425272e-25 -1.532616627327189653e-25 -5.203301685238814920e-26 -1.615437269629721241e-26 -4.635586807344702364e-27 -1.238581368533943108e-27 -3.099023808447444791e-28 -7.295006092229210042e-29 -1.621854828696004896e-29 -3.416603636118192373e-30 -6.838124436287997855e-31 -1.303036241566964557e-31 -2.366694972980694189e-32 -4.087137698180581106e-33 0.000000000000000000e+00
0.000000000000000000e+00 1.878905787964288535e-33 -7.580134618208834298e-33 3.301424972210236972e-32 -1.418993430145050993e-31 6.396804414482761494e-31 -3.170905866761100127e-30 1.730564438869628338e-29 -9.762491290645412100e-29 5.418884138051737524e-28 -2.739267696034006279e-27 1.314364638077670166e-26 -5.043974624737021415e-26 2.178462453892756534e-25 -3.917938680402229936e-25 3.234501394428819390e-24 8.325773117504216478e-24 8.095238876185970648e-23 4.235001602051579869e-22 2.126094581634071449e-21 8.871323127639883678e-21 2.998953548517596003e-20 7.802414665572878550e-20 1.454796510932092614e-19 1.855825020026096128e-19 1.855867013762995597e-19 1.454826720267522785e-19 7.802537118263605610e-20 3.001642994624980020e-20 8.894547587300959920e-21 2.158951773658754444e-21 4.580378116314129588e-22 9.407001009405497506e-23 2.193307344003392773e-23 6.439764365744916532e-24 2.195873418896765084e-24 7.615734273173076739e-25 2.509102193162685626e-25 7.694182741103790257e-26 2.191400340349328495e-26 5.815477733468453619e-27 1.444096090348117397e-27 3.368996599389328731e-28 7.409780513657138238e-29 1.540795588656862883e-29 3.035776342389111178e-30 5.675672470305627538e-31 1.007190675227760355e-31 1.693562793997427955e-32 0.000000000000000000e+00
0.000000000000000000e+00 -8.119078583034046375e-33 3.301424972210281857e-32 -1.504999450029884743e-31 7.151733755224958800e-31 -3.740908596523555361e-30 2.157800519237773482e-29 -1.291496472264472356e-28 7.644416149293128025e-28 -4.150507394234474439e-27 2.150562077157940451e-26 -9.049334194784087442e-26 4.257613134160443800e-25 -9.178790579136368493e-25 7.588939546723852786e-24 1.801039025507303800e-23 2.253731709947589415e-22 1.300293163822529186e-21 7.754213837828736429e-21 3.881156110888494914e-20 1.645668827010886854e-19 5.658508243589234022e-19 1.491716154251994424e-18 2.806678275416597322e-18 3.581275525112391581e-18 3.581094321081847477e-18 2.806175584331740026e-18 1.491180069237016976e-18 5.653733685038362655e-19 1.642623943133772829e-19 3.855794778724509692e-20 7.543962304454131093e-21 1.227326647741950081e-21 1.487998503375495822e-22 2.679819444592936086e-24 -6.908023793606947243e-24 -3.448772587798468735e-24 -1.251568203267571987e-24 -3.944798656556930757e-25 -1.130181693817037932e-25 -2.993547262139603670e-26 -7.391617246600428013e-27 -1.709981778418125312e-27 -3.718995219730600550e-28 -7.621608600065016675e-29 -1.473730853677500529e-29 -2.689034159341464722e-30 -4.622148928112906377e-31 -7.436907399712946636e-32 0.000000000000000000e+00
0.000000000000000000e+00 3.339320405361776774e-32 -1.418993430145063911e-31 7.151733755225062146e-31 -3.944045988479403169e-30 2.402075145854318688e-29 -1.521706575076428407e-28 9.568121616991176442e-28 -5.548262059307443407e-27 3.084629581807787846e-26 -1.408221256409510952e-25 7.169332298038083259e-25 -1.777803465351410638e-24 1.513537480252250916e-23 3.372098366429319795e-23 5.286495759036845531e-22 3.323373085939892662e-21 2.300440850328134010e-20 1.341466988439536972e-19 6.863916293236907782e-19 2.958487186973826394e-18 1.033019059900192183e-17 2.761362052030210497e-17 5.244166863390675779e-17 6.693532978702307323e-17 6.693965991753161437e-17 5.245522688937616043e-17 2.762849701242428548e-17 1.034040909430742404e-17 2.964670538578489783e-18 6.896421746160284373e-19 1.358939228864390799e-19 2.355798962878181633e-20 3.768084738446685723e-21 6.047533974844719616e-22 1.112037107811111242e-22 2.563494777892278609e-23 6.954467149688086420e-24 1.967260584285135085e-24 5.399569173682019418e-25 1.399731730725042482e-25 3.401754889444525823e-26 7.743094102216086451e-27 1.651579226387348899e-27 3.301408778772222090e-28 6.176484490624692594e-29 1.077366703642404160e-29 1.737457297472954227e-30 2.532540952114981291e-31 0.000000000000000000e+00
0.000000000000000000e+00 -1.361995762752950038e-31 6.396804414483054015e-31 -3.740908596523619120e-30 2.402075145854330459e-29 -1.607033864991492678e-28 1.069926091913280667e-27 -6.595931928971698297e-27 3.914295819527468620e-26 -1.923305250654874514e-25 1.053242337896876743e-24 -2.928355282975767646e-24 2.599780103815859814e-23 5.524220594613740207e-23 1.057704093036849573e-21 7.183217124189924138e-21 5.662677225801818267e-20 3.763121164685298090e-19 2.256121797175005384e-18 1.171371773082685099e-17 5.132475118559481582e-17 1.820537122132517649e-16 4.936574085563663916e-16 9.464092941103359421e-16 1.207852099624907595e-15 1.207769054952954380e-15 9.461339085705354648e-16 4.933522560049401703e-16 1.818518942804682002e-16 5.119866459719320533e-17 1.165726351971549724e-17 2.232733681878831116e-18 3.690702239579310658e-19 5.323399969629955669e-20 6.581898356160059288e-21 6.167521507422231746e-22 7.359758461875333706e-24 -1.864000298349200174e-23 -7.496053184823714309e-24 -2.233964533651186203e-24 -5.854815489371608098e-25 -1.405242787948849158e-25 -3.124700768898552493e-26 -6.450491736925171957e-27 -1.232625132966113027e-27 -2.161954138164026258e-28 -3.416099038384088365e-29 -4.655156567583280578e-30 -4.689643948341280286e-31 0.000000000000000000e+00
0.000000000000000000e+00 5.813796390757983262e-31 -3.170905866761160383e-30 2.157800519237806833e-29 -1.521706575076420335e-28 1.069926091913278155e-27 -6.985954037738725574e-27 4.406347445374700795e-26 -2.315036258819155582e-25 1.357184540736607857e-24 -4.151742681494009520e-24 3.875613932840920883e-23 8.008502083623911315e-23 1.822151399851092095e-21 1.329148615398699720e-20 1.174458770300619337e-19 8.744224526578362121e-19 6.004215667484878534e-18 3.644286232943329882e-17 1.924155766311177213e-16 8.567139585247551147e-16 3.088685344838878862e-15 8.493481100745277833e-15 1.644182972604738170e-14 2.098415800841567083e-14 2.098547318311742843e-14 1.644641719976240460e-14 8.498590953104408796e-15 3.092079080055889330e-15 8.589297595345516344e-16 1.933618419647486451e-16 3.681164049203163445e-17 6.119530522807971933e-18 9.125886465081117630e-19 1.255279677886380490e-19 1.654126801871509197e-20 2.219689842639256714e-21 3.305587361708181417e-22 5.822694803491972882e-23 1.186225576379259072e-23 2.577183684665152226e-24 5.563257091727920121e-25 1.143890538024058836e-25 2.181656517210536211e-26 3.758190314161527027e-27 5.576538168276071606e-28 6.216915096900221127e-29 1.653395222293504543e-30 -1.809274479230246885e-30 0.000000000000000000e+00
0.000000000000000000e+00 -2.725741939045141258e-30 1.730564438869664772e-29 -1.291496472264464061e-28 9.568121616991153124e-28 -6.595931928971593547e-27 4.406347445374688742e-26 -2.461937850732334951e-25 1.539307902478372977e-24 -5.104963923540691551e-24 5.042350461083270222e-23 1.036834753236657334e-22 2.722806029766889862e-21 2.125289162263180894e-20 2.076984628993940890e-19 1.709532858774766648e-18 1.320483983692649316e-17 9.156971156314094172e-17 5.651430382154162729e-16 3.030480739532224175e-15 1.371969578855516973e-14 5.023426560555265909e-14 1.401791361238839722e-13 2.740374011582330209e-13 3.495882314707205717e-13 3.495708717937275280e-13 2.739733471688501634e-13 1.401075361365699830e-13 5.018602987702870841e-14 1.368674459648940211e-14 3.016758934780105744e-15 5.597608272628509555e-16 8.987713549455209072e-17 1.270537766538544800e-17 1.591939995383189724e-18 1.749674339606490306e-19 1.595766971611043427e-20 9.132512703783383542e-22 -6.756074152384705856e-23 -3.885061160461440851e-23 -1.001119400248049991e-23 -2.107130320362900146e-24 -3.922139619516168824e-25 -6.385247797871229494e-26 -8.287271793004156533e-27 -5.146530922891968356e-28 1.532756661371991155e-28 8.181072573605497888e-29 2.581807902726220839e-29 0.000000000000000000e+00
0.000000000000000000e+00 1.403412422400737386e-29 -9.762491290645512993e-29 7.644416149293048207e-28 -5.548262059307256866e-27 3.914295819527450253e-26 -2.315036258819122521e-25 1.539307902478374447e-24 -5.466636586960219094e-24 5.746332609044999048e-23 1.207100466627161606e-22 3.548225304359814990e-21 2.957323880651234663e-20 3.160571939316845548e-19 2.845797502806934632e-18 2.437631735405034964e-17 1.897111029231419119e-16 1.337109675753335153e-15 8.372318533352585288e-15 4.562676090253908740e-14 2.097555669299725812e-13 7.806193368407097697e-13 2.209383160038668582e-12 4.362124566187971639e-12 5.562344528664721207e-12 5.562535941142589511e-12 4.362880153500703650e-12 2.210229896194553478e-12 7.812002821300090034e-13 2.101708733710881874e-13 4.579524794560214776e-14 8.440233480931896032e-15 1.358396963688788041e-15 1.958403242432160861e-16 2.588036866728589958e-17 3.211527731555789686e-18 3.850619475761618196e-19 4.616780648885799901e-20 5.735512301176927406e-21 7.560367672502782270e-22 1.054847654036926446e-22 1.507606515986890051e-23 2.073668722943129861e-24 2.426621284789888282e-25 1.431220942035575373e-26 -4.026984937306585364e-27 -2.142010379016218188e-27 -6.691766338398639100e-28 -1.748184796592751631e-28 0.000000000000000000e+00
0.000000000000000000e+00 -7.437826356411049211e-29 5.418884138051529460e-28 -4.150507394234374711e-27 3.084629581807720117e-26 -1.923305250654834336e-25 1.357184540736622367e-24 -5.104963923540897997e-24 5.746332609045134230e-23 1.269227048106241487e-22 4.046889988394283565e-21 3.598694699768695293e-20 4.166110226027849282e-19 4.069873574934257961e-18 3.822029915014964193e-17 3.291812172661788511e-16 2.602126602554217387e-15 1.858257181161063053e-14 1.181269430654288796e-13 6.530368607928542298e-13 3.050909164818292305e-12 1.152629394718657215e-11 3.309911135703151976e-11 6.600350629048475039e-11 8.409243416018330596e-11 8.409067701908367751e-11 6.599595837547141753e-11 3.309063989016836064e-11 1.152035618694532069e-11 3.046465599850051631e-12 6.512934611649472774e-13 1.173962714309056196e-13 1.835654403027192268e-14 2.536786026525504223e-15 3.129270674002243542e-16 3.442623490349276529e-17 3.308235465852324014e-18 2.571569555204841497e-19 1.091491897899542873e-20 -1.261428392880153966e-21 -4.575933643858752237e-22 -8.764524403804720115e-23 -1.314239214381316654e-23 -1.532551546612863811e-24 -8.651807298897687017e-26 2.333028039627129438e-26 1.177361793588313604e-26 3.517451603020361041e-27 8.848669565313117442e-28 0.000000000000000000e+00
0.000000000000000000e+00 3.850949430576631851e-28 -2.739267696033934532e-27 2.150562077157842015e-26 -1.408221256409489830e-25 1.053242337896882621e-24 -4.151742681494382739e-24 5.042350461083581728e-23 1.207100466626946490e-22 4.046889988394370833e-21 3.840789102917230440e-20 4.777907764216240989e-19 5.031845633640903421e-18 5.133985713387385255e-17 4.839992157284631693e-16 4.230997383673935073e-15 3.384111433279927350e-14 2.450192852840716355e-13 1.577546972472097424e-12 8.852050616085872768e-12 4.194500561571273548e-11 1.609169848647264592e-10 4.685458363455466363e-10 9.435445092453346527e-10 1.200911292920708051e-09 1.200924585002161918e-09 9.436082757620232646e-10 4.686174265421305870e-10 1.609684195544411858e-10 4.198532058560933392e-11 8.867183988398903863e-12 1.584224351940101615e-12 2.470323916640668597e-13 3.443318656546373775e-14 4.378241223161538855e-15 5.180227169738143818e-16 5.832828393904786987e-17 6.422673247839306976e-18 7.131941111347615258e-19 8.198947460297431365e-20 9.846804044746912818e-21 1.216263584459056745e-21 1.486419911786557433e-22 1.679956207893792566e-23 1.486437842992669482e-24 1.763632958650357633e-26 -3.833004610716204707e-26 -1.374233507976574115e-26 -3.606047386368071798e-27 0.000000000000000000e+00
0.000000000000000000e+00 -1.804826660841499527e-27 1.314364638077586940e-26 -9.049334194783950836e-26 7.169332298038096116e-25 -2.928355282976189355e-24 3.875613932841283523e-23 1.036834753236275768e-22 3.548225304360027896e-21 3.598694699768593580e-20 4.777907764216266989e-19 5.398375465619918077e-18 5.941813267422901825e-17 6.079598519824666685e-16 5.813779984259655203e-15 5.136179038082476143e-14 4.159266984579098014e-13 3.044656199951203514e-12 1.986116266918221872e-11 1.128157731068222212e-10 5.421865977589876206e-10 2.109020580024680920e-09 6.224536186275154291e-09 1.265543572543666716e-08 1.608449450092086785e-08 1.608441339570578091e-08 1.265498232122604758e-08 6.224027872458776468e-09 2.108644708656384022e-09 5.418778152259526361e-10 1.127064859627128613e-10 1.980952203697702773e-11 3.029754598472618996e-12 4.114075766582919229e-13 5.025229945567569784e-14 5.557111666424768568e-15 5.549876434089524569e-16 4.909902963099953374e-17 3.605704015905949935e-18 1.652575607154844835e-19 -8.948504706180553034e-21 -3.920779662744729363e-21 -7.169065912457255026e-22 -1.005559200003988615e-22 -1.127001036201832297e-23 -7.975901931903211685e-25 5.713063566885034434e-26 4.138702339124859229e-26 1.223246850958648369e-26 0.000000000000000000e+00
0.000000000000000000e+00 7.932538160438353065e-27 -5.043974624736788383e-26 4.257613134160461248e-25 -1.777803465351696063e-24 2.599780103816198650e-23 8.008502083620101538e-23 2.722806029767140759e-21 2.957323880651072764e-20 4.166110226027915727e-19 5.031845633640892636e-18 5.941813267422896894e-17 6.556150823407758117e-16 6.802172353982039116e-15 6.568287269884666743e-14 5.868260310063975974e-13 4.796544646165174863e-12 3.550263453800297059e-11 2.338588858719459763e-10 1.344051715211057217e-09 6.535162332668617254e-09 2.575167650946031149e-08 7.695534452723108572e-08 1.578773556697211801e-07 2.002977353061227922e-07 2.002981169247348349e-07 1.578800453104204618e-07 7.695834813600259951e-08 2.575397418810737477e-08 6.537142517154150953e-09 1.344698795978996821e-09 2.341947755742411031e-10 3.559283148268365199e-11 4.825366089082332928e-12 5.936784616699513888e-13 6.728286029049432475e-14 7.129121709909115981e-15 7.183433458256036230e-16 7.030266514994131106e-17 6.854221583821316428e-18 6.824061759765380932e-19 7.032982970314917595e-20 7.443344339177113766e-21 7.822532299466677635e-22 7.634852798581171247e-23 5.824529263024149685e-24 3.845761925386707740e-26 -1.241593356626956437e-25 -3.982158396997740443e-26 0.000000000000000000e+00
0.000000000000000000e+00 -2.770988474058921723e-26 2.178462453892762504e-25 -9.178790579137545825e-25 1.513537480252498064e-23 5.524220594611204666e-23 1.822151399851313276e-21 2.125289162263032838e-20 3.160571939316925474e-19 4.069873574934243324e-18 5.133985713387377859e-17 6.079598519824681476e-16 6.802172353982029650e-15 7.124221284095051460e-14 6.952388146134295976e-13 6.262028373058008524e-12 5.166398707401819578e-11 3.851858194115359904e-10 2.559607399222629322e-09 1.483224260080320360e-08 7.283289287007030426e-08 2.900532516740685752e-07 8.763507998305785073e-07 1.812469874593836796e-06 2.294192259775509452e-06 2.294191029540030890e-06 1.812456747128829182e-06 8.763362531836854317e-07 2.900416611947400332e-07 7.282240026761092462e-08 1.482917945214809385e-08 2.557787434073793423e-09 3.847524369764366946e-10 5.151196645098501160e-11 6.228307035361204620e-12 6.871776556339491268e-13 6.965188513624811122e-14 6.503736757674812012e-15 5.579215432149545191e-16 4.345434591940875951e-17 2.984326990461585329e-18 1.686491791134136671e-19 6.501135747060645048e-21 9.617952029636052419e-23 2.995350045344128504e-23 1.644818152287207554e-23 4.731670417718496221e-24 1.056291740514909227e-24 2.092045607568803742e-25 0.000000000000000000e+00
0.000000000000000000e+00 1.065835171896534195e-25 -3.917938680402457688e-25 7.588939546725070892e-24 3.372098366428118440e-23 1.057704093036989127e-21 1.329148615398613053e-20 2.076984628994005409e-19 2.845797502806926158e-18 3.822029915014959879e-17 4.839992157284656345e-16 5.813779984259641003e-15 6.568287269884671792e-14 6.952388146134295976e-13 6.836995892397522844e-12 6.209520313143602738e-11 5.150806578153703907e-10 3.863484223802477892e-09 2.578744417820655087e-08 1.502409370050112437e-07 7.421475126833619746e-07 2.978072923476748736e-06 9.074483627531436207e-06 1.889009028852665895e-05 2.384113821816506368e-05 2.384113963318373964e-05 1.889014188827060003e-05 9.074540000302907817e-06 2.978120158907936713e-06 7.421925206186916449e-07 1.502520006529579139e-07 2.579554565406277344e-08 3.865039492918632889e-09 5.157350681435922378e-10 6.221959941125832963e-11 6.868621656450045448e-12 7.008596321596720813e-13 6.668385409480141601e-14 5.959926604710201311e-15 5.025524150380511105e-16 3.981047364059985239e-17 2.875070342473462820e-18 1.671373375987602689e-19 2.532002632308949334e-21 -1.558127120276779373e-21 -3.980978099339567852e-22 -7.260764268525620017e-23 -1.167916812024854781e-23 -1.751338175298767353e-24 0.000000000000000000e+00
0.000000000000000000e+00 -1.656077893417195216e-25 3.234501394429167263e-24 1.801039025506864459e-23 5.286495759037399424e-22 7.183217124189584091e-21 1.174458770300650152e-19 1.709532858774766648e-18 2.437631735405032807e-17 3.291812172661808232e-16 4.230997383673920873e-15 5.136179038082486240e-14 5.868260310063968906e-13 6.262028373058009332e-12 6.209520313143602738e-11 5.666236719578640955e-10 4.720765033105847733e-09 3.545941564487834685e-08 2.368944562060777593e-07 1.380134685475974560e-06 6.823715694361439927e-06 2.745419266069980732e-05 8.403891203745624298e-05 1.756201100504097327e-04 2.208179021459347484e-04 2.208179134359768375e-04 1.756199521437517143e-04 8.403874401254717962e-05 2.745404236011960824e-05 6.823564422763666367e-06 1.380107275626495799e-06 2.368653956400303246e-07 3.545590798028067638e-08 4.718501545289127694e-09 5.663376799182680779e-10 6.200594418975382264e-11 6.251585949401599962e-12 5.853938115598165115e-13 5.137450695295561334e-14 4.281013566592334541e-15 3.472340581178404296e-16 2.883401896778683489e-17 2.662499515317809608e-18 2.936070166687649459e-19 3.811647394625900772e-20 5.376567194944576131e-21 7.692180652079779443e-22 1.078630367562159382e-22 1.454885664377767174e-23 0.000000000000000000e+00
0.000000000000000000e+00 1.228162275230557338e-24 8.325773117502786783e-24 2.253731709947701792e-22 3.323373085939796365e-21 5.662677225801857989e-20 8.744224526578410270e-19 1.320483983692644694e-17 1.897111029231429966e-16 2.602126602554210287e-15 3.384111433279933661e-14 4.159266984579092461e-13 4.796544646165178902e-12 5.166398707401817639e-11 5.150806578153707009e-10 4.720765033105846905e-09 3.934060249575180093e-08 2.949195190614580624e-07 1.959972628026916693e-06 1.134123868835726377e-05 5.568044827068961326e-05 2.229015029912300328e-04 6.810612304693034217e-04 1.422455102723651620e-03 1.779700823738048420e-03 1.779700738836230206e-03 1.422455457848050692e-03 6.810615882991898030e-04 2.229018545045543403e-04 5.568082471107758241e-05 1.134126906706157831e-05 1.960054471322268294e-06 2.949200998980818610e-07 3.934680569556939646e-08 4.720741229475609962e-09 5.152193685884990969e-10 5.163883091715966401e-11 4.788669512311874726e-12 4.127407679453794520e-13 3.301124766877079749e-14 2.407278718099106504e-15 1.493380902612059226e-16 5.507502556355513267e-18 -4.757830993135818609e-19 -1.668766012857080240e-19 -3.115577274217902960e-20 -4.886966316595430694e-21 -7.018950482343772488e-22 -9.430151224873631626e-23 0.000000000000000000e+00
0.000000000000000000e+00 3.132503334537495743e-24 8.095238876186104654e-23 1.300293163822500410e-21 2.300440850328109334e-20 3.763121164685338535e-19 6.004215667484822297e-18 9.156971156314158267e-17 1.337109675753331603e-15 1.858257181161067155e-14 2.450192852840712821e-13 3.044656199951203918e-12 3.550263453800295767e-11 3.851858194115359904e-10 3.863484223802476238e-09 3.545941564487834024e-08 2.949195190614581153e-07 2.194706317584221782e-06 1.440897624039322384e-05 8.199441960596911281e-05 3.950327059815255401e-04 1.554069714208323929e-03 4.688701257829409712e-03 9.712002068099643073e-03 1.206877228980472380e-02 1.206877260083603388e-02 9.712001544754562260e-03 4.688700803221143749e-03 1.554069184321074616e-03 3.950320899308970069e-04 8.199448916677504000e-05 1.440880108182204210e-05 2.194738038572097541e-06 2.949060584276177864e-07 3.546299807981910820e-08 3.863619686418291825e-09 3.854959049234977565e-10 3.557391531958696609e-11 3.066812155915450041e-12 2.501515808902749373e-13 1.971545263047439574e-14 1.562552903996487073e-15 1.333421334929792304e-16 1.321680532817116971e-17 1.550257719069492259e-18 2.031405801091713226e-19 2.766632930892706558e-20 3.743203396483462748e-21 4.893142100433712726e-22 0.000000000000000000e+00
0.000000000000000000e+00 2.424068116095763052e-23 4.235001602051445392e-22 7.754213837828667216e-21 1.341466988439549731e-19 2.256121797174976495e-18 3.644286232943360080e-17 5.651430382154140050e-16 8.372318533352604221e-15 1.181269430654287534e-13 1.577546972472096818e-12 1.986116266918222518e-11 2.338588858719458212e-10 2.559607399222630149e-09 2.578744417820655087e-08 2.368944562060778122e-07 1.959972628026917540e-06 1.440897624039322384e-05 9.264205127158147476e-05 5.116664867716107885e-04 2.375861441331993031e-03 8.996987075057657698e-03 2.629468246957654409e-02 5.324840177228375854e-02 6.551212171473251578e-02 6.551212103389859875e-02 5.324840213936284095e-02 2.629468257173782700e-02 8.996987386381138582e-03 2.375861884101477303e-03 5.116661264668317206e-04 9.264232700031189060e-05 1.440883903915701858e-05 1.959996418183569620e-06 2.368768392623005959e-07 2.578588162434171063e-08 2.558147678046740686e-09 2.335482416583876326e-10 1.976662946554151630e-11 1.556557433679532569e-12 1.135386911378241895e-13 7.472329294762372816e-15 3.996628380066927075e-16 8.022376722470960708e-18 -2.345800932613412384e-18 -5.707585141950453899e-19 -9.501145303930740219e-20 -1.385465064839596370e-20 -1.863859001083164807e-21 0.000000000000000000e+00
0.000000000000000000e+00 1.120821060819047833e-22 2.126094581634105679e-21 3.881156110888502738e-20 6.863916293236849041e-19 1.171371773082693419e-17 1.924155766311170311e-16 3.030480739532227725e-15 4.562676090253908740e-14 6.530368607928537249e-13 8.852050616085884077e-12 1.128157731068221049e-10 1.344051715211058044e-09 1.483224260080320526e-08 1.502409370050112702e-07 1.380134685475975830e-06 1.134123868835726377e-05 8.199441960596911281e-05 5.116664867716107885e-04 2.697863217431644735e-03 1.175708944652823114e-02 4.136418647584244601e-02 1.129484514930916561e-01 2.172111446686699754e-01 2.628883221911070822e-01 2.628883229641440500e-01 2.172111447064233314e-01 1.129484520304340905e-01 4.136418685351862107e-02 1.175708980873830037e-02 2.697863767186274141e-03 5.116661715688519295e-04 8.199472848276925341e-05 1.134120421882347420e-05 1.380184816597763765e-06 1.502459717493234168e-07 1.483665720550590344e-08 1.344936222430117699e-09 1.130943974849706479e-10 8.911922254617895251e-12 6.662279917655990950e-13 4.818818001825257568e-14 3.500729368062166051e-15 2.729028024721198268e-16 2.471324252850763393e-17 2.674257194967175616e-18 3.279588058600243306e-19 4.226748390994190953e-20 5.409220505667927168e-21 0.000000000000000000e+00
0.000000000000000000e+00 4.608386841861306509e-22 8.871323127639818979e-21 1.645668827010885169e-19 2.958487186973833713e-18 5.132475118559469256e-17 8.567139585247556077e-16 1.371969578855517289e-14 2.097555669299724549e-13 3.050909164818294728e-12 4.194500561571269670e-11 5.421865977589880342e-10 6.535162332668616426e-09 7.283289287007031749e-08 7.421475126833620804e-07 6.823715694361440775e-06 5.568044827068959970e-05 3.950327059815257028e-04 2.375861441331993465e-03 1.175708944652822593e-02 4.640916827516178983e-02 1.428855370526072310e-01 3.391905037583075044e-01 5.797816849644082948e-01 6.793793012452091773e-01 6.793793011960018724e-01 5.797816851868414778e-01 3.391905035039158856e-01 1.428855366384435832e-01 4.640916768632183387e-02 1.175708949270929358e-02 2.375861685653667035e-03 3.950323197016726009e-04 5.568047716146362305e-05 6.823626271437941752e-06 7.421380164455601915e-07 7.282427533365846309e-08 6.533568736537685808e-09 5.416520874727613866e-10 4.183568917623603216e-11 3.026392776653157591e-12 2.050824236183328507e-13 1.286284741760635307e-14 7.111915185791082222e-16 2.794085676845784880e-17 -5.983062764462841837e-19 -3.501195624459588410e-19 -6.225511105452653302e-20 -8.880792990118298417e-21 0.000000000000000000e+00
0.000000000000000000e+00 1.541728953503627286e-21 2.998953548517592392e-20 5.658508243589239800e-19 1.033019059900190951e-17 1.820537122132517156e-16 3.088685344838879256e-15 5.023426560555262122e-14 7.806193368407106784e-13 1.152629394718655599e-11 1.609169848647265626e-10 2.109020580024681334e-09 2.575167650946031480e-08 2.900532516740687340e-07 2.978072923476749583e-06 2.745419266069981749e-05 2.229015029912301141e-04 1.554069714208323495e-03 8.996987075057657698e-03 4.136418647584244601e-02 1.428855370526072588e-01 3.535280630805236468e-01 6.400191273805975190e-01 8.360045935837144837e-01 9.045115205392563196e-01 9.045115198733642004e-01 8.360045927496951856e-01 6.400191266667601964e-01 3.535280624263217319e-01 1.428855363757833286e-01 4.136418572385425207e-02 8.996987128288889621e-03 1.554069902393250338e-03 2.229015285569264568e-04 2.745426814255119116e-05 2.978081234313252927e-06 2.900611233035246104e-07 2.575284152033114306e-08 2.109473961777184742e-09 1.609962378045033580e-10 1.154494199029561825e-11 7.839123095738192612e-13 5.083163535559953688e-14 3.186075354589330395e-15 1.972681876784288783e-16 1.257040290623195205e-17 8.799337561039236551e-19 7.203335727747139007e-20 6.889358595505100752e-21 0.000000000000000000e+00
0.000000000000000000e+00 3.951104358677245188e-21 7.802414665572884569e-20 1.491716154251994039e-18 2.761362052030211421e-17 4.936574085563658985e-16 8.493481100745279410e-15 1.401791361238839722e-13 2.209383160038668179e-12 3.309911135703153269e-11 4.685458363455463261e-10 6.224536186275155118e-09 7.695534452723109895e-08 8.763507998305782955e-07 9.074483627531432819e-06 8.403891203745625653e-05 6.810612304693030965e-04 4.688701257829411446e-03 2.629468246957654409e-02 1.129484514930916006e-01 3.391905037583072269e-01 6.400191273805976300e-01 8.521801402446858020e-01 9.489694072563756855e-01 9.775117590884168095e-01 9.775117589726146639e-01 9.489694066002963835e-01 8.521801399064042881e-01 6.400191273567007455e-01 3.391905039571622149e-01 1.129484510855599394e-01 2.629468198315947428e-02 4.688701494583021219e-03 6.810611789007523431e-04 8.403897481388611715e-05 9.074494340891827766e-06 8.763577032013587627e-07 7.695718299264125000e-08 6.225052301789932440e-09 4.686737921336374519e-10 3.312664497578626015e-11 2.215094820608441142e-12 1.412428772805070661e-13 8.682241072475389761e-15 5.248955423573861003e-16 3.252197408397603405e-17 2.223654325418110798e-18 1.821508133179955959e-19 1.801513581160559739e-20 0.000000000000000000e+00
0.000000000000000000e+00 7.303376606244882599e-21 1.454796510932101281e-19 2.806678275416590003e-18 5.244166863390675163e-17 9.464092941103361393e-16 1.644182972604736908e-14 2.740374011582331724e-13 4.362124566187967600e-12 6.600350629048478917e-11 9.435445092453344459e-10 1.265543572543667378e-08 1.578773556697212066e-07 1.812469874593835102e-06 1.889009028852666573e-05 1.756201100504095971e-04 1.422455102723650970e-03 9.712002068099637869e-03 5.324840177228372384e-02 2.172111446686697811e-01 5.797816849644076287e-01 8.360045935837140396e-01 9.489694072563750193e-01 9.861883074207630218e-01 9.953743635822602798e-01 9.953743639366027240e-01 9.861883087035139273e-01 9.489694078391428533e-01 8.360045946053453747e-01 5.797816862542870542e-01 2.172111452033471668e-01 5.324840166383303097e-02 9.712001391996169519e-03 1.422454966463946278e-03 1.756199128737345988e-04 1.889005567059465706e-05 1.812448853545179709e-06 1.578733481940125710e-07 1.265412211073193182e-08 9.432866843511762517e-10 6.594515588884756419e-11 4.351298489316526776e-12 2.720552825116631931e-13 1.610930793360792500e-14 8.932924857857598068e-16 4.442001576363138294e-17 1.652656828942894480e-18 -1.307496968528660635e-20 -1.341819926473838855e-20 0.000000000000000000e+00
0.000000000000000000e+00 9.310907505288378242e-21 1.855825020026082406e-19 3.581275525112400826e-18 6.693532978702299927e-17 1.207852099624907990e-15 2.098415800841565821e-14 3.495882314707205212e-13 5.562344528664720400e-12 8.409243416018333181e-11 1.200911292920708051e-09 1.608449450092086123e-08 2.002977353061227657e-07 2.294192259775507758e-06 2.384113821816506707e-05 2.208179021459345586e-04 1.779700823738047987e-03 1.206877228980471339e-02 6.551212171473250190e-02 2.628883221911066936e-01 6.793793012452080671e-01 9.045115205392556534e-01 9.775117590884161434e-01 9.953743635822601687e-01 9.988914148190461972e-01 9.988914158314249336e-01 9.953743650412572030e-01 9.775117606652037328e-01 9.045115221967279240e-01 6.793793030748913608e-01 2.628883238728294547e-01 6.551212223153622671e-02 1.206877250047823716e-02 1.779700885918869026e-03 2.208178904201417772e-04 2.384113474650898881e-05 2.294188587113864297e-06 2.002965559965343259e-07 1.608412896983928928e-08 1.200810556767579714e-09 8.406961268617752723e-11 5.557251324652863166e-12 3.485991700854902921e-13 2.079928232631356325e-14 1.176037533755988762e-15 6.173092897637701008e-17 2.777070415598763135e-18 6.719386064378660654e-20 -7.189524218371494893e-21 0.000000000000000000e+00
0.000000000000000000e+00 9.309298848118910984e-21 1.855867013762990542e-19 3.581094321081855181e-18 6.693965991753149111e-17 1.207769054952955366e-15 2.098547318311741580e-14 3.495708717937274775e-13 5.562535941142589511e-12 8.409067701908362581e-11 1.200924585002162745e-09 1.608441339570577429e-08 2.002981169247346761e-07 2.294191029540031313e-06 2.384113963318372948e-05 2.208179134359768375e-04 1.779700738836231290e-03 1.206877260083603562e-02 6.551212103389861263e-02 2.628883229641438835e-01 6.793793011960008732e-01 9.045115198733630901e-01 9.775117589726142198e-01 9.953743639366026130e-01 9.988914158314257108e-01 9.988914158425360457e-01 9.953743664258193347e-01 9.775117612508937848e-01 9.045115221591500942e-01 6.793793035903721300e-01 2.628883248888702062e-01 6.551212317400470497e-02 1.206877309606142583e-02 1.779701177426582610e-03 2.208180082045813140e-04 2.384117554773427849e-05 2.294201010931272545e-06 2.002999410593694240e-07 1.608496541268089418e-08 1.200999984746179964e-09 8.410926850632704823e-11 5.564980174657475820e-12 3.500100370114306598e-13 2.104175981373286279e-14 1.215449581250265388e-15 6.781337201241048130e-17 3.671487136186776022e-18 1.928781334772021706e-19 9.611316136841459922e-21 0.000000000000000000e+00
0.000000000000000000e+00 7.300099995910475569e-21 1.454826720267529526e-19 2.806175584331733863e-18 5.245522688937617892e-17 9.461339085705358593e-16 1.644641719976238567e-14 2.739733471688502139e-13 4.362880153500702842e-12 6.599595837547144338e-11 9.436082757620226442e-10 1.265498232122604097e-08 1.578800453104203295e-07 1.812456747128827276e-06 1.889014188827058986e-05 1.756199521437516058e-04 1.422455457848050909e-03 9.712001544754560525e-03 5.324840213936286176e-02 2.172111447064232759e-01 5.797816851868410337e-01 8.360045927496946305e-01 9.489694066002956063e-01 9.861883087035145934e-01 9.953743650412582022e-01 9.953743664258197787e-01 9.861883099922108542e-01 9.489694089242519670e-01 8.360045949582383118e-01 5.797816871484320345e-01 2.172111473099456458e-01 5.324840404872906857e-02 9.712003134293066553e-03 1.422455911157285676e-03 1.756203227403967473e-04 1.889020469075128759e-05 1.812495691878999279e-06 1.578863617079255214e-07 1.265737220908289805e-08 9.440258866640484071e-10 6.609986505795373692e-11 4.381348754479003072e-12 2.775107513992167742e-13 1.704054588853857554e-14 1.043520493516362429e-15 6.742480689054386698e-17 5.009517354504154915e-18 4.551765535973335335e-19 4.875719285699914664e-20 0.000000000000000000e+00
0.000000000000000000e+00 3.947381994493705511e-21 7.802537118263701907e-20 1.491180069237011005e-18 2.762849701242430089e-17 4.933522560049399731e-16 8.498590953104410374e-15 1.401075361365699073e-13 2.210229896194552267e-12 3.309063989016836711e-11 4.686174265421303802e-10 6.224027872458775641e-09 7.695834813600254657e-08 8.763362531836854317e-07 9.074540000302904429e-06 8.403874401254719318e-05 6.810615882991899114e-04 4.688700803221142882e-03 2.629468257173782353e-02 1.129484520304340489e-01 3.391905035039158856e-01 6.400191266667595302e-01 8.521801399064037330e-01 9.489694078391420762e-01 9.775117606652030666e-01 9.775117612508936737e-01 9.489694089242523001e-01 8.521801432429728651e-01 6.400191299719532045e-01 3.391905064331559583e-01 1.129484541469999020e-01 2.629468493214219896e-02 4.688703560173294697e-03 6.810622918203360901e-04 8.403946111130781418e-05 9.074673482513603365e-06 8.764149260280728154e-07 7.697336835876044280e-08 6.229171728101251944e-09 4.696292452028176632e-10 3.333066332730686170e-11 2.255538767443980561e-12 1.487383365299109159e-13 9.988631379711326322e-15 7.401134889225571829e-16 6.618238452740098710e-17 7.240822204864720435e-18 8.970910183679931149e-19 1.149647826309079183e-19 0.000000000000000000e+00
0.000000000000000000e+00 1.533419813633738543e-21 3.001642994625079326e-20 5.653733685038280803e-19 1.034040909430748259e-17 1.818518942804678058e-16 3.092079080055891302e-15 5.018602987702866424e-14 7.812002821300095083e-13 1.152035618694530938e-11 1.609684195544411858e-10 2.108644708656381954e-09 2.575397418810736484e-08 2.900416611947400332e-07 2.978120158907935443e-06 2.745404236011960146e-05 2.229018545045542861e-04 1.554069184321074616e-03 8.996987386381140317e-03 4.136418685351858637e-02 1.428855366384435555e-01 3.535280624263214544e-01 6.400191273567008565e-01 8.360045946053457078e-01 9.045115221967284791e-01 9.045115221591497612e-01 8.360045949582382008e-01 6.400191299719532045e-01 3.535280647415260380e-01 1.428855384744306678e-01 4.136418876065391104e-02 8.996990382118224064e-03 1.554072329374537936e-03 2.229028933258931592e-04 2.745488429675695620e-05 2.978314404822980686e-06 2.901373558290636362e-07 2.577485443699160708e-08 2.115182840565662463e-09 1.623434539094767356e-10 1.183728096284247860e-11 8.427454649314233204e-13 6.189133171544757396e-14 5.139823322697302553e-15 5.232835278462784332e-16 6.418685426485629512e-17 8.664031674705926547e-18 1.193782562059203069e-18 1.606059751246649036e-19 0.000000000000000000e+00
0.000000000000000000e+00 4.536587319471831357e-22 8.894547587301614436e-21 1.642623943133716254e-19 2.964670538578542939e-18 5.119866459719282322e-17 8.589297595345546912e-16 1.368674459648937213e-14 2.101708733710885913e-13 3.046465599850045572e-12 4.198532058560937915e-11 5.418778152259518089e-10 6.537142517154151780e-09 7.282240026761087168e-08 7.421925206186921743e-07 6.823564422763662132e-06 5.568082471107760274e-05 3.950320899308971154e-04 2.375861884101477303e-03 1.175708980873829690e-02 4.640916768632180611e-02 1.428855363757833008e-01 3.391905039571623259e-01 5.797816862542870542e-01 6.793793030748916939e-01 6.793793035903715749e-01 5.797816871484315904e-01 3.391905064331557917e-01 1.428855384744306400e-01 4.640916951568310744e-02 1.175709257460684845e-02 2.375865120858558412e-03 3.950349020270619844e-04 5.568192861528975025e-05 6.824279787403263580e-06 7.423845589963935208e-07 7.290465088039260298e-08 6.556723861726629419e-09 5.476467388030569574e-10 4.324874423639694675e-11 3.332854771974032976e-12 2.667600616898723661e-13 2.446390889180157743e-14 2.762778992546607168e-15 3.708107597051656188e-16 5.379399417909574647e-17 7.872109437619724473e-18 1.125891664490481263e-18 1.544183335821662701e-19 0.000000000000000000e+00
0.000000000000000000e+00 1.042790008045207762e-22 2.158951773659062518e-21 3.855794778724242469e-20 6.896421746160562669e-19 1.165726351971529849e-17 1.933618419647501242e-16 3.016758934780095094e-15 4.579524794560224873e-14 6.512934611649456618e-13 8.867183988398920019e-12 1.127064859627127320e-10 1.344698795978997648e-09 1.482917945214807235e-08 1.502520006529580727e-07 1.380107275626494529e-06 1.134126906706158000e-05 8.199448916677505356e-05 5.116661264668313953e-04 2.697863767186273274e-03 1.175708949270927971e-02 4.136418572385422432e-02 1.129484510855598978e-01 2.172111452033471668e-01 2.628883238728296212e-01 2.628883248888700397e-01 2.172111473099455348e-01 1.129484541469998604e-01 4.136418876065389022e-02 1.175709257460684672e-02 2.697867107676238645e-03 5.116690404111225512e-04 8.199657873632152630e-05 1.134215426766153932e-05 1.380590170190401662e-06 1.503941854303705577e-07 1.488417257093608429e-08 1.358527606212064488e-09 1.166112153971975336e-10 9.744267326421901369e-12 8.480622870283767245e-13 8.513410888670091686e-14 1.052772092193198706e-14 1.530894611102840435e-15 2.377053203645966953e-16 3.692228396430211934e-17 5.577074690196145632e-18 8.114578592428879608e-19 1.125899594095106684e-19 0.000000000000000000e+00
0.000000000000000000e+00 1.673869277668699704e-23 4.580378116315246778e-22 7.543962304453113962e-21 1.358939228864492151e-19 2.232733681878757931e-18 3.681164049203217680e-17 5.597608272628473070e-16 8.440233480931924431e-15 1.173962714309053167e-13 1.584224351940105048e-12 1.980952203697699865e-11 2.341947755742416201e-10 2.557787434073789701e-09 2.579554565406279661e-08 2.368653956400302452e-07 1.960054471322267023e-06 1.440880108182205565e-05 9.264232700031186350e-05 5.116661715688519295e-04 2.375861685653667035e-03 8.996987128288880947e-03 2.629468198315946040e-02 5.324840166383303097e-02 6.551212223153621284e-02 6.551212317400464946e-02 5.324840404872904776e-02 2.629468493214219202e-02 8.996990382118225799e-03 2.375865120858558412e-03 5.116690404111227681e-04 9.264445976740055919e-05 1.441010791966083386e-05 1.960621276723429677e-06 2.371374466737084245e-07 2.587993564006859921e-08 2.588066369432468795e-09 2.420658763257418073e-10 2.196444067082797528e-11 2.075964285344637150e-12 2.269557612961566085e-13 3.052483275823399893e-14 4.788686128694663207e-15 7.950425672804219757e-16 1.311961578477038483e-16 2.095963576730253579e-17 3.215255695597097623e-18 4.729491655913833961e-19 6.622675901414821890e-20 0.000000000000000000e+00
0.000000000000000000e+00 7.909864873552922581e-26 9.407001009408828857e-23 1.227326647741608905e-21 2.355798962878477744e-20 3.690702239579070399e-19 6.119530522808130629e-18 8.987713549455105534e-17 1.358396963688794155e-15 1.835654403027186588e-14 2.470323916640674655e-13 3.029754598472612129e-12 3.559283148268371661e-11 3.847524369764362293e-10 3.865039492918635371e-09 3.545590798028067638e-08 2.949200998980819140e-07 2.194738038572098812e-06 1.440883903915702028e-05 8.199472848276930762e-05 3.950323197016726009e-04 1.554069902393250121e-03 4.688701494583020352e-03 9.712001391996171254e-03 1.206877250047823542e-02 1.206877309606141022e-02 9.712003134293066553e-03 4.688703560173293830e-03 1.554072329374538153e-03 3.950349020270622555e-04 8.199657873632160761e-05 1.441010791966084233e-05 2.195430898877230348e-06 2.952209886213571682e-07 3.558743112966310349e-08 3.906961438797213343e-09 3.989781004659939204e-10 3.936257494930875044e-11 4.038251849795806287e-12 4.793943932718302855e-13 6.987577988594750366e-14 1.180524430464574084e-14 2.096247819018991601e-15 3.679936421241536065e-16 6.228887762403779173e-17 1.009085409984565802e-17 1.563456315030204378e-18 2.319898370363421112e-19 3.275382659186198197e-20 0.000000000000000000e+00
0.000000000000000000e+00 -1.517809537814785167e-24 2.193307344004264108e-23 1.487998503374499473e-22 3.768084738447428260e-21 5.323399969629274371e-20 9.125886465081525927e-19 1.270537766538518145e-17 1.958403242432173680e-16 2.536786026525495545e-15 3.443318656546381348e-14 4.114075766582908122e-13 4.825366089082341814e-12 5.151196645098496637e-11 5.157350681435921344e-10 4.718501545289127694e-09 3.934680569556939646e-08 2.949060584276178394e-07 1.959996418183569196e-06 1.134120421882348267e-05 5.568047716146362982e-05 2.229015285569266194e-04 6.810611789007524515e-04 1.422454966463946062e-03 1.779700885918868592e-03 1.779701177426580658e-03 1.422455911157285025e-03 6.810622918203358732e-04 2.229028933258932134e-04 5.568192861528983156e-05 1.134215426766155965e-05 1.960621276723431795e-06 2.952209886213570623e-07 3.948273136168610641e-08 4.774051645305441671e-09 5.336699110250507877e-10 5.735109271012920958e-11 6.389031815143119661e-12 8.224827931371177739e-13 1.296931787100951977e-13 2.358489788048576230e-14 4.482842659496646397e-15 8.384473541629791657e-16 1.506324032067978801e-16 2.581691545105906430e-17 4.219816870510106984e-18 6.590064308936363502e-19 9.854964056209412506e-20 1.402203956125556517e-20 0.000000000000000000e+00
0.000000000000000000e+00 -9.181113356050433930e-25 6.439764365747077237e-24 2.679819444567556429e-24 6.047533974846413268e-22 6.581898356158377861e-21 1.255279677886476064e-19 1.591939995383126360e-18 2.588036866728618924e-17 3.129270674002228257e-16 4.378241223161549110e-15 5.025229945567559687e-14 5.936784616699521966e-13 6.228307035361198965e-12 6.221959941125831670e-11 5.663376799182683881e-10 4.720741229475613271e-09 3.546299807981910820e-08 2.368768392623005959e-07 1.380184816597764189e-06 6.823626271437941752e-06 2.745426814255121149e-05 8.403897481388614425e-05 1.756199128737344361e-04 2.208178904201416417e-04 2.208180082045809616e-04 1.756203227403966389e-04 8.403946111130785484e-05 2.745488429675698331e-05 6.824279787403279673e-06 1.380590170190404627e-06 2.371374466737087686e-07 3.558743112966312334e-08 4.774051645305442498e-09 5.871117415551083907e-10 6.896201023059278767e-11 8.357606756435481837e-12 1.166965983133998687e-12 1.990012819802326544e-13 3.896735077624972122e-14 7.937617956874952928e-15 1.584319576844008863e-15 3.026404718399360567e-16 5.497372073269900534e-17 9.495738604110457169e-18 1.563023048858202839e-18 2.458223596592149355e-19 3.703069653020581959e-20 5.308211247529143964e-21 0.000000000000000000e+00
0.000000000000000000e+00 -4.050578485058210007e-25 2.195873418897293689e-24 -6.908023793612595494e-24 1.112037107811483169e-22 6.167521507418637555e-22 1.654126801871725262e-20 1.749674339606348269e-19 3.211527731555856709e-18 3.442623490349250644e-17 5.180227169738151706e-16 5.557111666424769357e-15 6.728286029049432475e-14 6.871776556339494297e-13 6.868621656450039793e-12 6.200594418975388727e-11 5.152193685884992003e-10 3.863619686418292652e-09 2.578588162434172056e-08 1.502459717493234168e-07 7.421380164455602974e-07 2.978081234313253774e-06 9.074494340891839624e-06 1.889005567059463334e-05 2.384113474650897526e-05 2.384117554773423445e-05 1.889020469075126387e-05 9.074673482513608447e-06 2.978314404822986191e-06 7.423845589963954266e-07 1.503941854303709547e-07 2.587993564006865877e-08 3.906961438797221615e-09 5.336699110250514081e-10 6.896201023059283937e-11 9.130091891919017142e-12 1.385808594089402066e-12 2.558863245223263014e-13 5.402567887007796600e-14 1.181379202742874678e-14 2.521031756857786310e-15 5.130054750688176162e-16 9.894439307587126809e-17 1.809326409195569582e-17 3.144315528251776852e-18 5.208003567712315458e-19 8.245223066219798011e-20 1.250822525271154062e-20 1.806024395632271712e-21 0.000000000000000000e+00
0.000000000000000000e+00 -1.532616627327374702e-25 7.615734273174348661e-25 -3.448772587799576638e-24 2.563494777893073243e-23 7.359758461809194517e-24 2.219689842639714874e-21 1.595766971610763866e-20 3.850619475761763122e-19 3.308235465852280488e-18 5.832828393904788219e-17 5.549876434089545276e-16 7.129121709909098626e-15 6.965188513624831317e-14 7.008596321596706676e-13 6.251585949401610463e-12 5.163883091715966401e-11 3.854959049234977565e-10 2.558147678046741099e-09 1.483665720550590344e-08 7.282427533365852926e-08 2.900611233035243986e-07 8.763577032013597156e-07 1.812448853545178438e-06 2.294188587113861333e-06 2.294201010931267463e-06 1.812495691878996738e-06 8.764149260280729213e-07 2.901373558290641127e-07 7.290465088039281474e-08 1.488417257093613888e-08 2.588066369432477894e-09 3.989781004659949544e-10 5.735109271012933236e-11 8.357606756435493146e-12 1.385808594089403277e-12 2.780008384328794977e-13 6.346054395208690315e-14 1.493477427769498425e-14 3.415523621590865092e-15 7.420278535811491961e-16 1.522726755989812164e-16 2.953457789156830288e-17 5.428626252261193171e-18 9.485348770610642811e-19 1.580379069528415840e-19 2.518097587892966424e-20 3.846336125622425461e-21 5.593270094322854313e-22 0.000000000000000000e+00
0.000000000000000000e+00 -5.203301685239233920e-26 2.509102193162977663e-25 -1.251568203267774026e-24 6.954467149689673337e-24 -1.864000298350274869e-23 3.305587361709040469e-22 9.132512703778463392e-22 4.616780648886058698e-20 2.571569555204767349e-19 6.422673247839283094e-18 4.909902963100010073e-17 7.183433458255987913e-16 6.503736757674860133e-15 6.668385409480113833e-14 5.853938115598183291e-13 4.788669512311873110e-12 3.557391531958695963e-11 2.335482416583877360e-10 1.344936222430117079e-09 6.533568736537697388e-09 2.575284152033112651e-08 7.695718299264130294e-08 1.578733481940124916e-07 2.002965559965342200e-07 2.002999410593690534e-07 1.578863617079255214e-07 7.697336835876042956e-08 2.577485443699163686e-08 6.556723861726647617e-09 1.358527606212069037e-09 2.420658763257426862e-10 3.936257494930887322e-11 6.389031815143136625e-12 1.166965983134000707e-12 2.558863245223264023e-13 6.346054395208694102e-14 1.613737874202411272e-14 3.968395845254209158e-15 9.230876134684478645e-16 2.020537252978420220e-16 4.166100140635246580e-17 8.115542597492142002e-18 1.498661980021535619e-18 2.632273277078085647e-19 4.411115415121154361e-20 7.072942822663718357e-21 1.087744444044797687e-21 1.593035907969345783e-22 0.000000000000000000e+00
0.000000000000000000e+00 -1.615437269629816807e-26 7.694182741104410146e-26 -3.944798656557295803e-25 1.967260584285421979e-24 -7.496053184825337960e-24 5.822694803493342333e-23 -6.756074152392450013e-23 5.735512301177303564e-21 1.091491897899442815e-20 7.131941111347547850e-19 3.605704015906073195e-18 7.030266514994030034e-17 5.579215432149627035e-16 5.959926604710157924e-15 5.137450695295583422e-14 4.127407679453790986e-13 3.066812155915448425e-12 1.976662946554153246e-11 1.130943974849705186e-10 5.416520874727627308e-10 2.109473961777183088e-09 6.225052301789935749e-09 1.265412211073191859e-08 1.608412896983928928e-08 1.608496541268086440e-08 1.265737220908290963e-08 6.229171728101246981e-09 2.115182840565663704e-09 5.476467388030581981e-10 1.166112153971978697e-10 2.196444067082803991e-11 4.038251849795815981e-12 8.224827931371188846e-13 1.990012819802328311e-13 5.402567887007798493e-14 1.493477427769499056e-14 3.968395845254209947e-15 9.922584184721014253e-16 2.324337470491937783e-16 5.108964222282162123e-17 1.057325388705218204e-17 2.068029276587779182e-18 3.836615009527492100e-19 6.773921976853291537e-20 1.141747618765811934e-20 1.842328058714558193e-21 2.852718575892229861e-22 4.207998767840287323e-23 0.000000000000000000e+00
0.000000000000000000e+00 -4.635586807344911863e-27 2.191400340349455629e-26 -1.130181693817105891e-25 5.399569173682492371e-25 -2.233964533651426078e-24 1.186225576379444359e-23 -3.885061160462515252e-23 7.560367672503208269e-22 -1.261428392880253648e-21 8.198947460297279698e-20 1.652575607155058373e-19 6.854221583821150798e-18 4.345434591940999211e-17 5.025524150380451941e-16 4.281013566592362940e-15 3.301124766877075331e-14 2.501515808902746848e-13 1.556557433679534790e-12 8.911922254617880711e-12 4.183568917623614202e-11 1.609962378045032805e-10 4.686737921336375553e-10 9.432866843511750109e-10 1.200810556767580334e-09 1.200999984746178517e-09 9.440258866640502682e-10 4.696292452028171462e-10 1.623434539094767097e-10 4.324874423639698553e-11 9.744267326421920756e-12 2.075964285344640381e-12 4.793943932718304875e-13 1.296931787100951220e-13 3.896735077624970229e-14 1.181379202742874047e-14 3.415523621590863120e-15 9.230876134684478645e-16 2.324337470491937290e-16 5.466320254882814195e-17 1.205587003678361019e-17 2.504144165862725123e-18 4.918373563357593745e-19 9.168145364057883824e-20 1.627392113759227061e-20 2.759186654106609904e-21 4.480956756282811111e-22 6.986977321161182480e-23 1.038300150328762569e-23 0.000000000000000000e+00
0.000000000000000000e+00 -1.238581368533987591e-27 5.815477733468690383e-27 -2.993547262139730518e-26 1.399731730725117098e-25 -5.854815489371961665e-25 2.577183684665370795e-24 -1.001119400248173418e-23 1.054847654036956656e-22 -4.575933643858758820e-22 9.846804044746610387e-21 -8.948504706177155573e-21 6.824061759765138265e-19 2.984326990461755196e-18 3.981047364059906969e-17 3.472340581178439794e-16 2.407278718099101376e-15 1.971545263047437365e-14 1.135386911378244924e-13 6.662279917655976814e-13 3.026392776653166477e-12 1.154494199029561017e-11 3.312664497578627308e-11 6.594515588884748665e-11 8.406961268617761770e-11 8.410926850632699653e-11 6.609986505795387909e-11 3.333066332730682293e-11 1.183728096284246244e-11 3.332854771974030956e-12 8.480622870283769264e-13 2.269557612961565832e-13 6.987577988594742792e-14 2.358489788048573706e-14 7.937617956874945040e-15 2.521031756857784338e-15 7.420278535811484072e-16 2.020537252978419727e-16 5.108964222282162123e-17 1.205587003678360249e-17 2.668246072387511069e-18 5.564151114980241227e-19 1.097746865756778423e-19 2.056551130659022852e-20 3.670810577807870734e-21 6.261764867766541520e-22 1.023703423821713235e-22 1.607827765903055252e-23 2.408069519760639115e-24 0.000000000000000000e+00
0.000000000000000000e+00 -3.099023808447534025e-28 1.444096090348163674e-27 -7.391617246600661907e-27 3.401754889444649801e-26 -1.405242787948900586e-25 5.563257091728165322e-25 -2.107130320363004472e-24 1.507606515986885349e-23 -8.764524403804413311e-23 1.216263584459004459e-21 -3.920779662744204999e-21 7.032982970314597409e-20 1.686491791134356709e-19 2.875070342473368449e-18 2.883401896778723548e-17 1.493380902612052324e-16 1.562552903996483720e-15 7.472329294762399637e-15 4.818818001825247471e-14 2.050824236183335070e-13 7.839123095738186554e-13 2.215094820608441142e-12 4.351298489316521122e-12 5.557251324652871244e-12 5.564980174657476628e-12 4.381348754479012766e-12 2.255538767443977330e-12 8.427454649314215028e-13 2.667600616898717097e-13 8.513410888670076540e-14 3.052483275823394214e-14 1.180524430464572506e-14 4.482842659496644030e-15 1.584319576844008863e-15 5.130054750688174190e-16 1.522726755989812411e-16 4.166100140635246580e-17 1.057325388705217896e-17 2.504144165862723967e-18 5.564151114980236412e-19 1.165383596086145987e-19 2.310334140026384610e-20 4.351402491596214173e-21 7.812525991785486990e-22 1.341228409546742746e-22 2.208104259232274929e-23 3.494841901742671170e-24 5.278852213296010772e-25 0.000000000000000000e+00
0.000000000000000000e+00 -7.295006092229368108e-29 3.368996599389414379e-28 -1.709981778418166567e-27 7.743094102216307430e-27 -3.124700768898630553e-26 1.143890538024090519e-25 -3.922139619516220252e-25 2.073668722943070719e-24 -1.314239214381228345e-23 1.486419911786471622e-22 -7.169065912456478259e-22 7.443344339176707515e-21 6.501135747063327056e-21 1.671373375987499171e-19 2.662499515317850823e-18 5.507502556355448556e-18 1.333421334929790085e-16 3.996628380066951727e-16 3.500729368062158162e-15 1.286284741760640671e-14 5.083163535559948639e-14 1.412428772805070409e-13 2.720552825116628397e-13 3.485991700854909484e-13 3.500100370114311142e-13 2.775107513992174810e-13 1.487383365299106635e-13 6.189133171544737202e-14 2.446390889180147962e-14 1.052772092193195866e-14 4.788686128694649007e-15 2.096247819018989629e-15 8.384473541629786727e-16 3.026404718399358102e-16 9.894439307587123111e-17 2.953457789156829672e-17 8.115542597492143543e-18 2.068029276587779182e-18 4.918373563357594708e-19 1.097746865756778182e-19 2.310334140026384309e-20 4.604316875413867281e-21 8.721751211264690927e-22 1.575692354474056008e-22 2.723593836374312377e-23 4.517761486326620077e-24 7.210583071624060128e-25 1.099505312671359713e-25 0.000000000000000000e+00
0.000000000000000000e+00 -1.621854828696031521e-29 7.409780513657291821e-29 -3.718995219730670055e-28 1.651579226387387642e-27 -6.450491736925314015e-27 2.181656517210590164e-26 -6.385247797871247861e-26 2.426621284789780376e-25 -1.532551546612692445e-24 1.679956207893672372e-23 -1.005559200003880117e-22 7.822532299466212139e-22 9.617952029666840967e-23 2.532002632307976213e-21 2.936070166687691830e-19 -4.757830993135857128e-19 1.321680532817114814e-17 8.022376722471161005e-18 2.729028024721189393e-16 7.111915185791120679e-16 3.186075354589326451e-15 8.682241072475386606e-15 1.610930793360790291e-14 2.079928232631360112e-14 2.104175981373293221e-14 1.704054588853863234e-14 9.988631379711308967e-15 5.139823322697282042e-15 2.762778992546595729e-15 1.530894611102836885e-15 7.950425672804201021e-16 3.679936421241533107e-16 1.506324032067978308e-16 5.497372073269894371e-17 1.809326409195568349e-17 5.428626252261190089e-18 1.498661980021535234e-18 3.836615009527490655e-19 9.168145364057882620e-20 2.056551130659022250e-20 4.351402491596211916e-21 8.721751211264687165e-22 1.662353170232332714e-22 3.023493142108303289e-23 5.264912694103541625e-24 8.805594205846862712e-25 1.418658059754423803e-25 2.187001980134145208e-26 0.000000000000000000e+00
0.000000000000000000e+00 -3.416603636118233011e-30 1.540795588656888667e-29 -7.621608600065127658e-29 3.301408778772289800e-28 -1.232625132966139752e-27 3.758190314161643974e-27 -8.287271793004289982e-27 1.431220942035497600e-26 -8.651807298895223530e-26 1.486437842992530994e-24 -1.127001036201693000e-23 7.634852798580706927e-23 2.995350045347283531e-23 -1.558127120276851219e-21 3.811647394625933272e-20 -1.668766012857079517e-19 1.550257719069489563e-18 -2.345800932613395821e-18 2.471324252850755073e-17 2.794085676845811381e-17 1.972681876784286564e-16 5.248955423573859031e-16 8.932924857857582291e-16 1.176037533755990142e-15 1.215449581250273671e-15 1.043520493516367951e-15 7.401134889225564926e-16 5.232835278462762638e-16 3.708107597051643369e-16 2.377053203645962515e-16 1.311961578477036264e-16 6.228887762403777941e-17 2.581691545105906122e-17 9.495738604110452546e-18 3.144315528251775697e-18 9.485348770610635108e-19 2.632273277078085647e-19 6.773921976853291537e-20 1.627392113759227361e-20 3.670810577807871486e-21 7.812525991785486990e-22 1.575692354474056008e-22 3.023493142108302701e-23 5.539720372905357023e-24 9.725814764321417540e-25 1.641857774478953859e-25 2.673889105073149303e-26 4.175889470623720832e-27 0.000000000000000000e+00
0.000000000000000000e+00 -6.838124436288058286e-31 3.035776342389148312e-30 -1.473730853677517905e-29 6.176484490624812546e-29 -2.161954138164077377e-28 5.576538168276333480e-28 -5.146530922892638289e-28 -4.026984937306400258e-27 2.333028039627373089e-26 1.763632958649270530e-26 -7.975901931901663338e-25 5.824529263023775731e-24 1.644818152287452351e-23 -3.980978099339601236e-22 5.376567194944582902e-21 -3.115577274217890321e-20 2.031405801091708170e-19 -5.707585141950434640e-19 2.674257194967166372e-18 -5.983062764462665615e-19 1.257040290623193972e-17 3.252197408397601556e-17 4.442001576363124119e-17 6.173092897637705938e-17 6.781337201241134412e-17 6.742480689054442165e-17 6.618238452740097478e-17 6.418685426485608557e-17 5.379399417909559239e-17 3.692228396430208237e-17 2.095963576730252038e-17 1.009085409984566264e-17 4.219816870510107754e-18 1.563023048858202069e-18 5.208003567712314495e-19 1.580379069528413674e-19 4.411115415121153759e-20 1.141747618765811633e-20 2.759186654106610656e-21 6.261764867766542461e-22 1.341228409546742511e-22 2.723593836374311789e-23 5.264912694103542360e-24 9.725814764321419377e-25 1.723428043465575965e-25 2.940904045560446166e-26 4.851068128374623788e-27 7.696543466005783648e-28 0.000000000000000000e+00
0.000000000000000000e+00 -1.303036241566972439e-31 5.675672470305679211e-31 -2.689034159341489245e-30 1.077366703642422517e-29 -3.416099038384182533e-29 6.216915096900779404e-29 1.532756661371782866e-28 -2.142010379016124200e-27 1.177361793588316474e-26 -3.833004610716189783e-26 5.713063566886266177e-26 3.845761925385205082e-26 4.731670417718535893e-24 -7.260764268525585928e-23 7.692180652079732423e-22 -4.886966316595402106e-21 2.766632930892696326e-20 -9.501145303930712534e-20 3.279588058600235602e-19 -3.501195624459577336e-19 8.799337561039234625e-19 2.223654325418110798e-18 1.652656828942881191e-18 2.777070415598760824e-18 3.671487136186860763e-18 5.009517354504208071e-18 7.240822204864718895e-18 8.664031674705903436e-18 7.872109437619712147e-18 5.577074690196144862e-18 3.215255695597095697e-18 1.563456315030204956e-18 6.590064308936361576e-19 2.458223596592149355e-19 8.245223066219796807e-20 2.518097587892965822e-20 7.072942822663718357e-21 1.842328058714557816e-21 4.480956756282812992e-22 1.023703423821713705e-22 2.208104259232275517e-23 4.517761486326620811e-24 8.805594205846866385e-25 1.641857774478953859e-25 2.940904045560445592e-26 5.083033009343180293e-27 8.515230680502594277e-28 1.377570790258372202e-28 0.000000000000000000e+00
0.000000000000000000e+00 -2.366694972980706232e-32 1.007190675227766485e-31 -4.622148928112940534e-31 1.737457297472980852e-30 -4.655156567583454339e-30 1.653395222294609467e-30 8.181072573604987815e-29 -6.691766338398382607e-28 3.517451603020300056e-27 -1.374233507976543408e-26 4.138702339124863246e-26 -1.241593356626927049e-25 1.056291740514875799e-24 -1.167916812024838912e-23 1.078630367562146452e-22 -7.018950482343713243e-22 3.743203396483441683e-21 -1.385465064839592157e-20 4.226748390994179518e-20 -6.225511105452638858e-20 7.203335727747131785e-20 1.821508133179958848e-19 -1.307496968528784617e-20 6.719386064378608895e-20 1.928781334772102355e-19 4.551765535973387335e-19 8.970910183679929223e-19 1.193782562059200950e-18 1.125891664490479722e-18 8.114578592428878645e-19 4.729491655913833961e-19 2.319898370363421112e-19 9.854964056209414913e-20 3.703069653020582561e-20 1.250822525271154514e-20 3.846336125622426213e-21 1.087744444044797875e-21 2.852718575892231271e-22 6.986977321161184831e-23 1.607827765903055252e-23 3.494841901742673374e-24 7.210583071624063801e-25 1.418658059754423573e-25 2.673889105073148155e-26 4.851068128374621636e-27 8.515230680502590689e-28 1.453763279506855722e-28 2.409033023340749836e-29 0.000000000000000000e+00
0.000000000000000000e+00 -4.087137698180597528e-33 1.693562793997434523e-32 -7.436907399712986048e-32 2.532540952115022016e-31 -4.689643948341575434e-31 -1.809274479230040544e-30 2.581807902726112659e-29 -1.748184796592695579e-28 8.848669565312912964e-28 -3.606047386367984267e-27 1.223246850958620962e-26 -3.982158396997625649e-26 2.092045607568709611e-25 -1.751338175298730986e-24 1.454885664377743664e-23 -9.430151224873538762e-23 4.893142100433679812e-22 -1.863859001083158037e-21 5.409220505667910617e-21 -8.880792990118277352e-21 6.889358595505082696e-21 1.801513581160566660e-20 -1.341819926473851343e-20 -7.189524218371556583e-21 9.611316136842197192e-21 4.875719285699967627e-20 1.149647826309079183e-19 1.606059751246647110e-19 1.544183335821661256e-19 1.125899594095106684e-19 6.622675901414821890e-20 3.275382659186198799e-20 1.402203956125556517e-20 5.308211247529143964e-21 1.806024395632272464e-21 5.593270094322855254e-22 1.593035907969346724e-22 4.207998767840288499e-23 1.038300150328762422e-23 2.408069519760638747e-24 5.278852213296012609e-25 1.099505312671360172e-25 2.187001980134145495e-26 4.175889470623720115e-27 7.696543466005784545e-28 1.377570790258371753e-28 2.409033023340749836e-29 4.116845111704464760e-30 0.000000000000000000e+00
0.000000000000000000e+00 0.000000000000000000e+00 0.000000000000000000e+00 0.000000000000000000e+00 0.000000000000000000e+00 0.000000000000000000e+00 0.000000000000000000e+00 0.000000000000000000e+00 0.000000000000000000e+00 0.000000000000000000e+00 0.000000000000000000e+00 0.000000000000000000e+00 0.000000000000000000e+00 0.000000000000000000e+00 0.000000000000000000e+00 0.000000000000000000e+00 0.000000000000000000e+00 0.000000000000000000e+00 0.000000000000000000e+00 0.000000000000000000e+00 0.000000000000000000e+00 0.000000000000000000e+00 0.000000000000000000e+00 0.000000000000000000e+00 0.000000000000000000e+00 0.000000000000000000e+00 0.000000000000000000e+00 0.000000000000000000e+00 0.000000000000000000e+00 0.000000000000000000e+00 0.000000000000000000e+00 0.000000000000000000e+00 0.000000000000000000e+00 0.000000000000000000e+00 0.000000000000000000e+00 0.000000000000000000e+00 0.000000000000000000e+00 0.000000000000000000e+00 0.000000000000000000e+00 0.000000000000000000e+00 0.000000000000000000e+00 0.000000000000000000e+00 0.000000000000000000e+00 0.000000000000000000e+00 0.000000000000000000e+00 0.000000000000000000e+00 0.000000000000000000e+00 0.000000000000000000e+00 0.000000000000000000e+00 0.000000000000000000e+00
