0.000000000000000000e+00 0.000000000000000000e+00 0.000000000000000000e+00 0.000000000000000000e+00 0.000000000000000000e+00 0.000000000000000000e+00 0.000000000000000000e+00 0.000000000000000000e+00 0.000000000000000000e+00 0.000000000000000000e+00 0.000000000000000000e+00 0.000000000000000000e+00 0.000000000000000000e+00 0.000000000000000000e+00 0.000000000000000000e+00 0.000000000000000000e+00 0.000000000000000000e+00 0.000000000000000000e+00 0.000000000000000000e+00 0.000000000000000000e+00 0.000000000000000000e+00 0.000000000000000000e+00 0.000000000000000000e+00 0.000000000000000000e+00 0.000000000000000000e+00 0.000000000000000000e+00 0.000000000000000000e+00 0.000000000000000000e+00 0.000000000000000000e+00 0.000000000000000000e+00 0.000000000000000000e+00 0.000000000000000000e+00 0.000000000000000000e+00 0.000000000000000000e+00 0.000000000000000000e+00 0.000000000000000000e+00 0.000000000000000000e+00 0.000000000000000000e+00 0.000000000000000000e+00 0.000000000000000000e+00 0.000000000000000000e+00 0.000000000000000000e+00 0.000000000000000000e+00 0.000000000000000000e+00 0.000000000000000000e+00 0.000000000000000000e+00 0.000000000000000000e+00 0.000000000000000000e+00 0.000000000000000000e+00 0.000000000000000000e+00
0.000000000000000000e+00 -2.540097115313074622e-34 1.020142744408799823e-33 -4.481283759702590143e-33 1.837392185415775326e-32 -7.183767175739218469e-32 2.832828904133224073e-31 -1.130716828690488281e-30 5.606000495810528560e-30 -2.360488080889899043e-29 1.689272780078435376e-28 -3.812600181242606031e-28 5.648200039340939980e-27 9.976871894364411494e-27 2.104528013034912119e-25 1.096037006915912630e-24 8.185626045501376722e-24 4.597625393059435043e-23 2.426704145277858839e-22 1.094727360930578255e-21 4.186126144945418595e-21 1.305113026653390542e-20 3.161531497111987131e-20 5.626481073327436274e-20 7.141728837486286373e-20 7.141607904742279670e-20 5.626205462347833585e-20 3.161181292673313148e-20 1.304492925477062644e-20 4.180435835509626441e-21 1.088968146140074613e-21 2.374127883521163230e-22 4.350322738810180547e-23 6.295875495510119514e-24 4.484228106906346368e-25 -1.515406050077283187e-25 -9.959670087720968891e-26 -3.919984028092229645e-26 -1.293721234995592849e-26 -3.845402355093540517e-27 -1.055410992428896075e-27 -2.705666125636702185e-28 -6.522521476436451869e-29 -1.485539071323263919e-29 -3.208216952561720830e-30 -6.589307738678437704e-31 -1.290181230910101201e-31 -2.411609529328969865e-32 -4.281824980309664627e-33 0.000000000000000000e+00
0.000000000000000000e+00 1.020142744408788020e-33 -4.091516590227954168e-33 1.778680501566456358e-32 -7.311540344499948558e-32 3.039461944175865451e-31 -1.269973385932127147e-30 6.688110646895056393e-30 -2.898439909636510735e-29 2.312973062114107698e-28 -4.920973431961749174e-28 9.328414824002104327e-27 2.089754420795712171e-26 4.288292424355039166e-25 2.492969543853951747e-24 2.064354252808561835e-23 1.301336788892437456e-22 7.877197458622186129e-22 4.143816861336756883e-21 1.903030392955065348e-20 7.379256593952175653e-20 2.330798878381850575e-19 5.711771001095802920e-19 1.024009061140991423e-18 1.300670745795153330e-18 1.300668899908948607e-18 1.023999026902608585e-18 5.711661607897605605e-19 2.330888192087143199e-19 7.380522044270996186e-20 1.905099014886351640e-20 4.166233235966211653e-21 7.979796404595988734e-22 1.390559796885818989e-22 2.344123022610753345e-23 4.237498252132462458e-24 9.135100647313447096e-25 2.352331555036636797e-25 6.573108268364705605e-26 1.831447624252813308e-26 4.890172293735837402e-27 1.235156595656919237e-27 2.944538779272032898e-28 6.634363939097950226e-29 1.415984414312252264e-29 2.869284063835110103e-30 5.530374087548450222e-31 1.014830764688725106e-31 1.769107946086225436e-32 0.000000000000000000e+00
0.000000000000000000e+00 -4.481283759702322610e-33 1.778680501566448968e-32 -7.778819541568467715e-32 3.412872150817406827e-31 -1.509265983942409672e-30 8.383849079931790074e-30 -3.878680294849626508e-29 3.252492766595063720e-28 -7.808098840877781059e-28 1.490123613527307937e-26 3.233296442488688126e-26 7.870789169302621580e-25 4.835463435767646371e-24 4.484610984353930497e-23 3.111198112501469297e-22 2.128253864358735358e-21 1.277909189052619820e-20 6.859852381236797665e-20 3.192487805471451786e-19 1.255687949276500206e-18 4.020595153326407638e-18 9.968014365429165244e-18 1.800603336289650099e-17 2.288396062404495163e-17 2.288394376913309424e-17 1.800601541857936919e-17 9.967998299140006357e-18 4.020498812085434533e-18 1.255599711969281742e-18 3.191261053759880271e-19 6.847279810696939610e-20 1.272472483697308038e-20 2.077908295963856672e-21 2.968100057489481819e-22 3.494383726964342959e-23 2.341917460739004345e-24 -4.217844170169501072e-25 -2.628319576906438659e-25 -8.950852784910610500e-26 -2.545931594422208930e-26 -6.551803356120229930e-27 -1.565369292193332867e-27 -3.509241397820347640e-28 -7.420331223699678788e-29 -1.484287690555095071e-29 -2.813091550257132049e-30 -5.051950471613982576e-31 -8.558169099471398040e-32 0.000000000000000000e+00
0.000000000000000000e+00 1.837392185415746588e-32 -7.311540344499211781e-32 3.412872150817195756e-31 -1.592852984685990788e-30 9.342773266972152789e-30 -4.587907796583139094e-29 4.058372840740198186e-28 -1.067755961895143840e-27 2.102680855945095368e-26 4.535766393040972773e-26 1.268630743013680998e-24 8.241776278114187434e-24 8.446241333373865998e-23 6.390246044788393843e-22 4.870210887329987487e-21 3.283115624314642601e-20 2.016373006500634484e-19 1.095495628014550949e-18 5.174030028790686257e-18 2.064333730060989145e-17 6.700207126106283831e-17 1.680916336319134760e-16 3.059763704750327662e-16 3.890467154946006817e-16 3.890474762270918164e-16 3.059784415616540243e-16 1.680938802417407816e-16 6.700394806299365508e-17 2.064452279809485169e-17 5.174970645009461191e-18 1.096235325482238839e-18 2.019271453104466420e-19 3.309772821986330476e-20 4.936651524977096844e-21 6.907033708705998445e-22 9.577341793335994275e-23 1.447328760936036500e-23 2.626319259545339110e-24 5.716917667966419474e-25 1.360658075973658773e-25 3.256446817275433773e-26 7.517151409789184997e-27 1.647609707362599146e-27 3.411361842238348436e-28 6.660267729525695100e-29 1.224220715777171556e-29 2.111622267698420209e-30 3.381189387895441464e-31 0.000000000000000000e+00
0.000000000000000000e+00 -7.183767175737898183e-32 3.039461944175305808e-31 -1.509265983941960906e-30 9.342773266970394159e-30 -4.851671044744551099e-29 4.531533885716138805e-28 -1.285943725743172742e-27 2.640736833155369498e-26 5.751649637436769282e-26 1.807365171489659329e-24 1.240494325461904517e-23 1.389786766940923146e-22 1.137985289438163340e-21 9.550812724793613373e-21 7.132828017741050112e-20 4.927283978420918012e-19 3.058352633423126308e-18 1.686421120933416283e-17 8.078494851110258334e-17 3.269347966470477883e-16 1.075740375426582978e-15 2.731177383300902489e-15 5.010376845350887454e-15 6.372729890512700953e-15 6.372709931192137034e-15 5.010316978615040576e-15 2.731111076877364830e-15 1.075694627453359277e-15 3.269074737249544870e-16 8.077093832658335395e-17 1.685726444503376529e-17 3.055974519598335800e-18 4.911620539358810026e-19 7.098621001905419920e-20 9.286445239969009025e-21 1.090013764380983711e-21 1.086197317288320699e-22 6.831902505286723275e-24 -6.608210726240447301e-25 -4.169520237698108308e-25 -1.242572711515214919e-25 -3.043738902717608536e-26 -6.701768657402067433e-27 -1.359654998158976929e-27 -2.556125436448271314e-28 -4.436681593083587057e-29 -7.017545624390313833e-30 -9.726276210755887986e-31 0.000000000000000000e+00
0.000000000000000000e+00 2.832828904132320236e-31 -1.269973385931350828e-30 8.383849079927126553e-30 -4.587907796580239527e-29 4.531533885715189958e-28 -1.367696631152738240e-27 2.957789398448113496e-26 6.621446156472046349e-26 2.283874343131048838e-24 1.656122728505154096e-23 2.009316392213628987e-22 1.769814950802914103e-21 1.619893490705071019e-20 1.325913632291002044e-19 1.016123151784842589e-18 7.083328174109057535e-18 4.461269047093247775e-17 2.493620473083245980e-16 1.211505336414064619e-15 4.972649093273819516e-15 1.658669882341512374e-14 4.261966450596346618e-14 7.880360982673856289e-14 1.002498586916949030e-13 1.002502581532744051e-13 7.880486463472728914e-14 4.262106765121561039e-14 1.658765242846810471e-14 4.973238868751987866e-15 1.211775341020773776e-15 2.494711026416935566e-16 4.464812032261305035e-17 7.097337740961103516e-18 1.019194545526885897e-18 1.341721767406549279e-19 1.644672087515662031e-20 1.920403702351296891e-21 2.227933582912625773e-22 2.766986026970214319e-23 4.009039355375663093e-24 6.907338439310299255e-25 1.316588198237353499e-25 2.541561248560203239e-26 4.684446284355685879e-27 7.924950355683596558e-28 1.175059936065855139e-28 1.371547079885479883e-29 6.550385422388309202e-31 0.000000000000000000e+00
0.000000000000000000e+00 -1.130716828689712312e-30 6.688110646888701505e-30 -3.878680294845056033e-29 4.058372840737804544e-28 -1.285943725741856552e-27 2.957789398447710568e-26 6.937720462198365833e-26 2.565856764215136597e-24 1.967246150468346200e-23 2.563204354978923004e-22 2.416915074871583632e-21 2.393070097551235893e-20 2.128121673587106416e-19 1.789205758585489822e-18 1.381711646407828101e-17 9.769231965758007597e-17 6.231630637293716754e-16 3.530596805158029353e-15 1.739069377623958871e-14 7.237998449309492021e-14 2.447136652409255821e-13 6.363879742263233114e-13 1.186010092512716897e-12 1.508790685957004295e-12 1.508784283700193799e-12 1.185989116888831681e-12 6.363643634994391784e-13 2.446974118119090987e-13 7.236946976620767207e-14 1.738600156025929485e-14 3.528760512359897593e-15 6.225655452959402719e-16 9.750540496092957547e-17 1.377239697357724796e-17 1.775083155176970524e-18 2.104140961931900058e-19 2.299856032545079593e-20 2.298874477174492125e-21 2.022872335158027730e-22 1.340198740878216507e-23 1.335641046664832279e-26 -2.324165482737159708e-25 -6.033078508298764991e-26 -1.087005893291047965e-26 -1.429761645659031460e-27 -7.546783362511823992e-29 3.233766615079782035e-29 1.596110207980790644e-29 0.000000000000000000e+00
0.000000000000000000e+00 5.606000495803676211e-30 -2.898439909632069180e-29 3.252492766592040951e-28 -1.067755961893150544e-27 2.640736833154374231e-26 6.621446156476962992e-26 2.565856764214976803e-24 2.083014841166042712e-23 2.893026118936218315e-22 2.909387664658583979e-21 3.095271713113391733e-20 2.969489613594097187e-19 2.714164852397405751e-18 2.296585239915034681e-17 1.797851934174759111e-16 1.286130661234664086e-15 8.308373077074928206e-15 4.768260010803793152e-14 2.380185921971036807e-13 1.004104415222648886e-12 3.440301260970483386e-12 9.053501100321384279e-12 1.700609615164279181e-11 2.163072937153303312e-11 2.163081301540402365e-11 1.700638345335625227e-11 9.053826282393883026e-12 3.440529431104023985e-12 1.004258828109124669e-12 2.380865684130458132e-13 4.770953697001722788e-14 8.317194075831387430e-15 1.288736965239037937e-15 1.804407020266300373e-16 2.313343578579117046e-17 2.746632324497219482e-18 3.052786455525248680e-19 3.215046958931999480e-20 3.261275841539588042e-21 3.264853108811968689e-22 3.330807445723212436e-23 3.542214460971489798e-24 3.794577231557497806e-25 3.351519132474850206e-26 -2.102968169765792076e-28 -1.326062833672667496e-27 -5.044550321499201986e-28 -1.436657550327048997e-28 0.000000000000000000e+00
0.000000000000000000e+00 -2.360488080886503697e-29 2.312973062111317656e-28 -7.808098840860015734e-28 2.102680855943921309e-26 5.751649637443767147e-26 2.283874343130667904e-24 1.967246150468511357e-23 2.893026118936168944e-22 3.094130780916573035e-21 3.517232108307225872e-20 3.619616651250097690e-19 3.570441154992309845e-18 3.281199453889162952e-17 2.812896504390353552e-16 2.225780067541348576e-15 1.610861614258135497e-14 1.052892132432164146e-13 6.116787253210054968e-13 3.092040591974755254e-12 1.321455594192744451e-11 4.586137871949838690e-11 1.221049857884824142e-10 2.311513266093402985e-10 2.938894201493605463e-10 2.938885233520700015e-10 2.311480662821675463e-10 1.221012776367035139e-10 4.585871873391789232e-11 1.321267382737051735e-11 3.091226163243349162e-12 6.113478621957300058e-13 1.051807298839530269e-13 1.607677652301447017e-14 2.217599141989668663e-15 2.793191243893103616e-16 3.240451702731832383e-17 3.482326612157461417e-18 3.474020003479116490e-19 3.206951242177295451e-20 2.703766240203494933e-21 2.014605281048292076e-22 1.236119842502380043e-23 5.956760717421545362e-25 6.835982993176885444e-26 2.988063101203075867e-26 1.100184432431303827e-26 3.228030230440241653e-27 8.264256942055164502e-28 0.000000000000000000e+00
0.000000000000000000e+00 1.689272780076542166e-28 -4.920973431949793520e-28 1.490123613526365189e-26 4.535766393046864594e-26 1.807365171489239457e-24 1.656122728505376265e-23 2.563204354978802163e-22 2.909387664658631751e-21 3.517232108307213233e-20 3.865313331889342860e-19 4.090688707556247097e-18 4.054519550826003355e-17 3.773385567872002719e-16 3.266937529265968716e-15 2.612655461051384354e-14 1.910781153992167022e-13 1.262476366060346520e-12 7.416481626910909240e-12 3.793111453683352438e-11 1.640776491298158613e-10 5.764485696004527896e-10 1.552081413132186965e-09 2.960401266276923243e-09 3.761395441425219180e-09 3.761403323684981022e-09 2.960432036329312693e-09 1.552116557240941540e-09 5.764744153213427075e-10 1.640967651353067611e-10 3.793918285725027557e-11 7.419868757106470659e-12 1.263579957753218534e-12 1.914042746202700436e-13 2.621109514811861679e-14 3.287019936836459437e-15 3.816031203998187262e-16 4.141873936018684582e-17 4.244998693849341042e-18 4.154470231341024481e-19 3.934999116231841276e-20 3.662095982134584621e-21 3.385030830528573991e-22 3.066419806975323119e-23 2.466973760801654648e-24 9.115378837277505306e-26 -3.175321460623715618e-26 -1.311740893961830769e-26 -3.573371808286309188e-27 0.000000000000000000e+00
0.000000000000000000e+00 -3.812600181236021497e-28 9.328414823996774999e-27 3.233296442492342030e-26 1.268630743013377757e-24 1.240494325462087160e-23 2.009316392213502974e-22 2.416915074871642689e-21 3.095271713113364048e-20 3.619616651250111172e-19 4.090688707556244015e-18 4.349084963278990163e-17 4.364289710237826099e-16 4.099630413078122477e-15 3.584454012151601874e-14 2.893543398338386557e-13 2.136121260098009987e-12 1.424723729981995639e-11 8.452178955293786443e-11 4.367407134212880234e-10 1.909965803199576048e-09 6.785761416183634391e-09 1.846404867228096566e-08 3.546986296637969926e-08 4.502204557487054984e-08 4.502198930405762131e-08 3.546962181001191076e-08 1.846377230061448367e-08 6.785552337492866936e-09 1.909804147913518631e-09 4.366748510820388862e-10 8.449293672165312240e-11 1.423799304172649321e-11 2.133351634968094787e-12 2.886357006775131876e-13 3.567414534397466239e-14 4.063081039846242684e-15 4.290743143470012072e-16 4.215692691363073655e-17 3.852351310273187020e-18 3.252891643934627991e-19 2.491424048458285532e-20 1.653815239104757508e-21 8.439627803600973370e-23 2.201547525414785099e-24 8.309666054865440703e-26 1.052434115252958055e-25 4.382490156612433490e-26 1.261645795208180197e-26 0.000000000000000000e+00
0.000000000000000000e+00 5.648200039338806957e-27 2.089754420797585615e-26 7.870789169301033744e-25 8.241776278115423172e-24 1.389786766940836630e-22 1.769814950802964132e-21 2.393070097551206402e-20 2.969489613594115483e-19 3.570441154992300601e-18 4.054519550826010750e-17 4.364289710237825605e-16 4.419574231725256327e-15 4.190722835604021041e-14 3.695669028893385346e-13 3.007861532881617741e-12 2.237917349858822792e-11 1.504263199508508533e-10 8.994624750253584387e-10 4.687229354428182736e-09 2.068582390916553096e-08 7.421389452236495849e-08 2.038475795462769270e-07 3.941298452848947835e-07 4.995788943340318257e-07 4.995792137744229881e-07 3.941314046322899851e-07 2.038493705399321591e-07 7.421529427797977646e-08 2.068695566964010842e-08 4.687668210314572127e-09 8.996660377647496341e-10 1.504894498421072682e-10 2.239851239978561383e-11 3.012839883497930812e-12 3.707488066815281480e-13 4.216086965880163663e-14 4.470115735589725719e-15 4.456463090353481745e-16 4.215178642761570934e-17 3.822290967592873556e-18 3.365478499835541205e-19 2.919978574333464041e-20 2.528143689322083823e-21 2.180320239385072657e-22 1.788477446352911301e-23 1.137465776185851351e-24 -2.054217480213794346e-26 -3.095856298056777206e-26 0.000000000000000000e+00
0.000000000000000000e+00 9.976871894373141606e-27 4.288292424354324686e-25 4.835463435768433952e-24 8.446241333373353483e-23 1.137985289438204530e-21 1.619893490705050556e-20 2.128121673587126157e-19 2.714164852397396507e-18 3.281199453889171580e-17 3.773385567872000254e-16 4.099630413078120899e-15 4.190722835604020410e-14 4.006831957110808373e-13 3.560201053253740705e-12 2.916913483266544567e-11 2.183332450651411094e-10 1.475616202468051087e-09 8.871819681478452063e-09 4.649992241406581710e-08 2.065837378421721074e-07 7.467556159130803675e-07 2.067118492682884983e-06 4.018232188003519632e-06 5.083711433792973182e-06 5.083710055296365684e-06 4.018223972149057523e-06 2.067109052932466690e-06 7.467479507671218091e-07 2.065772523476049029e-07 4.649757827751245326e-08 8.870641134036206038e-09 1.475271494330726052e-09 2.182235133577321977e-10 2.914155421859683726e-11 3.553634043524895990e-12 3.992895238136147791e-13 4.163354855320044824e-14 4.050391951154916401e-15 3.690168397193960189e-16 3.153230048100808155e-17 2.523562876665939822e-18 1.881137294589500636e-19 1.292661299194463045e-20 8.118820180196617000e-22 4.891436221874778083e-23 3.905850337491548685e-24 6.289957811563625017e-25 1.420723744104525943e-25 0.000000000000000000e+00
0.000000000000000000e+00 2.104528013034527788e-25 2.492969543854442148e-24 4.484610984353569032e-23 6.390246044788732386e-22 9.550812724793434322e-21 1.325913632291022026e-19 1.789205758585479807e-18 2.296585239915046083e-17 2.812896504390348129e-16 3.266937529265971872e-15 3.584454012151601874e-14 3.695669028893385346e-13 3.560201053253740301e-12 3.183078081108658529e-11 2.620963007718250283e-10 1.968986852901607386e-09 1.334395890574632483e-08 8.039323575454204759e-08 4.222975885137043083e-07 1.881680552559036970e-06 6.831014031573643831e-06 1.900700932409003942e-05 3.708355241160910182e-05 4.679787467275433628e-05 4.679787870139968031e-05 3.708358695903463684e-05 1.900704890808985436e-05 6.831047692394530271e-06 1.881710392986987062e-06 4.223073008556101358e-07 8.039875089552219257e-08 1.334540889963025295e-08 1.969483490687629187e-09 2.622139531016457817e-10 3.185899639386382821e-11 3.565964876395180933e-12 3.706580586822497154e-13 3.603010299876116586e-14 3.295749755878109477e-15 2.852242786379745500e-16 2.344868073411239726e-17 1.832850383432221890e-18 1.352026433517526293e-19 9.124791645942637704e-21 5.014049507873064661e-22 8.744920207146106188e-24 -3.770338649416890787e-24 -9.541242054358208950e-25 0.000000000000000000e+00
0.000000000000000000e+00 1.096037006916197504e-24 2.064354252808292059e-23 3.111198112501710978e-22 4.870210887329816711e-21 7.132828017741221039e-20 1.016123151784831418e-18 1.381711646407839349e-17 1.797851934174752701e-16 2.225780067541353704e-15 2.612655461051381199e-14 2.893543398338387062e-13 3.007861532881616529e-12 2.916913483266544567e-11 2.620963007718250800e-10 2.164540693687829691e-09 1.627850631887251231e-08 1.102210189174094247e-07 6.625523248120428367e-07 3.470179294189980062e-06 1.542651618082666631e-05 5.596324825498102479e-05 1.558938169286469284e-04 3.044544908488953385e-04 3.828931978463876373e-04 3.828931934152644172e-04 3.044543788282286700e-04 1.558936897066003373e-04 5.596313356536749889e-05 1.542640940450531363e-05 3.470150059630703734e-06 6.625319407030822791e-07 1.102166882016803381e-07 1.627676456292512157e-08 2.164187316977724615e-09 2.620095099198507449e-10 2.915365706066960270e-11 3.005303406303761767e-12 2.890337852223884217e-13 2.610318040319213730e-14 2.228707111918395345e-15 1.814618617266314889e-16 1.428957077879538581e-17 1.117278883591152982e-18 9.087175620393454334e-20 8.186484004145442906e-21 8.527255642629402109e-22 1.010690251829420959e-22 1.279723423821973709e-23 0.000000000000000000e+00
0.000000000000000000e+00 8.185626045499733968e-24 1.301336788892577105e-22 2.128253864358608592e-21 3.283115624314751537e-20 4.927283978420824604e-19 7.083328174109143817e-18 9.769231965757949665e-17 1.286130661234668424e-15 1.610861614258132973e-14 1.910781153992168284e-13 2.136121260098008776e-12 2.237917349858824407e-11 2.183332450651412128e-10 1.968986852901607800e-09 1.627850631887250900e-08 1.221730298256397711e-07 8.230117454601559818e-07 4.907592283819358148e-06 2.544987304260876374e-05 1.119879150626217014e-04 4.028779476398366088e-04 1.116385855636770324e-03 2.172810094068231782e-03 2.719717791717969364e-03 2.719717766994747196e-03 2.172810357513080617e-03 1.116386147930165974e-03 4.028782333202210139e-04 1.119881957803378500e-04 2.544992684484428477e-05 4.907649783213440539e-06 8.230187415739992944e-07 1.221775529955716757e-07 1.627903208894723750e-08 1.969133991548403931e-09 2.183404872430864575e-10 2.237705680823804535e-11 2.134616782074547615e-12 1.905872496549429773e-13 1.598081639180702619e-14 1.257515499431221222e-15 9.191205740587173421e-17 6.017383826024311817e-18 3.088326833474917813e-19 3.267800188925128125e-21 -2.401686024280617877e-21 -5.236468094298874833e-22 -8.205842007207171207e-23 0.000000000000000000e+00
0.000000000000000000e+00 4.597625393060065108e-23 7.877197458621541958e-22 1.277909189052673084e-20 2.016373006500583447e-19 3.058352633423173301e-18 4.461269047093210797e-17 6.231630637293747322e-16 8.308373077074906118e-15 1.052892132432164777e-13 1.262476366060345309e-12 1.424723729981995316e-11 1.504263199508508792e-10 1.475616202468050466e-09 1.334395890574632814e-08 1.102210189174094644e-07 8.230117454601559818e-07 5.488399072116493143e-06 3.223287024539968067e-05 1.638974460758960085e-04 7.055786461327126545e-04 2.486676100351090449e-03 6.782327033504629947e-03 1.305738782538356547e-02 1.623383558066383847e-02 1.623383573575475428e-02 1.305738743103492319e-02 6.782326627149889292e-03 2.486675643776400501e-03 7.055781659797656299e-04 1.638974318099425996e-04 3.223275236275689227e-05 5.488405743982528591e-06 8.230036653290283119e-07 1.102221687104361326e-07 1.334410423136451371e-08 1.475789633249580829e-09 1.504791749897923608e-10 1.426335208638344935e-11 1.266533077714082396e-12 1.062164635077805888e-13 8.501122806188058310e-15 6.602144365763593724e-16 5.124432013324570083e-17 4.174347235389399180e-18 3.786851310614969810e-19 3.949411362323672045e-20 4.618900496019198486e-21 5.682468493137029726e-22 0.000000000000000000e+00
0.000000000000000000e+00 2.426704145277647720e-22 4.143816861336937439e-21 6.859852381236618313e-20 1.095495628014567319e-18 1.686421120933401183e-17 2.493620473083256827e-16 3.530596805158025803e-15 4.768260010803791890e-14 6.116787253210055978e-13 7.416481626910910856e-12 8.452178955293790321e-11 8.994624750253582319e-10 8.871819681478453717e-09 8.039323575454207406e-08 6.625523248120430484e-07 4.907592283819358148e-06 3.223287024539967389e-05 1.848532070540501344e-04 9.097837519532783442e-04 3.765394090559779326e-03 1.274366457845129384e-02 3.358983733597617483e-02 6.311237384713871967e-02 7.766259567912042749e-02 7.766259525886066994e-02 6.311237408726759479e-02 3.358983747021123539e-02 1.274366486168665956e-02 3.765394437576434321e-03 9.097835469505195435e-04 1.848533732586665019e-04 3.223279684370536461e-05 4.907601047406519399e-06 6.625422820635199222e-07 8.039137512838875968e-08 8.870789672897405349e-09 8.991864842748946437e-10 8.444289603690776425e-11 7.397543300466803190e-12 6.074547962016604855e-13 4.681983986589440337e-14 3.366700402023567837e-15 2.202442240266920594e-16 1.199379776087933252e-17 3.251061451256173056e-19 -4.724750877018993902e-20 -1.245798364938366566e-20 -2.015150337837350103e-21 0.000000000000000000e+00
0.000000000000000000e+00 1.094727360930618692e-21 1.903030392955028635e-20 3.192487805471489342e-19 5.174030028790651590e-18 8.078494851110284218e-17 1.211505336414064619e-15 1.739069377623956977e-14 2.380185921971038827e-13 3.092040591974754042e-12 3.793111453683354377e-11 4.367407134212879200e-10 4.687229354428184390e-09 4.649992241406580387e-08 4.222975885137044672e-07 3.470179294189979215e-06 2.544987304260876374e-05 1.638974460758960356e-04 9.097837519532781273e-04 4.265479501485397451e-03 1.654847563994139847e-02 5.202433334031442147e-02 1.281464061252547693e-01 2.289032433740244843e-01 2.768625461407098198e-01 2.768625466818196990e-01 2.289032435281937450e-01 1.281464065890290660e-01 5.202433370345374564e-02 1.654847598680337165e-02 4.265479937150527291e-03 9.097835858159007260e-04 1.638976450234259268e-04 2.544986875914111645e-05 3.470212337415035983e-06 4.223039737629526209e-07 4.650334113538820682e-08 4.688106241366760924e-09 4.369933305441508958e-10 3.799071756596298811e-11 3.105313255192987865e-12 2.407153922803223207e-13 1.790165202034173508e-14 1.302091984994246305e-15 9.591123844760909311e-17 7.564578956677473963e-18 6.783688389642778977e-19 7.048960233924257083e-20 8.089578693033422967e-21 0.000000000000000000e+00
0.000000000000000000e+00 4.186126144945382483e-21 7.379256593952209357e-20 1.255687949276495969e-18 2.064333730060991918e-17 3.269347966470479362e-16 4.972649093273811627e-15 7.237998449309503380e-14 1.004104415222648078e-12 1.321455594192745097e-11 1.640776491298158096e-10 1.909965803199576875e-09 2.068582390916552434e-08 2.065837378421720280e-07 1.881680552559035911e-06 1.542651618082666631e-05 1.119879150626217149e-04 7.055786461327130882e-04 3.765394090559781928e-03 1.654847563994140194e-02 5.823994082137368133e-02 1.611495025174775331e-01 3.482014190666339326e-01 5.593510342065969310e-01 6.543818936673873043e-01 6.543818936427090449e-01 5.593510343064967971e-01 3.482014188183066294e-01 1.611495020932035838e-01 5.823994028500771580e-02 1.654847562805000782e-02 3.765394246975333013e-03 7.055783811787132674e-04 1.119879094326611195e-04 1.542645187318703910e-05 1.881667788237625945e-06 2.065765779713256470e-07 2.068406412945466486e-08 1.909444905573375759e-09 1.639572934850428426e-10 1.318767766490378370e-11 9.986852130045815081e-13 7.135678837752996835e-14 4.792051600689108601e-15 2.968948509201127096e-16 1.591270671254771250e-17 5.474561326309880133e-19 -2.738688232673222426e-20 -9.528066864402437657e-21 0.000000000000000000e+00
0.000000000000000000e+00 1.305113026653383620e-20 2.330798878381860686e-19 4.020595153326393001e-18 6.700207126106298623e-17 1.075740375426581006e-15 1.658669882341515214e-14 2.447136652409252791e-13 3.440301260970485809e-12 4.586137871949836105e-11 5.764485696004528930e-10 6.785761416183636873e-09 7.421389452236491878e-08 7.467556159130808969e-07 6.831014031573643831e-06 5.596324825498103834e-05 4.028779476398367714e-04 2.486676100351089581e-03 1.274366457845129211e-02 5.202433334031442147e-02 1.611495025174775053e-01 3.655009627572893827e-01 6.250718410887808885e-01 8.116423374160985915e-01 8.835713128417941320e-01 8.835713122718338308e-01 8.116423365982179394e-01 6.250718403436681392e-01 3.655009620786928703e-01 1.611495018285138969e-01 5.202433264727054224e-02 1.274366455595594277e-02 2.486676243516812348e-03 4.028779837935189245e-04 5.596331081119629178e-05 6.831026690460051070e-06 7.467628801597972284e-07 7.421548459929745115e-08 6.786251710977510119e-09 5.765539266700229072e-10 4.588481551246835044e-11 3.444854270913292628e-12 2.455554561974553187e-13 1.673148982151289172e-14 1.099267696618000095e-15 7.062170225402847690e-17 4.550179948957869475e-18 3.070418464363695839e-19 2.285781556870848612e-20 0.000000000000000000e+00
0.000000000000000000e+00 3.161531497112017224e-20 5.711771001095762476e-19 9.968014365429205303e-18 1.680916336319130323e-16 2.731177383300907616e-15 4.261966450596342831e-14 6.363879742263240182e-13 9.053501100321376201e-12 1.221049857884824659e-10 1.552081413132186345e-09 1.846404867228095573e-08 2.038475795462768741e-07 2.067118492682885406e-06 1.900700932409002587e-05 1.558938169286469284e-04 1.116385855636770107e-03 6.782327033504631682e-03 3.358983733597618870e-02 1.281464061252547137e-01 3.482014190666337106e-01 6.250718410887807774e-01 8.315216943691783325e-01 9.349015606927020272e-01 9.687657942174952019e-01 9.687657940718326088e-01 9.349015601574183210e-01 8.315216940461125361e-01 6.250718410922612156e-01 3.482014192486416748e-01 1.281464057665140932e-01 3.358983691833111740e-02 6.782327151589519036e-03 1.116385820325217380e-03 1.558938561112817127e-04 1.900701989971394603e-05 2.067124028952702846e-06 2.038493343468577503e-07 1.846454701246004467e-08 1.552211540871263542e-09 1.221345654010624372e-10 9.059830601982796884e-12 6.376251017817611546e-13 4.284684071183312120e-14 2.770292199886150308e-15 1.744600986200208785e-16 1.095217928013396031e-17 7.160999508592143291e-19 5.183043809411324537e-20 0.000000000000000000e+00
0.000000000000000000e+00 5.626481073327402570e-20 1.024009061140996046e-18 1.800603336289645169e-17 3.059763704750330620e-16 5.010376845350885087e-15 7.880360982673852503e-14 1.186010092512716493e-12 1.700609615164278535e-11 2.311513266093402985e-10 2.960401266276925311e-09 3.546986296637969926e-08 3.941298452848947835e-07 4.018232188003519632e-06 3.708355241160907472e-05 3.044544908488951759e-04 2.172810094068230481e-03 1.305738782538356201e-02 6.311237384713867804e-02 2.289032433740242900e-01 5.593510342065958207e-01 8.116423374160981474e-01 9.349015606927012501e-01 9.802124545215411544e-01 9.926663111472083800e-01 9.926663115669907000e-01 9.802124557322416942e-01 9.349015614653697348e-01 8.116423385549659253e-01 5.593510355637857367e-01 2.289032440187498685e-01 6.311237377951448013e-02 1.305738728995233834e-02 2.172809925375462827e-03 3.044543183002512373e-04 3.708350869391343951e-05 4.018211683260959043e-06 3.941248565790278292e-07 3.546840544290514093e-08 2.960074568609427483e-09 2.310786624629149650e-10 1.699167377040033800e-11 1.183304733806000332e-12 7.832977312327409679e-14 4.931992181188094240e-15 2.936911477049989032e-16 1.617387123559182425e-17 7.631375150112073913e-19 2.099508026185394647e-20 0.000000000000000000e+00
0.000000000000000000e+00 7.141728837486285169e-20 1.300670745795154101e-18 2.288396062404491465e-17 3.890467154946007310e-16 6.372729890512698587e-15 1.002498586916948903e-13 1.508790685957004901e-12 2.163072937153303958e-11 2.938894201493605980e-10 3.761395441425220007e-09 4.502204557487051675e-08 4.995788943340317198e-07 5.083711433792968947e-06 4.679787467275434983e-05 3.828931978463876373e-04 2.719717791717967629e-03 1.623383558066383153e-02 7.766259567912039974e-02 2.768625461407097088e-01 6.543818936673860831e-01 8.835713128417940210e-01 9.687657942174949799e-01 9.926663111472079359e-01 9.980028764568813493e-01 9.980028773818278021e-01 9.926663128442768658e-01 9.687657960295165127e-01 8.835713147734031159e-01 6.543818957523338531e-01 2.768625479405649181e-01 7.766259642562971244e-02 1.623383581888955887e-02 2.719717883586803085e-03 3.828931905384219897e-04 4.679787094750892981e-05 5.083707448771278601e-06 4.995774289274986600e-07 4.502157647227534447e-08 3.761262544389253636e-09 2.938574569847404105e-10 2.162349752943228321e-11 1.507317226430103288e-12 9.996788427977857432e-14 6.322425884972398959e-15 3.805755047309244600e-16 2.153341926410266053e-17 1.095850366051532862e-18 4.205286634974338296e-20 0.000000000000000000e+00
0.000000000000000000e+00 7.141607904742286892e-20 1.300668899908946488e-18 2.288394376913312814e-17 3.890474762270913234e-16 6.372709931192144923e-15 1.002502581532743041e-13 1.508784283700194809e-12 2.163081301540400749e-11 2.938885233520700532e-10 3.761403323684981849e-09 4.502198930405760808e-08 4.995792137744226705e-07 5.083710055296365684e-06 4.679787870139965998e-05 3.828931934152645798e-04 2.719717766994746763e-03 1.623383573575475775e-02 7.766259525886066994e-02 2.768625466818196434e-01 6.543818936427081567e-01 8.835713122718327206e-01 9.687657940718323868e-01 9.926663115669907000e-01 9.980028773818289123e-01 9.980028777509624138e-01 9.926663140550282538e-01 9.687657966629554807e-01 8.835713148787653903e-01 6.543818963026615254e-01 2.768625489851250232e-01 7.766259744804182574e-02 1.623383650583842472e-02 2.719718240066812225e-03 3.828933425508099643e-04 4.679792627240979291e-05 5.083725079730979426e-06 4.995824405972689651e-07 4.502286516100012382e-08 3.761565646908179741e-09 2.939232552902708373e-10 2.163677955508189997e-11 1.509826069281095586e-12 1.004137286535929023e-13 6.397315423332129949e-15 3.925142787043623859e-16 2.334626794066676742e-17 1.358823732071718448e-18 7.828284865795574033e-20 0.000000000000000000e+00
0.000000000000000000e+00 5.626205462347868492e-20 1.023999026902603000e-18 1.800601541857944007e-17 3.059784415616527917e-16 5.010316978615050831e-15 7.880486463472722603e-14 1.185989116888832287e-12 1.700638345335624904e-11 2.311480662821675205e-10 2.960432036329313106e-09 3.546962181001187106e-08 3.941314046322900380e-07 4.018223972149053288e-06 3.708358695903463006e-05 3.044543788282287242e-04 2.172810357513081051e-03 1.305738743103492319e-02 6.311237408726760867e-02 2.289032435281936062e-01 5.593510343064965751e-01 8.116423365982177174e-01 9.349015601574180989e-01 9.802124557322421383e-01 9.926663128442765327e-01 9.926663140550280318e-01 9.802124573873586266e-01 9.349015628423485991e-01 8.116423392611566978e-01 5.593510367756915347e-01 2.289032463641070547e-01 6.311237638021474639e-02 1.305738922363748264e-02 2.172811005752890538e-03 3.044548037598738795e-04 3.708369192408599024e-05 4.018271534672239653e-06 3.941421465619131439e-07 3.547289576611991223e-08 2.961136484395956661e-09 2.313097082958941761e-10 1.703831403406685779e-11 1.192101620019153619e-12 7.988926063996652221e-14 5.193165403573804145e-15 3.351942419804887532e-16 2.245598892355997198e-17 1.671740285426135608e-18 1.458547504544926916e-19 0.000000000000000000e+00
0.000000000000000000e+00 3.161181292673320371e-20 5.711661607897587308e-19 9.967998299140034090e-18 1.680938802417402885e-16 2.731111076877369958e-15 4.262106765121558515e-14 6.363643634994386735e-13 9.053826282393878179e-12 1.221012776367034363e-10 1.552116557240941126e-09 1.846377230061446381e-08 2.038493705399321326e-07 2.067109052932465419e-06 1.900704890808985436e-05 1.558936897066002831e-04 1.116386147930165974e-03 6.782326627149886690e-03 3.358983747021122845e-02 1.281464065890289827e-01 3.482014188183066294e-01 6.250718403436673620e-01 8.315216940461120920e-01 9.349015614653698458e-01 9.687657960295165127e-01 9.687657966629548145e-01 9.349015628423481550e-01 8.315216975615870032e-01 6.250718439583003994e-01 3.482014220233342616e-01 1.281464091668902960e-01 3.358984024150446501e-02 6.782329547094368208e-03 1.116387156305743457e-03 1.558944617756375934e-04 1.900725158548364664e-05 2.067200894399289580e-06 2.038719121392772958e-07 1.847051257354451465e-08 1.553647339723847661e-09 1.224525544175634506e-10 9.125178272949121501e-12 6.501731582139329128e-13 4.511157818040400999e-14 3.156441300075029185e-15 2.369333551275944785e-16 2.057939523138366502e-17 2.133646125075199832e-18 2.500635107774141494e-19 0.000000000000000000e+00
0.000000000000000000e+00 1.304492925477065653e-20 2.330888192087134051e-19 4.020498812085451481e-18 6.700394806299338391e-17 1.075694627453362038e-15 1.658765242846807315e-14 2.446974118119092502e-13 3.440529431104020350e-12 4.585871873391788586e-11 5.764744153213422939e-10 6.785552337492865281e-09 7.421529427797971029e-08 7.467479507671218091e-07 6.831047692394528576e-06 5.596313356536750566e-05 4.028782333202210139e-04 2.486675643776400067e-03 1.274366486168665609e-02 5.202433370345371094e-02 1.611495020932034727e-01 3.655009620786925928e-01 6.250718410922614376e-01 8.116423385549659253e-01 8.835713147734033379e-01 8.835713148787648352e-01 8.116423392611561427e-01 6.250718439583002883e-01 3.655009648253402799e-01 1.611495043948405204e-01 5.202433611920664891e-02 1.274366822551032188e-02 2.486679023124776285e-03 4.028795888699102210e-04 5.596405839831183616e-05 6.831319167900450972e-06 7.468618305168226848e-07 7.424506295024280082e-08 6.794192984213706146e-09 5.784937541383595732e-10 4.632042146143001147e-11 3.535547413668643774e-12 2.631867836836681763e-13 1.995130871097065450e-14 1.654462754050554195e-15 1.614160888097043284e-16 1.868720862632233662e-17 2.409482649795346526e-18 3.196200344912622530e-19 0.000000000000000000e+00
0.000000000000000000e+00 4.180435835509621175e-21 7.380522044270992575e-20 1.255599711969286557e-18 2.064452279809479006e-17 3.269074737249551280e-16 4.973238868751979977e-15 7.236946976620772256e-14 1.004258828109124064e-12 1.321267382737051735e-11 1.640967651353067094e-10 1.909804147913519459e-09 2.068695566964009519e-08 2.065772523476049029e-07 1.881710392986986850e-06 1.542640940450531702e-05 1.119881957803378907e-04 7.055781659797659552e-04 3.765394437576433887e-03 1.654847598680336124e-02 5.823994028500768111e-02 1.611495018285138414e-01 3.482014192486418969e-01 5.593510355637859588e-01 6.543818957523339641e-01 6.543818963026608593e-01 5.593510367756908686e-01 3.482014220233340951e-01 1.611495043948404648e-01 5.823994264742988342e-02 1.654847915168590824e-02 3.765398059536695981e-03 7.055812766556290080e-04 1.119895778796378471e-04 1.542722673004316019e-05 1.881970148476681838e-06 2.066786678172164912e-07 2.071454026702146165e-08 1.917621614632831173e-09 1.659544782463185338e-10 1.363638136121696904e-11 1.092198796047504089e-12 8.956319356356946144e-14 8.123218834418880587e-15 8.726091888041400581e-16 1.103128824634163393e-16 1.528980422974970324e-17 2.172280965967815649e-18 3.020203422381330506e-19 0.000000000000000000e+00
0.000000000000000000e+00 1.088968146140062388e-21 1.905099014886365483e-20 3.191261053759881716e-19 5.174970645009458109e-18 8.077093832658345256e-17 1.211775341020772198e-15 1.738600156025930116e-14 2.380865684130456113e-13 3.091226163243351181e-12 3.793918285725024972e-11 4.366748510820388862e-10 4.687668210314571300e-09 4.649757827751244664e-08 4.223073008556102417e-07 3.470150059630703310e-06 2.544992684484429155e-05 1.638974318099425996e-04 9.097835469505193267e-04 4.265479937150524689e-03 1.654847562804999048e-02 5.202433264727050755e-02 1.281464057665140932e-01 2.289032440187497575e-01 2.768625479405651402e-01 2.768625489851249677e-01 2.289032463641069159e-01 1.281464091668902405e-01 5.202433611920662809e-02 1.654847915168590131e-02 4.265483663389284079e-03 9.097868497619044986e-04 1.638998214584357624e-04 2.545102821572961248e-05 3.470725810118345642e-06 4.224987428737416107e-07 4.656806719412584511e-08 4.707283041422267373e-09 4.421290733876601365e-10 3.924789724448012001e-11 3.389193151638032710e-12 3.003002324738343907e-13 2.960234836481924731e-14 3.463664842162675067e-15 4.733906390870162391e-16 7.013948077890453078e-17 1.056139377450710212e-17 1.562155978900315954e-18 2.217712276072494390e-19 0.000000000000000000e+00
0.000000000000000000e+00 2.374127883521056495e-22 4.166233235966335033e-21 6.847279810696862573e-20 1.096235325482246158e-18 1.685726444503372523e-17 2.494711026416935073e-16 3.528760512359899960e-15 4.770953697001715846e-14 6.113478621957306117e-13 7.419868757106465812e-12 8.449293672165314825e-11 8.996660377647499443e-10 8.870641134036199421e-09 8.039875089552224551e-08 6.625319407030820673e-07 4.907649783213442234e-06 3.223275236275689905e-05 1.848533732586665561e-04 9.097835858159005092e-04 3.765394246975331278e-03 1.274366455595593757e-02 3.358983691833112434e-02 6.311237377951449401e-02 7.766259642562969856e-02 7.766259744804183962e-02 6.311237638021473251e-02 3.358984024150447195e-02 1.274366822551032362e-02 3.765398059536695981e-03 9.097868497619042817e-04 1.848558394947642227e-04 3.223430117661849233e-05 4.908363250987948502e-06 6.628701274547953787e-07 8.051358242744398801e-08 8.910975599133890631e-09 9.110182567295409883e-10 8.760066829487556562e-11 8.169388798597850004e-12 7.817341120366995854e-13 8.343839981984457227e-14 1.057129359685529434e-14 1.554715916632389372e-15 2.457881428134558878e-16 3.922638529574253810e-17 6.122516510324818761e-18 9.230179476176663357e-19 1.326284724606840851e-19 0.000000000000000000e+00
0.000000000000000000e+00 4.350322738809568114e-23 7.979796404596563315e-22 1.272472483697257482e-20 2.019271453104508550e-19 3.055974519598304600e-18 4.464812032261321675e-17 6.225655452959398774e-16 8.317194075831376386e-15 1.051807298839531910e-13 1.263579957753217322e-12 1.423799304172649321e-11 1.504894498421074491e-10 1.475271494330724397e-09 1.334540889963025626e-08 1.102166882016802984e-07 8.230187415739994003e-07 5.488405743982531980e-06 3.223279684370539171e-05 1.638976450234259268e-04 7.055783811787131590e-04 2.486676243516811047e-03 6.782327151589516434e-03 1.305738728995233834e-02 1.623383581888956234e-02 1.623383650583841778e-02 1.305738922363749652e-02 6.782329547094366473e-03 2.486679023124775852e-03 7.055812766556288996e-04 1.638998214584357624e-04 3.223430117661851943e-05 5.489257707766852922e-06 8.234054974575272386e-07 1.103868422126445149e-07 1.340355306436907792e-08 1.494941274717933895e-09 1.560485263871395088e-10 1.574005602853225631e-11 1.626647026263550940e-12 1.875933738197644655e-13 2.565256409825717485e-14 4.050971854139813540e-15 6.831343531560107378e-16 1.156625959823668495e-16 1.907412762577664883e-17 3.029362974035922694e-18 4.619173915286932573e-19 6.696759174474930786e-20 0.000000000000000000e+00
0.000000000000000000e+00 6.295875495507443795e-24 1.390559796886029402e-22 2.077908295963646023e-21 3.309772821986485754e-20 4.911620539358680026e-19 7.097337740961174390e-18 9.750540496092921802e-17 1.288736965239037148e-15 1.607677652301450488e-14 1.914042746202698164e-13 2.133351634968095594e-12 2.239851239978562352e-11 2.182235133577319651e-10 1.969483490687630014e-09 1.627676456292511164e-08 1.221775529955716757e-07 8.230036653290287354e-07 4.907601047406521093e-06 2.544986875914111984e-05 1.119879094326611330e-04 4.028779837935189245e-04 1.116385820325217163e-03 2.172809925375462827e-03 2.719717883586802217e-03 2.719718240066808321e-03 2.172811005752890972e-03 1.116387156305743023e-03 4.028795888699103294e-04 1.119895778796379013e-04 2.545102821572963619e-05 4.908363250987957819e-06 8.234054974575279798e-07 1.223568739462684993e-07 1.635142342693252555e-08 1.994964664305295571e-09 2.265927475338585469e-10 2.476381055002199580e-11 2.765547438397159163e-12 3.442860531986773202e-13 5.073215680939888500e-14 8.595548833342953519e-15 1.546871474759254403e-15 2.781969919682866119e-16 4.855054558271093730e-17 8.134871565141373111e-18 1.305468105488098344e-18 2.007436335852319268e-19 2.932681007362427186e-20 0.000000000000000000e+00
0.000000000000000000e+00 4.484228106896697212e-25 2.344123022611447475e-23 2.968100057488775582e-22 4.936651524977581336e-21 7.098621001905001030e-20 1.019194545526910549e-18 1.377239697357711237e-17 1.804407020266302099e-16 2.217599141989673002e-15 2.621109514811856630e-14 2.886357006775134400e-13 3.012839883497930408e-12 2.914155421859682434e-11 2.622139531016458334e-10 2.164187316977725856e-09 1.627903208894723419e-08 1.102221687104361987e-07 6.625422820635200281e-07 3.470212337415037254e-06 1.542645187318704249e-05 5.596331081119629855e-05 1.558938561112816585e-04 3.044543183002511831e-04 3.828931905384215561e-04 3.828933425508094764e-04 3.044548037598738253e-04 1.558944617756375121e-04 5.596405839831184971e-05 1.542722673004317036e-05 3.470725810118351994e-06 6.628701274547968610e-07 1.103868422126446472e-07 1.635142342693253548e-08 2.193148161453058648e-09 2.720556837411852208e-10 3.230137619506933193e-11 3.904084406139184839e-12 5.247584985373471917e-13 8.329036384671930429e-14 1.514216025164764000e-14 2.910699958630739173e-15 5.568339012457967574e-16 1.030071355155898927e-16 1.823906865794418455e-17 3.084792307586113722e-18 4.988437278953052865e-19 7.726405779961337530e-20 1.136758729804969259e-20 0.000000000000000000e+00
0.000000000000000000e+00 -1.515406050080271744e-25 4.237498252134576879e-24 3.494383726962333451e-23 6.907033708707371422e-22 9.286445239967873027e-21 1.341721767406619575e-19 1.775083155176930079e-18 2.313343578579131220e-17 2.793191243893106081e-16 3.287019936836449971e-15 3.567414534397472550e-14 3.707488066815277946e-13 3.553634043524897606e-12 3.185899639386382174e-11 2.620095099198509517e-10 1.969133991548403103e-09 1.334410423136452529e-08 8.039137512838877292e-08 4.223039737629527798e-07 1.881667788237626369e-06 6.831026690460051917e-06 1.900701989971395958e-05 3.708350869391343273e-05 4.679787094750890270e-05 4.679792627240973870e-05 3.708369192408596991e-05 1.900725158548365002e-05 6.831319167900458595e-06 1.881970148476685014e-06 4.224987428737425107e-07 8.051358242744412036e-08 1.340355306436909446e-08 1.994964664305297226e-09 2.720556837411853242e-10 3.525624781486938101e-11 4.625932587426648446e-12 6.724219123045104932e-13 1.150535323280335016e-13 2.246458587059945147e-14 4.618776963806000090e-15 9.414471300073538284e-16 1.849223259989541929e-16 3.466188168239686654e-17 6.188825937537631617e-18 1.053880161899841392e-18 1.715400378477918391e-19 2.674707350825630892e-20 3.961881268532669977e-21 0.000000000000000000e+00
0.000000000000000000e+00 -9.959670087729129623e-26 9.135100647319350281e-25 2.341917460733979842e-24 9.577341793339550145e-23 1.090013764380712501e-21 1.644672087515838675e-20 2.104140961931796298e-19 2.746632324497267245e-18 3.240451702731823139e-17 3.816031203998180853e-16 4.063081039846251361e-15 4.216086965880159245e-14 3.992895238136150821e-13 3.565964876395179317e-12 2.915365706066964148e-11 2.183404872430863283e-10 1.475789633249580829e-09 8.870789672897408658e-09 4.650334113538823329e-08 2.065765779713255676e-07 7.467628801597968049e-07 2.067124028952704963e-06 4.018211683260958196e-06 5.083707448771272672e-06 5.083725079730972649e-06 4.018271534672237959e-06 2.067200894399290003e-06 7.468618305168236377e-07 2.066786678172168883e-07 4.656806719412596423e-08 8.910975599133912138e-09 1.494941274717936377e-09 2.265927475338588313e-10 3.230137619506937071e-11 4.625932587426648446e-12 7.297533857651845876e-13 1.349201481906524016e-13 2.834971686075458418e-14 6.246994478570932865e-15 1.359438119450060807e-15 2.840915790427795218e-16 5.647581342574402217e-17 1.066403414885883859e-17 1.915468125499437445e-18 3.280799789346711141e-19 5.372553494910234330e-20 8.430893855537396796e-21 1.257081457172191187e-21 0.000000000000000000e+00
0.000000000000000000e+00 -3.919984028094247730e-26 2.352331555038129583e-25 -4.217844170180879490e-25 1.447328760936870513e-23 1.086197317287738829e-22 1.920403702351692233e-21 2.299856032544845773e-20 3.052786455525369532e-19 3.482326612157419046e-18 4.141873936018690745e-17 4.290743143470022919e-16 4.470115735589719408e-15 4.163354855320051135e-14 3.706580586822492610e-13 3.005303406303767422e-12 2.237705680823802596e-11 1.504791749897923091e-10 8.991864842748949539e-10 4.688106241366762579e-09 2.068406412945466816e-08 7.421548459929741144e-08 2.038493343468579091e-07 3.941248565790276704e-07 4.995774289274979188e-07 4.995824405972684357e-07 3.941421465619129322e-07 2.038719121392772164e-07 7.424506295024288023e-08 2.071454026702150466e-08 4.707283041422279781e-09 9.110182567295429528e-10 1.560485263871398190e-10 2.476381055002203135e-11 3.904084406139190493e-12 6.724219123045108971e-13 1.349201481906524016e-13 3.061554256783229152e-14 7.252384397282183789e-15 1.689531733262772631e-15 3.765535175622651195e-16 7.956575801498406899e-17 1.592054677699863433e-17 3.021911325551482236e-18 5.455781369929968744e-19 9.395473744095951218e-20 1.547614349367160697e-20 2.443933183426373029e-21 3.667923005043632686e-22 0.000000000000000000e+00
0.000000000000000000e+00 -1.293721234996052313e-26 6.573108268368103519e-26 -2.628319576908829596e-25 2.626319259547100147e-24 6.831902505275234287e-24 2.227933582913410063e-22 2.298874477174024561e-21 3.215046958932249851e-20 3.474020003479013453e-19 4.244998693849366464e-18 4.215692691363083516e-17 4.456463090353469912e-16 4.050391951154928234e-15 3.603010299876108382e-14 2.890337852223891285e-13 2.134616782074545596e-12 1.426335208638344935e-11 8.444289603690782887e-11 4.369933305441509475e-10 1.909444905573376586e-09 6.786251710977507638e-09 1.846454701246005129e-08 3.546840544290511446e-08 4.502157647227528491e-08 4.502286516100006426e-08 3.547289576611987253e-08 1.847051257354449479e-08 6.794192984213712763e-09 1.917621614632833654e-09 4.421290733876609637e-10 8.760066829487572071e-11 1.574005602853227892e-11 2.765547438397162394e-12 5.247584985373475956e-13 1.150535323280335269e-13 2.834971686075460311e-14 7.252384397282188522e-15 1.815572389944554911e-15 4.329417647569090293e-16 9.750398472690920229e-17 2.072407035298722102e-17 4.165828357808776098e-18 7.943056643695727971e-19 1.441038308950217075e-19 2.494901488358577808e-20 4.133573484033812093e-21 6.568801277949294629e-22 9.923829393022898539e-23 0.000000000000000000e+00
0.000000000000000000e+00 -3.845402355094511247e-27 1.831447624253513266e-26 -8.950852784915312478e-26 5.716917667969776980e-25 -6.608210726261519874e-25 2.766986026971609043e-23 2.022872335157189838e-22 3.261275841540032285e-21 3.206951242177095635e-20 4.154470231341082259e-19 3.852351310273195494e-18 4.215178642761553677e-17 3.690168397193979911e-16 3.295749755878098828e-15 2.610318040319220987e-14 1.905872496549426996e-13 1.266533077714081992e-12 7.397543300466814499e-12 3.799071756596298165e-11 1.639572934850429719e-10 5.765539266700231140e-10 1.552211540871263336e-09 2.960074568609427483e-09 3.761262544389250327e-09 3.761565646908175605e-09 2.961136484395955834e-09 1.553647339723846627e-09 5.784937541383600902e-10 1.659544782463186889e-10 3.924789724448018463e-11 8.169388798597862928e-12 1.626647026263552353e-12 3.442860531986773707e-13 8.329036384671929166e-14 2.246458587059945147e-14 6.246994478570935232e-15 1.689531733262773026e-15 4.329417647569089307e-16 1.043000403574126679e-16 2.362020036097489868e-17 5.041430206705718334e-18 1.017538561588852296e-18 1.948739638387870552e-19 3.552750841333155545e-20 6.184226706723494261e-21 1.030670659904365383e-21 1.648388595261286798e-22 2.507190825866194704e-23 0.000000000000000000e+00
0.000000000000000000e+00 -1.055410992429085845e-27 4.890172293737144623e-27 -2.545931594423068453e-26 1.360658075974243306e-25 -4.169520237701684383e-25 4.009039355377910491e-24 1.340198740876861750e-23 3.264853108812669754e-22 2.703766240203165418e-21 3.934999116231945396e-20 3.252891643934635213e-19 3.822290967592847363e-18 3.153230048100838354e-17 2.852242786379731202e-16 2.228707111918404022e-15 1.598081639180700726e-14 1.062164635077806267e-13 6.074547962016612933e-13 3.105313255192985037e-12 1.318767766490379824e-11 4.588481551246835691e-11 1.221345654010624631e-10 2.310786624629150425e-10 2.938574569847402554e-10 2.939232552902705271e-10 2.313097082958942795e-10 1.224525544175633731e-10 4.632042146143002439e-11 1.363638136121697388e-11 3.389193151638036749e-12 7.817341120367002922e-13 1.875933738197644403e-13 5.073215680939883452e-14 1.514216025164762422e-14 4.618776963805998512e-15 1.359438119450060412e-15 3.765535175622650209e-16 9.750398472690917763e-17 2.362020036097489868e-17 5.370793313582858199e-18 1.150740203453882402e-18 2.332189603342862849e-19 4.486924928409456049e-20 8.221588617561736347e-21 1.439103701274899542e-21 2.413054353937333065e-22 3.884911326067628002e-23 5.950859148077511369e-24 0.000000000000000000e+00
0.000000000000000000e+00 -2.705666125637044326e-28 1.235156595657145418e-27 -6.551803356121669164e-27 3.256446817276371069e-26 -1.242572711515770753e-25 6.907338439313622781e-25 1.335641046468024219e-26 3.330807445724215720e-23 2.014605281047818822e-22 3.662095982134742607e-21 2.491424048458292453e-20 3.365478499835506057e-19 2.523562876665980266e-18 2.344868073411220620e-17 1.814618617266324257e-16 1.257515499431219644e-15 8.501122806188058310e-15 4.681983986589450434e-14 2.407153922803219169e-13 9.986852130045831237e-13 3.444854270913292224e-12 9.059830601982801731e-12 1.699167377040033800e-11 2.162349752943228968e-11 2.163677955508187736e-11 1.703831403406686102e-11 9.125178272949118270e-12 3.535547413668643371e-12 1.092198796047503887e-12 3.003002324738345422e-13 8.343839981984459752e-14 2.565256409825715591e-14 8.595548833342940897e-15 2.910699958630736412e-15 9.414471300073532367e-16 2.840915790427794725e-16 7.956575801498405666e-17 2.072407035298721485e-17 5.041430206705719105e-18 1.150740203453882017e-18 2.475491634585614669e-19 5.039129013426307540e-20 9.741864060673621508e-21 1.794563066049552293e-21 3.159543424485221469e-22 5.331702030754252262e-23 8.643903763129863597e-24 1.334132192129368706e-24 0.000000000000000000e+00
0.000000000000000000e+00 -6.522521476437000057e-29 2.944538779272388940e-28 -1.565369292193552591e-27 7.517151409790574008e-27 -3.043738902718388563e-26 1.316588198237803264e-25 -2.324165482739710898e-25 3.542214460972793127e-24 1.236119842501781128e-23 3.385030830528787931e-22 1.653815239104767665e-21 2.919978574333419504e-20 1.881137294589554321e-19 1.832850383432197238e-18 1.428957077879549366e-17 9.191205740587159863e-17 6.602144365763586822e-16 3.366700402023579275e-15 1.790165202034169405e-14 7.135678837753015768e-14 2.455554561974552177e-13 6.376251017817615585e-13 1.183304733806000534e-12 1.507317226430104702e-12 1.509826069281095182e-12 1.192101620019153417e-12 6.501731582139331147e-13 2.631867836836683278e-13 8.956319356356943620e-14 2.960234836481925363e-14 1.057129359685529119e-14 4.050971854139808018e-15 1.546871474759252825e-15 5.568339012457962644e-16 1.849223259989539957e-16 5.647581342574398519e-17 1.592054677699863125e-17 4.165828357808776868e-18 1.017538561588852681e-18 2.332189603342862849e-19 5.039129013426309346e-20 1.030667446345720819e-20 2.002899758111513584e-21 3.710514346672603478e-22 6.573340893619794385e-23 1.116807351231948217e-23 1.824259244134481890e-24 2.839208408492144053e-25 0.000000000000000000e+00
0.000000000000000000e+00 -1.485539071323342672e-29 6.634363939098463662e-29 -3.509241397820642249e-28 1.647609707362782100e-27 -6.701768657403044620e-27 2.541561248560752243e-26 -6.033078508301687656e-26 3.794577231559042020e-25 5.956760717414879942e-25 3.066419806975597597e-23 8.439627803601170853e-23 2.528143689322037179e-21 1.292661299194528195e-20 1.352026433517497163e-19 1.117278883591164730e-18 6.017383826024296409e-18 5.124432013324560839e-17 2.202442240266931934e-16 1.302091984994241572e-15 4.792051600689125167e-15 1.673148982151286647e-14 4.284684071183312751e-14 7.832977312327415990e-14 9.996788427977877627e-14 1.004137286535928897e-13 7.988926063996652221e-14 4.511157818040406048e-14 1.995130871097067343e-14 8.123218834418882165e-15 3.463664842162676250e-15 1.554715916632388189e-15 6.831343531560101462e-16 2.781969919682864147e-16 1.030071355155897818e-16 3.466188168239684805e-17 1.066403414885883859e-17 3.021911325551482236e-18 7.943056643695723156e-19 1.948739638387871033e-19 4.486924928409454845e-20 9.741864060673621508e-21 2.002899758111514337e-21 3.914115982823424594e-22 7.295468132826172919e-23 1.301075242399510839e-23 2.226919935043316428e-24 3.667888085926628287e-25 5.762760592943766411e-26 0.000000000000000000e+00
0.000000000000000000e+00 -3.208216952561815417e-30 1.415984414312315883e-29 -7.420331223700003890e-29 3.411361842238556053e-28 -1.359654998159078989e-27 4.684446284356270613e-27 -1.087005893291334233e-26 3.351519132476538831e-26 6.835982993170300839e-26 2.466973760802011704e-24 2.201547525415029014e-24 2.180320239385042565e-22 8.118820180197326999e-22 9.124791645942338282e-21 9.087175620393592760e-20 3.088326833474904332e-19 4.174347235389389165e-18 1.199379776087944808e-17 9.591123844760857542e-17 2.968948509201141887e-16 1.099267696617998320e-15 2.770292199886150308e-15 4.931992181188095818e-15 6.322425884972412370e-15 6.397315423332135472e-15 5.193165403573809667e-15 3.156441300075035101e-15 1.654462754050557548e-15 8.726091888041402553e-16 4.733906390870160419e-16 2.457881428134556906e-16 1.156625959823668249e-16 4.855054558271093113e-17 1.823906865794417530e-17 6.188825937537631617e-18 1.915468125499435904e-18 5.455781369929964892e-19 1.441038308950216594e-19 3.552750841333155545e-20 8.221588617561737852e-21 1.794563066049552669e-21 3.710514346672604889e-22 7.295468132826178796e-23 1.368836432080201533e-23 2.459120179614879060e-24 4.243782621618316840e-25 7.055826221145281861e-26 1.120853750874484812e-26 0.000000000000000000e+00
0.000000000000000000e+00 -6.589307738678520030e-31 2.869284063835165104e-30 -1.484287690555117211e-29 6.660267729525863256e-29 -2.556125436448342612e-28 7.924950355684084434e-28 -1.429761645659253874e-27 -2.102968169747933032e-28 2.988063101202450812e-26 9.115378837282622839e-26 8.309666054864890838e-26 1.788477446352922469e-23 4.891436221875375234e-23 5.014049507872811695e-22 8.186484004145573809e-21 3.267800188925007378e-21 3.786851310614960181e-19 3.251061451256276575e-19 7.564578956677420037e-18 1.591270671254785733e-17 7.062170225402831666e-17 1.744600986200208292e-16 2.936911477049989032e-16 3.805755047309251503e-16 3.925142787043635199e-16 3.351942419804894927e-16 2.369333551275951687e-16 1.614160888097046488e-16 1.103128824634163270e-16 7.013948077890448147e-17 3.922638529574250113e-17 1.907412762577665192e-17 8.134871565141374652e-18 3.084792307586111797e-18 1.053880161899841585e-18 3.280799789346709215e-19 9.395473744095945199e-20 2.494901488358576604e-20 6.184226706723492004e-21 1.439103701274898978e-21 3.159543424485220528e-22 6.573340893619794385e-23 1.301075242399511426e-23 2.459120179614880897e-24 4.454159030489063203e-25 7.759063145798448629e-26 1.304234758111157055e-26 2.099357292420854305e-27 0.000000000000000000e+00
0.000000000000000000e+00 -1.290181230910100326e-31 5.530374087548451097e-31 -2.813091550257113482e-30 1.224220715777169594e-29 -4.436681593083564636e-29 1.175059936065874197e-28 -7.546783362512819474e-29 -1.326062833672464095e-27 1.100184432431228063e-26 -3.175321460622881637e-26 1.052434115252818006e-25 1.137465776185949247e-24 3.905850337491700030e-24 8.744920207144914531e-24 8.527255642629475460e-22 -2.401686024280618253e-21 3.949411362323660610e-20 -4.724750877018892791e-20 6.783688389642726977e-19 5.474561326310015911e-19 4.550179948957854838e-18 1.095217928013396647e-17 1.617387123559180268e-17 2.153341926410270059e-17 2.334626794066689992e-17 2.245598892356007059e-17 2.057939523138375130e-17 1.868720862632236127e-17 1.528980422974970940e-17 1.056139377450710520e-17 6.122516510324811828e-18 3.029362974035921924e-18 1.305468105488097959e-18 4.988437278953049013e-19 1.715400378477917428e-19 5.372553494910230719e-20 1.547614349367159794e-20 4.133573484033812845e-21 1.030670659904365383e-21 2.413054353937333535e-22 5.331702030754253437e-23 1.116807351231947629e-23 2.226919935043317163e-24 4.243782621618318676e-25 7.759063145798452073e-26 1.366493300049884074e-26 2.327122271464823140e-27 3.806656929705233958e-28 0.000000000000000000e+00
0.000000000000000000e+00 -2.411609529328948517e-32 1.014830764688710656e-31 -5.051950471613873099e-31 2.111622267698371864e-30 -7.017545624390082619e-30 1.371547079885435601e-29 3.233766615079835845e-29 -5.044550321498911413e-28 3.228030230440096366e-27 -1.311740893961680963e-26 4.382490156611940448e-26 -2.054217480211177895e-26 6.289957811562824211e-25 -3.770338649416725483e-24 1.010690251829415670e-22 -5.236468094298840979e-22 4.618900496019173660e-21 -1.245798364938355883e-20 7.048960233924206528e-20 -2.738688232673091824e-20 3.070418464363679469e-19 7.160999508592154847e-19 7.631375150112039246e-19 1.095850366051534596e-18 1.358823732071732122e-18 1.671740285426147356e-18 2.133646125075207536e-18 2.409482649795348452e-18 2.172280965967815649e-18 1.562155978900317109e-18 9.230179476176659505e-19 4.619173915286930647e-19 2.007436335852318786e-19 7.726405779961336327e-20 2.674707350825629989e-20 8.430893855537393786e-21 2.443933183426372277e-21 6.568801277949294629e-22 1.648388595261287033e-22 3.884911326067628590e-23 8.643903763129866536e-24 1.824259244134481890e-24 3.667888085926629664e-25 7.055826221145284157e-26 1.304234758111157055e-26 2.327122271464821705e-27 4.026163056684199541e-28 6.717515152853432957e-29 0.000000000000000000e+00
0.000000000000000000e+00 -4.281824980309595520e-33 1.769107946086177540e-32 -8.558169099471089317e-32 3.381189387895296079e-31 -9.726276210755246892e-31 6.550385422386709094e-31 1.596110207980809422e-29 -1.436657550326998326e-28 8.264256942054825500e-28 -3.573371808286026506e-27 1.261645795208053923e-26 -3.095856298056208400e-26 1.420723744104275233e-25 -9.541242054357512837e-25 1.279723423821945644e-23 -8.205842007207074816e-23 5.682468493136990229e-22 -2.015150337837336937e-21 8.089578693033370305e-21 -9.528066864402303745e-21 2.285781556870830556e-20 5.183043809411347407e-20 2.099508026185354624e-20 4.205286634974337093e-20 7.828284865795710051e-20 1.458547504544939676e-19 2.500635107774149680e-19 3.196200344912624938e-19 3.020203422381330025e-19 2.217712276072495353e-19 1.326284724606840370e-19 6.696759174474927175e-20 2.932681007362427788e-20 1.136758729804969109e-20 3.961881268532669977e-21 1.257081457172190999e-21 3.667923005043632216e-22 9.923829393022898539e-23 2.507190825866194998e-23 5.950859148077511369e-24 1.334132192129369441e-24 2.839208408492145890e-25 5.762760592943771003e-26 1.120853750874485529e-26 2.099357292420853946e-27 3.806656929705230819e-28 6.717515152853431836e-29 1.149588774723083066e-29 0.000000000000000000e+00
0.000000000000000000e+00 0.000000000000000000e+00 0.000000000000000000e+00 0.000000000000000000e+00 0.000000000000000000e+00 0.000000000000000000e+00 0.000000000000000000e+00 0.000000000000000000e+00 0.000000000000000000e+00 0.000000000000000000e+00 0.000000000000000000e+00 0.000000000000000000e+00 0.000000000000000000e+00 0.000000000000000000e+00 0.000000000000000000e+00 0.000000000000000000e+00 0.000000000000000000e+00 0.000000000000000000e+00 0.000000000000000000e+00 0.000000000000000000e+00 0.000000000000000000e+00 0.000000000000000000e+00 0.000000000000000000e+00 0.000000000000000000e+00 0.000000000000000000e+00 0.000000000000000000e+00 0.000000000000000000e+00 0.000000000000000000e+00 0.000000000000000000e+00 0.000000000000000000e+00 0.000000000000000000e+00 0.000000000000000000e+00 0.000000000000000000e+00 0.000000000000000000e+00 0.000000000000000000e+00 0.000000000000000000e+00 0.000000000000000000e+00 0.000000000000000000e+00 0.000000000000000000e+00 0.000000000000000000e+00 0.000000000000000000e+00 0.000000000000000000e+00 0.000000000000000000e+00 0.000000000000000000e+00 0.000000000000000000e+00 0.000000000000000000e+00 0.000000000000000000e+00 0.000000000000000000e+00 0.000000000000000000e+00 0.000000000000000000e+00
