0.000000000000000000e+00 0.000000000000000000e+00 0.000000000000000000e+00 0.000000000000000000e+00 0.000000000000000000e+00 0.000000000000000000e+00 0.000000000000000000e+00 0.000000000000000000e+00 0.000000000000000000e+00 0.000000000000000000e+00 0.000000000000000000e+00 0.000000000000000000e+00 0.000000000000000000e+00 0.000000000000000000e+00 0.000000000000000000e+00 0.000000000000000000e+00 0.000000000000000000e+00 0.000000000000000000e+00 0.000000000000000000e+00 0.000000000000000000e+00 0.000000000000000000e+00 0.000000000000000000e+00 0.000000000000000000e+00 0.000000000000000000e+00 0.000000000000000000e+00 0.000000000000000000e+00 0.000000000000000000e+00 0.000000000000000000e+00 0.000000000000000000e+00 0.000000000000000000e+00 0.000000000000000000e+00 0.000000000000000000e+00 0.000000000000000000e+00 0.000000000000000000e+00 0.000000000000000000e+00 0.000000000000000000e+00 0.000000000000000000e+00 0.000000000000000000e+00 0.000000000000000000e+00 0.000000000000000000e+00 0.000000000000000000e+00 0.000000000000000000e+00 0.000000000000000000e+00 0.000000000000000000e+00 0.000000000000000000e+00 0.000000000000000000e+00 0.000000000000000000e+00 0.000000000000000000e+00 0.000000000000000000e+00 0.000000000000000000e+00
0.000000000000000000e+00 2.272944808015754162e-33 2.480770269600578134e-32 2.579517162576773059e-31 2.591167887901739151e-30 2.501395099701501716e-29 2.318633081676075371e-28 2.056943682526944860e-27 1.741843738403290634e-26 1.403186666242554030e-25 1.071385519578068375e-24 7.720514710804798345e-24 5.225124823540883025e-23 3.302382230425495698e-22 1.936185313086235003e-21 1.044787493857672560e-20 5.140086088974616308e-20 2.279357484082969807e-19 8.984451717901520452e-19 3.094153356157755974e-18 9.115166403299911857e-18 2.238870284707189505e-17 4.454203164100761876e-17 6.995412549005754419e-17 8.632883215212798517e-17 8.632883143725101625e-17 6.995412357986890009e-17 4.454202918992896383e-17 2.238870041086254095e-17 9.115164383808446387e-18 3.094151824992611414e-18 8.984440910141989569e-19 2.279351159795492191e-19 5.140049955441702838e-20 1.044770109275890294e-20 1.936105865851042563e-21 3.302060588056329536e-22 5.223908656718678712e-23 7.716306021019176143e-24 1.070023548308211760e-24 1.399085501860344815e-25 1.730200855499002226e-26 2.025901546127308645e-27 2.239925681965251769e-28 2.312762954493440610e-29 2.158185674769929491e-30 1.635126592537348652e-31 4.999520900778247944e-33 -1.590125245316441213e-33 0.000000000000000000e+00
0.000000000000000000e+00 2.480770269601063114e-32 2.713435293677661220e-31 2.850135468165665952e-30 2.883767234135336914e-29 2.807876199528515231e-28 2.623551892069231589e-27 2.346684332385602991e-26 2.003420501568598497e-25 1.627178919317085171e-24 1.252645790784949785e-23 9.101536349632672705e-23 6.211213297832096211e-22 3.958710737517634893e-21 2.340772465275980993e-20 1.274000567111434463e-19 6.322388461318573163e-19 2.828265465360014570e-18 1.124590429984047335e-17 3.906438631453012175e-17 1.160320537104125775e-16 2.871276825860010407e-16 5.746665320385607054e-16 9.058171216227631261e-16 1.118908514610374443e-15 1.118908513710289081e-15 9.058171192360344806e-16 5.746665295557222762e-16 2.871276815240800747e-16 1.160320538944795879e-16 3.906438739439497400e-17 1.124590567594974034e-17 2.828266448563179005e-18 6.322395040504107181e-19 1.274003890069115107e-19 2.340788228453797021e-20 3.958774735910151270e-21 6.211454504736119040e-22 9.102358730583170263e-23 1.252907304115276054e-23 1.627948747398092124e-24 2.005558204830176047e-25 2.352236985119182232e-26 2.637315581750099476e-27 2.839977670808496456e-28 2.955906956643250033e-29 3.003354317693613649e-30 3.028928597801580244e-31 3.094539913530944688e-32 0.000000000000000000e+00
0.000000000000000000e+00 2.579517162576213415e-31 2.850135468165822547e-30 3.016354652631064285e-29 3.078284275464393436e-28 3.021546822486066115e-27 2.846573985525201424e-26 2.566963821031753638e-25 2.209412099232081692e-24 1.809132710615178047e-23 1.404103929923301768e-22 1.028562953901675356e-21 7.077132083490001046e-21 4.548065385980485979e-20 2.711818362032973465e-19 1.488474021488722625e-18 7.450165593044462560e-18 3.361644328186145734e-17 1.348283038267399437e-16 4.723642574520728253e-16 1.414607703186365336e-15 3.526691942270356050e-15 7.100960694281851790e-15 1.123371962388306123e-14 1.388887086300670809e-14 1.388887086411638137e-14 1.123371962702708372e-14 7.100960695512094571e-15 3.526691936062754761e-15 1.414607692536623012e-15 4.723642440472955176e-16 1.348282908596339815e-16 3.361643477136761696e-17 7.450160094278222901e-18 1.488471311040253974e-18 2.711805485680241417e-19 4.548013323945138962e-20 7.076934441398936851e-21 1.028495237586775896e-21 1.403886967789782950e-22 1.808488617505901177e-23 2.207611757106982427e-24 2.562244391519070517e-25 2.834820330948011055e-26 2.993909970763640940e-27 3.016056022518390682e-28 2.883464341525812926e-29 2.576981726327371974e-30 2.051598342970756318e-31 0.000000000000000000e+00
0.000000000000000000e+00 2.591167887902199828e-30 2.883767234135192861e-29 3.078284275464422134e-28 3.166850454915443847e-27 3.134092727653054756e-26 2.976493441511522477e-25 2.705798869897547810e-24 2.347574883928119547e-23 1.937613188732168058e-22 1.515790213973287706e-21 1.119213655388983315e-20 7.762278608449566028e-20 5.028374009248901010e-19 3.022455472757405526e-18 1.672547195747947343e-17 8.440825291587404039e-17 3.840544538006560971e-16 1.553330145450339305e-15 5.487468170905242678e-15 1.656595060429392690e-14 4.160331636263559376e-14 8.426583580777636576e-14 1.337867655678151113e-13 1.655441000618273214e-13 1.655441000539574683e-13 1.337867655441887398e-13 8.426583579185365647e-14 4.160331638922761524e-14 1.656595065716082255e-14 5.487468243857919846e-15 1.553330218605856080e-15 3.840545018067477315e-16 8.440828482591713426e-17 1.672548753570841291e-17 3.022463002627828811e-18 5.028404278684931358e-19 7.762394410728143455e-20 1.119253247362652304e-20 1.515917312568564988e-21 1.937990109783972661e-22 2.348627008909383071e-23 2.708552115903687252e-24 2.983324436475772014e-25 3.150099578333875525e-26 3.202668990293713759e-27 3.154325399063665942e-28 3.038678585848646394e-29 2.888023201094583017e-30 0.000000000000000000e+00
0.000000000000000000e+00 2.501395099701214169e-29 2.807876199528603121e-28 3.021546822486051048e-27 3.134092727653053609e-26 3.126690475936919241e-25 2.993275831950736920e-24 2.742606106344182251e-23 2.398179598714732356e-22 1.994763511100838617e-21 1.572537303981713769e-20 1.170023790169241986e-19 8.176820274056261520e-19 5.337550173648002677e-18 3.233057754657949449e-17 1.803034990138046786e-16 9.171202459747900527e-16 4.206248864952237895e-15 1.714975851061084567e-14 6.107269234112683730e-14 1.858099786882295262e-13 4.699807489304028720e-13 9.574644317439069739e-13 1.525455215124574116e-12 1.888942482263238741e-12 1.888942482290845086e-12 1.525455215221383732e-12 9.574644318081695775e-13 4.699807487858042894e-13 1.858099784207142724e-13 6.107269196010980949e-14 1.714975812470207561e-14 4.206248614320690888e-15 9.171200749813830674e-16 1.803034168831925840e-16 3.233053704753624461e-17 5.337534059660859113e-18 8.176758011537557759e-19 1.170002602633141913e-19 1.572469098619568906e-20 1.994561771854627020e-21 2.397617355465951464e-22 2.741139575927695680e-23 2.989654732768618442e-24 3.118251736665459214e-25 3.115363121778220939e-26 2.982140817416838640e-27 2.728583027643513310e-28 2.351528070876759577e-29 0.000000000000000000e+00
0.000000000000000000e+00 2.318633081676226039e-28 2.623551892069192129e-27 2.846573985525201424e-26 2.976493441511527528e-25 2.993275831950735818e-24 2.888156214079185796e-23 2.666861517034858786e-22 2.349788690132501354e-21 1.969244990655840008e-20 1.563958091332033727e-19 1.172189664318366980e-18 8.251638536869265369e-18 5.425484063615624734e-17 3.310209096236409571e-16 1.859577871239142438e-15 9.528916271753891129e-15 4.403189724565049900e-14 1.808956700366799128e-13 6.491178276643356479e-13 1.989647731571573139e-12 5.067253897607034818e-12 1.038134003127333724e-11 1.659543064468881553e-11 2.056270423545399666e-11 2.056270423535529075e-11 1.659543064429198209e-11 1.038134003101342805e-11 5.067253898336578230e-12 1.989647732857967027e-12 6.491178295227092783e-13 1.808956719064354555e-13 4.403189843745510488e-14 9.528917104867501307e-15 1.859578261502363558e-15 3.310211066450078010e-16 5.425491767370883151e-17 8.251668684270260498e-18 1.172199826009736816e-18 1.563990910703697953e-19 1.969341470654972641e-20 2.350056746204130810e-21 2.667555911777123230e-22 2.889856820242650189e-23 2.997197526290704895e-24 2.985077384299936113e-25 2.864332027582979065e-26 2.658507615016595121e-27 2.382938045850302528e-28 0.000000000000000000e+00
0.000000000000000000e+00 2.056943682526875265e-27 2.346684332385615905e-26 2.566963821031757312e-25 2.705798869897541198e-24 2.742606106344185777e-23 2.666861517034857376e-22 2.481260795758536531e-21 2.202529762115357967e-20 1.859265072225386024e-19 1.487122184471827240e-18 1.122371438051265894e-17 7.955080441401905375e-17 5.265891564417477276e-16 3.234455073655365094e-15 1.829271325544088016e-14 9.437442546901456076e-14 4.391092913179245931e-13 1.816687669681699279e-12 6.565266644426361752e-12 2.026460527181051729e-11 5.194726140714373991e-11 1.069958639207057903e-10 1.715858087822875133e-10 2.127107279198941638e-10 2.127107279250195817e-10 1.715858087964611238e-10 1.069958639359748723e-10 5.194726141407318699e-11 2.026460527191286474e-11 6.565266638879952571e-12 1.816687662541508745e-12 4.391092865574635648e-13 9.437442190258945341e-14 1.829271162112970670e-14 3.234454216175209439e-15 5.265888291209717581e-16 7.955067381459571042e-17 1.122367107031869914e-17 1.487108128923032291e-18 1.859224241139047949e-19 2.202416947396558541e-20 2.480972401476823306e-21 2.666165418838600516e-22 2.741032846286972808e-23 2.702443544208736399e-24 2.560254537300906765e-25 2.334064638292815209e-26 2.035127499739915474e-27 0.000000000000000000e+00
0.000000000000000000e+00 1.741843738403315602e-26 2.003420501568595512e-25 2.209412099232076916e-24 2.347574883928124837e-23 2.398179598714729535e-22 2.349788690132503987e-21 2.202529762115356763e-20 1.969230195296108402e-19 1.673953707903785710e-18 1.347961822217348262e-17 1.024005878735897608e-16 7.303993515916562641e-16 4.864838439192228391e-15 3.006289008020267776e-14 1.710491481840452782e-13 8.878127248395440141e-13 4.156277102568778372e-12 1.730359205315878158e-11 6.293387154903623441e-11 1.954968218985129628e-10 5.041708872192632761e-10 1.043629826440520550e-09 1.678540487206138531e-09 2.081553317844937268e-09 2.081553317754164536e-09 1.678540486952367584e-09 1.043629826141594434e-09 5.041708869950450110e-10 1.954968217604544765e-10 6.293387149492520651e-11 1.730359204680316842e-11 4.156277107632131847e-12 8.878127345435558149e-13 1.710491530517006643e-13 3.006289310146086934e-14 4.864839588542545219e-15 7.303998376055595739e-16 1.024007464988617143e-16 1.347967055922329234e-17 1.673968642292242244e-18 1.969271177986249225e-19 2.202632031837519609e-20 2.350029066258615689e-21 2.398701084088952847e-22 2.348626945482506165e-23 2.211350497835448797e-24 2.006638891688506063e-25 1.746327381054202845e-26 0.000000000000000000e+00
0.000000000000000000e+00 1.403186666242549208e-25 1.627178919317082783e-24 1.809132710615183924e-23 1.937613188732163827e-22 1.994763511100840498e-21 1.969244990655839707e-20 1.859265072225384339e-19 1.673953707903786288e-18 1.432479749929788289e-17 1.160880771683197149e-16 8.872461421037549456e-16 6.365124788686354410e-15 4.262916407538462365e-14 2.648322508249722360e-13 1.514623236900354755e-12 7.901873652941524355e-12 3.718453171517894181e-11 1.556336514718097374e-10 5.691601326275130430e-10 1.777903786209927255e-09 4.609664979513339700e-09 9.584811206699905380e-09 1.545583048160012510e-08 1.916950218632921818e-08 1.916950218559070802e-08 1.545583047990100017e-08 9.584811205123989001e-09 4.609664978931982276e-09 1.777903786447111990e-09 5.691601329227613073e-10 1.556336516304444191e-10 3.718453178206030066e-11 7.901873655601851912e-12 1.514623234531615028e-12 2.648322445170486878e-13 4.262916150616280857e-14 6.365123429468507086e-15 8.872456972002126971e-16 1.160879201636067529e-16 1.432475355709829140e-17 1.673941628930633413e-18 1.859236223462874010e-19 1.969180675357585763e-20 1.994637393111796031e-21 1.937397568139028575e-22 1.808850796994273357e-23 1.627034819726152047e-24 1.403920029762527373e-25 0.000000000000000000e+00
0.000000000000000000e+00 1.071385519578066355e-24 1.252645790784955369e-23 1.404103929923297772e-22 1.515790213973289963e-21 1.572537303981712565e-20 1.563958091332033727e-19 1.487122184471829359e-18 1.347961822217347492e-17 1.160880771683197396e-16 9.464049799335428531e-16 7.273499616689044707e-15 5.244889043637194439e-14 3.529364276451513014e-13 2.202279677654251330e-12 1.264749945236464488e-11 6.624654194181493765e-11 3.129831865182371892e-10 1.315341396418952074e-09 4.830999524334399007e-09 1.515868666810883036e-08 3.947775520255454475e-08 8.239713173429293342e-08 1.331506987996245019e-07 1.651270361382739118e-07 1.651270361981696761e-07 1.331506989592852891e-07 8.239713191393145588e-08 3.947775533034614080e-08 1.515868673976379760e-08 4.830999557778532918e-09 1.315341409335618048e-09 3.129831907472256263e-10 6.624654320908279087e-11 1.264749977485931291e-11 2.202279767628470166e-12 3.529364480267786515e-13 5.244889671616288881e-14 7.273501104117675009e-15 9.464054396666573210e-16 1.160881859622149730e-16 1.347964612950735276e-17 1.487127812835640446e-18 1.563968254366313683e-19 1.572548192762479369e-20 1.515780860257691942e-21 1.403993654833207316e-22 1.252202403554489046e-23 1.070015536895125681e-24 0.000000000000000000e+00
0.000000000000000000e+00 7.720514710804835079e-24 9.101536349632637440e-23 1.028562953901678178e-21 1.119213655388981961e-20 1.170023790169241986e-19 1.172189664318368713e-18 1.122371438051264508e-17 1.024005878735899211e-16 8.872461421037552414e-16 7.273499616689044707e-15 5.618015327526243370e-14 4.069153196481501954e-13 2.748840846540620328e-12 1.721014264331209079e-11 9.912507639502837217e-11 5.205614077248744504e-10 2.465454510872658208e-09 1.038734360789063565e-08 3.825543797458823876e-08 1.204043986462099970e-07 3.145780842977583786e-07 6.584477418668488408e-07 1.065615303488969400e-06 1.320977978188931001e-06 1.320977976876903648e-06 1.065615299869159277e-06 6.584477376652327502e-07 3.145780810850592361e-07 1.204043966088916239e-07 3.825543693863800618e-08 1.038734317166031495e-08 2.465454353190295562e-09 5.205613576148136078e-10 9.912506228517566389e-11 1.721013900751606096e-11 2.748840004853711080e-12 4.069151338411992220e-13 5.618011644807315016e-14 7.273492386802588336e-15 8.872448891522693674e-16 1.024003737563271986e-16 1.122368529570289662e-17 1.172186914836357966e-18 1.170027092903870749e-19 1.119241102910629634e-20 1.028668204465500103e-21 9.104729083703922487e-23 7.729050758931940570e-24 0.000000000000000000e+00
0.000000000000000000e+00 5.225124823540864805e-23 6.211213297832116899e-22 7.077132083489990514e-21 7.762278608449569639e-20 8.176820274056268260e-19 8.251638536869251502e-18 7.955080441401918933e-17 7.303993515916555738e-16 6.365124788686357565e-15 5.244889043637194439e-14 4.069153196481502964e-13 2.958216669821441823e-12 2.004221752464793689e-11 1.257538643496527990e-10 7.253701993459528496e-10 3.812796245120590141e-09 1.806800517247497457e-08 7.615931066145930476e-08 2.806770643340182708e-07 8.843744979985254035e-07 2.314116602963998755e-06 4.851105216459350511e-06 7.855759863211521929e-06 9.730316972952247974e-06 9.730316990553656992e-06 7.855759913241023209e-06 4.851105275778813542e-06 2.314116650519689490e-06 8.843745302943259419e-07 2.806770813097345861e-07 7.615931809039035602e-08 1.806800796406986753e-08 3.812797163810774419e-09 7.253704684372082615e-10 1.257539356791991726e-10 2.004223473801473315e-11 2.958220516819869751e-12 4.069161120940699237e-13 5.244904419389877466e-14 6.365152380465363312e-15 7.304040375230237525e-16 7.955152780526996845e-17 8.251739610963301681e-18 8.176930301914720909e-19 7.762322652874982323e-20 7.076877624471091900e-21 6.210076313127239342e-22 5.221750655775152258e-23 0.000000000000000000e+00
0.000000000000000000e+00 3.302382230425501341e-22 3.958710737517631131e-21 4.548065385980490794e-20 5.028374009248902936e-19 5.337550173648001907e-18 5.425484063615633362e-17 5.265891564417468402e-16 4.864838439192235490e-15 4.262916407538461103e-14 3.529364276451515034e-13 2.748840846540620328e-12 2.004221752464793689e-11 1.360457197284772620e-10 8.543219803488903410e-10 4.926864130177012595e-09 2.586814788203627043e-08 1.223610598863382888e-07 5.146595747109525720e-07 1.892823569370779733e-06 5.954835350175834561e-06 1.556921166881948524e-05 3.262761308943679404e-05 5.280438334421081061e-05 6.531560557390889686e-05 6.531560540987459693e-05 5.280438286214295411e-05 3.262761250672874502e-05 1.556921118167542127e-05 5.954835001325681153e-06 1.892823383245948425e-06 5.146594911040818574e-07 1.223610277625528837e-07 2.586813708934602566e-08 4.926860900293449313e-09 8.543211069219595955e-10 1.360455041611419958e-10 2.004216842863528745e-11 2.748830480235150551e-12 3.529343777134267488e-13 4.262878467297037369e-14 4.864772082078717100e-15 5.265782674212008673e-16 5.425315654309164173e-17 5.337309890378266043e-18 5.028065480687729327e-19 4.547746045038839513e-20 3.958558867397176894e-21 3.302851710685062830e-22 0.000000000000000000e+00
0.000000000000000000e+00 1.936185313086234250e-21 2.340772465275982498e-20 2.711818362032972984e-19 3.022455472757405140e-18 3.233057754657951914e-17 3.310209096236405626e-16 3.234455073655369433e-15 3.006289008020267776e-14 2.648322508249724379e-13 2.202279677654252542e-12 1.721014264331210048e-11 1.257538643496527731e-10 8.543219803488900308e-10 5.361566337785256538e-09 3.085502114995521641e-08 1.614299567749723169e-07 7.599760276492015143e-07 3.178860628346802896e-06 1.162464288976488228e-05 3.638200042505894600e-05 9.473333834200862807e-05 1.979456266002005893e-04 3.196022665091115397e-04 3.944956512361703742e-04 3.944956523307627271e-04 3.196022698663809176e-04 1.979456307394915500e-04 9.473334195120802033e-05 3.638200313210618564e-05 1.162464433747105096e-05 3.178861293129122818e-06 7.599762863721235772e-07 1.614300448267678009e-07 3.085504784415376888e-08 5.361573646061642608e-09 8.543238074082817552e-10 1.257542855688578107e-10 1.721023280889020105e-11 2.202297736961824826e-12 2.648356473912305478e-13 3.006349390516275287e-14 3.234556581731394745e-15 3.310371218815410144e-16 3.233302774301557537e-17 3.022805324148005830e-18 2.712282695759538905e-19 2.341328859350974634e-20 1.936724876297455579e-21 0.000000000000000000e+00
0.000000000000000000e+00 1.044787493857673312e-20 1.274000567111433741e-19 1.488474021488722047e-18 1.672547195747948884e-17 1.803034990138045800e-16 1.859577871239144016e-15 1.829271325544087385e-14 1.710491481840455053e-13 1.514623236900353947e-12 1.264749945236464811e-11 9.912507639502833339e-11 7.253701993459525394e-10 4.926864130177011767e-09 3.085502114995522303e-08 1.768252720150393653e-07 9.193053682022475626e-07 4.292070590933981086e-06 1.777687943639181324e-05 6.432133484735930900e-05 1.992528519683633124e-04 5.142726579323262130e-04 1.067341240286409122e-03 1.714899011897933574e-03 2.110077015869238348e-03 2.110077010721435158e-03 1.714898995091684039e-03 1.067341219097499554e-03 5.142726385895062240e-04 1.992528368246757932e-04 6.432132684043980007e-05 1.777687567570813051e-05 4.292069122242817628e-06 9.193048646831566311e-07 1.768251184193694017e-07 3.085497887665749473e-08 4.926853509771074790e-09 7.253677406422173528e-10 9.912454797484398132e-11 1.264739327738103269e-11 1.514603194759903370e-12 1.710455735813953554e-13 1.829210922592994226e-14 1.859480728575229504e-15 1.802886241571311065e-16 1.672329877080664516e-17 1.488172276785315565e-18 1.273604569650648591e-19 1.044311138891802539e-20 0.000000000000000000e+00
0.000000000000000000e+00 5.140086088974616308e-20 6.322388461318568348e-19 7.450165593044464101e-18 8.440825291587401574e-17 9.171202459747896583e-16 9.528916271753892707e-15 9.437442546901458601e-14 8.878127248395437112e-13 7.901873652941529202e-12 6.624654194181492473e-11 5.205614077248747606e-10 3.812796245120589314e-09 2.586814788203627374e-08 1.614299567749723698e-07 9.193053682022476685e-07 4.734822592442957331e-06 2.183139661750885314e-05 8.904901667252630921e-05 3.167249205173796591e-04 9.642156519969583050e-04 2.449877254238095031e-03 5.021635305102696567e-03 7.998021567462328119e-03 9.794736693251565596e-03 9.794736709087611612e-03 7.998021625228222617e-03 5.021635380024981089e-03 2.449877326478291494e-03 9.642157109485397686e-04 3.167249506560269336e-04 8.904903126037464031e-05 2.183140224423935625e-05 4.734824525013975083e-06 9.193059550563811952e-07 1.614301171570990795e-07 2.586818776699771113e-08 3.812805347171304475e-09 5.205633271936079536e-10 6.624691830759343930e-11 7.901942582206546963e-12 8.878245716927671847e-13 9.437634122187429259e-14 9.529208810387127475e-15 9.171624426650372466e-16 8.441401099188152441e-17 7.450905665143758580e-18 6.323278351478289271e-19 5.141054522954450942e-20 0.000000000000000000e+00
0.000000000000000000e+00 2.279357484082969807e-19 2.828265465360015340e-18 3.361644328186145118e-17 3.840544538006562450e-16 4.206248864952238684e-15 4.403189724565051162e-14 4.391092913179244922e-13 4.156277102568779180e-12 3.718453171517893535e-11 3.129831865182373960e-10 2.465454510872657794e-09 1.806800517247497457e-08 1.223610598863383153e-07 7.599760276492013025e-07 4.292070590933979392e-06 2.183139661750885314e-05 9.894698891950386003e-05 3.948689358534082107e-04 1.368785949499678285e-03 4.054158618911835391e-03 1.003689044069922855e-02 2.014123214441468010e-02 3.160968702444474226e-02 3.843536716114354101e-02 3.843536713680961725e-02 3.160968690485822796e-02 2.014123198216472704e-02 1.003689027170093055e-02 4.054158475034840871e-03 1.368785882266826404e-03 3.948689012210328470e-04 9.894697634229634184e-05 2.183139233097147037e-05 4.292069345776889333e-06 7.599757067825898278e-07 1.223609868595262549e-07 1.806799061390939640e-08 2.465452030330977035e-09 3.129828509951999347e-10 3.718450586713853230e-11 4.156280467140776063e-12 4.391114416960476921e-13 4.403253663419570071e-14 4.206398499773481895e-15 3.840849765282941160e-16 3.362209747785974631e-17 2.829235837777175587e-18 2.280898200184287330e-19 0.000000000000000000e+00
0.000000000000000000e+00 8.984451717901506970e-19 1.124590429984048105e-17 1.348283038267398697e-16 1.553330145450338122e-15 1.714975851061084882e-14 1.808956700366799128e-13 1.816687669681701097e-12 1.730359205315878158e-11 1.556336514718097633e-10 1.315341396418951247e-09 1.038734360789063235e-08 7.615931066145927829e-08 5.146595747109522543e-07 3.178860628346801202e-06 1.777687943639180986e-05 8.904901667252630921e-05 3.948689358534082107e-04 1.530336645513199947e-03 5.114702512450442808e-03 1.453437987208866695e-02 3.452501682898226343e-02 6.689687475171823827e-02 1.024509459098621872e-01 1.232000164659744212e-01 1.232000164502647516e-01 1.024509459918123561e-01 6.689687488188215958e-02 3.452501699470240243e-02 1.453438002095435930e-02 5.114702555278930959e-03 1.530336677630384293e-03 3.948689426860989824e-04 8.904901875840579267e-05 1.777687955238436613e-05 3.178860484198774896e-06 5.146594742977086571e-07 7.615926730551315357e-08 1.038732864479769438e-08 1.315336951655202249e-09 1.556324759230767180e-10 1.730330972610818408e-11 1.816625275415521946e-12 1.808828592931096923e-13 1.714729639473987770e-14 1.552884564786208112e-15 1.347519871415550721e-16 1.123348602891850859e-17 8.965455054237522360e-19 0.000000000000000000e+00
0.000000000000000000e+00 3.094153356157758671e-18 3.906438631453012175e-17 4.723642574520726281e-16 5.487468170905245044e-15 6.107269234112679943e-14 6.491178276643359508e-13 6.565266644426356098e-12 6.293387154903627318e-11 5.691601326275131464e-10 4.830999524334399007e-09 3.825543797458826523e-08 2.806770643340183237e-07 1.892823569370779521e-06 1.162464288976488228e-05 6.432133484735928189e-05 3.167249205173796049e-04 1.368785949499678502e-03 5.114702512450443675e-03 1.628128168721587957e-02 4.358503799441760390e-02 9.710992187392319952e-02 1.777450200213967213e-01 2.613823819298894402e-01 3.087552775903950053e-01 3.087552777100367463e-01 2.613823821070934139e-01 1.777450202374540045e-01 9.710992206254176473e-02 4.358503816191981739e-02 1.628128183944890436e-02 5.114702554400843426e-03 1.368785985191388506e-03 3.167249338162923030e-04 6.432134150092723727e-05 1.162464559982953110e-05 1.892824592248220000e-06 2.806774098713040086e-07 3.825554333055479806e-08 4.831028732096960696e-09 5.691675526064411003e-10 6.293561197096359992e-11 6.565646149008687243e-12 6.491952229714688660e-13 6.108753319517107069e-14 5.490156480341437043e-15 4.728261766873274581e-16 3.913992221660549290e-17 3.105780032256052304e-18 0.000000000000000000e+00
0.000000000000000000e+00 9.115166403299916480e-18 1.160320537104125035e-16 1.414607703186365731e-15 1.656595060429392059e-14 1.858099786882295262e-13 1.989647731571573543e-12 2.026460527181051406e-11 1.954968218985129111e-10 1.777903786209927462e-09 1.515868666810882043e-08 1.204043986462099440e-07 8.843744979985252976e-07 5.954835350175831173e-06 3.638200042505893922e-05 1.992528519683633395e-04 9.642156519969584134e-04 4.054158618911834523e-03 1.453437987208866695e-02 4.358503799441758308e-02 1.076978028301527612e-01 2.183850698728670159e-01 3.654975049957119859e-01 5.030221331373740945e-01 5.770130412833883726e-01 5.770130412275892295e-01 5.030221329742022851e-01 3.654975047027863022e-01 2.183850694839316875e-01 1.076978024504651188e-01 4.358503781561663681e-02 1.453437982584556386e-02 4.054158561973306846e-03 9.642156279045208415e-04 1.992528359380779505e-04 3.638199306856043831e-05 5.954832304118703634e-06 8.843734132181889805e-07 1.204040559533773895e-07 1.515858933139170944e-08 1.777878618064806532e-09 1.954908370604766740e-10 2.026328546866130890e-11 1.989375926394802431e-12 1.857573936771220691e-13 1.655634515957121249e-14 1.412943844733319593e-15 1.157577980617038309e-16 9.072617081308791710e-18 0.000000000000000000e+00
0.000000000000000000e+00 2.238870284707189197e-17 2.871276825860010407e-16 3.526691942270357628e-15 4.160331636263559376e-14 4.699807489304030740e-13 5.067253897607034818e-12 5.194726140714373344e-11 5.041708872192632761e-10 4.609664979513338873e-09 3.947775520255457783e-08 3.145780842977580080e-07 2.314116602963997061e-06 1.556921166881948524e-05 9.473333834200864162e-05 5.142726579323263214e-04 2.449877254238095898e-03 1.003689044069922681e-02 3.452501682898227731e-02 9.710992187392319952e-02 2.183850698728670159e-01 3.917990038061104907e-01 5.792352168753166497e-01 7.248786292859497049e-01 7.959986152397096060e-01 7.959986149619489026e-01 7.248786287015713814e-01 5.792352162332548016e-01 3.917990032188019556e-01 2.183850693324581871e-01 9.710992141679998524e-02 3.452501663991434239e-02 1.003689041764832535e-02 2.449877264493777618e-03 5.142726783526235020e-04 9.473334967703423825e-05 1.556921682656451505e-05 2.314118500417950815e-06 3.145786931365948347e-07 3.947792909833672517e-08 4.609710005416064940e-09 5.041815889167093396e-10 5.194961864822069266e-11 5.067738763804052321e-12 4.700744638157288976e-13 4.162042552591456604e-14 3.529655454541830255e-15 2.876163808026896256e-16 2.246461334776886598e-17 0.000000000000000000e+00
0.000000000000000000e+00 4.454203164100755713e-17 5.746665320385610012e-16 7.100960694281847846e-15 8.426583580777632790e-14 9.574644317439067719e-13 1.038134003127334048e-11 1.069958639207057515e-10 1.043629826440520757e-09 9.584811206699907034e-09 8.239713173429289372e-08 6.584477418668485232e-07 4.851105216459347970e-06 3.262761308943677371e-05 1.979456266002005080e-04 1.067341240286409122e-03 5.021635305102695700e-03 2.014123214441468357e-02 6.689687475171816888e-02 1.777450200213966658e-01 3.654975049957120414e-01 5.792352168753169828e-01 7.575313667037736343e-01 8.696171594576864727e-01 9.181323181995788563e-01 9.181323181460817606e-01 8.696171593625038332e-01 7.575313667018951369e-01 5.792352170992475235e-01 3.654975052747859166e-01 1.777450200067865749e-01 6.689687459813752068e-02 2.014123206618196812e-02 5.021635256994521138e-03 1.067341222163105700e-03 1.979456212519927643e-04 3.262761177748329817e-05 4.851105011729093444e-06 6.584477370040163852e-07 8.239714416730165913e-08 9.584817328724951018e-09 1.043631864787589923e-09 1.069964242518244190e-10 1.038147552197813166e-11 9.574941281685009483e-13 8.427183912873891322e-14 7.102092972604205427e-15 5.748673526580979752e-16 4.457516841831792515e-17 0.000000000000000000e+00
0.000000000000000000e+00 6.995412549005753187e-17 9.058171216227629289e-16 1.123371962388306280e-14 1.337867655678151366e-13 1.525455215124572905e-12 1.659543064468882199e-11 1.715858087822874616e-10 1.678540487206138118e-09 1.545583048160012179e-08 1.331506987996245284e-07 1.065615303488969188e-06 7.855759863211521929e-06 5.280438334421078350e-05 3.196022665091113771e-04 1.714899011897931622e-03 7.998021567462326384e-03 3.160968702444474920e-02 1.024509459098621317e-01 2.613823819298892737e-01 5.030221331373739835e-01 7.248786292859490388e-01 8.696171594576860286e-01 9.429301474048221721e-01 9.704844190869796883e-01 9.704844195716019195e-01 9.429301486147576572e-01 8.696171608915764795e-01 7.248786309668833194e-01 5.030221348335318643e-01 2.613823830545093374e-01 1.024509463188403025e-01 3.160968700093161332e-02 7.998021481475390063e-03 1.714898928002890751e-03 3.196022232816090702e-04 5.280436459502171968e-05 7.855753093414652506e-06 1.065613150343531221e-06 1.331500852549100806e-07 1.545567136884384257e-08 1.678502508453671828e-09 1.715773919736500426e-10 1.659368638156522637e-11 1.525115207057611740e-12 1.337241130735757516e-13 1.122275964520577380e-14 9.039909704070732754e-16 6.966750016355565318e-17 0.000000000000000000e+00
0.000000000000000000e+00 8.632883215212788657e-17 1.118908514610374443e-15 1.388887086300670020e-14 1.655441000618272962e-13 1.888942482263238741e-12 2.056270423545399666e-11 2.127107279198941896e-10 2.081553317844936855e-09 1.916950218632921487e-08 1.651270361382739383e-07 1.320977978188930578e-06 9.730316972952246279e-06 6.531560557390888330e-05 3.944956512361700489e-04 2.110077015869236614e-03 9.794736693251565596e-03 3.843536716114350632e-02 1.232000164659742963e-01 3.087552775903950053e-01 5.770130412833883726e-01 7.959986152397096060e-01 9.181323181995785232e-01 9.704844190869788001e-01 9.876907713305280723e-01 9.876907722192784789e-01 9.704844213345602544e-01 9.181323209856525613e-01 7.959986182664271492e-01 5.770130443029252154e-01 3.087552800765174243e-01 1.232000180250748533e-01 3.843536788319411313e-02 9.794736999288018720e-03 2.110077114818603543e-03 3.944956781713873433e-04 6.531561133131778298e-05 9.730317719342688611e-06 1.320977926544502538e-06 1.651269582506342698e-07 1.916946900423662230e-08 2.081542817909803493e-09 2.127079106488254315e-10 2.056203107614649656e-11 1.888795655246283279e-12 1.655144255543673168e-13 1.388325731923242926e-14 1.117907619343218954e-15 8.616242627363968216e-17 0.000000000000000000e+00
0.000000000000000000e+00 8.632883143725111485e-17 1.118908513710287898e-15 1.388887086411639242e-14 1.655441000539574179e-13 1.888942482290844682e-12 2.056270423535527783e-11 2.127107279250195300e-10 2.081553317754162882e-09 1.916950218559069479e-08 1.651270361981696232e-07 1.320977976876903859e-06 9.730316990553662074e-06 6.531560540987456983e-05 3.944956523307625103e-04 2.110077010721432989e-03 9.794736709087602938e-03 3.843536713680959643e-02 1.232000164502647238e-01 3.087552777100363577e-01 5.770130412275888965e-01 7.959986149619483475e-01 9.181323181460815386e-01 9.704844195716021416e-01 9.876907722192792560e-01 9.876907732474619062e-01 9.704844224207900272e-01 9.181323218848963519e-01 7.959986189640001486e-01 5.770130451848259900e-01 3.087552812898373689e-01 1.232000192887740403e-01 3.843536887232452959e-02 9.794737610999347879e-03 2.110077426873240881e-03 3.944958137673961569e-04 6.531566273386741239e-05 9.730335032373763302e-06 1.320983182150108971e-06 1.651284127479374315e-07 1.916983944320301211e-08 2.081630320967121949e-09 2.127272078422776105e-10 2.056602661895660495e-11 1.889576171992529141e-12 1.656588888599090467e-13 1.390868588861736897e-14 1.122176582423227118e-15 8.683817558261773801e-17 0.000000000000000000e+00
0.000000000000000000e+00 6.995412357986885078e-17 9.058171192360348751e-16 1.123371962702709003e-14 1.337867655441887651e-13 1.525455215221384540e-12 1.659543064429197240e-11 1.715858087964610721e-10 1.678540486952365930e-09 1.545583047990101009e-08 1.331506989592851832e-07 1.065615299869159489e-06 7.855759913241023209e-06 5.280438286214299477e-05 3.196022698663810260e-04 1.714898995091684039e-03 7.998021625228220882e-03 3.160968690485821408e-02 1.024509459918123561e-01 2.613823821070934139e-01 5.030221329742021741e-01 7.248786287015712704e-01 8.696171593625035001e-01 9.429301486147567690e-01 9.704844213345602544e-01 9.704844224207893610e-01 9.429301514203421997e-01 8.696171634763372182e-01 7.248786332031447177e-01 5.030221373877518110e-01 2.613823863226726330e-01 1.024509497034452321e-01 3.160968968713751687e-02 7.998023170201035495e-03 1.714899802216623623e-03 3.196026078248463838e-04 5.280451183489278565e-05 7.855803092947851064e-06 1.065628431278127206e-06 1.331543383182217129e-07 1.545675982558313155e-08 1.678760709817284861e-09 1.716345499389892348e-10 1.660556231334619274e-11 1.527442701066758599e-12 1.341562456922785004e-13 1.129905521727829213e-14 9.168379714818390166e-16 7.170698338606530654e-17 0.000000000000000000e+00
0.000000000000000000e+00 4.454202918992897616e-17 5.746665295557216846e-16 7.100960695512096938e-15 8.426583579185360598e-14 9.574644318081693755e-13 1.038134003101343290e-11 1.069958639359748206e-10 1.043629826141594021e-09 9.584811205123989001e-09 8.239713191393138971e-08 6.584477376652327502e-07 4.851105275778811848e-06 3.262761250672875857e-05 1.979456307394915500e-04 1.067341219097499554e-03 5.021635380024981957e-03 2.014123198216473051e-02 6.689687488188218734e-02 1.777450202374540877e-01 3.654975047027861357e-01 5.792352162332549126e-01 7.575313667018951369e-01 8.696171608915767015e-01 9.181323209856531165e-01 9.181323218848961298e-01 8.696171634763374403e-01 7.575313711019069363e-01 5.792352211860021249e-01 3.654975094644565825e-01 1.777450247701363173e-01 6.689687930937381066e-02 2.014123576818118225e-02 5.021637591961165652e-03 1.067342440696952876e-03 1.979461625042474768e-04 3.262782115981299638e-05 4.851176851187784894e-06 6.584699174780959509e-07 8.240337946952076377e-08 9.586428730917367578e-09 1.044017779679501959e-09 1.070826541066557382e-10 1.039955600305015892e-11 9.610694222906590988e-13 8.494148684372756917e-14 7.221344806805823937e-15 5.951178351980753708e-16 4.781579421098137686e-17 0.000000000000000000e+00
0.000000000000000000e+00 2.238870041086254403e-17 2.871276815240798281e-16 3.526691936062753577e-15 4.160331638922759000e-14 4.699807487858041885e-13 5.067253898336579038e-12 5.194726141407316115e-11 5.041708869950448042e-10 4.609664978931981449e-09 3.947775533034612095e-08 3.145780810850591831e-07 2.314116650519689067e-06 1.556921118167541111e-05 9.473334195120800677e-05 5.142726385895061156e-04 2.449877326478292362e-03 1.003689027170093229e-02 3.452501699470238855e-02 9.710992206254169534e-02 2.183850694839314377e-01 3.917990032188020666e-01 5.792352170992480787e-01 7.248786309668843186e-01 7.959986182664272603e-01 7.959986189640000376e-01 7.248786332031446067e-01 5.792352211860023470e-01 3.917990078387584840e-01 2.183850740087713294e-01 9.710992672957345639e-02 3.452502194863796281e-02 1.003689464063520394e-02 2.449879959213448113e-03 5.142740996807397937e-04 9.473398722209130940e-05 1.556946571833746313e-05 2.314204631102199793e-06 3.146055033006654374e-07 3.948552469799078428e-08 4.611687661675225764e-09 5.046586407153749863e-10 5.205695775897281814e-11 5.090398104908423428e-12 4.745847690216064602e-13 4.247063316221928725e-14 3.682012321443786270e-15 3.136472616227336998e-16 2.665417503990161319e-17 0.000000000000000000e+00
0.000000000000000000e+00 9.115164383808447928e-18 1.160320538944795879e-16 1.414607692536623801e-15 1.656595065716081623e-14 1.858099784207143734e-13 1.989647732857965412e-12 2.026460527191287120e-11 1.954968217604543214e-10 1.777903786447110750e-09 1.515868673976378767e-08 1.204043966088916503e-07 8.843745302943262595e-07 5.954835001325680306e-06 3.638200313210620596e-05 1.992528368246758745e-04 9.642157109485404191e-04 4.054158475034840003e-03 1.453438002095435236e-02 4.358503816191980351e-02 1.076978024504651466e-01 2.183850693324584091e-01 3.654975052747859721e-01 5.030221348335317533e-01 5.770130443029252154e-01 5.770130451848258790e-01 5.030221373877512558e-01 3.654975094644566935e-01 2.183850740087713294e-01 1.076978072114957996e-01 4.358504326002784340e-02 1.453438520241418647e-02 4.054162788131253012e-03 9.642183017828315564e-04 1.992542386228506729e-04 3.638262026866960226e-05 5.955076790603952108e-06 8.844579957439426314e-07 1.204304010047555598e-07 1.516606319798110217e-08 1.779828279572735193e-09 1.959622403113527100e-10 2.036964126861949101e-11 2.011895313113099626e-12 1.902544641232322925e-13 1.740700211542517972e-14 1.565937848216705725e-15 1.419968960662850500e-16 1.331149138994139357e-17 0.000000000000000000e+00
0.000000000000000000e+00 3.094151824992611799e-18 3.906438739439498017e-17 4.723642440472956162e-16 5.487468243857916690e-15 6.107269196010983473e-14 6.491178295227086725e-13 6.565266638879951763e-12 6.293387149492520651e-11 5.691601329227612039e-10 4.830999557778529610e-09 3.825543693863801280e-08 2.806770813097346390e-07 1.892823383245948848e-06 1.162464433747105096e-05 6.432132684043980007e-05 3.167249506560269336e-04 1.368785882266826187e-03 5.114702555278927490e-03 1.628128183944890089e-02 4.358503781561660906e-02 9.710992141680011014e-02 1.777450200067865749e-01 2.613823830545092264e-01 3.087552800765175909e-01 3.087552812898369248e-01 2.613823863226721333e-01 1.777450247701363173e-01 9.710992672957351191e-02 4.358504326002785728e-02 1.628128724105722125e-02 5.114707414088463626e-03 1.368789549178976630e-03 3.167270864329864649e-04 6.432243691453285827e-05 1.162512584615983748e-05 1.893009471561787265e-06 2.807408926008172689e-07 3.827523799325287308e-08 4.836608018161171894e-09 5.706236621427951523e-10 6.328834102160806501e-11 6.645461769579281128e-12 6.661587748016459469e-13 6.449002906949731989e-14 6.136915638373784872e-15 5.897620610983161155e-16 5.930651904760583222e-17 6.381751944589653264e-18 0.000000000000000000e+00
0.000000000000000000e+00 8.984440910141989569e-19 1.124590567594973880e-17 1.348282908596340061e-16 1.553330218605855686e-15 1.714975812470207245e-14 1.808956719064354303e-13 1.816687662541508745e-12 1.730359204680317166e-11 1.556336516304444708e-10 1.315341409335617221e-09 1.038734317166032322e-08 7.615931809039035602e-08 5.146594911040818574e-07 3.178861293129123665e-06 1.777687567570812713e-05 8.904903126037465387e-05 3.948689012210327386e-04 1.530336677630382775e-03 5.114702554400839957e-03 1.453437982584556386e-02 3.452501663991437708e-02 6.689687459813750681e-02 1.024509463188402886e-01 1.232000180250747978e-01 1.232000192887739154e-01 1.024509497034452182e-01 6.689687930937382454e-02 3.452502194863797669e-02 1.453438520241418300e-02 5.114707414088462759e-03 1.530340578966092125e-03 3.948715792488614765e-04 8.905052636131085685e-05 1.777761947306622322e-05 3.179177222977919600e-06 5.147795136178446135e-07 7.620007345060728142e-08 1.039991097740496623e-08 1.318889674997478425e-09 1.565585585658790212e-10 1.752772248640611077e-11 1.867483676353455028e-12 1.917186843290004860e-13 1.932766157421810029e-14 1.968902442864057394e-15 2.102884495859807450e-16 2.432052251714907950e-17 3.032471696774236777e-18 0.000000000000000000e+00
0.000000000000000000e+00 2.279351159795492191e-19 2.828266448563177850e-18 3.361643477136761080e-17 3.840545018067477808e-16 4.206248614320690099e-15 4.403189843745511119e-14 4.391092865574633628e-13 4.156277107632133463e-12 3.718453178206032651e-11 3.129831907472254195e-10 2.465454353190296803e-09 1.806800796406987746e-08 1.223610277625529631e-07 7.599762863721238948e-07 4.292069122242820169e-06 2.183140224423935964e-05 9.894697634229628763e-05 3.948689426860987656e-04 1.368785985191387855e-03 4.054158561973303376e-03 1.003689041764832014e-02 2.014123206618196119e-02 3.160968700093158557e-02 3.843536788319414088e-02 3.843536887232448102e-02 3.160968968713749605e-02 2.014123576818117531e-02 1.003689464063520394e-02 4.054162788131253012e-03 1.368789549178976630e-03 3.948715792488615307e-04 9.894865550837445727e-05 2.183230147028617749e-05 4.292498700346221255e-06 7.601546604711290465e-07 1.224275816896207992e-07 1.809035488519918202e-08 2.472294551058627147e-09 3.149061751548054269e-10 3.768480789581147974e-11 4.277486016433802304e-12 4.666122912847515396e-13 4.990517331335001945e-14 5.391798288564079963e-15 6.111293652737272879e-16 7.502750987028794701e-17 1.003752166656981693e-17 1.410378591600934532e-18 0.000000000000000000e+00
0.000000000000000000e+00 5.140049955441705847e-20 6.322395040504106218e-19 7.450160094278224441e-18 8.440828482591714659e-17 9.171200749813824757e-16 9.528917104867506040e-15 9.437442190258939030e-14 8.878127345435565218e-13 7.901873655601855143e-12 6.624654320908280380e-11 5.205613576148139180e-10 3.812797163810773592e-09 2.586813708934603559e-08 1.614300448267678538e-07 9.193048646831567369e-07 4.734824525013973389e-06 2.183139233097147037e-05 8.904901875840576556e-05 3.167249338162919235e-04 9.642156279045205163e-04 2.449877264493776751e-03 5.021635256994520270e-03 7.998021481475390063e-03 9.794736999288020454e-03 9.794737610999340940e-03 7.998023170201033760e-03 5.021637591961163050e-03 2.449879959213448113e-03 9.642183017828323153e-04 3.167270864329861397e-04 8.905052636131080264e-05 2.183230147028617749e-05 4.735294475989127568e-06 9.195218029960861189e-07 1.615182160774765885e-07 2.590047633486793089e-08 3.823533298271519408e-09 5.238222977603438325e-10 6.715898897399749526e-11 8.138679941154726058e-12 9.451517915476468581e-13 1.073953805470063254e-13 1.231489218954232619e-14 1.481070162501299446e-15 1.928079413490821102e-16 2.730049895151247589e-17 4.103911657369210969e-18 6.235360171951602831e-19 0.000000000000000000e+00
0.000000000000000000e+00 1.044770109275890445e-20 1.274003890069114625e-19 1.488471311040253203e-18 1.672548753570842524e-17 1.803034168831924608e-16 1.859578261502365925e-15 1.829271162112969723e-14 1.710491530517008663e-13 1.514623234531614423e-12 1.264749977485931291e-11 9.912506228517571559e-11 7.253704684372081581e-10 4.926860900293450967e-09 3.085504784415378212e-08 1.768251184193694811e-07 9.193059550563815128e-07 4.292069345776891027e-06 1.777687955238437290e-05 6.432134150092723727e-05 1.992528359380780318e-04 5.142726783526235020e-04 1.067341222163106351e-03 1.714898928002892052e-03 2.110077114818603109e-03 2.110077426873238279e-03 1.714899802216623840e-03 1.067342440696953309e-03 5.142740996807403358e-04 1.992542386228508627e-04 6.432243691453283117e-05 1.777761947306621983e-05 4.292498700346222949e-06 9.195218029960862248e-07 1.769220654859540500e-07 3.089372374139625855e-08 4.940832869789548246e-09 7.299603470835693388e-10 1.005089332951818008e-10 1.303292213290580635e-11 1.614399692043791446e-12 1.951891338832650360e-13 2.377777417695925110e-14 3.035161487406941953e-15 4.188914850474191367e-16 6.273945051972522802e-17 9.948027278611535843e-18 1.613509925649385379e-18 2.565005350085334869e-19 0.000000000000000000e+00
0.000000000000000000e+00 1.936105865851041434e-21 2.340788228453798526e-20 2.711805485680236121e-19 3.022463002627832663e-18 3.233053704753620147e-17 3.310211066450082447e-16 3.234454216175205494e-15 3.006289310146090721e-14 2.648322445170485868e-13 2.202279767628470974e-12 1.721013900751606096e-11 1.257539356791992243e-10 8.543211069219600091e-10 5.361573646061645917e-09 3.085497887665750796e-08 1.614301171570990530e-07 7.599757067825899337e-07 3.178860484198774896e-06 1.162464559982952602e-05 3.638199306856047897e-05 9.473334967703426535e-05 1.979456212519931167e-04 3.196022232816093955e-04 3.944956781713872891e-04 3.944958137673957774e-04 3.196026078248463838e-04 1.979461625042475310e-04 9.473398722209144492e-05 3.638262026866963614e-05 1.162512584615983410e-05 3.179177222977918753e-06 7.601546604711289406e-07 1.615182160774765620e-07 3.089372374139625855e-08 5.376796154751462229e-09 8.597508928497287047e-10 1.275213704748680451e-10 1.773954731315241280e-11 2.349101731048766250e-12 3.027520453022729464e-13 3.923019379446127849e-14 5.318540895914421998e-15 7.784061325522101352e-16 1.233542684015198257e-16 2.063376858986143170e-17 3.521383313698504816e-18 5.968541892810561043e-19 9.731247916226574695e-20 0.000000000000000000e+00
0.000000000000000000e+00 3.302060588056323423e-22 3.958774735910160298e-21 4.548013323945125119e-20 5.028404278684946766e-19 5.337534059660846787e-18 5.425491767370893012e-17 5.265888291209709692e-16 4.864839588542549952e-15 4.262916150616278333e-14 3.529364480267788030e-13 2.748840004853710676e-12 2.004223473801473638e-11 1.360455041611420475e-10 8.543238074082816518e-10 4.926853509771075617e-09 2.586818776699771775e-08 1.223609868595263078e-07 5.146594742977087629e-07 1.892824592248220212e-06 5.954832304118710410e-06 1.556921682656452183e-05 3.262761177748336593e-05 5.280436459502179422e-05 6.531561133131778298e-05 6.531566273386741239e-05 5.280451183489279243e-05 3.262782115981300993e-05 1.556946571833748346e-05 5.955076790603956343e-06 1.893009471561787477e-06 5.147795136178444017e-07 1.224275816896208257e-07 2.590047633486793420e-08 4.940832869789549900e-09 8.597508928497291183e-10 1.379617450390831468e-10 2.066129674051290416e-11 2.933258753016869511e-12 4.038996604440604424e-13 5.576595730237064451e-14 8.038971348787513200e-15 1.248642118859463054e-15 2.095060319366011630e-16 3.700185434073264268e-17 6.648589367201575114e-18 1.183945905149440517e-18 2.056767366957270086e-19 3.403011505398009507e-20 0.000000000000000000e+00
0.000000000000000000e+00 5.223908656718656965e-23 6.211454504736140669e-22 7.076934441398908263e-21 7.762394410728172344e-20 8.176758011537539463e-19 8.251668684270277446e-18 7.955067381459562414e-17 7.303998376055600670e-16 6.365123429468503931e-15 5.244889671616287618e-14 4.069151338411994240e-13 2.958220516819868136e-12 2.004216842863531007e-11 1.257542855688577849e-10 7.253677406422171460e-10 3.812805347171306130e-09 1.806799061390939310e-08 7.615926730551314033e-08 2.806774098713040616e-07 8.843734132181895099e-07 2.314118500417952510e-06 4.851105011729101068e-06 7.855753093414660976e-06 9.730317719342690305e-06 9.730335032373758219e-06 7.855803092947852758e-06 4.851176851187791670e-06 2.314204631102202334e-06 8.844579957439435844e-07 2.807408926008175336e-07 7.620007345060726819e-08 1.809035488519917872e-08 3.823533298271521062e-09 7.299603470835693388e-10 1.275213704748680451e-10 2.066129674051290416e-11 3.157068813552898449e-12 4.659000169652980261e-13 6.870444736617027523e-14 1.054949541747673923e-14 1.741229706142840690e-15 3.096861964973300350e-16 5.781925570028579760e-17 1.095247981258668458e-17 2.050902970618866035e-18 3.739779869784215716e-19 6.590392927235104752e-20 1.100695360716669935e-20 0.000000000000000000e+00
0.000000000000000000e+00 7.716306021019132062e-24 9.102358730583217282e-23 1.028495237586770254e-21 1.119253247362656969e-20 1.170002602633138784e-19 1.172199826009738934e-18 1.122367107031868836e-17 1.024007464988617512e-16 8.872456972002127957e-16 7.273501104117671854e-15 5.618011644807318172e-14 4.069161120940698228e-13 2.748830480235152570e-12 1.721023280889020428e-11 9.912454797484395547e-11 5.205633271936081604e-10 2.465452030330977035e-09 1.038732864479769603e-08 3.825554333055481792e-08 1.204040559533774954e-07 3.145786931365950994e-07 6.584477370040169146e-07 1.065613150343532068e-06 1.320977926544502327e-06 1.320983182150108336e-06 1.065628431278127417e-06 6.584699174780967980e-07 3.146055033006659668e-07 1.204304010047557451e-07 3.827523799325293264e-08 1.039991097740497947e-08 2.472294551058629215e-09 5.238222977603441427e-10 1.005089332951817232e-10 1.773954731315241280e-11 2.933258753016869108e-12 4.659000169652979251e-13 7.362360804696519372e-14 1.207184107076885298e-14 2.121463785223188937e-15 4.006257544236857233e-16 7.919728231276758046e-17 1.584072904586645505e-17 3.124023504299518985e-18 5.985546906463989803e-19 1.106496022415291689e-19 1.967823883046719460e-20 3.309089796208923432e-21 0.000000000000000000e+00
0.000000000000000000e+00 1.070023548308207352e-24 1.252907304115282519e-23 1.403886967789775662e-22 1.515917312568571759e-21 1.572469098619565596e-20 1.563990910703700120e-19 1.487108128923032098e-18 1.347967055922328464e-17 1.160879201636068515e-16 9.464054396666569265e-16 7.273492386802589914e-15 5.244904419389876204e-14 3.529343777134267488e-13 2.202297736961824826e-12 1.264739327738103269e-11 6.624691830759350392e-11 3.129828509951999347e-10 1.315336951655202249e-09 4.831028732096963178e-09 1.515858933139170614e-08 3.947792909833675164e-08 8.239714416730173854e-08 1.331500852549101865e-07 1.651269582506341640e-07 1.651284127479374050e-07 1.331543383182216865e-07 8.240337946952079024e-08 3.948552469799083722e-08 1.516606319798111872e-08 4.836608018161180165e-09 1.318889674997480286e-09 3.149061751548058922e-10 6.715898897399753403e-11 1.303292213290579989e-11 2.349101731048765442e-12 4.038996604440601395e-13 6.870444736617024999e-14 1.207184107076886244e-14 2.265078836116402590e-15 4.552472578884516292e-16 9.549141377308483498e-17 2.020765572950610741e-17 4.205014975054114252e-18 8.479962431428196820e-19 1.646262223884805804e-19 3.069889310405303608e-20 5.496112900261838636e-21 9.294563542811836839e-22 0.000000000000000000e+00
0.000000000000000000e+00 1.399085501860348488e-25 1.627948747398095063e-24 1.808488617505896475e-23 1.937990109783978069e-22 1.994561771854625892e-21 1.969341470654972641e-20 1.859224241139049153e-19 1.673968642292240318e-18 1.432475355709831297e-17 1.160881859622148250e-16 8.872448891522699591e-16 6.365152380465357001e-15 4.262878467297039893e-14 2.648356473912303964e-13 1.514603194759903168e-12 7.901942582206556657e-12 3.718450586713853876e-11 1.556324759230766921e-10 5.691675526064412037e-10 1.777878618064806946e-09 4.609710005416067422e-09 9.584817328724960944e-09 1.545567136884385580e-08 1.916946900423661568e-08 1.916983944320300881e-08 1.545675982558313817e-08 9.586428730917365924e-09 4.611687661675231554e-09 1.779828279572737468e-09 5.706236621427961863e-10 1.565585585658792538e-10 3.768480789581154436e-11 8.138679941154732520e-12 1.614399692043791244e-12 3.027520453022728455e-13 5.576595730237057509e-14 1.054949541747673450e-14 2.121463785223189726e-15 4.552472578884516292e-16 1.016079326634557916e-16 2.280639832373843292e-17 5.018842917885428835e-18 1.067467878868923038e-18 2.180325045885636153e-19 4.268168516364459796e-20 8.009689183256595362e-21 1.441975302075257373e-21 2.451141496358094315e-22 0.000000000000000000e+00
0.000000000000000000e+00 1.730200855499036664e-26 2.005558204830158369e-25 2.207611757106992713e-24 2.348627008909377194e-23 2.397617355465957577e-22 2.350056746204124792e-21 2.202416947396565161e-20 1.969271177986243447e-19 1.673941628930637842e-18 1.347964612950732503e-17 1.024003737563273095e-16 7.304040375230227664e-16 4.864772082078722622e-15 3.006349390516274025e-14 1.710455735813952292e-13 8.878245716927672857e-13 4.156280467140777678e-12 1.730330972610819054e-11 6.293561197096359992e-11 1.954908370604768291e-10 5.041815889167093396e-10 1.043631864787590336e-09 1.678502508453672449e-09 2.081542817909801425e-09 2.081630320967120294e-09 1.678760709817284033e-09 1.044017779679501339e-09 5.046586407153757100e-10 1.959622403113529168e-10 6.328834102160818133e-11 1.752772248640613662e-11 4.277486016433808766e-12 9.451517915476478679e-13 1.951891338832651117e-13 3.923019379446127849e-14 8.038971348787506889e-15 1.741229706142840296e-15 4.006257544236857233e-16 9.549141377308479800e-17 2.280639832373844217e-17 5.322509964612944443e-18 1.196923612223503416e-18 2.577788082256674723e-19 5.307780575016429425e-20 1.045362334325206498e-20 1.972147440054761388e-21 3.568629129607911133e-22 6.096728211734458460e-23 0.000000000000000000e+00
0.000000000000000000e+00 2.025901546127420569e-27 2.352236985119113069e-26 2.562244391519115975e-25 2.708552115903657864e-24 2.741139575927717426e-23 2.667555911777105363e-22 2.480972401476839857e-21 2.202632031837506669e-20 1.859236223462882917e-19 1.487127812835634476e-18 1.122368529570291973e-17 7.955152780526984519e-17 5.265782674212012618e-16 3.234556581731395139e-15 1.829210922592993279e-14 9.437634122187431783e-14 4.391114416960479445e-13 1.816625275415522350e-12 6.565646149008683204e-12 2.026328546866134122e-11 5.194961864822068620e-11 1.069964242518244319e-10 1.715773919736500943e-10 2.127079106488252764e-10 2.127272078422773520e-10 1.716345499389890797e-10 1.070826541066556477e-10 5.205695775897285045e-11 2.036964126861951363e-11 6.645461769579296476e-12 1.867483676353457451e-12 4.666122912847523474e-13 1.073953805470064768e-13 2.377777417695927003e-14 5.318540895914424365e-15 1.248642118859463252e-15 3.096861964973301336e-16 7.919728231276764209e-17 2.020765572950610741e-17 5.018842917885428835e-18 1.196923612223503416e-18 2.725261565564340239e-19 5.915996174659534084e-20 1.225329609526891690e-20 2.425620870445712872e-21 4.598683082375143554e-22 8.363440426198188667e-23 1.436186004069123488e-23 0.000000000000000000e+00
0.000000000000000000e+00 2.239925681965514989e-28 2.637315581749933383e-27 2.834820330948120110e-26 2.983324436475703137e-25 2.989654732768669503e-24 2.889856820242611985e-23 2.666165418838631549e-22 2.350029066258591239e-21 1.969180675357602314e-20 1.563968254366304294e-19 1.172186914836362203e-18 8.251739610963283192e-18 5.425315654309174033e-17 3.310371218815411130e-16 1.859480728575229110e-15 9.529208810387132209e-15 4.403253663419571333e-14 1.808828592931097933e-13 6.491952229714683611e-13 1.989375926394804047e-12 5.067738763804048282e-12 1.038147552197812843e-11 1.659368638156522961e-11 2.056203107614648040e-11 2.056602661895658879e-11 1.660556231334617659e-11 1.039955600305015084e-11 5.090398104908423428e-12 2.011895313113101646e-12 6.661587748016474615e-13 1.917186843290007384e-13 4.990517331335011411e-14 1.231489218954233882e-14 3.035161487406942347e-15 7.784061325522107269e-16 2.095060319366014095e-16 5.781925570028584691e-17 1.584072904586646430e-17 4.205014975054114252e-18 1.067467878868923231e-18 2.577788082256674241e-19 5.915996174659534084e-20 1.291758680649050209e-20 2.688930130978246933e-21 5.348509985730866559e-22 1.019003237562054815e-22 1.862864400824953771e-23 3.216292003871253305e-24 0.000000000000000000e+00
0.000000000000000000e+00 2.312762954493967778e-29 2.839977670808183014e-28 2.993909970763836449e-27 3.150099578333756139e-26 3.118251736665543244e-25 2.997197526290642079e-24 2.741032846287025706e-23 2.398701084088914761e-22 1.994637393111821986e-21 1.572548192762465827e-20 1.170027092903877730e-19 8.176930301914696835e-19 5.337309890378278369e-18 3.233302774301558153e-17 1.802886241571311558e-16 9.171624426650374438e-16 4.206398499773485839e-15 1.714729639473987454e-14 6.108753319517105807e-14 1.857573936771221954e-13 4.700744638157282917e-13 9.574941281685009483e-13 1.525115207057611740e-12 1.888795655246281259e-12 1.889576171992527122e-12 1.527442701066758195e-12 9.610694222906580890e-13 4.745847690216061573e-13 1.902544641232323177e-13 6.449002906949743349e-14 1.932766157421811923e-14 5.391798288564084696e-15 1.481070162501300037e-15 4.188914850474190874e-16 1.233542684015198750e-16 3.700185434073268582e-17 1.095247981258669536e-17 3.124023504299518985e-18 8.479962431428196820e-19 2.180325045885636153e-19 5.307780575016426416e-20 1.225329609526891690e-20 2.688930130978247309e-21 5.623959091139620664e-22 1.124075140000528525e-22 2.152563910084877569e-23 3.956857392390032291e-24 6.871633778998471401e-25 0.000000000000000000e+00
0.000000000000000000e+00 2.158185674770882024e-30 2.955906956642749489e-29 3.016056022518669148e-28 3.202668990293567396e-27 3.115363121778323106e-26 2.985077384299855757e-25 2.702443544208810970e-24 2.348626945482453856e-23 1.937397568139065721e-22 1.515780860257672946e-21 1.119241102910638963e-20 7.762322652874952231e-20 5.028065480687742808e-19 3.022805324148004674e-18 1.672329877080665132e-17 8.441401099188153673e-17 3.840849765282944119e-16 1.552884564786207521e-15 5.490156480341438621e-15 1.655634515957122195e-14 4.162042552591451556e-14 8.427183912873892585e-14 1.337241130735756759e-13 1.655144255543671653e-13 1.656588888599087942e-13 1.341562456922785004e-13 8.494148684372758179e-14 4.247063316221928725e-14 1.740700211542517972e-14 6.136915638373794338e-15 1.968902442864058972e-15 6.111293652737273865e-16 1.928079413490820855e-16 6.273945051972522802e-17 2.063376858986144711e-17 6.648589367201577425e-18 2.050902970618867190e-18 5.985546906463989803e-19 1.646262223884804841e-19 4.268168516364462805e-20 1.045362334325207250e-20 2.425620870445713248e-21 5.348509985730868440e-22 1.124075140000528760e-22 2.258147447275980677e-23 4.347937263210700985e-24 8.040181754692357630e-25 1.405320358570188304e-25 0.000000000000000000e+00
0.000000000000000000e+00 1.635126592538948103e-31 3.003354317692933669e-30 2.883464341526110561e-29 3.154325399063573568e-28 2.982140817416910387e-27 2.864332027582911911e-26 2.560254537300992631e-25 2.211350497835383410e-24 1.808850796994323022e-23 1.403993654833182160e-22 1.028668204465512328e-21 7.076877624471048266e-21 4.547746045038855161e-20 2.712282695759536016e-19 1.488172276785316721e-18 7.450905665143757039e-18 3.362209747785977096e-17 1.347519871415549982e-16 4.728261766873276553e-16 1.412943844733319198e-15 3.529655454541826311e-15 7.102092972604203849e-15 1.122275964520576434e-14 1.388325731923241506e-14 1.390868588861734057e-14 1.129905521727829213e-14 7.221344806805833403e-15 3.682012321443791003e-15 1.565937848216706514e-15 5.897620610983168057e-16 2.102884495859808190e-16 7.502750987028792236e-17 2.730049895151245123e-17 9.948027278611537384e-18 3.521383313698506356e-18 1.183945905149441673e-18 3.739779869784219568e-19 1.106496022415291448e-19 3.069889310405306015e-20 8.009689183256601380e-21 1.972147440054761388e-21 4.598683082375140733e-22 1.019003237562054227e-22 2.152563910084876100e-23 4.347937263210700250e-24 8.421684374341420274e-25 1.567627473562727445e-25 2.760025797161121792e-26 0.000000000000000000e+00
0.000000000000000000e+00 4.999520900803666321e-33 3.028928597800833615e-31 2.576981726327492486e-30 3.038678585848797174e-29 2.728583027643435286e-28 2.658507615016609112e-27 2.334064638292885521e-26 2.006638891688435579e-25 1.627034819726212658e-24 1.252202403554456867e-23 9.104729083704082354e-23 6.210076313127180097e-22 3.958558867397194949e-21 2.341328859350971625e-20 1.273604569650649795e-19 6.323278351478286382e-19 2.829235837777176743e-18 1.123348602891849473e-17 3.913992221660551755e-17 1.157577980617037570e-16 2.876163808026892312e-16 5.748673526580979752e-16 9.039909704070720922e-16 1.117907619343217376e-15 1.122176582423224752e-15 9.168379714818390166e-16 5.951178351980767513e-16 3.136472616227340449e-16 1.419968960662850746e-16 5.930651904760589385e-17 2.432052251714909799e-17 1.003752166656981385e-17 4.103911657369209428e-18 1.613509925649385764e-18 5.968541892810560080e-19 2.056767366957271049e-19 6.590392927235110770e-20 1.967823883046719159e-20 5.496112900261840141e-21 1.441975302075258502e-21 3.568629129607912544e-22 8.363440426198186316e-23 1.862864400824953183e-23 3.956857392390030822e-24 8.040181754692355793e-25 1.567627473562727445e-25 2.939693195707018165e-26 5.219198206215251725e-27 0.000000000000000000e+00
0.000000000000000000e+00 -1.590125245312331057e-33 3.094539913530313009e-32 2.051598342970329797e-31 2.888023201095338317e-30 2.351528070876300792e-29 2.382938045850526287e-28 2.035127499739915833e-27 1.746327381054148031e-26 1.403920029762595560e-25 1.070015536895086559e-24 7.729050758932137465e-24 5.221750655775079378e-23 3.302851710685085869e-22 1.936724876297452570e-21 1.044311138891803291e-20 5.141054522954448534e-20 2.280898200184288774e-19 8.965455054237508878e-19 3.105780032256055386e-18 9.072617081308784006e-18 2.246461334776882900e-17 4.457516841831793747e-17 6.966750016355560387e-17 8.616242627363953425e-17 8.683817558261756545e-17 7.170698338606534352e-17 4.781579421098150012e-17 2.665417503990164708e-17 1.331149138994140127e-17 6.381751944589657116e-18 3.032471696774237933e-18 1.410378591600934532e-18 6.235360171951602831e-19 2.565005350085335832e-19 9.731247916226578306e-20 3.403011505398010711e-20 1.100695360716670837e-20 3.309089796208923055e-21 9.294563542811838720e-22 2.451141496358096195e-22 6.096728211734463162e-23 1.436186004069124076e-23 3.216292003871253672e-24 6.871633778998469564e-25 1.405320358570187616e-25 2.760025797161121792e-26 5.219198206215252442e-27 9.359616373875063319e-28 0.000000000000000000e+00
0.000000000000000000e+00 0.000000000000000000e+00 0.000000000000000000e+00 0.000000000000000000e+00 0.000000000000000000e+00 0.000000000000000000e+00 0.000000000000000000e+00 0.000000000000000000e+00 0.000000000000000000e+00 0.000000000000000000e+00 0.000000000000000000e+00 0.000000000000000000e+00 0.000000000000000000e+00 0.000000000000000000e+00 0.000000000000000000e+00 0.000000000000000000e+00 0.000000000000000000e+00 0.000000000000000000e+00 0.000000000000000000e+00 0.000000000000000000e+00 0.000000000000000000e+00 0.000000000000000000e+00 0.000000000000000000e+00 0.000000000000000000e+00 0.000000000000000000e+00 0.000000000000000000e+00 0.000000000000000000e+00 0.000000000000000000e+00 0.000000000000000000e+00 0.000000000000000000e+00 0.000000000000000000e+00 0.000000000000000000e+00 0.000000000000000000e+00 0.000000000000000000e+00 0.000000000000000000e+00 0.000000000000000000e+00 0.000000000000000000e+00 0.000000000000000000e+00 0.000000000000000000e+00 0.000000000000000000e+00 0.000000000000000000e+00 0.000000000000000000e+00 0.000000000000000000e+00 0.000000000000000000e+00 0.000000000000000000e+00 0.000000000000000000e+00 0.000000000000000000e+00 0.000000000000000000e+00 0.000000000000000000e+00 0.000000000000000000e+00
