0.000000000000000000e+00 0.000000000000000000e+00 0.000000000000000000e+00 0.000000000000000000e+00 0.000000000000000000e+00 0.000000000000000000e+00 0.000000000000000000e+00 0.000000000000000000e+00 0.000000000000000000e+00 0.000000000000000000e+00 0.000000000000000000e+00 0.000000000000000000e+00 0.000000000000000000e+00 0.000000000000000000e+00 0.000000000000000000e+00 0.000000000000000000e+00 0.000000000000000000e+00 0.000000000000000000e+00 0.000000000000000000e+00 0.000000000000000000e+00 0.000000000000000000e+00 0.000000000000000000e+00 0.000000000000000000e+00 0.000000000000000000e+00 0.000000000000000000e+00 0.000000000000000000e+00 0.000000000000000000e+00 0.000000000000000000e+00 0.000000000000000000e+00 0.000000000000000000e+00 0.000000000000000000e+00 0.000000000000000000e+00 0.000000000000000000e+00 0.000000000000000000e+00 0.000000000000000000e+00 0.000000000000000000e+00 0.000000000000000000e+00 0.000000000000000000e+00 0.000000000000000000e+00 0.000000000000000000e+00 0.000000000000000000e+00 0.000000000000000000e+00 0.000000000000000000e+00 0.000000000000000000e+00 0.000000000000000000e+00 0.000000000000000000e+00 0.000000000000000000e+00 0.000000000000000000e+00 0.000000000000000000e+00 0.000000000000000000e+00
0.000000000000000000e+00 -7.440639397928016842e-35 3.112403225406418371e-34 -1.156936248419944581e-33 8.162759365995330120e-33 4.340112547012716136e-33 3.766117535689020920e-31 2.725550756846615389e-30 3.114329467043679717e-29 2.787442642288126933e-28 2.562391617089022072e-27 2.141848489792373692e-26 1.720773661825999266e-25 1.276297590530630327e-24 8.856180048711521107e-24 5.636739368415357460e-23 3.278155136469459853e-22 1.715526201918850087e-21 7.966457463169793596e-21 3.218001111637213636e-20 1.103125801813541377e-19 3.107969479849888824e-19 6.915919668967015577e-19 1.165442911221948653e-18 1.465134721471747652e-18 1.465133743718938382e-18 1.165440370159367781e-18 6.915886354320646568e-19 3.107928004966117297e-19 1.103088179023887094e-19 3.217666719935114756e-20 7.963701331018737999e-21 1.714027328605351667e-21 3.268480320273366960e-22 5.595806817080003106e-23 8.659657726741838039e-24 1.205080863248132197e-24 1.454178573214644685e-25 1.296095611928122227e-26 -6.136979076512646539e-29 -4.538637459332903766e-28 -1.659217901487593625e-28 -4.603367146540670025e-29 -1.132968060560436207e-29 -2.586393809811866722e-30 -5.571772955239125079e-31 -1.141756967557783726e-31 -2.233776389112556892e-32 -4.132028054002638698e-33 0.000000000000000000e+00
0.000000000000000000e+00 3.112403225409421276e-34 -9.657127183527075949e-34 7.960865483029798604e-33 9.097771783961389273e-33 4.397779752138801447e-31 3.538556115477690571e-30 4.168283931976067102e-29 3.997152157192245436e-28 3.888805073964248701e-27 3.487212806419745337e-26 3.004552743390355961e-25 2.411992644067485488e-24 1.821077392097014762e-23 1.272979140161369357e-22 8.210816354731755340e-22 4.826060026560261305e-21 2.556287170863703953e-20 1.200991152495462106e-19 4.908865661623476463e-19 1.702128249507213130e-18 4.846910049944161839e-18 1.088179054034648297e-17 1.843954182357166443e-17 2.320179710520222761e-17 2.320179533479755730e-17 1.843953590381036776e-17 1.088178486408779072e-17 4.846912338776135008e-18 1.702134014258896540e-18 4.908956684728139313e-19 1.201087796424923479e-19 2.556830471302454910e-20 4.829980943711042808e-21 8.226960582201659320e-22 1.281170983718223362e-22 1.849910876290236621e-23 2.522519899167934403e-24 3.348155351071583351e-25 4.558266794770216474e-26 6.839943634680611430e-27 1.189246138097600198e-27 2.349898137867055489e-28 4.946814801574719808e-29 1.049261208520422734e-29 2.175103584511466236e-30 4.349222969196380084e-31 8.344568183576311408e-32 1.526499890329294193e-32 0.000000000000000000e+00
0.000000000000000000e+00 -1.156936248422383340e-33 7.960865483036764043e-33 8.982371747562748010e-33 4.853821970280016693e-31 4.063255013561159063e-30 5.070592959288165938e-29 5.126566521406351847e-28 5.294606613647274730e-27 5.050054798139187208e-26 4.653318809530020689e-25 4.012577656029008417e-24 3.275147018319325831e-23 2.491663112967408723e-22 1.764287429054964188e-21 1.149886429143005591e-20 6.839380797078485133e-20 3.664625792537456817e-19 1.742208357248393065e-18 7.205312253723365201e-18 2.527358620516847109e-17 7.274604439202902555e-17 1.648018749549114898e-16 2.808393460571828342e-16 3.536574971032732904e-16 3.536575019463852244e-16 2.808393671815659511e-16 1.648018941838626165e-16 7.274602097606705254e-17 2.527354815935068714e-17 7.205255932712407727e-18 1.742150105151251734e-18 3.664308233077787791e-19 6.837008375585707705e-20 1.148949736652642284e-20 1.759327967182618700e-21 2.474785750203468768e-22 3.208516747898484743e-23 3.809500524671237123e-24 4.011375782352902253e-25 3.297175149226149558e-26 5.932078365295827813e-28 -6.343748157996930826e-28 -2.203853648762633795e-28 -5.514647578523122426e-29 -1.212665606905298630e-29 -2.468064072679619216e-30 -4.733802661313995480e-31 -8.567054362152682769e-32 0.000000000000000000e+00
0.000000000000000000e+00 8.162759366014896298e-33 9.097771783912224771e-33 4.853821970281167510e-31 4.256975692766784272e-30 5.589087759772213855e-29 5.948851143756058170e-28 6.495094317496491072e-27 6.565754124701424344e-26 6.439352039322262705e-25 5.933559766234507391e-24 5.202790076166496096e-23 4.276426931568759671e-22 3.294931634829353229e-21 2.356215920359732661e-20 1.553486635561239742e-19 9.342723119880863243e-19 5.064030528244502110e-18 2.435576060794205274e-17 1.019105267435141357e-16 3.615800807783814164e-16 1.051985342769918631e-15 2.404885519865641540e-15 4.121429776739545225e-15 5.193814914824166636e-15 5.193814889236450278e-15 4.121429654497182880e-15 2.404885393567040828e-15 1.051985437527392992e-15 3.615802461866794224e-16 1.019108067422133769e-16 2.435605876366523473e-17 5.064188995118068384e-18 9.343979463742500761e-19 1.553956308623641821e-19 2.358860609229647218e-20 3.303498930843790837e-21 4.311746843717171306e-22 5.306946992818152648e-23 6.270032004372254512e-24 7.341051775812621913e-25 8.996531193678673175e-26 1.235961151553228343e-26 1.972402779953037399e-27 3.537941177080927721e-28 6.678378432894594694e-29 1.259928201339306448e-29 2.308655994868875562e-30 4.027626141182333247e-31 0.000000000000000000e+00
0.000000000000000000e+00 4.340112546917639267e-33 4.397779752142065597e-31 4.063255013560672813e-30 5.589087759772348379e-29 6.250526782299880248e-28 7.191164135636477752e-27 7.679259602815089495e-26 7.984379688585506993e-25 7.826820344417088008e-24 7.333593591836607795e-23 6.472370802117779969e-22 5.386588156252046479e-21 4.189328456440476337e-20 3.029293100189570354e-19 2.018393388233665482e-18 1.227371703647042228e-17 6.727296167789635140e-17 3.272561478565047027e-16 1.385095159953251362e-15 4.970220058361596366e-15 1.461547021009646979e-14 3.371513684772023971e-14 5.810803715167538236e-14 7.327272859266521627e-14 7.327272831153732824e-14 5.810803671096224587e-14 3.371513640502923960e-14 1.461546915187976263e-14 4.970219087926673858e-15 1.385093755570889472e-15 3.272547142301033423e-16 6.727223381320077341e-17 1.227310515413873593e-17 2.018180806742650065e-18 3.027997990842538999e-19 4.185413832700342914e-20 5.369427261408114049e-21 6.424241542226361695e-22 7.172715054575620350e-23 7.409083193451159641e-24 6.846235880523901392e-25 4.990100682321548074e-26 9.165723848567689232e-28 -7.056283350513476987e-28 -2.175879569310989979e-28 -4.747249691074912436e-29 -8.976171532881602314e-30 -1.531503659187465240e-30 0.000000000000000000e+00
0.000000000000000000e+00 3.766117535693775701e-31 3.538556115476401377e-30 5.070592959288646863e-29 5.948851143755959519e-28 7.191164135636593981e-27 8.089807684550506241e-26 8.886796307559458469e-25 9.232460958586888957e-24 9.202643799778755974e-23 8.675751839490124244e-22 7.751137553498939887e-21 6.508490248201072154e-20 5.116308217861528134e-19 3.736631328370517125e-18 2.515949319445948364e-17 1.546135240805740540e-16 8.566631886455081930e-16 4.213491089973231149e-15 1.803351723376486009e-14 6.543169659685456154e-14 1.944437606774651445e-13 4.525897628544724968e-13 7.844376009609081776e-13 9.896428347827480728e-13 9.896428554773780120e-13 7.844376569725699298e-13 4.525898245122249043e-13 1.944438050696475249e-13 6.543172207098781102e-14 1.803353276738973153e-14 4.213500694045651269e-15 8.566672544857166046e-16 1.546165280656696430e-16 2.516041990713084770e-17 3.737226047521700512e-18 5.117925173454520581e-19 6.516150004554534552e-20 7.770963878896641132e-21 8.745570962048642027e-22 9.374318014328922269e-23 9.709655282549663427e-24 9.971075037732040016e-25 1.059980527790643788e-25 1.231143422618432359e-26 1.610157452188724891e-27 2.308208917287128090e-28 3.388889694044765871e-29 4.680498016319745555e-30 0.000000000000000000e+00
0.000000000000000000e+00 2.725550756844245093e-30 4.168283931976946557e-29 5.126566521405948273e-28 6.495094317496858414e-27 7.679259602814828912e-26 8.886796307559598059e-25 9.753415935352365908e-24 1.030324637458613214e-22 1.033070845094332591e-21 9.857442011870504803e-21 8.882338619192873853e-20 7.535718697754408987e-19 5.979939451434309183e-18 4.410839730927276240e-17 2.999287588772425749e-16 1.861856078843946196e-15 1.042267953301014498e-14 5.180737040804507714e-14 2.241262490291592907e-13 8.219842428577938465e-13 2.467926988352273351e-12 5.795352984620215174e-12 1.010042317554360035e-11 1.274707352177172182e-11 1.274707290905123138e-11 1.010042142488796661e-11 5.795351020586585238e-12 2.467925617983514231e-12 8.219834373692277762e-13 2.241258613751353510e-13 5.180720782497237012e-14 1.042262312385348846e-14 1.861832161978525991e-15 2.999224128819906189e-16 4.410527096546833427e-17 5.979218787702638052e-18 7.532340354259204852e-19 8.874742599796812785e-20 9.829292731834160712e-21 1.026826552868243675e-21 1.012439377547919351e-22 9.378010336190553790e-24 8.028242630716291121e-25 6.072625685602945594e-26 3.545921067578321749e-27 7.141655718371354409e-29 -1.412428148605473585e-29 1.411130349357953165e-31 0.000000000000000000e+00
0.000000000000000000e+00 3.114329467044824859e-29 3.997152157191432458e-28 5.294606613647873813e-27 6.565754124700912361e-26 7.984379688585898212e-25 9.232460958586634756e-24 1.030324637458623793e-22 1.094756295358869309e-21 1.110897369133555769e-20 1.068833254765120090e-19 9.728203862579112151e-19 8.327912119840334928e-18 6.670789918322644650e-17 4.965726930444701296e-16 3.408168876050464661e-15 2.135691229286554252e-14 1.207143040965544091e-13 6.059986842578618454e-13 2.648387663944675030e-12 9.812976763287051251e-12 2.975568769945029758e-11 7.047715573084846796e-11 1.234949187516135409e-10 1.558820704684156838e-10 1.558820828135045597e-10 1.234949552339667977e-10 7.047719716339753843e-11 2.975571724741627913e-11 9.812995120800227025e-12 2.648396365482080039e-12 6.060021548870519959e-13 1.207154821603435976e-13 2.135728890036007614e-14 3.408266677556163612e-15 4.966024970238298190e-16 6.671413556044966740e-17 8.329951483066334302e-18 9.732008400523607548e-19 1.070083696634196213e-19 1.113177627891261055e-20 1.101185050612959461e-21 1.041582539016139605e-22 9.479076589793988238e-24 8.344508720047723428e-25 7.066374794164515130e-26 5.425141570479627985e-27 2.568645536978073195e-28 -3.722702596088013375e-29 0.000000000000000000e+00
0.000000000000000000e+00 2.787442642287161494e-28 3.888805073964953251e-27 5.050054798138516235e-26 6.439352039322797188e-25 7.826820344416661891e-24 9.202643799779029864e-23 1.033070845094318109e-21 1.110897369133560584e-20 1.136571543323976949e-19 1.104399935527250318e-18 1.013982781981372066e-17 8.758442782159029247e-17 7.076215690963210429e-16 5.312888873063230162e-15 3.677627452391635114e-14 2.324452486137148328e-13 1.325418403633469506e-12 6.714224922460032530e-12 2.961874795623051785e-11 1.107979181244693772e-10 3.391264476334298071e-10 8.098498126798128240e-10 1.426401689527040291e-09 1.800425902210705629e-09 1.800425715546187560e-09 1.426401118740688843e-09 8.098491577496885734e-10 3.391259680508690179e-10 1.107976046294662169e-10 2.961859867735724813e-11 6.714164627015694137e-12 1.325397657451499274e-12 2.324389102827010145e-13 3.677458667156930947e-14 5.312456091144381051e-15 7.075283335254703519e-16 8.756242786755150246e-17 1.013587858568772689e-17 1.103483854522739491e-18 1.135151195983232153e-19 1.107729258571533413e-20 1.028905780568491202e-21 9.128156079273024586e-23 7.783027089809302639e-24 6.499523133416392902e-25 5.652299914292345078e-26 5.921898024447654239e-27 8.646083574244693631e-28 0.000000000000000000e+00
0.000000000000000000e+00 2.562391617089642320e-27 3.487212806419113967e-26 4.653318809530564355e-25 5.933559766234041602e-24 7.333593591836951039e-23 8.675751839489892907e-22 9.857442011870629687e-21 1.068833254765114071e-19 1.104399935527251859e-18 1.082415480572225460e-17 1.002526514495908246e-16 8.730904828250506935e-16 7.110691070248463759e-15 5.380228964251716651e-14 3.752636764425224204e-13 2.389855283472344691e-12 1.373199071360899469e-11 7.011558914918360589e-11 3.118704306073337198e-10 1.176690916278878550e-09 3.632525008605445006e-09 8.741090486812581482e-09 1.546964587189488781e-08 1.952050390119346835e-08 1.952050609906124558e-08 1.546965286175328846e-08 8.741098584267905185e-09 3.632531104190260002e-09 1.176695091799539618e-09 3.118724189973559804e-10 7.011640924830222399e-11 1.373227637195379153e-11 2.389942710331024355e-12 3.752873831077753706e-13 5.380819077120825946e-14 7.112001534283036782e-15 8.733721173790467613e-16 1.003052947973233230e-16 1.083438294840516930e-17 1.106023177810468950e-18 1.071718394978025497e-19 9.894582000447068174e-21 8.729285751976778110e-22 7.362081124428662052e-23 5.886721526596874028e-24 4.285612216956422435e-25 2.335136113461362240e-26 -5.690293078051836804e-28 0.000000000000000000e+00
0.000000000000000000e+00 2.141848489791953831e-26 3.004552743390775650e-25 4.012577656028625647e-24 5.202790076166811129e-23 6.472370802117546751e-22 7.751137553499097874e-21 8.882338619192785982e-20 9.728203862579156447e-19 1.013982781981370679e-17 1.002526514495908493e-16 9.360658569916144478e-16 8.215119869508093247e-15 6.738979894332320477e-14 5.133749253389374360e-13 3.603915207951448840e-12 2.309549406705940590e-11 1.335357564652796508e-10 6.862268437453193407e-10 3.073097390183674857e-09 1.167889019398537253e-08 3.632216327550221902e-08 8.799855909980871890e-08 1.563978428298617940e-07 1.972345758991473631e-07 1.972345554673556227e-07 1.563977746572258036e-07 8.799847938447813665e-08 3.632210147988984653e-08 1.167884594202094095e-08 3.073076477719487800e-09 6.862180116813093846e-10 1.335326590830106700e-10 2.309453803911890630e-11 3.603652990010285966e-12 5.133096710529160330e-13 6.737506879138474622e-14 8.212007781993383965e-15 9.354683269447025652e-16 1.001415358944340921e-16 1.012139409485607165e-17 9.697505399623741271e-19 8.838889458996482364e-20 7.688888379380533184e-21 6.408204013956164046e-22 5.155851831184751245e-23 4.090278126823727465e-24 3.398139999139425125e-25 3.353596048061139931e-26 0.000000000000000000e+00
0.000000000000000000e+00 1.720773661826242859e-25 2.411992644067245614e-24 3.275147018319556816e-23 4.276426931568580996e-22 5.386588156252184152e-21 6.508490248200986690e-20 7.535718697754459061e-19 8.327912119840313358e-18 8.758442782159034178e-17 8.730904828250506935e-16 8.215119869508093247e-15 7.260504755410421251e-14 5.993849749330606319e-13 4.592153409583132481e-12 3.240189078154363460e-11 2.086124307683061725e-10 1.211503300082308422e-09 6.253564637802498391e-09 2.813962145945502690e-08 1.075137832005339379e-07 3.363240260917558792e-07 8.193549953762763366e-07 1.461229550029223402e-06 1.840945103452003940e-06 1.840945253301081001e-06 1.461230081917268964e-06 8.193556231277593597e-07 3.363245285811167447e-07 1.075141588482665679e-07 2.813979601948738957e-08 6.253640448372468859e-09 1.211529879015991047e-09 2.086207106109152580e-10 3.240417715486503221e-11 4.592724526759921699e-12 5.995149854432039851e-13 7.263247344638958247e-14 8.220451654507020498e-15 8.740724590579994723e-16 8.775094560979491398e-17 8.355245237868081849e-18 7.576355069448418657e-19 6.567646682380902662e-20 5.460598308216591325e-21 4.362058103860117959e-22 3.334568735680193291e-23 2.381353308994729520e-24 1.419168295655883425e-25 0.000000000000000000e+00
0.000000000000000000e+00 1.276297590530518471e-24 1.821077392097144654e-23 2.491663112967299637e-22 3.294931634829448397e-21 4.189328456440413744e-20 5.116308217861569541e-19 5.979939451434288383e-18 6.670789918322650813e-17 7.076215690963212401e-16 7.110691070248462181e-15 6.738979894332324263e-14 5.993849749330609349e-13 4.975019180396580305e-12 3.828546682010523044e-11 2.710855078935255791e-10 1.749993153786593834e-09 1.018416155532002513e-08 5.266650684677051170e-08 2.374798159311954878e-07 9.098125427310866588e-07 2.856040126287274960e-06 6.984012702540201280e-06 1.248323218762982760e-05 1.570347436772925255e-05 1.570347351367801052e-05 1.248322888645824243e-05 6.984008769699067630e-06 2.856036862867455278e-06 9.098099976406937174e-07 2.374786666953237460e-07 5.266598959517142903e-08 1.018398210361530502e-08 1.749936659739647454e-09 2.710698827751008014e-10 3.828155568054466580e-11 4.974126659819553963e-12 5.991970112090403655e-13 6.735317767571817074e-14 7.103989582914411676e-15 7.064805557309766513e-16 6.652250261008890407e-17 5.952026955522934690e-18 5.075737457468237917e-19 4.135860664862380751e-20 3.227808750752613119e-21 2.422164433503781881e-22 1.766991140846257351e-23 1.294485039475342477e-24 0.000000000000000000e+00
0.000000000000000000e+00 8.856180048712042733e-24 1.272979140161315755e-22 1.764287429055015346e-21 2.356215920359696851e-20 3.029293100189596354e-19 3.736631328370504799e-18 4.410839730927281787e-17 4.965726930444701296e-16 5.312888873063225428e-15 5.380228964251717282e-14 5.133749253389374360e-13 4.592153409583133289e-12 3.828546682010524983e-11 2.955352059497297330e-10 2.096054313741494644e-09 1.353513882805989669e-08 7.870226390614368415e-08 4.063705563847938434e-07 1.829385087204980932e-06 7.001569151477944718e-06 2.198212875292499904e-05 5.381178803646725445e-05 9.622892529171801616e-05 1.207867874847083612e-04 1.207867911289668266e-04 9.622894132487389820e-05 5.381180732005834936e-05 2.198214543519089894e-05 7.001582722558440160e-06 1.829390938970981144e-06 4.063733258394611044e-07 7.870319846218805761e-08 1.353543755165261897e-08 2.096136324065632733e-09 2.955556853012776569e-10 3.829011048964631618e-11 4.593121235456087223e-12 5.135611756519297543e-13 5.383571078643422087e-14 5.318464494876172528e-15 4.974504973245715702e-16 4.423663929607202576e-17 3.754465757417756638e-18 3.051885513163048585e-19 2.383191956468024889e-20 1.791237638168119267e-21 1.293964187038477950e-22 8.833779575257940670e-24 0.000000000000000000e+00
0.000000000000000000e+00 5.636739368415172907e-23 8.210816354731961287e-22 1.149886429142987836e-20 1.553486635561253223e-19 2.018393388233659319e-18 2.515949319445951137e-17 2.999287588772426735e-16 3.408168876050464661e-15 3.677627452391635745e-14 3.752636764425224709e-13 3.603915207951450456e-12 3.240189078154364107e-11 2.710855078935256308e-10 2.096054313741494231e-09 1.486061210606390750e-08 9.572468350035536530e-08 5.541343573654889219e-07 2.844116423774604405e-06 1.271779747403127454e-05 4.836829778331239421e-05 1.511280422031801803e-04 3.688694164298161621e-04 6.581657853235296741e-04 8.235140620656330318e-04 8.235140514312966299e-04 6.581657263184588795e-04 3.688693447795214153e-04 1.511279770075831582e-04 4.836824242499654212e-05 1.271777535926029206e-05 2.844105087843241562e-06 5.541307628580094463e-07 9.572350064882765135e-08 1.486029677723809955e-08 2.095976544581355877e-09 2.710683907378034261e-10 3.239846432588115146e-11 3.603292159090863280e-12 3.751606244367592168e-13 3.676096080464126307e-14 3.406144356597689625e-15 2.997066631292674438e-16 2.514187178149027017e-17 2.018565826052395024e-18 1.557679042197043130e-19 1.161837833303443058e-20 8.452543046059682784e-22 6.071218114686004382e-23 0.000000000000000000e+00
0.000000000000000000e+00 3.278155136469512515e-22 4.826060026560197358e-21 6.839380797078541708e-20 9.342723119880824724e-19 1.227371703647044077e-17 1.546135240805741280e-16 1.861856078843945407e-15 2.135691229286554883e-14 2.324452486137149338e-13 2.389855283472345499e-12 2.309549406705940267e-11 2.086124307683063276e-10 1.749993153786593421e-09 1.353513882805990497e-08 9.572468350035532559e-08 6.131868428845969852e-07 3.518613277407455308e-06 1.784943318037666816e-05 7.873173550383734810e-05 2.952687700101305334e-04 9.113032160725808607e-04 2.203964726269486054e-03 3.907170382869998466e-03 4.866249690520076457e-03 4.866249705692774624e-03 3.907170537439584763e-03 2.203964915658272825e-03 9.113034002278023148e-04 2.952689335623343773e-04 7.873179213000098577e-05 1.784946699807646832e-05 3.518622494823479223e-06 6.131901103635449815e-07 9.572546823724635371e-08 1.353532334453435425e-08 1.750028453709691559e-09 2.086180769430945176e-10 2.309612938691887342e-11 2.389862254314533446e-12 2.324229128799338885e-13 2.134863488319393833e-14 1.859710676602235936e-15 1.541485802892474713e-16 1.218347982384685802e-17 9.182821830545086908e-19 6.574224967503902798e-20 4.413547830045682458e-21 2.673179828016602766e-22 0.000000000000000000e+00
0.000000000000000000e+00 1.715526201918835793e-21 2.556287170863722009e-20 3.664625792537437558e-19 5.064030528244516747e-18 6.727296167789632675e-17 8.566631886455081930e-16 1.042267953301014182e-14 1.207143040965544848e-13 1.325418403633469304e-12 1.373199071360899307e-11 1.335357564652796508e-10 1.211503300082309042e-09 1.018416155532002348e-08 7.870226390614368415e-08 5.541343573654888160e-07 3.518613277407455308e-06 1.991591970289226184e-05 9.915182758992047575e-05 4.273673732666055072e-04 1.562841448960640076e-03 4.709654189847456082e-03 1.117390083143917148e-02 1.954559098098044082e-02 2.417633421692401766e-02 2.417633424035712381e-02 1.954559073165251792e-02 1.117390052483175494e-02 4.709653858435704742e-03 1.562841139103895646e-03 4.273672998682330579e-04 9.915176050750193048e-05 1.991590905156809916e-05 3.518608055611889155e-06 5.541337106123647036e-07 7.870218004233069989e-08 1.018419197113682994e-08 1.211522086518802714e-09 1.335427423078700111e-10 1.373404001943229811e-11 1.325937128811332677e-12 1.208317254830535225e-13 1.044696314832822061e-14 8.613077682836277942e-16 6.810340046790354371e-17 5.203636428682710627e-18 3.886914283869593103e-19 2.892482552608377566e-20 2.195933824307315455e-21 0.000000000000000000e+00
0.000000000000000000e+00 7.966457463169826698e-21 1.200991152495456569e-19 1.742208357248398843e-18 2.435576060794201577e-17 3.272561478565048999e-16 4.213491089973232727e-15 5.180737040804510238e-14 6.059986842578618454e-13 6.714224922460030106e-12 7.011558914918361881e-11 6.862268437453193407e-10 6.253564637802498391e-09 5.266650684677053817e-08 4.063705563847936846e-07 2.844116423774603981e-06 1.784943318037666816e-05 9.915182758992048930e-05 4.804793806153682891e-04 1.999043393970144963e-03 7.012990307785180351e-03 2.025961664209577351e-02 4.637324529852237393e-02 7.908749284405489077e-02 9.677716153049172043e-02 9.677716136497507837e-02 7.908749297658800026e-02 4.637324544767805479e-02 2.025961687680152140e-02 7.012990548219736296e-03 1.999043345154868055e-03 4.804794524913609684e-04 9.915180864967765545e-05 1.784943397575155608e-05 2.844112832018920993e-06 4.063692897037761908e-07 5.266595657138865571e-08 6.253386518078087474e-09 6.861748429844623474e-10 7.010209336791465497e-11 6.711040463223355221e-12 6.053083144985093634e-13 5.166857611616432462e-14 4.187425996687645847e-15 3.226545756103238754e-16 2.358829575998817125e-17 1.620705180092917964e-18 1.017793902514761744e-19 5.355020588247838055e-21 0.000000000000000000e+00
0.000000000000000000e+00 3.218001111637205812e-20 4.908865661623490908e-19 7.205312253723352875e-18 1.019105267435142343e-16 1.385095159953251559e-15 1.803351723376486009e-14 2.241262490291594169e-13 2.648387663944673414e-12 2.961874795623051139e-11 3.118704306073338232e-10 3.073097390183675271e-09 2.813962145945502359e-08 2.374798159311954878e-07 1.829385087204981355e-06 1.271779747403126776e-05 7.873173550383734810e-05 4.273673732666057241e-04 1.999043393970144963e-03 7.911190257576354579e-03 2.602597922500491517e-02 6.999744076099351231e-02 1.501622717061407430e-01 2.442846443224235831e-01 2.935717579799707599e-01 2.935717582783879953e-01 2.442846445465176597e-01 1.501622720664652078e-01 6.999744106968963653e-02 2.602597951317431324e-02 7.911190554022069776e-03 1.999043370360407100e-03 4.273674684781363325e-04 7.873174981245946566e-05 1.271781446137351725e-05 1.829390630193603681e-06 2.374820743997557824e-07 2.814032115482669630e-08 3.073298370316767682e-09 3.119219035247599302e-10 2.963080817415732025e-11 2.650990766029934529e-12 2.246482799255937445e-13 1.813144853674739897e-14 1.402380453693331623e-15 1.047953052479862197e-16 7.662506490135918154e-18 5.599344128876927179e-19 4.204103143880132250e-20 0.000000000000000000e+00
0.000000000000000000e+00 1.103125801813544025e-19 1.702128249507210241e-18 2.527358620516850191e-17 3.615800807783814164e-16 4.970220058361596366e-15 6.543169659685458678e-14 8.219842428577939475e-13 9.812976763287056098e-12 1.107979181244693643e-10 1.176690916278878757e-09 1.167889019398537584e-08 1.075137832005339776e-07 9.098125427310860235e-07 7.001569151477941330e-06 4.836829778331239421e-05 2.952687700101305876e-04 1.562841448960640292e-03 7.012990307785183820e-03 2.602597922500491864e-02 7.807496184169575304e-02 1.870687823179324194e-01 3.578426994735072197e-01 5.328483127632296368e-01 6.195646697189358676e-01 6.195646696932157749e-01 5.328483127195047242e-01 3.578426992114629446e-01 1.870687818979639705e-01 7.807496137932086466e-02 2.602597912850013878e-02 7.012990359283246579e-03 1.562841312521944448e-03 2.952687431813889396e-04 4.836826053791676343e-05 7.001556640111479128e-06 9.098071670552432893e-07 1.075121231503903156e-07 1.167840751539773345e-08 1.176567374126337826e-09 1.107689382904769735e-10 9.806724515249981556e-12 8.207310681851916352e-13 6.519673716345145239e-14 4.928768881598619547e-15 3.546642701229392377e-16 2.417769264698087992e-17 1.536606406496221646e-18 8.666494307208120948e-20 0.000000000000000000e+00
0.000000000000000000e+00 3.107969479849885935e-19 4.846910049944163380e-18 7.274604439202906252e-17 1.051985342769918040e-15 1.461547021009646979e-14 1.944437606774652202e-13 2.467926988352272947e-12 2.975568769945029112e-11 3.391264476334299622e-10 3.632525008605443765e-09 3.632216327550223887e-08 3.363240260917558792e-07 2.856040126287274113e-06 2.198212875292497871e-05 1.511280422031801803e-04 9.113032160725806439e-04 4.709654189847456950e-03 2.025961664209577004e-02 6.999744076099352619e-02 1.870687823179324472e-01 3.794365668727937013e-01 6.048063219611676811e-01 7.747590275535658488e-01 8.486872824595501630e-01 8.486872820251896155e-01 7.747590268031234739e-01 6.048063212146806977e-01 3.794365661934414602e-01 1.870687816553603389e-01 6.999744016145652281e-02 2.025961652387072917e-02 4.709654259050100565e-03 9.113032520419674012e-04 1.511280866789390309e-04 2.198214390371427970e-05 2.856046767062351134e-06 3.363259920878103845e-07 3.632273240547471917e-08 3.632667023296274199e-09 3.391592482234254389e-10 2.976264114991090718e-11 2.469299132265308962e-12 1.946972491818253479e-13 1.465957349592376820e-14 1.059247854625154988e-15 7.388265224311097898e-17 5.016560627881469403e-18 3.347735787544601212e-19 0.000000000000000000e+00
0.000000000000000000e+00 6.915919668967013651e-19 1.088179054034648297e-17 1.648018749549113912e-16 2.404885519865642723e-15 3.371513684772020184e-14 4.525897628544724968e-13 5.795352984620212750e-12 7.047715573084844211e-11 8.098498126798126172e-10 8.741090486812586445e-09 8.799855909980870567e-08 8.193549953762758072e-07 6.984012702540207209e-06 5.381178803646723412e-05 3.688694164298159995e-04 2.203964726269486054e-03 1.117390083143917669e-02 4.637324529852234617e-02 1.501622717061406320e-01 3.578426994735069422e-01 6.048063219611676811e-01 8.003472127912324430e-01 9.101383246740165633e-01 9.513404299004263320e-01 9.513404297643930363e-01 9.101383243187194383e-01 8.003472125542554494e-01 6.048063220256589823e-01 3.578426996573267904e-01 1.501622714626649757e-01 4.637324498160193265e-02 1.117390081943625373e-02 2.203964692220283794e-03 3.688694261285690307e-04 5.381179379033244610e-05 6.984015816892661926e-06 8.193562329537503002e-07 8.799895028014781924e-08 8.741202073639456437e-09 8.098777955262979034e-10 7.048358787005165952e-11 5.796711989042368908e-12 4.528569602445850418e-13 3.376434869276205202e-14 2.413428380170153105e-15 1.662066707880964506e-16 1.110148974350190371e-17 7.240048381186691983e-19 0.000000000000000000e+00
0.000000000000000000e+00 1.165442911221949038e-18 1.843954182357164903e-17 2.808393460571830315e-16 4.121429776739542070e-15 5.810803715167536974e-14 7.844376009609077737e-13 1.010042317554360035e-11 1.234949187516135151e-10 1.426401689527040705e-09 1.546964587189488781e-08 1.563978428298617675e-07 1.461229550029222555e-06 1.248323218762982590e-05 9.622892529171796195e-05 6.581657853235290236e-04 3.907170382869996732e-03 1.954559098098044428e-02 7.908749284405489077e-02 2.442846443224235553e-01 5.328483127632290817e-01 7.747590275535651827e-01 9.101383246740157862e-01 9.678522662645269170e-01 9.862015635594081342e-01 9.862015640240308079e-01 9.678522674270747528e-01 9.101383257244759495e-01 7.747590288960554128e-01 5.328483142368209968e-01 2.442846451444381783e-01 7.908749292081870830e-02 1.954559065272085117e-02 3.907170211954668834e-03 6.581656466153290412e-04 9.622887521005095836e-05 1.248321181759798256e-05 1.461223423016881400e-06 1.563960844435443360e-07 1.546920366938944176e-08 1.426298907790088591e-09 1.234729239461616792e-10 1.009603779437946102e-11 7.836182152090772171e-13 5.796375337227272504e-14 4.097371477614394976e-15 2.770251405978417124e-16 1.786267145639199156e-17 1.082840341383760125e-18 0.000000000000000000e+00
0.000000000000000000e+00 1.465134721471746882e-18 2.320179710520223685e-17 3.536574971032730932e-16 5.193814914824165847e-15 7.327272859266522889e-14 9.896428347827482747e-13 1.274707352177171212e-11 1.558820704684156838e-10 1.800425902210704595e-09 1.952050390119346173e-08 1.972345758991472837e-07 1.840945103452003728e-06 1.570347436772924238e-05 1.207867874847084018e-04 8.235140620656323813e-04 4.866249690520074722e-03 2.417633421692401766e-02 9.677716153049170655e-02 2.935717579799706489e-01 6.195646697189352015e-01 8.486872824595498299e-01 9.513404299004259990e-01 9.862015635594078011e-01 9.954752923744054627e-01 9.954752932473449611e-01 9.862015655313384199e-01 9.513404321089747873e-01 8.486872848330183627e-01 6.195646721868511841e-01 2.935717600210632217e-01 9.677716260851937369e-02 2.417633459086258874e-02 4.866249839346165930e-03 8.235140798934784600e-04 1.207867876784495567e-04 1.570347145047245048e-05 1.840943570899159460e-06 1.972340165756677939e-07 1.952033045116051360e-08 1.800379862504489005e-09 1.558709894023844350e-10 1.274464386768632340e-11 9.891492083790352927e-13 7.317911038734181756e-14 5.177118761160109326e-15 3.508419204094701320e-16 2.275086638691756866e-17 1.397107342224453068e-18 0.000000000000000000e+00
0.000000000000000000e+00 1.465133743718938767e-18 2.320179533479756346e-17 3.536575019463851751e-16 5.193814889236457377e-15 7.327272831153732824e-14 9.896428554773780120e-13 1.274707290905123623e-11 1.558820828135044046e-10 1.800425715546187974e-09 1.952050609906122904e-08 1.972345554673553580e-07 1.840945253301079942e-06 1.570347351367802068e-05 1.207867911289667453e-04 8.235140514312968467e-04 4.866249705692775492e-03 2.417633424035711340e-02 9.677716136497507837e-02 2.935717582783878288e-01 6.195646696932154418e-01 8.486872820251890603e-01 9.513404297643929253e-01 9.862015640240308079e-01 9.954752932473459603e-01 9.954752939943463108e-01 9.862015666058314700e-01 9.513404328284251754e-01 8.486872851747696567e-01 6.195646728387200763e-01 2.935717611194013643e-01 9.677716373873794520e-02 2.417633541073926917e-02 4.866250300057516943e-03 8.235142921353613829e-04 1.207868708470401285e-04 1.570349989348317725e-05 1.840952222552620115e-06 1.972363914326992329e-07 1.952092554746737330e-08 1.800517268848985768e-09 1.559004511794645188e-10 1.275054827447113941e-11 9.902613939850255794e-13 7.337696704250312722e-14 5.210501199087146277e-15 3.562033530393498586e-16 2.357297325712107553e-17 1.516503730276335234e-18 0.000000000000000000e+00
0.000000000000000000e+00 1.165440370159367589e-18 1.843953590381036468e-17 2.808393671815658032e-16 4.121429654497180514e-15 5.810803671096222063e-14 7.844376569725704347e-13 1.010042142488796661e-11 1.234949552339668236e-10 1.426401118740688843e-09 1.546965286175328846e-08 1.563977746572255389e-07 1.461230081917268329e-06 1.248322888645823904e-05 9.622894132487385755e-05 6.581657263184594216e-04 3.907170537439582161e-03 1.954559073165251792e-02 7.908749297658800026e-02 2.442846445465175209e-01 5.328483127195046132e-01 7.747590268031231409e-01 9.101383243187191052e-01 9.678522674270741977e-01 9.862015655313388640e-01 9.862015666058315810e-01 9.678522695920444008e-01 9.101383275866450351e-01 7.747590302083002811e-01 5.328483159793260260e-01 2.442846478635804230e-01 7.908749584884670891e-02 1.954559289117355561e-02 3.907171524370918296e-03 6.581662708657691182e-04 9.622912564409510678e-05 1.248329893890010014e-05 1.461250250961713207e-06 1.564035135615829060e-07 1.547107686330687987e-08 1.426733310187728386e-09 1.235663488314609666e-10 1.011480086228733034e-11 7.871579424344433252e-13 5.859420631631110289e-14 4.203847945245722520e-15 2.941424427410346126e-16 2.049012221252348213e-17 1.464873137995772963e-18 0.000000000000000000e+00
0.000000000000000000e+00 6.915886354320639828e-19 1.088178486408780459e-17 1.648018941838622960e-16 2.404885393567043589e-15 3.371513640502920805e-14 4.525898245122248033e-13 5.795351020586585238e-12 7.047719716339752551e-11 8.098491577496882632e-10 8.741098584267900222e-09 8.799847938447805724e-08 8.193556231277592538e-07 6.984008769699060853e-06 5.381180732005834936e-05 3.688693447795213069e-04 2.203964915658273259e-03 1.117390052483175321e-02 4.637324544767806173e-02 1.501622720664652078e-01 3.578426992114628336e-01 6.048063212146804757e-01 8.003472125542554494e-01 9.101383257244761715e-01 9.513404321089744542e-01 9.513404328284247313e-01 9.101383275866448130e-01 8.003472163803995176e-01 6.048063253326847466e-01 3.578427029559253514e-01 1.501622754043947794e-01 4.637324888210691415e-02 1.117390374556720585e-02 2.203966411663965848e-03 3.688702519788562210e-04 5.381212931280532905e-05 6.984134159973465854e-06 8.193931976998431160e-07 8.800933446959310527e-08 8.743858163411592811e-09 8.105025898024572773e-10 7.061987006949057738e-11 5.824467793598120934e-12 4.581662156280524419e-13 3.472302399526313719e-14 2.577551755853435407e-15 1.929487377080574687e-16 1.526136482106590225e-17 1.336672646899578818e-18 0.000000000000000000e+00
0.000000000000000000e+00 3.107928004966116334e-19 4.846912338776138860e-18 7.274602097606690463e-17 1.051985437527394373e-15 1.461546915187973738e-14 1.944438050696475754e-13 2.467925617983513423e-12 2.975571724741626620e-11 3.391259680508689662e-10 3.632531104190260416e-09 3.632210147988981344e-08 3.363245285811167447e-07 2.856036862867453160e-06 2.198214543519089894e-05 1.511279770075831582e-04 9.113034002278017727e-04 4.709653858435706476e-03 2.025961687680151793e-02 6.999744106968960877e-02 1.870687818979638595e-01 3.794365661934411271e-01 6.048063220256592043e-01 7.747590288960558569e-01 8.486872848330183627e-01 8.486872851747694346e-01 7.747590302082991709e-01 6.048063253326846356e-01 3.794365696608685279e-01 1.870687850294128762e-01 6.999744435371282880e-02 2.025962085512771071e-02 4.709657613191725600e-03 9.113052709146610966e-04 1.511290753795520292e-04 2.198255230834346300e-05 2.856192948552525211e-06 3.363722653438451877e-07 3.633589270075763040e-08 3.636072193533238575e-09 3.399690021590476990e-10 2.994110002144041537e-11 2.506004802169687445e-12 2.017851398428741881e-13 1.595110092697214657e-14 1.282303319104461774e-15 1.105368164280681042e-16 1.076541933238389050e-17 1.188013773867542881e-18 0.000000000000000000e+00
0.000000000000000000e+00 1.103088179023888298e-19 1.702134014258897117e-18 2.527354815935066249e-17 3.615802461866794717e-16 4.970219087926672280e-15 6.543172207098779840e-14 8.219834373692277762e-13 9.812995120800225410e-12 1.107976046294662686e-10 1.176695091799539618e-09 1.167884594202093268e-08 1.075141588482665811e-07 9.098099976406942468e-07 7.001582722558439313e-06 4.836824242499656923e-05 2.952689335623343773e-04 1.562841139103895213e-03 7.012990548219733694e-03 2.602597951317430630e-02 7.807496137932085079e-02 1.870687816553604499e-01 3.578426996573267904e-01 5.328483142368211078e-01 6.195646721868514062e-01 6.195646728387195212e-01 5.328483159793258039e-01 3.578427029559252404e-01 1.870687850294128485e-01 7.807496466061564222e-02 2.602598339300101274e-02 7.012994785166744814e-03 1.562844724601478944e-03 2.952707869628629685e-04 4.836925774207563133e-05 7.001967553246726697e-06 9.099540480497648123e-07 1.075585973307332103e-07 1.169162912071875077e-08 1.179991661909635912e-09 1.115844534765474970e-10 9.986804920667915214e-12 8.578577340185227655e-13 7.238539022487289614e-14 6.242622015365067562e-15 5.823250343686540526e-16 6.172137791592575962e-17 7.447153151991280222e-18 9.672343959403933452e-19 0.000000000000000000e+00
0.000000000000000000e+00 3.217666719935112951e-20 4.908956684728145091e-19 7.205255932712403104e-18 1.019108067422134016e-16 1.385093755570888880e-15 1.803353276738973469e-14 2.241258613751355277e-13 2.648396365482079231e-12 2.961859867735726105e-11 3.118724189973559287e-10 3.073076477719486973e-09 2.813979601948738626e-08 2.374786666953237460e-07 1.829390938970981356e-06 1.271777535926029714e-05 7.873179213000095866e-05 4.273672998682331663e-04 1.999043345154866754e-03 7.911190554022061103e-03 2.602597912850013531e-02 6.999744016145648118e-02 1.501622714626649757e-01 2.442846451444381783e-01 2.935717600210632772e-01 2.935717611194011978e-01 2.442846478635804230e-01 1.501622754043947516e-01 6.999744435371285656e-02 2.602598339300100927e-02 7.911194922281553077e-03 1.999047268672834304e-03 4.273701866140166075e-04 7.873327848497320696e-05 1.271853154330577893e-05 1.829679015747652937e-06 2.375836792341238692e-07 2.817222100799489588e-08 3.082345465685164220e-09 3.142654826976798592e-10 3.019039129762506521e-11 2.775093942271483819e-12 2.503787715564415958e-13 2.314646368592979836e-14 2.325682397186469520e-15 2.660403876582516697e-16 3.447298917770815579e-17 4.816729450908387952e-18 6.815948114137129452e-19 0.000000000000000000e+00
0.000000000000000000e+00 7.963701331018715430e-21 1.201087796424927571e-19 1.742150105151248652e-18 2.435605876366523473e-17 3.272547142301032437e-16 4.213500694045649691e-15 5.180720782497237643e-14 6.060021548870519959e-13 6.714164627015694944e-12 7.011640924830221107e-11 6.862180116813096948e-10 6.253640448372467205e-09 5.266598959517144226e-08 4.063733258394612102e-07 2.844105087843244103e-06 1.784946699807646493e-05 9.915176050750188982e-05 4.804794524913611311e-04 1.999043370360404064e-03 7.012990359283244844e-03 2.025961652387070142e-02 4.637324498160191877e-02 7.908749292081872218e-02 9.677716260851934593e-02 9.677716373873788969e-02 7.908749584884670891e-02 4.637324888210691415e-02 2.025962085512770725e-02 7.012994785166739610e-03 1.999047268672834738e-03 4.804824763304519275e-04 9.915373180845226059e-05 1.785045637427390246e-05 2.844576015060315279e-06 4.065515491663070891e-07 5.272930207390711752e-08 6.273110606271944636e-09 6.917428850424418733e-10 7.154145569444098714e-11 7.054647180881868098e-12 6.816027031856659927e-13 6.752246392150497974e-14 7.287006253656295295e-15 8.954621815962523129e-16 1.240550164485427296e-16 1.840507849790267433e-17 2.780375864540632967e-18 4.099069420503916597e-19 0.000000000000000000e+00
0.000000000000000000e+00 1.714027328605342263e-21 2.556830471302467248e-20 3.664308233077777199e-19 5.064188995118071465e-18 6.727223381320076109e-17 8.566672544857164074e-16 1.042262312385348215e-14 1.207154821603436481e-13 1.325397657451498668e-12 1.373227637195379961e-11 1.335326590830106700e-10 1.211529879015991667e-09 1.018398210361530502e-08 7.870319846218807085e-08 5.541307628580099757e-07 3.518622494823478799e-06 1.991590905156810594e-05 9.915180864967769610e-05 4.273674684781360073e-04 1.562841312521944014e-03 4.709654259050097096e-03 1.117390081943624332e-02 1.954559065272085810e-02 2.417633459086258874e-02 2.417633541073925529e-02 1.954559289117355561e-02 1.117390374556720412e-02 4.709657613191723866e-03 1.562844724601478294e-03 4.273701866140167159e-04 9.915373180845228770e-05 1.991705506313841154e-05 3.519180190081381276e-06 5.543820226263101847e-07 7.879711205237056158e-08 1.021656623960498963e-08 1.221482434131388801e-09 1.363349672199569543e-10 1.445344896531200956e-11 1.497569738665964084e-12 1.589948373267966421e-13 1.840063267403383126e-14 2.422750581468681185e-15 3.581163237121360182e-16 5.636260709843102590e-17 8.989391403239199216e-18 1.410734111206240362e-18 2.123185336650644142e-19 0.000000000000000000e+00
0.000000000000000000e+00 3.268480320273331225e-22 4.829980943711077415e-21 6.837008375585665575e-20 9.343979463742518094e-19 1.227310515413873285e-17 1.546165280656695444e-16 1.861832161978525597e-15 2.135728890036007299e-14 2.324389102827010650e-13 2.389942710331023951e-12 2.309453803911891276e-11 2.086207106109152321e-10 1.749936659739647454e-09 1.353543755165262062e-08 9.572350064882767782e-08 6.131901103635448756e-07 3.518608055611892119e-06 1.784943397575156285e-05 7.873174981245945211e-05 2.952687431813888854e-04 9.113032520419671843e-04 2.203964692220283361e-03 3.907170211954670569e-03 4.866249839346164195e-03 4.866250300057515209e-03 3.907171524370918296e-03 2.203966411663965414e-03 9.113052709146609882e-04 2.952707869628629143e-04 7.873327848497324762e-05 1.785045637427393295e-05 3.519180190081383817e-06 6.134608330282488065e-07 9.584033742850158824e-08 1.357849716305953550e-08 1.764573675341382165e-09 2.130565518705523464e-10 2.433414209978192315e-11 2.708028780345685630e-12 3.082881998009716437e-13 3.823495433769817902e-14 5.387090921841108633e-15 8.489214200238221576e-16 1.417583786719031215e-16 2.388510934947731519e-17 3.947472954427084955e-18 6.316695141875032777e-19 9.621715338841050294e-20 0.000000000000000000e+00
0.000000000000000000e+00 5.595806817079896136e-23 8.226960582201757121e-22 1.148949736652628742e-20 1.553956308623648803e-19 2.018180806742645828e-18 2.516041990713083537e-17 2.999224128819907668e-16 3.408266677556161640e-15 3.677458667156931578e-14 3.752873831077753706e-13 3.603652990010287582e-12 3.240417715486503221e-11 2.710698827751007497e-10 2.096136324065632319e-09 1.486029677723810451e-08 9.572546823724635371e-08 5.541337106123651271e-07 2.844112832018920570e-06 1.271781446137352233e-05 4.836826053791678376e-05 1.511280866789390580e-04 3.688694261285690307e-04 6.581656466153292580e-04 8.235140798934779179e-04 8.235142921353607324e-04 6.581662708657690097e-04 3.688702519788561668e-04 1.511290753795520292e-04 4.836925774207566521e-05 1.271853154330578910e-05 2.844576015060320362e-06 5.543820226263107141e-07 9.584033742850156177e-08 1.490828962276165123e-08 2.113591272128363850e-09 2.769033121968459739e-10 3.415850303049863711e-11 4.090570560729906119e-12 4.998574160493329259e-13 6.644131351430415509e-14 1.001349852814487464e-14 1.682233817702132025e-15 2.982393233553838832e-16 5.314759234027887687e-17 9.260252091482389071e-18 1.558505907486272231e-18 2.522508545019922518e-19 3.874711938892813566e-20 0.000000000000000000e+00
0.000000000000000000e+00 8.659657726741623511e-24 1.281170983718244521e-22 1.759327967182585222e-21 2.358860609229665273e-20 3.027997990842525999e-19 3.737226047521700512e-18 4.410527096546837741e-17 4.966024970238291287e-16 5.312456091144383418e-15 5.380819077120823421e-14 5.133096710529162350e-13 4.592724526759923315e-12 3.828155568054465287e-11 2.955556853012779154e-10 2.095976544581356291e-09 1.353532334453435259e-08 7.870218004233071312e-08 4.063692897037762967e-07 1.829390630193605799e-06 7.001556640111480822e-06 2.198214390371429664e-05 5.381179379033247998e-05 9.622887521005097191e-05 1.207867876784494754e-04 1.207868708470400472e-04 9.622912564409507967e-05 5.381212931280533583e-05 2.198255230834347994e-05 7.001967553246734320e-06 1.829679015747654843e-06 4.065515491663078302e-07 7.879711205237065422e-08 1.357849716305954377e-08 2.113591272128365091e-09 3.018908284075278127e-10 4.037037543100812750e-11 5.216665995978547895e-12 6.854912709852460493e-13 9.773986325284145766e-14 1.576367959120793130e-14 2.824911781606828076e-15 5.322639593642642658e-16 1.004548627952370708e-16 1.848010092189848893e-17 3.275080767821698056e-18 5.570455854653027873e-19 9.088085598020048141e-20 1.405541118394665519e-20 0.000000000000000000e+00
0.000000000000000000e+00 1.205080863248116768e-24 1.849910876290268065e-23 2.474785750203405291e-22 3.303498930843831839e-21 4.185413832700316433e-20 5.117925173454522507e-19 5.979218787702646526e-18 6.671413556044949483e-17 7.075283335254716338e-16 7.112001534283030471e-15 6.737506879138477146e-14 5.995149854432041871e-13 4.974126659819549117e-12 3.829011048964634202e-11 2.710683907378033744e-10 1.750028453709690938e-09 1.018419197113683821e-08 5.266595657138868218e-08 2.374820743997558883e-07 9.098071670552433952e-07 2.856046767062353252e-06 6.984015816892662773e-06 1.248321181759798934e-05 1.570347145047244709e-05 1.570349989348316709e-05 1.248329893890010183e-05 6.984134159973470089e-06 2.856192948552527752e-06 9.099540480497662946e-07 2.375836792341242662e-07 5.272930207390722340e-08 1.021656623960501114e-08 1.764573675341385474e-09 2.769033121968463358e-10 4.037037543100815981e-11 5.653036672212502726e-12 8.012026385704683115e-13 1.227816049528935842e-13 2.121927151355583815e-14 4.061349594398931861e-15 8.144475077528855410e-16 1.630506093646958945e-16 3.172190285512766765e-17 5.929339541535028580e-18 1.061073636420339182e-18 1.817948062407943635e-19 2.985225484101019053e-20 4.645287221114720297e-21 0.000000000000000000e+00
0.000000000000000000e+00 1.454178573214728944e-25 2.522519899167947627e-24 3.208516747898393642e-23 4.311746843717243717e-22 5.369427261408065901e-21 6.516150004554544182e-20 7.532340354259221222e-19 8.329951483066311191e-18 8.756242786755168735e-17 8.733721173790461696e-16 8.212007781993388698e-15 7.263247344638963296e-14 5.991970112090394567e-13 4.593121235456091262e-12 3.239846432588113853e-11 2.086180769430945176e-10 1.211522086518803334e-09 6.253386518078089955e-09 2.814032115482670623e-08 1.075121231503903024e-07 3.363259920878104904e-07 8.193562329537503002e-07 1.461223423016882035e-06 1.840943570899158401e-06 1.840952222552618209e-06 1.461250250961714477e-06 8.193931976998439630e-07 3.363722653438455583e-07 1.075585973307333956e-07 2.817222100799494551e-08 6.273110606271959525e-09 1.221482434131391696e-09 2.130565518705527858e-10 3.415850303049868881e-11 5.216665995978550318e-12 8.012026385704685134e-13 1.324034762847450629e-13 2.457945399655821085e-14 5.035208268708094668e-15 1.076855441996374377e-15 2.291323871148529137e-16 4.723297780633788610e-17 9.328161264335689035e-18 1.759269451276182809e-18 3.169240579542447181e-19 5.462129132824003864e-20 9.021899895032798770e-21 1.412116429235612360e-21 0.000000000000000000e+00
0.000000000000000000e+00 1.296095611928575952e-26 3.348155351071485087e-25 3.809500524671156307e-24 5.306946992818281952e-23 6.424241542226278000e-22 7.770963878896669720e-21 8.874742599796833248e-20 9.732008400523580585e-19 1.013587858568775154e-17 1.003052947973232614e-16 9.354683269447021708e-16 8.220451654507029965e-15 6.735317767571803190e-14 5.135611756519302592e-13 3.603292159090863280e-12 2.309612938691886695e-11 1.335427423078700369e-10 6.861748429844621406e-10 3.073298370316768509e-09 1.167840751539773345e-08 3.632273240547472579e-08 8.799895028014779277e-08 1.563960844435443360e-07 1.972340165756676086e-07 1.972363914326990211e-07 1.564035135615830119e-07 8.800933446959318468e-08 3.633589270075766349e-08 1.169162912071876566e-08 3.082345465685170010e-09 6.917428850424440447e-10 1.363349672199573162e-10 2.433414209978197162e-11 4.090570560729911773e-12 6.854912709852468571e-13 1.227816049528937104e-13 2.457945399655822032e-14 5.406598235429833994e-15 1.236648312730830361e-15 2.803847652020653525e-16 6.138128715466537906e-17 1.283502716959380000e-17 2.555973735562777915e-18 4.849787440429056008e-19 8.783876674192877026e-20 1.522046379508939275e-20 2.528146174853542667e-21 3.979930973375043257e-22 0.000000000000000000e+00
0.000000000000000000e+00 -6.136979076369933819e-29 4.558266794769760167e-26 4.011375782352933018e-25 6.270032004372455815e-24 7.172715054575460483e-23 8.745570962048726663e-22 9.829292731834153189e-21 1.070083696634194528e-19 1.103483854522741031e-18 1.083438294840517084e-17 1.001415358944339934e-16 8.740724590580014444e-16 7.103989582914397476e-15 5.383571078643430922e-14 3.751606244367593683e-13 2.389862254314532639e-12 1.373404001943229973e-11 7.010209336791466790e-11 3.119219035247599819e-10 1.176567374126338240e-09 3.632667023296277094e-09 8.741202073639451474e-09 1.546920366938943515e-08 1.952033045116048382e-08 1.952092554746735345e-08 1.547107686330688318e-08 8.743858163411599429e-09 3.636072193533240643e-09 1.179991661909637773e-09 3.142654826976805313e-10 7.154145569444125856e-11 1.445344896531204833e-11 2.708028780345691688e-12 4.998574160493338347e-13 9.773986325284160912e-14 2.121927151355586339e-14 5.035208268708095457e-15 1.236648312730830558e-15 2.997865506844918623e-16 6.990250319009347866e-17 1.551588496321755339e-17 3.269955772115906496e-18 6.548314456399151150e-19 1.248651416241183157e-19 2.272761850256477895e-20 3.958794657282854049e-21 6.612479009690005450e-22 1.047039537934475561e-22 0.000000000000000000e+00
0.000000000000000000e+00 -4.538637459329327203e-28 6.839943634679253987e-27 3.297175149226479018e-26 7.341051775812918542e-25 7.409083193450821687e-24 9.374318014329159719e-23 1.026826552868232955e-21 1.113177627891263914e-20 1.135151195983230708e-19 1.106023177810471453e-18 1.012139409485605162e-17 8.775094560979523445e-17 7.064805557309748764e-16 5.318464494876183573e-15 3.676096080464126938e-14 2.324229128799339390e-13 1.325937128811332071e-12 6.711040463223357644e-12 2.963080817415732025e-11 1.107689382904770640e-10 3.391592482234257491e-10 8.098777955262975932e-10 1.426298907790088591e-09 1.800379862504485075e-09 1.800517268848983080e-09 1.426733310187728386e-09 8.105025898024571739e-10 3.399690021590479575e-10 1.115844534765477425e-10 3.019039129762513629e-11 7.054647180881896371e-12 1.497569738665968931e-12 3.082881998009725019e-13 6.644131351430425606e-14 1.576367959120794077e-14 4.061349594398934227e-15 1.076855441996374180e-15 2.803847652020652539e-16 6.990250319009349099e-17 1.652367608169816424e-17 3.695617406640276057e-18 7.829785430653110864e-19 1.575217170016222055e-19 3.017548747884094098e-20 5.519352161015085964e-21 9.664644480052396611e-22 1.623540053405691431e-22 2.586218591925875535e-23 0.000000000000000000e+00
0.000000000000000000e+00 -1.659217901486795445e-28 1.189246138097268191e-27 5.932078365305844518e-28 8.996531193679081843e-26 6.846235880523207116e-25 9.709655282550242358e-24 1.012439377547883264e-22 1.101185050612977704e-21 1.107729258571523632e-20 1.071718394978033562e-19 9.697505399623691197e-19 8.355245237868126531e-18 6.652250261008864522e-17 4.974504973245733451e-16 3.406144356597686470e-15 2.134863488319395726e-14 1.208317254830534468e-13 6.053083144985097673e-13 2.650990766029931702e-12 9.806724515249989634e-12 2.976264114991093303e-11 7.048358787005164659e-11 1.234729239461616275e-10 1.558709894023841248e-10 1.559004511794643378e-10 1.235663488314609666e-10 7.061987006949059030e-11 2.994110002144041537e-11 9.986804920667936217e-12 2.775093942271490686e-12 6.816027031856684160e-13 1.589948373267970460e-13 3.823495433769826106e-14 1.001349852814489199e-14 2.824911781606829654e-15 8.144475077528856396e-16 2.291323871148529137e-16 6.138128715466536674e-17 1.551588496321755955e-17 3.695617406640276057e-18 8.308443666954962415e-19 1.768113914533017312e-19 3.572797960818423306e-20 6.876026391716171869e-21 1.264005386003532343e-21 2.225432712366951326e-22 3.760691275206726861e-23 6.028505803893919316e-24 0.000000000000000000e+00
0.000000000000000000e+00 -4.603367146538997995e-29 2.349898137866316052e-28 -6.343748157994415215e-28 1.235961151553271391e-26 4.990100682320275004e-26 9.971075037733244898e-25 9.378010336189692741e-24 1.041582539016190504e-22 1.028905780568462991e-21 9.894582000447245720e-21 8.838889458996382456e-20 7.576355069448489916e-19 5.952026955522895401e-18 4.423663929607225996e-17 2.997066631292670000e-16 1.859710676602237908e-15 1.044696314832822219e-14 5.166857611616438772e-14 2.246482799255933406e-13 8.207310681851923421e-13 2.469299132265309770e-12 5.796711989042372947e-12 1.009603779437946264e-11 1.274464386768630240e-11 1.275054827447112326e-11 1.011480086228733034e-11 5.824467793598120934e-12 2.506004802169685022e-12 8.578577340185237752e-13 2.503787715564421512e-13 6.752246392150516907e-14 1.840063267403385650e-14 5.387090921841113366e-15 1.682233817702133208e-15 5.322639593642644630e-16 1.630506093646959931e-16 4.723297780633788610e-17 1.283502716959380154e-17 3.269955772115908422e-18 7.829785430653111827e-19 1.768113914533016590e-19 3.778990635160475887e-20 7.670675895681863617e-21 1.483437584561919374e-21 2.741372887780609193e-22 4.854329947799753563e-23 8.254942965298754299e-24 1.332305976206370238e-24 0.000000000000000000e+00
0.000000000000000000e+00 -1.132968060560097513e-29 4.946814801573152595e-29 -2.203853648762033815e-28 1.972402779953030942e-27 9.165723848548416333e-28 1.059980527790858913e-25 8.028242630714649102e-25 9.479076589795050591e-24 9.128156079272439190e-23 8.729285751977129818e-22 7.688888379380358646e-21 6.567646682381015810e-20 5.075737457468183028e-19 3.754465757417786682e-18 2.514187178149020854e-17 1.541485802892477425e-16 8.613077682836275970e-16 4.187425996687653736e-15 1.813144853674735479e-14 6.519673716345149026e-14 1.946972491818254489e-13 4.528569602445857486e-13 7.836182152090773181e-13 9.891492083790342829e-13 9.902613939850243677e-13 7.871579424344431233e-13 4.581662156280523409e-13 2.017851398428740114e-13 7.238539022487297187e-14 2.314646368592983938e-14 7.287006253656307916e-15 2.422750581468681579e-15 8.489214200238225520e-16 2.982393233553838832e-16 1.004548627952370831e-16 3.172190285512768614e-17 9.328161264335692116e-18 2.555973735562779070e-18 6.548314456399154039e-19 1.575217170016223018e-19 3.572797960818423306e-20 7.670675895681860608e-21 1.564492895588466893e-21 3.041267860005583510e-22 5.651910560510909851e-23 1.007006245516965506e-23 1.724135737814679935e-24 2.803566554806870413e-25 0.000000000000000000e+00
0.000000000000000000e+00 -2.586393809811199704e-30 1.049261208520100856e-29 -5.514647578521720007e-29 3.537941177080711137e-28 -7.056283350515583643e-28 1.231143422618758518e-26 6.072625685600289252e-26 8.344508720049591362e-25 7.783027089808274081e-24 7.362081124429276836e-23 6.408204013955878166e-22 5.460598308216759844e-21 4.135860664862304917e-20 3.051885513163083252e-19 2.018565826052387320e-18 1.218347982384688884e-17 6.810340046790349440e-17 3.226545756103246149e-16 1.402380453693327482e-15 4.928768881598627436e-15 1.465957349592376505e-14 3.376434869276210251e-14 5.796375337227273766e-14 7.317911038734175445e-14 7.337696704250297576e-14 5.859420631631111551e-14 3.472302399526314350e-14 1.595110092697214657e-14 6.242622015365073084e-15 2.325682397186473464e-15 8.954621815962529046e-16 3.581163237121359196e-16 1.417583786719031215e-16 5.314759234027885222e-17 1.848010092189848893e-17 5.929339541535033973e-18 1.759269451276184350e-18 4.849787440429057934e-19 1.248651416241183397e-19 3.017548747884095302e-20 6.876026391716174878e-21 1.483437584561919751e-21 3.041267860005584450e-22 5.945098311210519490e-23 1.111587382979802790e-23 1.993887367346263857e-24 3.439578193136698164e-25 5.640528975110308849e-26 0.000000000000000000e+00
0.000000000000000000e+00 -5.571772955237859531e-31 2.175103584510824791e-30 -1.212665606904983898e-29 6.678378432893757278e-29 -2.175879569311037511e-28 1.610157452189126492e-27 3.545921067574668418e-27 7.066374794167382693e-26 6.499523133414801393e-25 5.886721526597848219e-24 5.155851831184321602e-23 4.362058103860361522e-22 3.227808750752513813e-21 2.383191956468066417e-20 1.557679042197034223e-19 9.182821830545108093e-19 5.203636428682706775e-18 2.358829575998821748e-17 1.047953052479858746e-16 3.546642701229401744e-16 1.059247854625154002e-15 2.413428380170158232e-15 4.097371477614394976e-15 5.177118761160106960e-15 5.210501199087136021e-15 4.203847945245725675e-15 2.577551755853436590e-15 1.282303319104463352e-15 5.823250343686544470e-16 2.660403876582520148e-16 1.240550164485427789e-16 5.636260709843098892e-17 2.388510934947730903e-17 9.260252091482381367e-18 3.275080767821697285e-18 1.061073636420339567e-18 3.169240579542447663e-19 8.783876674192879434e-20 2.272761850256477895e-20 5.519352161015087469e-21 1.264005386003532719e-21 2.741372887780609193e-22 5.651910560510913377e-23 1.111587382979802790e-23 2.092350532621902498e-24 3.781296522625227193e-25 6.578671300995340737e-26 1.089476195599611797e-26 0.000000000000000000e+00
0.000000000000000000e+00 -1.141756967557552950e-31 4.349222969195139935e-31 -2.468064072678956401e-30 1.259928201339072992e-29 -4.747249691074370413e-29 2.308208917287454985e-28 7.141655718330329995e-29 5.425141570483487228e-27 5.652299914290154801e-26 4.285612216957822926e-25 4.090278126823114739e-24 3.334568735680522429e-23 2.422164433503654927e-22 1.791237638168167791e-21 1.161837833303432526e-20 6.574224967503918446e-20 3.886914283869595029e-19 1.620705180092920275e-18 7.662506490135893502e-18 2.417769264698098161e-17 7.388265224311085572e-17 1.662066707880969190e-16 2.770251405978417124e-16 3.508419204094703292e-16 3.562033530393492670e-16 2.941424427410352536e-16 1.929487377080577399e-16 1.105368164280682521e-16 6.172137791592577194e-17 3.447298917770818044e-17 1.840507849790267433e-17 8.989391403239199216e-18 3.947472954427083414e-18 1.558505907486271460e-18 5.570455854653024984e-19 1.817948062407943635e-19 5.462129132824005068e-20 1.522046379508939275e-20 3.958794657282854802e-21 9.664644480052400372e-22 2.225432712366952266e-22 4.854329947799754739e-23 1.007006245516966094e-23 1.993887367346263857e-24 3.781296522625228111e-25 6.891907009208444311e-26 1.210911688316059573e-26 2.028892428840117127e-27 0.000000000000000000e+00
0.000000000000000000e+00 -2.233776389112161408e-32 8.344568183574016782e-32 -4.733802661312684390e-31 2.308655994868329756e-30 -8.976171532879632089e-30 3.388889694044673386e-29 -1.412428148608578301e-29 2.568645536982544794e-28 5.921898024444972355e-27 2.335136113463185749e-26 3.398139999138615136e-25 2.381353308995142780e-24 1.766991140846099835e-23 1.293964187038532963e-22 8.452543046059567115e-22 4.413547830045690734e-21 2.892482552608384186e-20 1.017793902514761503e-19 5.599344128876908882e-19 1.536606406496230890e-18 5.016560627881454766e-18 1.110148974350194531e-17 1.786267145639196999e-17 2.275086638691759640e-17 2.357297325712106321e-17 2.049012221252356841e-17 1.526136482106594539e-17 1.076541933238390745e-17 7.447153151991280222e-18 4.816729450908388723e-18 2.780375864540634123e-18 1.410734111206240747e-18 6.316695141875030851e-19 2.522508545019922518e-19 9.088085598020045733e-20 2.985225484101017849e-20 9.021899895032791247e-21 2.528146174853541915e-21 6.612479009690007331e-22 1.623540053405691666e-22 3.760691275206728037e-23 8.254942965298754299e-24 1.724135737814680302e-24 3.439578193136699541e-25 6.578671300995339589e-26 1.210911688316059717e-26 2.152431104184429337e-27 3.657515230392204931e-28 0.000000000000000000e+00
0.000000000000000000e+00 -4.132028054001998945e-33 1.526499890328886393e-32 -8.567054362150211886e-32 4.027626141181178052e-31 -1.531503659186968304e-30 4.680498016318516616e-30 1.411130349367177212e-31 -3.722702596084010145e-29 8.646083574241845296e-28 -5.690293078030521822e-28 3.353596048060146386e-26 1.419168295656362806e-25 1.294485039475156786e-24 8.833779575258531356e-24 6.071218114685884481e-23 2.673179828016606998e-22 2.195933824307324482e-21 5.355020588247809467e-21 4.204103143880122620e-20 8.666494307208195578e-20 3.347735787544586286e-19 7.240048381186727613e-19 1.082840341383756658e-18 1.397107342224455764e-18 1.516503730276336004e-18 1.464873137995782400e-18 1.336672646899583440e-18 1.188013773867545000e-18 9.672343959403937304e-19 6.815948114137135230e-19 4.099069420503919486e-19 2.123185336650645586e-19 9.621715338841050294e-20 3.874711938892811760e-20 1.405541118394665218e-20 4.645287221114718040e-21 1.412116429235611420e-21 3.979930973375039965e-22 1.047039537934475796e-22 2.586218591925876711e-23 6.028505803893923724e-24 1.332305976206370973e-24 2.803566554806871332e-25 5.640528975110312293e-26 1.089476195599611941e-26 2.028892428840116768e-27 3.657515230392201344e-28 6.326419176207954429e-29 0.000000000000000000e+00
0.000000000000000000e+00 0.000000000000000000e+00 0.000000000000000000e+00 0.000000000000000000e+00 0.000000000000000000e+00 0.000000000000000000e+00 0.000000000000000000e+00 0.000000000000000000e+00 0.000000000000000000e+00 0.000000000000000000e+00 0.000000000000000000e+00 0.000000000000000000e+00 0.000000000000000000e+00 0.000000000000000000e+00 0.000000000000000000e+00 0.000000000000000000e+00 0.000000000000000000e+00 0.000000000000000000e+00 0.000000000000000000e+00 0.000000000000000000e+00 0.000000000000000000e+00 0.000000000000000000e+00 0.000000000000000000e+00 0.000000000000000000e+00 0.000000000000000000e+00 0.000000000000000000e+00 0.000000000000000000e+00 0.000000000000000000e+00 0.000000000000000000e+00 0.000000000000000000e+00 0.000000000000000000e+00 0.000000000000000000e+00 0.000000000000000000e+00 0.000000000000000000e+00 0.000000000000000000e+00 0.000000000000000000e+00 0.000000000000000000e+00 0.000000000000000000e+00 0.000000000000000000e+00 0.000000000000000000e+00 0.000000000000000000e+00 0.000000000000000000e+00 0.000000000000000000e+00 0.000000000000000000e+00 0.000000000000000000e+00 0.000000000000000000e+00 0.000000000000000000e+00 0.000000000000000000e+00 0.000000000000000000e+00 0.000000000000000000e+00
