0.000000000000000000e+00 0.000000000000000000e+00 0.000000000000000000e+00 0.000000000000000000e+00 0.000000000000000000e+00 0.000000000000000000e+00 0.000000000000000000e+00 0.000000000000000000e+00 0.000000000000000000e+00 0.000000000000000000e+00 0.000000000000000000e+00 0.000000000000000000e+00 0.000000000000000000e+00 0.000000000000000000e+00 0.000000000000000000e+00 0.000000000000000000e+00 0.000000000000000000e+00 0.000000000000000000e+00 0.000000000000000000e+00 0.000000000000000000e+00 0.000000000000000000e+00 0.000000000000000000e+00 0.000000000000000000e+00 0.000000000000000000e+00 0.000000000000000000e+00 0.000000000000000000e+00 0.000000000000000000e+00 0.000000000000000000e+00 0.000000000000000000e+00 0.000000000000000000e+00 0.000000000000000000e+00 0.000000000000000000e+00 0.000000000000000000e+00 0.000000000000000000e+00 0.000000000000000000e+00 0.000000000000000000e+00 0.000000000000000000e+00 0.000000000000000000e+00 0.000000000000000000e+00 0.000000000000000000e+00 0.000000000000000000e+00 0.000000000000000000e+00 0.000000000000000000e+00 0.000000000000000000e+00 0.000000000000000000e+00 0.000000000000000000e+00 0.000000000000000000e+00 0.000000000000000000e+00 0.000000000000000000e+00 0.000000000000000000e+00
0.000000000000000000e+00 5.736424740518100255e-29 5.012933915817672725e-28 4.173409389775578584e-27 3.342750176782273830e-26 2.570867498534547056e-25 1.894153804246778559e-24 1.333524447698422739e-23 8.945485323725886198e-23 5.699621514378602035e-22 3.436986761403344906e-21 1.953646224888244299e-20 1.041963079774156156e-19 5.186865070303625012e-19 2.395276775678021490e-18 1.018884078825429562e-17 3.959214012896954698e-17 1.391793796026232394e-16 4.375668789680757147e-16 1.213943237630737690e-15 2.926621881513962396e-15 6.029320985872969003e-15 1.044317266168455326e-14 1.503250966914397020e-14 1.796249060614345587e-14 1.796249060576551577e-14 1.503250966813930535e-14 1.044317266038007394e-14 6.029320984601474318e-15 2.926621880475907430e-15 1.213943236878980858e-15 4.375668784717328641e-16 1.391793793049280632e-16 3.959213996291017875e-17 1.018884070300279555e-17 2.395276735060897364e-18 5.186864891103131406e-19 1.041963006292563540e-19 1.953645944232645422e-20 3.436985759373612442e-21 5.699618159265374363e-22 8.945474749917819217e-23 1.333521301166585993e-23 1.894144933917025104e-24 2.570843742432796941e-25 3.342689565088843053e-26 4.173261718786660734e-27 5.012590152785167196e-28 5.735688030827931134e-29 0.000000000000000000e+00
0.000000000000000000e+00 5.012933915817675415e-28 4.405474109771426549e-27 3.688693650747470855e-26 2.971249313140694761e-25 2.297945851729073373e-24 1.702442359670746351e-23 1.205116606073373795e-22 8.127918672047700606e-22 5.206535409148751576e-21 3.156403709618997475e-20 1.803691411094694723e-19 9.670872430105642129e-19 4.839673236272310423e-18 2.246825903528572293e-17 9.608315784965024443e-17 3.753552903655478483e-16 1.326506873014954105e-15 4.192223921047368450e-15 1.168914358060700461e-14 2.831263128831307074e-14 5.856615304069211023e-14 1.017583492151976963e-13 1.467569989979058851e-13 1.754881599276693517e-13 1.754881599272101715e-13 1.467569989966874294e-13 1.017583492136255660e-13 5.856615303918062749e-14 2.831263128710361760e-14 1.168914357975722629e-14 4.192223920507722115e-15 1.326506872702994721e-15 3.753552901973693593e-16 9.608315776554158657e-17 2.246825899595085638e-17 4.839673219113601969e-18 9.670872360156665809e-19 1.803691384418801082e-19 3.156403614270912419e-20 5.206535088877842936e-21 8.127917658656933167e-22 1.205116303102123028e-22 1.702441501734300094e-23 2.297943544185439155e-24 2.971243404958016566e-25 3.688679217707462183e-26 4.405440464149984919e-27 5.012862020613280826e-28 0.000000000000000000e+00
0.000000000000000000e+00 4.173409389775577149e-27 3.688693650747473151e-26 3.106390387674630349e-25 2.516455796742783801e-24 1.957122634298498114e-23 1.457941749456583258e-22 1.037645502849689322e-21 7.035848473219720936e-21 4.530767024581076060e-20 2.761052481183209989e-19 1.585926410564507200e-18 8.546956805282265963e-18 4.299129741413385620e-17 2.006100505458681651e-16 8.622904274033426260e-16 3.385911346913676355e-15 1.202718866335665674e-14 3.820262300516768123e-14 1.070422306437316842e-13 2.604555968127084790e-13 5.409140639712552110e-13 9.427209521274580372e-13 1.362129760044669082e-12 1.629910361102021221e-12 1.629910361101735666e-12 1.362129760043878252e-12 9.427209521263234911e-13 5.409140639699675880e-13 2.604555968114790172e-13 1.070422306426994124e-13 3.820262300439299458e-14 1.202718866284948229e-14 3.385911346614406194e-15 8.622904272452325167e-16 2.006100504699232931e-16 4.299129738081274751e-17 8.546956791814317980e-18 1.585926405522116960e-18 2.761052463580064890e-19 4.530766967037279930e-20 7.035848296092270456e-21 1.037645451348211045e-21 1.457941607346001751e-22 1.957122261231667326e-23 2.516454861467845799e-24 3.106388143943813858e-25 3.688688492042977645e-26 4.173398308719331177e-27 0.000000000000000000e+00
0.000000000000000000e+00 3.342750176782281291e-26 2.971249313140692925e-25 2.516455796742785270e-24 2.049950014665469863e-23 1.603037582329621136e-22 1.200570892590666020e-21 8.589527346434068781e-21 5.854120963537587496e-20 3.788762968352778913e-19 2.320284554150495321e-18 1.339236971342882928e-17 7.252181887627303754e-17 3.665257875688490988e-16 1.718448921474134459e-15 7.421611422464866949e-15 2.928095596138338509e-14 1.045054423575677410e-13 3.335152880970059269e-13 9.387933093308654647e-13 2.294123667021723867e-12 4.782423778774462587e-12 8.359197444967002909e-12 1.209919800296339518e-11 1.448668139680545617e-11 1.448668139680502965e-11 1.209919800296244522e-11 8.359197444966518233e-12 4.782423778775331773e-12 2.294123667023807570e-12 9.387933093335822764e-13 3.335152880996534198e-13 1.045054423595653893e-13 2.928095596267927530e-14 7.421611423187902145e-15 1.718448921833215068e-15 3.665257877291610668e-16 7.252181894151606221e-17 1.339236973783889277e-17 2.320284562618457612e-18 3.788762995746306551e-19 5.854121046707270011e-20 8.589527584347167965e-21 1.200570957042187333e-21 1.603037748149201946e-22 2.049950421487048814e-23 2.516456750599311284e-24 2.971251455082028572e-25 3.342754716260038881e-26 0.000000000000000000e+00
0.000000000000000000e+00 2.570867498534544760e-25 2.297945851729077413e-24 1.957122634298497232e-23 1.603037582329622076e-22 1.260246068143877084e-21 9.487421309944752120e-21 6.822052586944149216e-20 4.672294757272821298e-19 3.038284683612041546e-18 1.869299911016048682e-17 1.083809157104779412e-16 5.894970320637505084e-16 2.992304511186716696e-15 1.408993286473219597e-14 6.111330785604155776e-14 2.421535610002549770e-13 8.679942531731919056e-13 2.782012969845547482e-12 7.863936692741664837e-12 1.929352611676617418e-11 4.036100247907009171e-11 7.073755579124187362e-11 1.025499433040603972e-10 1.228511476234141723e-10 1.228511476234167055e-10 1.025499433040659678e-10 7.073755579124425176e-11 4.036100247906347427e-11 1.929352611675142710e-11 7.863936692722403807e-12 2.782012969826624918e-12 8.679942531588511464e-13 2.421535609908614485e-13 6.111330785077230771e-14 1.408993286209703136e-14 2.992304510003534990e-15 5.894970315794926617e-16 1.083809155283181623e-16 1.869299904665304243e-17 3.038284662967434174e-18 4.672294694322990249e-19 6.822052406133209360e-20 9.487420818464225023e-21 1.260245941326269582e-21 1.603037270565823088e-22 1.957121902393773359e-23 2.297944207971930779e-24 2.570864022549302940e-25 0.000000000000000000e+00
0.000000000000000000e+00 1.894153804246781865e-24 1.702442359670744587e-23 1.457941749456586080e-22 1.200570892590665456e-21 9.487421309944747606e-21 7.178155293179593898e-20 5.186473499560953970e-19 3.568613025951719796e-18 2.330937247894949222e-17 1.440251432307077136e-16 8.384942319994281849e-16 4.578856402396426384e-15 2.333253996159252744e-14 1.102842690860599090e-13 4.801449169685584316e-13 1.909664835061651015e-12 6.870991868651030401e-12 2.210555410292327001e-11 6.271934793141226709e-11 1.544245977405136485e-10 3.240680320413553083e-10 5.693520293793136013e-10 8.265701397836104550e-10 9.906298586430796028e-10 9.906298586430769145e-10 8.265701397836051818e-10 5.693520293793277667e-10 3.240680320414120218e-10 1.544245977406071457e-10 6.271934793152874446e-11 2.210555410303738216e-11 6.870991868737653336e-12 1.909664835119079079e-12 4.801449170009831644e-13 1.102842691024240017e-13 2.333253996898873583e-14 4.578856405442847061e-15 8.384942331514244446e-16 1.440251436341281236e-16 2.330937261058611675e-17 3.568613066209506609e-18 5.186473615468112477e-19 7.178155608739615001e-20 9.487422124996702151e-21 1.200571093001157933e-21 1.457942219734513226e-22 1.702443414537986602e-23 1.894156031099210281e-24 0.000000000000000000e+00
0.000000000000000000e+00 1.333524447698421270e-23 1.205116606073376146e-22 1.037645502849688758e-21 8.589527346434073295e-21 6.822052586944145604e-20 5.186473499560953970e-19 3.764664122436935137e-18 2.601641665574035435e-17 1.706360473945902065e-16 1.058451038734437828e-15 6.184864625445536844e-15 3.389218414859706539e-14 1.732787765609256309e-13 8.216443307804355539e-13 3.588362830863379183e-12 1.431603870592816567e-11 5.166926736388451063e-11 1.667531202644246041e-10 4.746062234672396128e-10 1.172093136797271812e-09 2.466381948956785576e-09 4.342248110053153417e-09 6.311401144677686566e-09 7.566443057914544671e-09 7.566443057914468570e-09 6.311401144677457437e-09 4.342248110052738172e-09 2.466381948956141616e-09 1.172093136796487645e-09 4.746062234664127424e-10 1.667531202636925751e-10 5.166926736336080190e-11 1.431603870559154678e-11 3.588362830677443279e-12 8.216443306874758819e-13 1.732787765191819895e-13 3.389218413144224371e-14 6.184864618964526226e-15 1.058451036464493137e-15 1.706360466535221188e-16 2.601641642899739877e-17 3.764664057138853529e-18 5.186473321835827664e-19 6.822052128291330938e-20 8.589526220504775427e-21 1.037645239279877288e-21 1.205116016855054508e-22 1.333523208863248838e-23 0.000000000000000000e+00
0.000000000000000000e+00 8.945485323725907357e-23 8.127918672047693083e-22 7.035848473219729964e-21 5.854120963537587496e-20 4.672294757272825150e-19 3.568613025951719026e-18 2.601641665574036360e-17 1.805254300111903187e-16 1.188510809522731768e-15 7.398019600404555020e-15 4.336719393811395923e-14 2.383413194698230059e-13 1.221827820975896588e-12 5.808040102654137450e-12 2.542523659266039378e-11 1.016682172428095964e-10 3.677792996404875878e-10 1.189708918053723187e-09 3.394162734063870266e-09 8.402017465450346991e-09 1.771806089681406569e-08 3.124580535758495902e-08 4.545550760943941662e-08 5.450297561897569587e-08 5.450297561897308860e-08 4.545550760943294476e-08 3.124580535757824231e-08 1.771806089681049558e-08 8.402017465450313903e-09 3.394162734066134260e-09 1.189708918056650372e-09 3.677792996428684721e-10 1.016682172444408482e-10 2.542523659358006999e-11 5.808040103119059807e-12 1.221827821184761107e-12 2.383413195555875091e-13 4.336719397042025561e-14 7.398019611685005641e-15 1.188510813192953672e-15 1.805254311300965750e-16 2.601641697668469121e-17 3.568613112903373814e-18 4.672294980460072831e-19 5.854121507882667718e-20 7.035849737579067361e-21 8.127921472076550474e-22 8.945491147027864289e-23 0.000000000000000000e+00
0.000000000000000000e+00 5.699621514378595452e-22 5.206535409148753833e-21 4.530767024581076060e-20 3.788762968352780839e-19 3.038284683612041931e-18 2.330937247894948914e-17 1.706360473945902805e-16 1.188510809522731768e-15 7.851462486033793078e-15 4.902096667941513073e-14 2.881260175093767348e-13 1.587144500301449993e-12 8.152243467225703424e-12 3.881701072820538993e-11 1.701720599864509292e-10 6.813686105903457822e-10 2.467980246430284767e-09 7.994168604437717570e-09 2.283941905578246792e-08 5.662213156447499283e-08 1.195747411135948975e-07 2.111025086729271478e-07 3.072607003635412582e-07 3.684045528160691138e-07 3.684045528160970129e-07 3.072607003636169618e-07 2.111025086730245831e-07 1.195747411136846301e-07 5.662213156454155109e-08 2.283941905581963811e-08 7.994168604451842506e-09 2.467980246432861434e-09 6.813686105885898845e-10 1.701720599844258618e-10 3.881701072682800496e-11 8.152243466512109896e-12 1.587144499982280455e-12 2.881260173831014347e-13 4.902096663399565000e-14 7.851462471012486737e-15 1.188510804908122073e-15 1.706360460692564062e-16 2.330937212121846978e-17 3.038284592522103338e-18 3.788762748864495394e-19 4.530766523050184660e-20 5.206534321644257551e-21 5.699619310834646981e-22 0.000000000000000000e+00
0.000000000000000000e+00 3.436986761403348668e-21 3.156403709618996873e-20 2.761052481183212397e-19 2.320284554150494551e-18 1.869299911016047450e-17 1.440251432307077136e-16 1.058451038734437630e-15 7.398019600404555020e-15 4.902096667941515597e-14 3.068513879127293936e-13 1.807313032516020156e-12 9.971540697349851994e-12 5.127638738225025976e-11 2.443301194141627108e-10 1.071547242585377608e-09 4.291142110978878734e-09 1.554373769799902779e-08 5.035275959302196103e-08 1.438901768764087942e-07 3.568657410306655582e-07 7.540019900416715007e-07 1.331648128359548944e-06 1.938246215405087541e-06 2.323300240216619652e-06 2.323300240217103732e-06 1.938246215406294986e-06 1.331648128360884503e-06 7.540019900426207070e-07 3.568657410311443436e-07 1.438901768766012560e-07 5.035275959308550836e-08 1.554373769801585595e-08 4.291142110985621084e-09 1.071547242589151620e-09 2.443301194168862547e-10 5.127638738382212910e-11 9.971540698141560776e-12 1.807313032857297590e-12 3.068513880437814800e-13 4.902096672473845246e-14 7.398019614736354332e-15 1.058451042912882581e-15 1.440251443616958431e-16 1.869299939559265998e-17 2.320284621496130505e-18 2.761052629807318650e-19 3.156404015667422944e-20 3.436987337687939746e-21 0.000000000000000000e+00
0.000000000000000000e+00 1.953646224888242493e-20 1.803691411094696890e-19 1.585926410564507200e-18 1.339236971342882928e-17 1.083809157104778919e-16 8.384942319994283821e-16 6.184864625445536844e-15 4.336719393811396554e-14 2.881260175093767853e-13 1.807313032516020358e-12 1.066053252077330564e-11 5.886754900318017316e-11 3.027817813167973800e-10 1.442231081938523145e-09 6.319685404748780517e-09 2.527653641260678153e-08 9.142539789011354314e-08 2.957272931825117136e-07 8.439701844829295205e-07 2.091005568380058017e-06 4.414754592385061274e-06 7.792431458216133696e-06 1.133495862856311868e-05 1.357871291561086116e-05 1.357871291560495734e-05 1.133495862854710976e-05 7.792431458195420353e-06 4.414754592365380464e-06 2.091005568364608136e-06 8.439701844729412021e-07 2.957272931771633888e-07 9.142539788767387650e-08 2.527653641162519938e-08 6.319685404397146038e-09 1.442231081822587578e-09 3.027817812814649806e-10 5.886754899290382406e-11 1.066053251790615224e-11 1.807313031734417680e-12 2.881260173015428601e-13 4.336719388429073066e-14 6.184864612016811297e-15 8.384942288097881340e-16 1.083809150000221679e-16 1.339236956789492847e-17 1.585926384044966666e-18 1.803691371249852086e-19 1.953646188341138043e-20 0.000000000000000000e+00
0.000000000000000000e+00 1.041963079774157119e-19 9.670872430105634425e-19 8.546956805282269044e-18 7.252181887627301289e-17 5.894970320637507056e-16 4.578856402396425595e-15 3.389218414859708432e-14 2.383413194698229049e-13 1.587144500301450397e-12 9.971540697349853610e-12 5.886754900318018608e-11 3.250834249423697934e-10 1.670763327132987318e-09 7.945803555029509481e-09 3.473737470125250427e-08 1.385338100063692251e-07 4.994221703271248570e-07 1.609887997619112486e-06 4.579325403372989547e-06 1.131298014428877631e-05 2.382931109369225141e-05 4.198347228673471901e-05 6.097953338562302303e-05 7.297717866900576774e-05 7.297717866893762564e-05 6.097953338545509367e-05 4.198347228655581210e-05 2.382931109357810186e-05 1.131298014424576906e-05 4.579325403367594794e-06 1.609887997625878162e-06 4.994221703342703210e-07 1.385338100107924576e-07 3.473737470335915462e-08 7.945803555878112417e-09 1.670763327431125958e-09 3.250834250366731912e-10 5.886754903030294723e-11 9.971540704555446544e-12 1.587144502077706864e-12 2.383413198782368195e-13 3.389218423590574806e-14 4.578856419562034160e-15 5.894970350732747805e-16 7.252181930791462605e-17 8.546956839006590432e-18 9.670872356596025787e-19 1.041963031924225428e-19 0.000000000000000000e+00
0.000000000000000000e+00 5.186865070303626938e-19 4.839673236272314275e-18 4.299129741413385004e-17 3.665257875688490988e-16 2.992304511186716696e-15 2.333253996159253060e-14 1.732787765609256056e-13 1.221827820975896992e-12 8.152243467225705039e-12 5.127638738225028561e-11 3.027817813167973800e-10 1.670763327132987111e-09 8.571204308467316943e-09 4.064449035075365070e-08 1.769881487852236335e-07 7.024029389642429378e-07 2.518150506478972689e-06 8.069396703943529256e-06 2.281975265939741932e-05 5.607520837625224857e-05 1.175850197980904334e-04 2.064335629161480009e-04 2.990533658973755201e-04 3.573377800414452251e-04 3.573377800427537487e-04 2.990533659008649705e-04 2.064335629204927514e-04 1.175850198019718365e-04 5.607520837909250590e-05 2.281975266111962365e-05 8.069396704812981471e-06 2.518150506853750040e-06 7.024029391050196019e-07 1.769881488319693966e-07 4.064449036459095298e-08 8.571204312150580157e-09 1.670763328016361618e-09 3.027817815082660655e-10 5.127638741954564284e-11 8.152243473714978950e-12 1.221827821969543664e-12 1.732787766942231562e-13 2.333253997846636634e-14 2.992304514120816597e-15 3.665257885052921236e-16 4.299129777373123726e-17 4.839673362605737396e-18 5.186865457856763791e-19 0.000000000000000000e+00
0.000000000000000000e+00 2.395276775678022646e-18 2.246825903528571060e-17 2.006100505458682637e-16 1.718448921474134064e-15 1.408993286473219439e-14 1.102842690860599342e-13 8.216443307804363617e-13 5.808040102654135835e-12 3.881701072820539639e-11 2.443301194141627625e-10 1.442231081938523558e-09 7.945803555029512790e-09 4.064449035075363746e-08 1.919019299039814611e-07 8.308270029129487993e-07 3.273771863203408187e-06 1.163984913887941934e-05 3.696561215047130692e-05 1.035860927159715315e-04 2.523675335139771692e-04 5.252828100684430596e-04 9.167949289678525848e-04 1.322584106394181138e-03 1.576733420944454725e-03 1.576733420945425086e-03 1.322584106394967185e-03 9.167949289649444293e-04 5.252828100599438903e-04 2.523675335026546833e-04 1.035860927066590209e-04 3.696561214464499418e-05 1.163984913586491378e-05 3.273771861869030174e-06 8.308270023960233322e-07 1.919019297256849432e-07 4.064449029523015793e-08 7.945803539258791633e-09 1.442231077815115886e-09 2.443301184148023858e-10 3.881701050210775101e-11 5.808040054610711184e-12 8.216443211239005072e-13 1.102842672349575062e-13 1.408993252247667704e-14 1.718448859496255076e-15 2.006100393314197615e-16 2.246825696497082591e-17 2.395276385552713714e-18 0.000000000000000000e+00
0.000000000000000000e+00 1.018884078825428791e-17 9.608315784965024443e-17 8.622904274033425274e-16 7.421611422464865371e-15 6.111330785604155776e-14 4.801449169685584316e-13 3.588362830863378375e-12 2.542523659266039055e-11 1.701720599864509292e-10 1.071547242585377195e-09 6.319685404748781344e-09 3.473737470125248442e-08 1.769881487852235805e-07 8.308270029129490110e-07 3.569287129827314942e-06 1.392853185246705191e-05 4.895710363848852363e-05 1.534969602927902009e-04 4.244154197131348337e-04 1.020720654602797015e-03 2.100420075981471093e-03 3.632701420078539561e-03 5.207301637042850012e-03 6.187325760177298309e-03 6.187325759999647880e-03 5.207301636580028391e-03 3.632701419528776201e-03 2.100420075530478551e-03 1.020720654306518172e-03 4.244154195499101482e-04 1.534969602176592188e-04 4.895710360905233978e-05 1.392853184248440101e-05 3.569287126875430956e-06 8.308270021519880579e-07 1.769881486162156260e-07 3.473737467011072916e-08 6.319685400573983421e-09 1.071547242458706685e-09 1.701720601466080626e-10 2.542523666520797860e-11 3.588362852982872559e-12 4.801449226172988012e-13 6.111330914890872456e-14 7.421611696707335605e-15 8.622904825437894395e-16 9.608316854291640403e-17 1.018884278549128005e-17 0.000000000000000000e+00
0.000000000000000000e+00 3.959214012896956547e-17 3.753552903655477990e-16 3.385911346913675172e-15 2.928095596138337247e-14 2.421535610002549265e-13 1.909664835061649803e-12 1.431603870592816405e-11 1.016682172428095835e-10 6.813686105903457822e-10 4.291142110978877907e-09 2.527653641260677822e-08 1.385338100063692251e-07 7.024029389642428319e-07 3.273771863203408187e-06 1.392853185246705021e-05 5.368186853827920337e-05 1.858509729877578728e-04 5.726378203393348455e-04 1.553829721739214244e-03 3.667558238082304321e-03 7.420054585089123564e-03 1.265862818506685063e-02 1.797397537439424098e-02 2.125432201511427005e-02 2.125432201696176096e-02 1.797397537940310583e-02 1.265862819140600899e-02 7.420054590907664525e-03 3.667558242474010504e-03 1.553829724439516899e-03 5.726378217269469844e-04 1.858509736023522400e-04 5.368186877748424858e-05 1.392853193549760564e-05 3.273771889228187594e-06 7.024029464052085273e-07 1.385338119633314883e-07 2.527653688928534580e-08 4.291142219136675415e-09 6.813686335587600136e-10 1.016682218257721664e-10 1.431603956776910799e-11 1.909664988149918205e-12 2.421535867153693927e-13 2.928096004486506930e-14 3.385911958225353138e-15 3.753553760106466282e-16 3.959215103064594150e-17 0.000000000000000000e+00
0.000000000000000000e+00 1.391793796026231901e-16 1.326506873014953119e-15 1.202718866335665516e-14 1.045054423575676653e-13 8.679942531731919056e-13 6.870991868651028785e-12 5.166926736388449770e-11 3.677792996404877429e-10 2.467980246430285594e-09 1.554373769799903109e-08 9.142539789011351667e-08 4.994221703271246452e-07 2.518150506478972689e-06 1.163984913887942103e-05 4.895710363848848975e-05 1.858509729877578457e-04 6.312994852470847976e-04 1.901386407589044682e-03 5.029245502341486880e-03 1.156101311411854640e-02 2.281995620612914735e-02 3.815102043893182221e-02 5.341520178832273591e-02 6.272497966700002481e-02 6.272497965833881417e-02 5.341520176384085411e-02 3.815102040632714631e-02 2.281995617385116845e-02 1.156101308797208294e-02 5.029245485713393013e-03 1.901386398761637777e-03 6.312994812122740091e-04 1.858509713699092768e-04 4.895710305986964475e-05 1.163984895179244521e-05 2.518150451200415858e-06 4.994221552690817640e-07 9.142539408051085183e-08 1.554373679729162098e-08 2.467980046374553409e-09 3.677792577117405525e-10 5.166925904051080834e-11 6.870990298652637650e-12 8.679939710315234557e-13 1.045053939457833921e-13 1.202718071859815926e-14 1.326505624993360288e-15 1.391791947599583755e-16 0.000000000000000000e+00
0.000000000000000000e+00 4.375668789680759119e-16 4.192223921047367661e-15 3.820262300516768754e-14 3.335152880970061288e-13 2.782012969845547078e-12 2.210555410292327647e-11 1.667531202644246041e-10 1.189708918053722773e-09 7.994168604437717570e-09 5.035275959302196103e-08 2.957272931825118195e-07 1.609887997619111428e-06 8.069396703943527562e-06 3.696561215047131370e-05 1.534969602927901196e-04 5.726378203393351707e-04 1.901386407589045549e-03 5.566447123407455670e-03 1.423992388254935806e-02 3.156974064233161736e-02 6.016217824856363167e-02 9.765014461040751048e-02 1.339203037356644088e-01 1.556676835442918905e-01 1.556676835598365949e-01 1.339203037843155752e-01 9.765014468093730082e-02 6.016217832560542822e-02 3.156974070883739047e-02 1.423992392467719921e-02 5.566447145952235082e-03 1.901386417922812594e-03 5.726378244826322043e-04 1.534969617760504929e-04 3.696561263151320324e-05 8.069396846929548331e-06 1.609888036957954076e-06 2.957273032834232318e-07 5.035276203047098246e-08 7.994169160453867688e-09 1.189709038539480366e-09 1.667531451654792317e-10 2.210555902713812578e-11 2.782013903965241330e-12 3.335154584225802146e-13 3.820265290233409063e-14 4.192228976564627579e-15 4.375676888275760890e-16 0.000000000000000000e+00
0.000000000000000000e+00 1.213943237630737099e-15 1.168914358060700934e-14 1.070422306437316464e-13 9.387933093308656667e-13 7.863936692741666452e-12 6.271934793141230586e-11 4.746062234672398196e-10 3.394162734063872334e-09 2.283941905578247454e-08 1.438901768764087942e-07 8.439701844829292028e-07 4.579325403372988700e-06 2.281975265939743626e-05 1.035860927159714908e-04 4.244154197131348879e-04 1.553829721739214244e-03 5.029245502341486880e-03 1.423992388254935806e-02 3.494878868191917537e-02 7.388073040280590531e-02 1.341167306497531020e-01 2.086646093156729054e-01 2.776714221097117963e-01 3.179956873121255745e-01 3.179956873302751119e-01 2.776714221437831531e-01 2.086646093464034069e-01 1.341167306657016500e-01 7.388073041204343272e-02 3.494878869531249654e-02 1.423992389119605080e-02 5.029245507453355274e-03 1.553829724281032346e-03 4.244154207977342578e-04 1.035860931249215863e-04 2.281975279771048299e-05 4.579325445775108215e-06 8.439701963579205241e-07 1.438901799309870819e-07 2.283941977994269164e-08 3.394162892549175478e-09 4.746062554727283882e-10 6.271935387559233921e-11 7.863937699726328423e-12 9.387934621491197795e-13 1.070422505518823209e-13 1.168914553811590616e-14 1.213943296673458126e-15 0.000000000000000000e+00
0.000000000000000000e+00 2.926621881513963185e-15 2.831263128831306443e-14 2.604555968127085295e-13 2.294123667021724270e-12 1.929352611676617418e-11 1.544245977405136226e-10 1.172093136797273053e-09 8.402017465450343682e-09 5.662213156447495312e-08 3.568657410306652406e-07 2.091005568380058440e-06 1.131298014428877631e-05 5.607520837625227568e-05 2.523675335139771692e-04 1.020720654602797015e-03 3.667558238082304321e-03 1.156101311411854814e-02 3.156974064233160349e-02 7.388073040280587755e-02 1.473535329472323019e-01 2.511267396866258550e-01 3.688807999065953358e-01 4.706609131884845199e-01 5.277929457981835881e-01 5.277929457287042769e-01 4.706609129990202978e-01 3.688807996388774879e-01 2.511267393892599453e-01 1.473535326761495901e-01 7.388073021381905137e-02 3.156974054037504918e-02 1.156101306457047936e-02 3.667558216924343088e-03 1.020720646342590694e-03 2.523675305076352490e-04 5.607520734782682297e-05 1.131297981260940037e-05 2.091005467584456547e-06 3.568657122143988636e-07 5.662212382270422067e-08 8.402015510895738542e-09 1.172092672609347793e-09 1.544244938613347940e-10 1.929350416385652624e-11 2.294119275511514585e-12 2.604547632543458941e-13 2.831248087883396532e-14 2.926596514098308027e-15 0.000000000000000000e+00
0.000000000000000000e+00 6.029320985872974525e-15 5.856615304069211023e-14 5.409140639712558168e-13 4.782423778774463395e-12 4.036100247907009171e-11 3.240680320413556185e-10 2.466381948956785163e-09 1.771806089681405907e-08 1.195747411135948711e-07 7.540019900416711831e-07 4.414754592385059580e-06 2.382931109369225818e-05 1.175850197980904741e-04 5.252828100684433848e-04 2.100420075981469358e-03 7.420054585089127901e-03 2.281995620612917164e-02 6.016217824856369412e-02 1.341167306497531020e-01 2.511267396866258550e-01 3.979337234589949701e-01 5.454344470349311580e-01 6.607007777039560770e-01 7.215483252381712509e-01 7.215483251289143141e-01 6.607007774435258440e-01 5.454344467360467963e-01 3.979337231993075319e-01 2.511267394674932540e-01 1.341167304593962051e-01 6.016217812276576649e-02 2.281995614558813418e-02 7.420054561885226427e-03 2.100420070016921492e-03 5.252828096884743251e-04 1.175850204385341184e-04 2.382931157089312435e-05 4.414754818720977362e-06 7.540020763984891004e-07 1.195747695656593418e-07 1.771806926593970420e-08 2.466384190019697826e-09 3.240685854747284169e-10 4.036112970952765323e-11 4.782451204580553809e-12 5.409196392270875606e-13 5.856722623983786464e-14 6.029513398445702440e-15 0.000000000000000000e+00
0.000000000000000000e+00 1.044317266168455011e-14 1.017583492151977721e-13 9.427209521274584411e-13 8.359197444967007756e-12 7.073755579124180899e-11 5.693520293793133945e-10 4.342248110053150935e-09 3.124580535758495240e-08 2.111025086729272272e-07 1.331648128359548521e-06 7.792431458216130308e-06 4.198347228673471223e-05 2.064335629161480551e-04 9.167949289678530185e-04 3.632701420078539994e-03 1.265862818506685236e-02 3.815102043893179445e-02 9.765014461040749660e-02 2.086646093156729331e-01 3.688807999065950027e-01 5.454344470349306029e-01 6.990642177735510998e-01 8.050122451276306990e-01 8.566093425470113765e-01 8.566093426537201294e-01 8.050122454425383545e-01 6.990642182762571988e-01 5.454344476940687914e-01 3.688808005604541917e-01 2.086646097527148636e-01 9.765014481051186024e-02 3.815102049998228551e-02 1.265862818899420907e-02 3.632701409851097404e-03 9.167949203801249421e-04 2.064335582662228078e-04 4.198347026713242626e-05 7.792430704293455964e-06 1.331647878239396414e-06 2.111024334503468666e-07 3.124578457368340912e-08 4.342242782545655022e-09 5.693507529061504324e-10 7.073726817244044803e-11 8.359136194174428359e-12 9.427085720348799289e-13 1.017559674737674817e-13 1.044274381168261572e-14 0.000000000000000000e+00
0.000000000000000000e+00 1.503250966914397967e-14 1.467569989979060618e-13 1.362129760044669284e-12 1.209919800296339841e-11 1.025499433040604101e-10 8.265701397836103517e-10 6.311401144677683258e-09 4.545550760943939677e-08 3.072607003635414170e-07 1.938246215405087541e-06 1.133495862856311699e-05 6.097953338562303659e-05 2.990533658973754659e-04 1.322584106394181355e-03 5.207301637042850879e-03 1.797397537439424792e-02 5.341520178832274285e-02 1.339203037356644088e-01 2.776714221097117408e-01 4.706609131884848529e-01 6.607007777039560770e-01 8.050122451276305879e-01 8.923531820455347097e-01 9.311009053256424917e-01 9.311009058658203941e-01 8.923531834946392127e-01 8.050122471286831338e-01 6.607007799788303659e-01 4.706609153918301924e-01 2.776714238272751101e-01 1.339203047909586775e-01 5.341520229898562983e-02 1.797397557678865124e-02 5.207301698654613446e-03 1.322584118736151683e-03 2.990533657490853400e-04 6.097953178349448442e-05 1.133495766703964005e-05 1.938245811509541331e-06 3.072605597670108622e-07 4.545546465361145312e-08 6.311389296236194461e-09 8.265671392483735980e-10 1.025492377144435623e-10 1.209904265393423621e-11 1.362097532413266772e-12 1.467506716170987921e-13 1.503135377152359106e-14 0.000000000000000000e+00
0.000000000000000000e+00 1.796249060614345903e-14 1.754881599276694274e-13 1.629910361102020817e-12 1.448668139680545455e-11 1.228511476234141464e-10 9.906298586430802232e-10 7.566443057914544671e-09 5.450297561897564294e-08 3.684045528160690079e-07 2.323300240216620076e-06 1.357871291561085777e-05 7.297717866900579485e-05 3.573377800414453335e-04 1.576733420944454291e-03 6.187325760177298309e-03 2.125432201511425964e-02 6.272497966699999705e-02 1.556676835442917795e-01 3.179956873121256300e-01 5.277929457981831440e-01 7.215483252381706958e-01 8.566093425470109324e-01 9.311009053256417145e-01 9.617452951547935669e-01 9.617452961116432775e-01 9.311009079008967237e-01 8.566093460939119275e-01 7.215483291988145087e-01 5.277929496812214794e-01 3.179956906106148895e-01 1.556676859237361987e-01 6.272498111303144441e-02 2.125432277788773597e-02 6.187326114843553874e-03 1.576733567677909972e-03 3.573378348373747919e-04 7.297719731853973837e-05 1.357871875172698556e-05 2.323301932239256816e-06 3.684050102596364621e-07 5.450309159386816090e-08 7.566470766561042665e-09 9.906361241337287020e-10 1.228524935529327375e-10 1.448695698796371690e-11 1.629964308120294862e-12 1.754982739280757821e-13 1.796427694426121190e-14 0.000000000000000000e+00
0.000000000000000000e+00 1.796249060576552208e-14 1.754881599272102220e-13 1.629910361101735262e-12 1.448668139680502803e-11 1.228511476234166538e-10 9.906298586430769145e-10 7.566443057914473533e-09 5.450297561897306875e-08 3.684045528160969600e-07 2.323300240217102038e-06 1.357871291560495904e-05 7.297717866893765274e-05 3.573377800427536945e-04 1.576733420945425519e-03 6.187325759999648747e-03 2.125432201696176790e-02 6.272497965833880029e-02 1.556676835598363728e-01 3.179956873302750009e-01 5.277929457287040549e-01 7.215483251289144251e-01 8.566093426537197963e-01 9.311009058658196169e-01 9.617452961116430554e-01 9.617452973257212268e-01 9.311009091929651760e-01 8.566093473428408878e-01 7.215483303987652031e-01 5.277929509757300908e-01 3.179956920640869544e-01 1.556676873717045273e-01 6.272498231132521418e-02 2.125432360087280842e-02 6.187326592541459412e-03 1.576733806831268547e-03 3.573379399842884830e-04 7.297723853603780805e-05 1.357873333896711482e-05 2.323306641939581575e-06 3.684064096276293364e-07 5.450347706929505562e-08 7.566569833625142742e-09 9.906600074872141160e-10 1.228579204737624395e-10 1.448812409151398258e-11 1.630202733716817601e-12 1.755446570103407579e-13 1.797271842816407394e-14 0.000000000000000000e+00
0.000000000000000000e+00 1.503250966813929904e-14 1.467569989966874547e-13 1.362129760043877646e-12 1.209919800296244199e-11 1.025499433040659290e-10 8.265701397836052852e-10 6.311401144677461573e-09 4.545550760943297123e-08 3.072607003636170147e-07 1.938246215406294986e-06 1.133495862854710637e-05 6.097953338545508012e-05 2.990533659008649163e-04 1.322584106394967185e-03 5.207301636580025789e-03 1.797397537940312318e-02 5.341520176384087493e-02 1.339203037843154642e-01 2.776714221437832086e-01 4.706609129990203533e-01 6.607007774435255110e-01 8.050122454425376883e-01 8.923531834946384356e-01 9.311009079008955025e-01 9.311009091929650650e-01 8.923531871076993971e-01 8.050122507379944281e-01 6.607007835087874703e-01 4.706609191279521598e-01 2.776714279139968489e-01 1.339203088114389595e-01 5.341520561805889605e-02 1.797397786102669648e-02 5.207303029454103151e-03 1.322584787748396808e-03 2.990536610980890574e-04 6.097964801210211473e-05 1.133499895185324086e-05 1.938259186497302048e-06 3.072645465579021018e-07 4.545656619594220134e-08 6.311673206318351040e-09 8.266357731930926582e-10 1.025648743669311822e-10 1.210241404167724941e-11 1.362787978740478554e-12 1.468853155468394243e-13 1.505591335050133996e-14 0.000000000000000000e+00
0.000000000000000000e+00 1.044317266038006920e-14 1.017583492136254776e-13 9.427209521263232892e-13 8.359197444966508540e-12 7.073755579124425176e-11 5.693520293793273531e-10 4.342248110052740654e-09 3.124580535757824231e-08 2.111025086730245037e-07 1.331648128360884927e-06 7.792431458195425435e-06 4.198347228655582565e-05 2.064335629204928056e-04 9.167949289649442125e-04 3.632701419528776635e-03 1.265862819140600726e-02 3.815102040632713937e-02 9.765014468093728695e-02 2.086646093464034069e-01 3.688807996388775434e-01 5.454344467360469073e-01 6.990642182762571988e-01 8.050122471286830228e-01 8.566093460939112614e-01 8.566093473428406657e-01 8.050122507379944281e-01 6.990642238044230128e-01 5.454344532020997116e-01 3.688808062618296746e-01 2.086646157877732888e-01 9.765015063688313457e-02 3.815102527962592471e-02 1.265863147919731729e-02 3.632703332896550317e-03 9.167958914797073085e-04 2.064339891299666609e-04 4.198364070292437075e-05 7.792491556947794086e-06 1.331667693067242672e-06 2.111083692738110784e-07 3.124743261362783111e-08 4.342669563070319032e-09 5.694544030636069038e-10 7.076098926162273150e-11 8.364273256788550644e-12 9.437651692478944342e-13 1.019628852050653072e-13 1.048063418305980775e-14 0.000000000000000000e+00
0.000000000000000000e+00 6.029320984601468796e-15 5.856615303918060224e-14 5.409140639699674870e-13 4.782423778775327734e-12 4.036100247906345488e-11 3.240680320414119184e-10 2.466381948956140789e-09 1.771806089681050550e-08 1.195747411136846036e-07 7.540019900426207070e-07 4.414754592365381311e-06 2.382931109357809847e-05 1.175850198019718230e-04 5.252828100599437819e-04 2.100420075530478117e-03 7.420054590907661056e-03 2.281995617385116151e-02 6.016217832560548373e-02 1.341167306657016500e-01 2.511267393892599453e-01 3.979337231993078650e-01 5.454344476940696795e-01 6.607007799788315872e-01 7.215483291988147307e-01 7.215483303987650920e-01 6.607007835087878034e-01 5.454344532020997116e-01 3.979337297218424330e-01 2.511267461957760738e-01 1.341167375003546325e-01 6.016218486332709781e-02 2.281996165608351362e-02 7.420058354580418188e-03 2.100422290498502216e-03 5.252839340122502244e-04 1.175855209097368878e-04 2.382951024742226105e-05 4.414826019935844463e-06 7.540253498710555949e-07 1.195817685494792433e-07 1.772002006337443496e-08 2.466891342636761164e-09 3.241922336463362708e-10 4.038953679509936821e-11 4.788626670571065037e-12 5.421946504669534456e-13 5.881785795068758811e-14 6.075569563816951134e-15 0.000000000000000000e+00
0.000000000000000000e+00 2.926621880475905064e-15 2.831263128710359866e-14 2.604555968114789162e-13 2.294123667023806358e-12 1.929352611675141740e-11 1.544245977406070682e-10 1.172093136796487852e-09 8.402017465450305631e-09 5.662213156454150476e-08 3.568657410311441319e-07 2.091005568364608559e-06 1.131298014424577414e-05 5.607520837909249234e-05 2.523675335026546291e-04 1.020720654306517955e-03 3.667558242474008336e-03 1.156101308797208467e-02 3.156974070883738354e-02 7.388073041204344660e-02 1.473535326761497843e-01 2.511267394674934206e-01 3.688808005604541917e-01 4.706609153918308586e-01 5.277929496812218124e-01 5.277929509757297577e-01 4.706609191279522153e-01 3.688808062618295081e-01 2.511267461957760183e-01 1.473535397579748274e-01 7.388073754010655858e-02 3.156974742145299273e-02 1.156101859771896737e-02 3.667561980439661053e-03 1.020722832527215952e-03 2.523686320278730648e-04 5.607569627503040352e-05 1.131317364326769942e-05 2.091074913314461542e-06 3.568884240357280238e-07 5.662896173869928737e-08 8.403924499589486243e-09 1.172589942404963651e-09 1.545460088645233661e-10 1.932149133444527962e-11 2.300219895878024116e-12 2.617179180772402145e-13 2.856152101155212734e-14 2.972491857456383456e-15 0.000000000000000000e+00
0.000000000000000000e+00 1.213943236878980266e-15 1.168914357975722471e-14 1.070422306426993367e-13 9.387933093335820745e-13 7.863936692722403807e-12 6.271934793152877031e-11 4.746062234664128458e-10 3.394162734066133019e-09 2.283941905581962818e-08 1.438901768766012560e-07 8.439701844729417315e-07 4.579325403367597335e-06 2.281975266111962026e-05 1.035860927066590751e-04 4.244154195499102566e-04 1.553829724439517333e-03 5.029245485713391278e-03 1.423992392467718707e-02 3.494878869531249654e-02 7.388073021381907912e-02 1.341167304593962883e-01 2.086646097527150023e-01 2.776714238272750546e-01 3.179956906106148895e-01 3.179956920640869544e-01 2.776714279139966823e-01 2.086646157877731778e-01 1.341167375003546325e-01 7.388073754010655858e-02 3.494879580436831279e-02 1.423993025077040751e-02 5.029250411670048611e-03 1.553832957906114238e-03 4.244172583709070385e-04 1.035870050253313569e-04 2.282015338984785951e-05 4.579483169883492829e-06 8.440264617841681156e-07 1.439085362456360138e-07 2.284494068122671881e-08 3.395704283075904411e-09 4.750081287683243870e-10 6.281770984365190946e-11 7.886637926415624320e-12 9.437539766631215090e-13 1.080722486371545467e-13 1.189284563545187685e-14 1.251599469018085269e-15 0.000000000000000000e+00
0.000000000000000000e+00 4.375668784717328641e-16 4.192223920507722904e-15 3.820262300439297565e-14 3.335152880996535208e-13 2.782012969826625726e-12 2.210555410303738863e-11 1.667531202636926009e-10 1.189708918056649752e-09 7.994168604451844161e-09 5.035275959308550174e-08 2.957272931771635476e-07 1.609887997625878162e-06 8.069396704812979777e-06 3.696561214464502129e-05 1.534969602176592730e-04 5.726378217269473096e-04 1.901386398761635392e-03 5.566447145952231612e-03 1.423992389119604213e-02 3.156974054037505611e-02 6.016217812276574567e-02 9.765014481051184636e-02 1.339203047909587052e-01 1.556676859237360877e-01 1.556676873717043885e-01 1.339203088114389317e-01 9.765015063688321784e-02 6.016218486332706311e-02 3.156974742145298579e-02 1.423993025077040751e-02 5.566452444339505673e-03 1.901390280863678867e-03 5.726402658338925703e-04 1.534983073311251348e-04 3.696626604466851196e-05 8.069679555010331746e-06 1.609998182222940144e-06 2.957663181784290174e-07 5.036543270633636758e-08 7.997970016651170794e-09 1.190768968302025860e-09 1.670294822986617952e-10 2.217324882157162715e-11 2.797660931648690906e-12 3.369419788983186107e-13 3.891597597659619937e-14 4.333717897280010090e-15 4.638030963457165341e-16 0.000000000000000000e+00
0.000000000000000000e+00 1.391793793049280386e-16 1.326506872702994721e-15 1.202718866284947598e-14 1.045054423595654397e-13 8.679942531588510455e-13 6.870991868737654144e-12 5.166926736336081483e-11 3.677792996428684721e-10 2.467980246432860607e-09 1.554373769801585595e-08 9.142539788767392944e-08 4.994221703342705328e-07 2.518150506853749616e-06 1.163984913586492394e-05 4.895710360905232623e-05 1.858509736023522671e-04 6.312994812122734670e-04 1.901386417922811076e-03 5.029245507453354407e-03 1.156101306457048283e-02 2.281995614558813765e-02 3.815102049998228551e-02 5.341520229898565758e-02 6.272498111303144441e-02 6.272498231132511703e-02 5.341520561805888911e-02 3.815102527962593165e-02 2.281996165608351015e-02 1.156101859771896563e-02 5.029250411670042539e-03 1.901390280863679517e-03 6.313021617254078403e-04 1.858525936110124724e-04 4.895796838932871985e-05 1.164025917272053692e-05 2.518324872914864304e-06 4.994892720437157815e-07 9.144896250977773488e-08 1.555134654318002014e-08 2.470254443430065456e-09 3.684122616284052894e-10 5.183418297449875972e-11 6.911404465501537505e-12 8.773473386948993216e-13 1.065575234045948183e-13 1.245542113114051513e-14 1.411690405300184446e-15 1.550219173554975958e-16 0.000000000000000000e+00
0.000000000000000000e+00 3.959213996291016026e-17 3.753552901973695072e-16 3.385911346614404616e-15 2.928095596267927530e-14 2.421535609908614485e-13 1.909664835119080290e-12 1.431603870559154678e-11 1.016682172444408741e-10 6.813686105885898845e-10 4.291142110985621911e-09 2.527653641162522254e-08 1.385338100107924576e-07 7.024029391050198136e-07 3.273771861869032292e-06 1.392853184248439593e-05 5.368186877748422825e-05 1.858509713699092768e-04 5.726378244826316622e-04 1.553829724281031695e-03 3.667558216924341787e-03 7.420054561885228162e-03 1.265862818899420213e-02 1.797397557678865124e-02 2.125432277788772903e-02 2.125432360087278066e-02 1.797397786102667913e-02 1.265863147919731209e-02 7.420058354580415585e-03 3.667561980439660186e-03 1.553832957906113371e-03 5.726402658338930040e-04 1.858525936110124181e-04 5.368281519046914257e-05 1.392902258605197769e-05 3.273999402661011029e-06 7.024980794818963836e-07 1.385699692914897354e-07 2.528912120884855740e-08 4.295180387696809396e-09 6.825706969555317363e-10 1.020019956857353561e-10 1.440291616629372937e-11 1.930956096380132284e-12 2.470860060695873616e-13 3.036497402728048577e-14 3.612642638279263807e-15 4.205808502309330322e-16 4.802802004317308160e-17 0.000000000000000000e+00
0.000000000000000000e+00 1.018884070300280017e-17 9.608315776554156191e-17 8.622904272452331083e-16 7.421611423187900567e-15 6.111330785077229508e-14 4.801449170009831644e-13 3.588362830677444894e-12 2.542523659358007645e-11 1.701720599844258359e-10 1.071547242589151620e-09 6.319685404397146865e-09 3.473737470335914139e-08 1.769881488319693436e-07 8.308270023960234381e-07 3.569287126875432650e-06 1.392853193549761411e-05 4.895710305986965830e-05 1.534969617760504929e-04 4.244154207977343662e-04 1.020720646342590694e-03 2.100420070016921058e-03 3.632701409851097837e-03 5.207301698654612579e-03 6.187326114843553007e-03 6.187326592541446402e-03 5.207303029454097947e-03 3.632703332896549449e-03 2.100422290498501349e-03 1.020722832527215084e-03 4.244172583709069843e-04 1.534983073311250805e-04 4.895796838932871985e-05 1.392902258605198108e-05 3.569535369325170187e-06 8.309398475303264569e-07 1.770346058751437406e-07 3.475482370570527073e-08 6.325705365880157392e-09 1.073466930338093934e-09 1.707411009048523663e-10 2.558283755376083994e-11 3.629334671271727058e-12 4.901849442651183091e-13 6.344108893988426010e-14 7.933982877005834129e-15 9.696880708423815063e-16 1.175624453070705265e-16 1.420685409318171883e-17 0.000000000000000000e+00
0.000000000000000000e+00 2.395276735060898905e-18 2.246825899595085330e-17 2.006100504699234410e-16 1.718448921833215068e-15 1.408993286209702031e-14 1.102842691024240144e-13 8.216443306874763868e-13 5.808040103119058999e-12 3.881701072682801142e-11 2.443301194168860996e-10 1.442231081822586958e-09 7.945803555878112417e-09 4.064449036459095298e-08 1.919019297256850756e-07 8.308270021519882696e-07 3.273771889228189712e-06 1.163984895179245198e-05 3.696561263151318968e-05 1.035860931249216405e-04 2.523675305076351406e-04 5.252828096884745420e-04 9.167949203801251589e-04 1.322584118736150382e-03 1.576733567677909755e-03 1.576733806831265294e-03 1.322584787748396591e-03 9.167958914797072001e-04 5.252839340122504412e-04 2.523686320278730106e-04 1.035870050253313163e-04 3.696626604466849840e-05 1.164025917272053523e-05 3.273999402661008911e-06 8.309398475303256099e-07 1.919523788452283885e-07 4.066498103557164269e-08 7.953418582518529948e-09 1.444837228872283591e-09 2.451563216600602976e-10 3.906092987202976242e-11 5.875426544106213498e-12 8.391413315340023033e-13 1.145711140512762864e-13 1.508454378701831845e-14 1.937691276081271827e-15 2.466601709241207390e-16 3.170191991896403111e-17 4.127411967241319476e-18 0.000000000000000000e+00
0.000000000000000000e+00 5.186864891103134294e-19 4.839673219113602739e-18 4.299129738081275983e-17 3.665257877291610668e-16 2.992304510003534990e-15 2.333253996898873898e-14 1.732787765191820905e-13 1.221827821184760703e-12 8.152243466512109896e-12 5.127638738382213557e-11 3.027817812814645153e-10 1.670763327431125544e-09 8.571204312150578502e-09 4.064449029523017117e-08 1.769881486162155730e-07 7.024029464052087391e-07 2.518150451200414588e-06 8.069396846929546637e-06 2.281975279771047960e-05 5.607520734782684330e-05 1.175850204385341184e-04 2.064335582662229162e-04 2.990533657490849605e-04 3.573378348373747377e-04 3.573379399842882662e-04 2.990536610980892743e-04 2.064339891299664441e-04 1.175855209097369014e-04 5.607569627503040352e-05 2.282015338984786290e-05 8.069679555010330051e-06 2.518324872914863457e-06 7.024980794818962777e-07 1.770346058751435817e-07 4.066498103557164930e-08 8.579433588347354019e-09 1.673793957752821103e-09 3.038116958699842737e-10 5.160118920607988384e-11 8.247785780399802245e-12 1.248162734396342379e-12 1.801090391288945249e-13 2.500576748555532309e-14 3.380792676252858012e-15 4.522818945606909340e-16 6.104013942812562952e-17 8.467859483563149307e-18 1.201172423756638338e-18 0.000000000000000000e+00
0.000000000000000000e+00 1.041963006292564021e-19 9.670872360156665809e-19 8.546956791814314899e-18 7.252181894151602523e-17 5.894970315794929575e-16 4.578856405442848639e-15 3.389218413144226895e-14 2.383413195555873577e-13 1.587144499982280657e-12 9.971540698141554314e-12 5.886754899290379822e-11 3.250834250366731395e-10 1.670763328016360791e-09 7.945803539258788325e-09 3.473737467011072255e-08 1.385338119633315148e-07 4.994221552690817640e-07 1.609888036957954712e-06 4.579325445775107368e-06 1.131297981260940714e-05 2.382931157089311758e-05 4.198347026713248047e-05 6.097953178349449120e-05 7.297719731853969771e-05 7.297723853603782160e-05 6.097964801210215539e-05 4.198364070292437075e-05 2.382951024742226444e-05 1.131317364326769942e-05 4.579483169883497064e-06 1.609998182222940356e-06 4.994892720437159933e-07 1.385699692914897619e-07 3.475482370570526411e-08 7.953418582518531603e-09 1.673793957752820896e-09 3.261912224004930721e-10 5.924180552382919190e-11 1.008904817999349051e-11 1.621603175049103441e-12 2.478211797366014519e-13 3.634871639513752623e-14 5.180645177002718613e-15 7.293292342566244203e-16 1.034336596697783193e-16 1.506608339564213768e-17 2.280864015805547170e-18 3.520032083307847744e-19 0.000000000000000000e+00
0.000000000000000000e+00 1.953645944232646024e-20 1.803691384418800841e-19 1.585926405522115805e-18 1.339236973783889123e-17 1.083809155283182239e-16 8.384942331514240501e-16 6.184864618964530171e-15 4.336719397042023037e-14 2.881260173831014851e-13 1.807313032857296580e-12 1.066053251790615385e-11 5.886754903030292138e-11 3.027817815082660655e-10 1.442231077815116093e-09 6.319685400573984249e-09 2.527653688928535241e-08 9.142539408051087830e-08 2.957273032834231789e-07 8.439701963579213711e-07 2.091005467584457394e-06 4.414754818720977362e-06 7.792430704293472904e-06 1.133495766703964005e-05 1.357871875172698556e-05 1.357873333896711313e-05 1.133499895185324425e-05 7.792491556947795780e-06 4.414826019935844463e-06 2.091074913314461118e-06 8.440264617841685391e-07 2.957663181784291762e-07 9.144896250977776135e-08 2.528912120884856402e-08 6.325705365880156565e-09 1.444837228872285038e-09 3.038116958699844288e-10 5.924180552382920483e-11 1.078637761605099889e-11 1.846685619520518918e-12 2.996435823929820761e-13 4.653114200078872310e-14 7.004278186470361614e-15 1.039275294187395621e-15 1.550777959403508447e-16 2.373127225851523529e-17 3.770876274444845924e-18 6.218142523467684709e-19 1.030314891436206839e-19 0.000000000000000000e+00
0.000000000000000000e+00 3.436985759373612442e-21 3.156403614270911817e-20 2.761052463580063927e-19 2.320284562618457997e-18 1.869299904665304860e-17 1.440251436341280990e-16 1.058451036464493531e-15 7.398019611685004063e-15 4.902096663399566263e-14 3.068513880437813790e-13 1.807313031734417680e-12 9.971540704555440082e-12 5.127638741954564284e-11 2.443301184148024375e-10 1.071547242458707098e-09 4.291142219136678724e-09 1.554373679729162760e-08 5.035276203047096923e-08 1.438901799309871348e-07 3.568657122143990754e-07 7.540020763984895239e-07 1.331647878239399378e-06 1.938245811509542602e-06 2.323301932239256393e-06 2.323306641939581575e-06 1.938259186497302048e-06 1.331667693067243519e-06 7.540253498710555949e-07 3.568884240357278650e-07 1.439085362456360402e-07 5.036543270633638743e-08 1.555134654318002014e-08 4.295180387696811878e-09 1.073466930338094348e-09 2.451563216600605044e-10 5.160118920607988384e-11 1.008904817999348727e-11 1.846685619520519725e-12 3.191371696772639864e-13 5.260853029626380851e-14 8.382610011329522452e-15 1.313395965756452468e-15 2.065255305197562093e-16 3.324539148921630284e-17 5.547655244422617083e-18 9.596368275444134306e-19 1.700238227474461481e-19 2.969835460968984036e-20 0.000000000000000000e+00
0.000000000000000000e+00 5.699618159265374363e-22 5.206535088877842184e-21 4.530766967037280532e-20 3.788762995746304144e-19 3.038284662967434945e-18 2.330937261058612907e-17 1.706360466535222420e-16 1.188510813192953869e-15 7.851462471012485159e-15 4.902096672473847770e-14 2.881260173015429106e-13 1.587144502077707469e-12 8.152243473714978950e-12 3.881701050210777686e-11 1.701720601466082694e-10 6.813686335587600136e-10 2.467980046374555891e-09 7.994169160453864379e-09 2.283941977994269495e-08 5.662212382270428022e-08 1.195747695656594477e-07 2.111024334503472107e-07 3.072605597670111798e-07 3.684050102596365680e-07 3.684064096276290187e-07 3.072645465579020489e-07 2.111083692738113431e-07 1.195817685494791639e-07 5.662896173869923443e-08 2.284494068122672212e-08 7.997970016651172448e-09 2.470254443430066696e-09 6.825706969555321499e-10 1.707411009048524956e-10 3.906092987202978180e-11 8.247785780399803861e-12 1.621603175049103441e-12 2.996435823929820761e-13 5.260853029626383375e-14 8.897929682654960944e-15 1.475589953266056702e-15 2.449872693487811347e-16 4.155155348369186352e-17 7.291493366488691601e-18 1.323882186161337971e-18 2.459130937858014865e-19 4.595194922684837499e-20 8.320164868168721145e-21 0.000000000000000000e+00
0.000000000000000000e+00 8.945474749917821568e-23 8.127917658656932226e-22 7.035848296092274970e-21 5.854121046707267604e-20 4.672294694322991212e-19 3.568613066209508150e-18 2.601641642899740185e-17 1.805254311300966736e-16 1.188510804908122073e-15 7.398019614736355910e-15 4.336719388429073066e-14 2.383413198782369710e-13 1.221827821969543058e-12 5.808040054610715223e-12 2.542523666520799799e-11 1.016682218257721793e-10 3.677792577117408627e-10 1.189709038539480573e-09 3.394162892549175478e-09 8.402015510895745160e-09 1.771806926593969428e-08 3.124578457368346206e-08 4.545546465361150606e-08 5.450309159386821384e-08 5.450347706929506224e-08 4.545656619594218149e-08 3.124743261362785096e-08 1.772002006337442173e-08 8.403924499589486243e-09 3.395704283075907306e-09 1.190768968302027100e-09 3.684122616284057030e-10 1.020019956857354853e-10 2.558283755376085932e-11 5.875426544106219152e-12 1.248162734396343186e-12 2.478211797366018053e-13 4.653114200078874834e-14 8.382610011329528763e-15 1.475589953266057097e-15 2.592900628826489209e-16 4.642903784136224281e-17 8.582625357320074636e-18 1.638149286853110528e-18 3.192385285049282548e-19 6.251270659761495042e-20 1.211265189111876422e-20 2.245171586662383066e-21 0.000000000000000000e+00
0.000000000000000000e+00 1.333521301166586581e-23 1.205116303102122793e-22 1.037645451348211045e-21 8.589527584347167965e-21 6.822052406133209360e-20 5.186473615468115366e-19 3.764664057138851989e-18 2.601641697668470661e-17 1.706360460692563815e-16 1.058451042912882779e-15 6.184864612016812086e-15 3.389218423590576700e-14 1.732787766942231815e-13 8.216443211239011131e-13 3.588362852982875387e-12 1.431603956776911769e-11 5.166925904051084065e-11 1.667531451654792317e-10 4.746062554727284916e-10 1.172092672609347793e-09 2.466384190019695758e-09 4.342242782545659158e-09 6.311389296236201905e-09 7.566470766561052591e-09 7.566569833625142742e-09 6.311673206318351868e-09 4.342669563070323168e-09 2.466891342636761991e-09 1.172589942404963444e-09 4.750081287683245938e-10 1.670294822986620279e-10 5.183418297449881788e-11 1.440291616629374391e-11 3.629334671271728674e-12 8.391413315340026062e-13 1.801090391288946006e-13 3.634871639513755779e-14 7.004278186470365558e-15 1.313395965756452665e-15 2.449872693487811347e-16 4.642903784136223665e-17 9.060481909526743000e-18 1.821417995469562833e-18 3.730329699409793764e-19 7.660870409616312975e-20 1.555051506930435203e-20 3.085381231555645047e-21 5.807032676996126708e-22 0.000000000000000000e+00
0.000000000000000000e+00 1.894144933917027675e-24 1.702441501734299212e-23 1.457941607346001515e-22 1.200570957042188274e-21 9.487420818464223518e-21 7.178155608739617408e-20 5.186473321835825738e-19 3.568613112903376895e-18 2.330937212121846978e-17 1.440251443616958431e-16 8.384942288097887257e-16 4.578856419562034949e-15 2.333253997846638211e-14 1.102842672349575441e-13 4.801449226172991041e-13 1.909664988149918609e-12 6.870990298652640881e-12 2.210555902713812901e-11 6.271935387559237798e-11 1.544244938613347940e-10 3.240685854747282102e-10 5.693507529061506392e-10 8.265671392483743218e-10 9.906361241337303564e-10 9.906600074872147364e-10 8.266357731930932786e-10 5.694544030636077309e-10 3.241922336463364259e-10 1.545460088645233402e-10 6.281770984365188361e-11 2.217324882157164654e-11 6.911404465501548006e-12 1.930956096380134707e-12 4.901849442651186120e-13 1.145711140512763116e-13 2.500576748555530732e-14 5.180645177002716247e-15 1.039275294187395227e-15 2.065255305197561353e-16 4.155155348369185736e-17 8.582625357320077718e-18 1.821417995469562833e-18 3.928533994210979969e-19 8.477360930281451111e-20 1.804312144593394573e-20 3.749630199072399720e-21 7.555838657675941857e-22 1.436871368424964489e-22 0.000000000000000000e+00
0.000000000000000000e+00 2.570843742432801073e-25 2.297943544185438053e-24 1.957122261231667914e-23 1.603037748149203827e-22 1.260245941326268641e-21 9.487422124996709674e-21 6.822052128291320105e-20 4.672294980460080535e-19 3.038284592522104879e-18 1.869299939559266306e-17 1.083809150000222295e-16 5.894970350732749777e-16 2.992304514120816597e-15 1.408993252247668177e-14 6.111330914890876242e-14 2.421535867153696451e-13 8.679939710315239605e-13 2.782013903965240523e-12 7.863937699726336501e-12 1.929350416385652947e-11 4.036112970952762092e-11 7.073726817244044803e-11 1.025492377144436528e-10 1.228524935529328667e-10 1.228579204737625171e-10 1.025648743669312468e-10 7.076098926162278320e-11 4.038953679509938113e-11 1.932149133444526992e-11 7.886637926415624320e-12 2.797660931648694137e-12 8.773473386949008362e-13 2.470860060695878160e-13 6.344108893988428534e-14 1.508454378701831845e-14 3.380792676252856040e-15 7.293292342566238287e-16 1.550777959403508200e-16 3.324539148921629668e-17 7.291493366488691601e-18 1.638149286853111298e-18 3.730329699409797134e-19 8.477360930281451111e-20 1.895742645879837271e-20 4.130393917745808726e-21 8.716693727514967238e-22 1.775109504631521048e-22 3.401140029693962240e-23 0.000000000000000000e+00
0.000000000000000000e+00 3.342689565088851089e-26 2.971243404958012893e-25 2.516454861467844330e-24 2.049950421487052340e-23 1.603037270565821442e-22 1.200571093001159062e-21 8.589526220504764895e-21 5.854121507882678552e-20 3.788762748864496839e-19 2.320284621496131275e-18 1.339236956789493463e-17 7.252181930791466303e-17 3.665257885052919757e-16 1.718448859496256851e-15 7.421611696707335605e-15 2.928096004486509454e-14 1.045053939457833795e-13 3.335154584225799621e-13 9.387934621491199815e-13 2.294119275511514181e-12 4.782451204580552193e-12 8.359136194174428359e-12 1.209904265393424429e-11 1.448695698796373467e-11 1.448812409151398581e-11 1.210241404167725264e-11 8.364273256788552259e-12 4.788626670571060998e-12 2.300219895878022501e-12 9.437539766631217109e-13 3.369419788983187621e-13 1.065575234045949950e-13 3.036497402728054257e-14 7.933982877005838862e-15 1.937691276081271432e-15 4.522818945606910326e-16 1.034336596697783563e-16 2.373127225851524453e-17 5.547655244422620164e-18 1.323882186161338742e-18 3.192385285049285918e-19 7.660870409616318994e-20 1.804312144593394573e-20 4.130393917745808726e-21 9.138354490834480963e-22 1.948881903984032878e-22 3.999566328885315587e-23 7.709362597696506715e-24 0.000000000000000000e+00
0.000000000000000000e+00 4.173261718786673649e-27 3.688679217707457017e-26 3.106388143943810185e-25 2.516456750599316427e-24 1.957121902393769245e-23 1.457942219734514872e-22 1.037645239279875783e-21 7.035849737579074884e-21 4.530766523050184660e-20 2.761052629807320094e-19 1.585926384044966666e-18 8.546956839006596595e-18 4.299129777373122493e-17 2.006100393314200573e-16 8.622904825437895381e-16 3.385911958225357476e-15 1.202718071859816715e-14 3.820265290233404646e-14 1.070422505518822957e-13 2.604547632543457426e-13 5.409196392270871567e-13 9.427085720348797270e-13 1.362097532413267782e-12 1.629964308120296477e-12 1.630202733716817803e-12 1.362787978740478352e-12 9.437651692478942323e-13 5.421946504669528397e-13 2.617179180772402649e-13 1.080722486371545088e-13 3.891597597659622462e-14 1.245542113114052775e-14 3.612642638279269329e-15 9.696880708423820980e-16 2.466601709241208870e-16 6.104013942812570348e-17 1.506608339564215000e-17 3.770876274444845924e-18 9.596368275444136232e-19 2.459130937858016309e-19 6.251270659761497450e-20 1.555051506930435805e-20 3.749630199072400472e-21 8.716693727514967238e-22 1.948881903984033348e-22 4.188438783294232833e-23 8.649269764731841240e-24 1.676012128492099016e-24 0.000000000000000000e+00
0.000000000000000000e+00 5.012590152785189617e-28 4.405440464149984919e-27 3.688688492042967887e-26 2.971251455082037756e-25 2.297944207971924167e-24 1.702443414537990128e-23 1.205116016855053333e-22 8.127921472076566461e-22 5.206534321644254542e-21 3.156404015667424148e-20 1.803691371249850642e-19 9.670872356596037343e-19 4.839673362605735085e-18 2.246825696497086288e-17 9.608316854291644101e-17 3.753553760106469734e-16 1.326505624993361274e-15 4.192228976564624424e-15 1.168914553811589827e-14 2.831248087883395901e-14 5.856722623983781415e-14 1.017559674737674817e-13 1.467506716170988931e-13 1.754982739280759083e-13 1.755446570103407579e-13 1.468853155468393233e-13 1.019628852050651684e-13 5.881785795068749976e-14 2.856152101155213996e-14 1.189284563545188000e-14 4.333717897280012456e-15 1.411690405300186024e-15 4.205808502309334266e-16 1.175624453070706498e-16 3.170191991896405576e-17 8.467859483563161633e-18 2.280864015805550251e-18 6.218142523467688561e-19 1.700238227474461721e-19 4.595194922684839907e-20 1.211265189111877325e-20 3.085381231555647304e-21 7.555838657675945619e-22 1.775109504631521753e-22 3.999566328885317938e-23 8.649269764731836832e-24 1.795932211346414065e-24 3.497598426493797373e-25 0.000000000000000000e+00
0.000000000000000000e+00 5.735688030827967007e-29 5.012862020613281723e-28 4.173398308719318263e-27 3.342754716260052082e-26 2.570864022549294675e-25 1.894156031099215791e-24 1.333523208863246781e-23 8.945491147027881921e-23 5.699619310834643220e-22 3.436987337687942755e-21 1.953646188341136237e-20 1.041963031924227233e-19 5.186865457856758976e-19 2.395276385552717951e-18 1.018884278549128621e-17 3.959215103064595382e-17 1.391791947599584248e-16 4.375676888275755467e-16 1.213943296673457337e-15 2.926596514098305660e-15 6.029513398445697707e-15 1.044274381168261572e-14 1.503135377152360053e-14 1.796427694426120875e-14 1.797271842816408972e-14 1.505591335050132734e-14 1.048063418305979355e-14 6.075569563816943245e-15 2.972491857456383851e-15 1.251599469018086058e-15 4.638030963457168299e-16 1.550219173554977930e-16 4.802802004317313090e-17 1.420685409318173116e-17 4.127411967241322558e-18 1.201172423756640650e-18 3.520032083307852077e-19 1.030314891436207562e-19 2.969835460968985239e-20 8.320164868168727164e-21 2.245171586662384194e-21 5.807032676996128589e-22 1.436871368424965664e-22 3.401140029693964004e-23 7.709362597696503777e-24 1.676012128492097547e-24 3.497598426493794618e-25 6.847102427561317595e-26 0.000000000000000000e+00
0.000000000000000000e+00 0.000000000000000000e+00 0.000000000000000000e+00 0.000000000000000000e+00 0.000000000000000000e+00 0.000000000000000000e+00 0.000000000000000000e+00 0.000000000000000000e+00 0.000000000000000000e+00 0.000000000000000000e+00 0.000000000000000000e+00 0.000000000000000000e+00 0.000000000000000000e+00 0.000000000000000000e+00 0.000000000000000000e+00 0.000000000000000000e+00 0.000000000000000000e+00 0.000000000000000000e+00 0.000000000000000000e+00 0.000000000000000000e+00 0.000000000000000000e+00 0.000000000000000000e+00 0.000000000000000000e+00 0.000000000000000000e+00 0.000000000000000000e+00 0.000000000000000000e+00 0.000000000000000000e+00 0.000000000000000000e+00 0.000000000000000000e+00 0.000000000000000000e+00 0.000000000000000000e+00 0.000000000000000000e+00 0.000000000000000000e+00 0.000000000000000000e+00 0.000000000000000000e+00 0.000000000000000000e+00 0.000000000000000000e+00 0.000000000000000000e+00 0.000000000000000000e+00 0.000000000000000000e+00 0.000000000000000000e+00 0.000000000000000000e+00 0.000000000000000000e+00 0.000000000000000000e+00 0.000000000000000000e+00 0.000000000000000000e+00 0.000000000000000000e+00 0.000000000000000000e+00 0.000000000000000000e+00 0.000000000000000000e+00
