0.000000000000000000e+00 0.000000000000000000e+00 0.000000000000000000e+00 0.000000000000000000e+00 0.000000000000000000e+00 0.000000000000000000e+00 0.000000000000000000e+00 0.000000000000000000e+00 0.000000000000000000e+00 0.000000000000000000e+00 0.000000000000000000e+00 0.000000000000000000e+00 0.000000000000000000e+00 0.000000000000000000e+00 0.000000000000000000e+00 0.000000000000000000e+00 0.000000000000000000e+00 0.000000000000000000e+00 0.000000000000000000e+00 0.000000000000000000e+00 0.000000000000000000e+00 0.000000000000000000e+00 0.000000000000000000e+00 0.000000000000000000e+00 0.000000000000000000e+00 0.000000000000000000e+00 0.000000000000000000e+00 0.000000000000000000e+00 0.000000000000000000e+00 0.000000000000000000e+00 0.000000000000000000e+00 0.000000000000000000e+00 0.000000000000000000e+00 0.000000000000000000e+00 0.000000000000000000e+00 0.000000000000000000e+00 0.000000000000000000e+00 0.000000000000000000e+00 0.000000000000000000e+00 0.000000000000000000e+00 0.000000000000000000e+00 0.000000000000000000e+00 0.000000000000000000e+00 0.000000000000000000e+00 0.000000000000000000e+00 0.000000000000000000e+00 0.000000000000000000e+00 0.000000000000000000e+00 0.000000000000000000e+00 0.000000000000000000e+00
0.000000000000000000e+00 -1.293322275150941131e-33 5.550518500833299601e-33 -2.624482895392824354e-32 1.320279278328229019e-31 -7.226327808823654051e-31 4.187461619536677515e-30 -2.438290651356147523e-29 1.361828105837245237e-28 -7.073958535520513950e-28 3.352491648122154126e-27 -1.430244505401488744e-26 5.428635655693252708e-26 -1.809932620259273136e-25 5.215838815331258719e-25 -1.270020341403013243e-24 2.522068730476507483e-24 -3.824826572689131335e-24 3.798647739335626307e-24 -9.185967625675057650e-25 -2.449176743355130789e-24 2.692361441436232964e-24 8.682776458786698308e-24 1.675866422522567484e-23 -4.808804741294263102e-24 -2.502017433061454056e-23 -5.307533492242322839e-23 -6.386244285010017830e-23 -5.317910789544356843e-23 -3.674306336591941318e-23 -2.322190219996693884e-23 -1.364178699605750550e-23 -7.303859174649422340e-24 -3.507335781188995185e-24 -1.505284013296809520e-24 -5.799885518381707458e-25 -2.021601489906404558e-25 -6.426784759712635791e-26 -1.877647869178343311e-26 -5.075209773913314601e-27 -1.276396708757736570e-27 -3.001102900390364137e-28 -6.622817355448304237e-29 -1.376032418748855204e-29 -2.698070467267508108e-30 -4.999907480356284339e-31 -8.761050487733453033e-32 -1.449924149938319000e-32 -2.266982260926640655e-33 0.000000000000000000e+00
0.000000000000000000e+00 5.550518500833299601e-33 -2.572029866040092168e-32 1.371713174220181997e-31 -7.945041008827493900e-31 4.875106677787608760e-30 -3.009886526768427008e-29 1.787570439594324168e-28 -9.916285273112636617e-28 5.047060252708817351e-27 -2.328755769369318001e-26 9.644932223996848115e-26 -3.549281950793523257e-25 1.146472807107344257e-24 -3.198698687568193280e-24 7.533898268128194175e-24 -1.443639367432051942e-23 2.114263781292150067e-23 -2.018659478653797598e-23 1.132325537994130612e-23 -5.240598861255499755e-24 1.143467961874872506e-22 -5.972853816852954947e-25 6.754590314732746316e-23 5.613971903344803420e-22 8.907484494316239580e-22 1.359602918828811109e-21 1.379336659566131100e-21 9.830194679364420595e-22 5.480543223433180387e-22 2.628343018381034000e-22 1.167360906464211550e-22 4.993741838403272018e-23 2.061862222490791289e-23 8.077804998565760755e-24 2.953055353058553703e-24 9.983685535801989613e-25 3.114342197029598137e-25 8.978081316716005532e-26 2.399656443667890472e-26 5.968207060512500243e-27 1.385926337248772659e-27 3.013371227931791622e-28 6.146686320851325122e-29 1.177354699806283110e-29 2.116583322305042893e-30 3.561982095196474344e-31 5.576758001573038336e-32 8.025575538522455746e-33 0.000000000000000000e+00
0.000000000000000000e+00 -2.624482895392819975e-32 1.371713174220179808e-31 -8.367611953270330922e-31 5.401953816033799778e-30 -3.518659168072488284e-29 2.212562006120322267e-28 -1.305095205522555932e-27 7.098534405172275148e-27 -3.521037531651265962e-26 1.579028761231514154e-25 -6.348576188034888135e-25 2.266625647405549834e-24 -7.100173833451743778e-24 1.920275351946116032e-23 -4.378708437905985934e-23 8.143371746741034874e-23 -1.160580062460850941e-22 1.366796789356928666e-22 -1.689691980142506662e-22 9.646056238874637039e-22 -1.250046048429453417e-21 4.881305722296106665e-21 9.756355061353345970e-21 4.018439851808281224e-21 -1.319950875885094382e-21 -1.321822028730304547e-20 -1.987230938215239511e-20 -1.605088694365962106e-20 -9.009494623076098140e-21 -3.982553276125205833e-21 -1.504778947805179855e-21 -5.180586995733470868e-22 -1.706021237348065409e-22 -5.516954573529174098e-23 -1.754632663870880663e-23 -5.413326111421208699e-24 -1.594101334123183426e-24 -4.428927497687673126e-25 -1.153705038042302405e-25 -2.810562430716232003e-26 -6.398711267741058548e-27 -1.361119577663027584e-27 -2.703054094304674856e-28 -4.999369232305234018e-29 -8.563905317881520470e-30 -1.342980809546477744e-30 -1.880462465899277841e-31 -2.185072238415402076e-32 0.000000000000000000e+00
0.000000000000000000e+00 1.320279278328224421e-31 -7.945041008827478135e-31 5.401953816033799077e-30 -3.704379325356663609e-29 2.458841005518223852e-28 -1.536187006140134440e-27 8.886186752824065681e-27 -4.710626189924923097e-26 2.270907997578691502e-25 -9.885412021851762198e-25 3.855740982890021617e-24 -1.334970985360290671e-23 4.054299553794983307e-23 -1.062239308662269038e-22 2.352909505540469456e-22 -4.265417478851196718e-22 6.842619624027061095e-22 -1.134961441049752341e-21 5.429302575779806104e-21 -1.219493269363122897e-20 6.066324969527582393e-20 4.005529681028397671e-20 8.818617124868040897e-20 2.448891839933073215e-19 3.196933767398549999e-19 4.418557347263562112e-19 4.215937978346968657e-19 2.868091208400607607e-19 1.486469265363985506e-19 6.201434969025195755e-20 2.180650348506043712e-20 6.732565346243048842e-21 1.897231262141698323e-21 5.063624328927404692e-22 1.319821734061813242e-22 3.416776979366631824e-23 8.782899531567277867e-24 2.213817290150447456e-24 5.384761299888380647e-25 1.246598330560934225e-25 2.718732456938236385e-26 5.540786436043335779e-27 1.046400813544522142e-27 1.808893016533142378e-28 2.796594960667766247e-29 3.660992215233447630e-30 3.378394436088382419e-31 -6.547589805307607347e-33 0.000000000000000000e+00
0.000000000000000000e+00 -7.226327808823615516e-31 4.875106677787601053e-30 -3.518659168072484921e-29 2.458841005518221610e-28 -1.621720040127131801e-27 9.936868751204746512e-27 -5.602424358293594274e-26 2.886403404366440532e-25 -1.350632132925066983e-24 5.703407993610957366e-24 -2.157196548453618150e-23 7.241313340526870613e-23 -2.130948973178237531e-22 5.424518188058490915e-22 -1.171466544095567529e-21 2.306178840495621387e-21 -4.667716550911061115e-21 2.210021307737097123e-20 -6.687813181709728043e-20 4.070030161827469307e-19 -1.155005173178810537e-19 2.004392475785353782e-18 4.682229571383099503e-18 4.155667698431329193e-18 3.253618042505477482e-18 -8.215422242548514395e-20 -3.125716715077800804e-18 -3.169418361005339786e-18 -1.882891410798610323e-18 -8.244228890136325217e-19 -2.919386677303491504e-19 -8.810469023404935295e-20 -2.350084387596591254e-20 -5.709416854608129199e-21 -1.299054121054478168e-21 -2.841444677712262482e-22 -6.102407261316915944e-23 -1.300877676587838999e-23 -2.746475965130013951e-24 -5.668517997001074567e-25 -1.122424581234998202e-25 -2.086281032948007507e-26 -3.540852814380491607e-27 -5.232963856763273363e-28 -5.938674273179357726e-29 -2.187005299196675807e-30 1.398680270345210755e-30 6.082914241349028285e-31 0.000000000000000000e+00
0.000000000000000000e+00 4.187461619536671210e-30 -3.009886526768411874e-29 2.212562006120318231e-28 -1.536187006140132646e-27 9.936868751204740772e-27 -5.934496495367051636e-26 3.251809188090629799e-25 -1.626107087067072520e-24 7.380786022779393044e-24 -3.022079391094383801e-23 1.108125029031474403e-22 -3.604322291468553875e-22 1.030384654313523339e-21 -2.556462333840259011e-21 5.883973452097990790e-21 -1.391446955023666650e-20 6.867669379603132790e-20 -2.550356611922697260e-19 1.829610879848827309e-18 -1.986340620382015561e-18 1.920006789460355181e-17 3.499960154030947167e-17 7.428508189919676080e-17 1.167347652719556364e-16 1.260009222599412280e-16 1.305748711958166994e-16 9.536741587884824730e-17 5.549036724046675732e-17 2.671320173121664949e-17 1.073826215548549607e-17 3.659903816270442972e-18 1.079221844747064795e-18 2.810522797086857116e-19 6.589791639808480518e-20 1.416641532484051523e-20 2.842134456356226196e-21 5.414290780723181899e-22 9.946484218800369181e-23 1.780273608024018379e-23 3.106132821906125637e-24 5.212183099284121750e-25 8.140018403084202705e-26 1.101432453819478793e-26 1.027356226625267458e-27 -4.096042213268052793e-29 -5.575197584495390150e-29 -1.941823695169462131e-29 -5.274584059166443035e-30 0.000000000000000000e+00
0.000000000000000000e+00 -2.438290651356135752e-29 1.787570439594320581e-28 -1.305095205522553780e-27 8.886186752824061376e-27 -5.602424358293595422e-26 3.251809188090627962e-25 -1.729430076301690279e-24 8.388469843660079557e-24 -3.691574526575957297e-23 1.465209721410216862e-22 -5.205328752431142250e-22 1.644356975789369460e-21 -4.579589054469260452e-21 1.197571710311821228e-20 -3.222848031729726715e-20 1.690895490096568430e-19 -7.348897565180844971e-19 6.053360247859052533e-18 -1.094009461250836963e-17 1.080052895715366841e-16 1.521001700555049834e-16 8.856381793320857328e-16 2.139323133434848342e-15 2.483815991731213761e-15 2.404209971857946186e-15 1.556297555446023250e-15 2.642003432681625471e-16 -2.265562991484908215e-16 -2.081735870047628695e-16 -1.019644444849851422e-16 -3.741588142728715317e-17 -1.134599104035873954e-17 -2.977364275812274315e-18 -6.949099053536369440e-19 -1.470341995623433156e-19 -2.862756835027988648e-20 -5.193948579566626805e-21 -8.875548953825596899e-22 -1.439470575434221649e-22 -2.218701920389886917e-23 -3.210855644643412954e-24 -4.179583628584114024e-25 -4.242365925377804394e-26 -9.114769750203443055e-28 1.185200684696742711e-27 4.724299348501125251e-28 1.315703401048227713e-28 3.208286086844355490e-29 0.000000000000000000e+00
0.000000000000000000e+00 1.361828105837238511e-28 -9.916285273112615093e-28 7.098534405172265104e-27 -4.710626189924917357e-26 2.886403404366438695e-25 -1.626107087067071785e-24 8.388469843660075149e-24 -3.944811987891844825e-23 1.682725314730051731e-22 -6.470340102003235420e-22 2.231979956982217715e-21 -6.866058653527094559e-21 2.001643120497746771e-20 -6.021816565082326448e-20 3.385652524390675351e-19 -1.674015731332719216e-18 1.553673197614581198e-17 -3.838317363536614999e-17 4.153307074088888896e-16 4.401378345013982307e-16 6.068327048304596195e-15 1.846278180842381517e-14 4.236127539165248174e-14 5.597570615561177669e-14 5.652642808059464899e-14 4.764403136559645634e-14 2.404487475575158062e-14 9.528343031022455220e-15 3.494755105983180329e-15 1.216272979667066971e-15 3.884285482973728111e-16 1.112281599867920732e-16 2.846618930937011219e-17 6.556000164902892380e-18 1.372339136086321225e-18 2.637237604893326568e-19 4.694987146907516995e-20 7.801749443237935284e-21 1.216245271454773852e-21 1.779081046721554518e-22 2.415806142106574525e-23 2.930730436599317462e-24 2.776690584309707136e-25 6.051683841106867953e-27 -6.621686418516020208e-27 -2.524622914415325210e-27 -6.754105968315874351e-28 -1.592349899200556405e-28 0.000000000000000000e+00
0.000000000000000000e+00 -7.073958535520505878e-28 5.047060252708799414e-27 -3.521037531651262518e-26 2.270907997578688747e-25 -1.350632132925065881e-24 7.380786022779397452e-24 -3.691574526575953771e-23 1.682725314730050085e-22 -6.953608271096264222e-22 2.595863458824084251e-21 -8.717374840365323571e-21 2.795647687717077727e-20 -9.284729116481901918e-20 5.615774353109700170e-19 -3.100888899630802839e-18 3.198538528394618308e-17 -9.865300099774183162e-17 1.182130549863725503e-15 9.001461141937016723e-16 2.695070117283518787e-14 9.642974538721216156e-14 3.857090372483071544e-13 9.402265768064580154e-13 1.171377650219558553e-12 1.168596909731597867e-12 8.985074400045103475e-13 3.421507999435927027e-13 6.885054525774343913e-14 1.170589170396100183e-15 -5.098104913843078343e-15 -2.509713074243194211e-15 -8.293655955768167794e-16 -2.239022496526812464e-16 -5.257557603686134876e-17 -1.105716811936528784e-17 -2.118413689654388753e-18 -3.739273414783712905e-19 -6.129468941925417193e-20 -9.378069167903419498e-21 -1.340633128749036788e-21 -1.778462833159911117e-22 -2.133594451391436500e-23 -2.126075200491158265e-24 -1.130023647709300328e-25 2.184264790990390731e-26 1.049602998824503351e-26 2.887384574209157462e-27 6.784054015531729046e-28 0.000000000000000000e+00
0.000000000000000000e+00 3.352491648122142647e-27 -2.328755769369309965e-26 1.579028761231510021e-25 -9.885412021851745667e-25 5.703407993610947815e-24 -3.022079391094371458e-23 1.465209721410211925e-22 -6.470340102003198745e-22 2.595863458824080490e-21 -9.432968686072818644e-21 3.296107681314439937e-20 -1.197821413908779734e-19 7.815949807335395441e-19 -4.759016781882790096e-18 5.402002644299095839e-17 -1.973436700555826442e-16 2.612174186530607132e-15 1.327476920730575513e-15 8.489064583094415662e-14 3.458759514900428577e-13 2.073388981872612073e-12 7.650700550297451825e-12 1.865358291339414653e-11 2.366896310883805964e-11 2.367531689772366395e-11 1.893916276946064956e-11 7.944028788839242706e-12 2.264058234434188083e-12 5.348847015615480927e-13 1.224103976133954737e-13 2.935197784919034919e-14 7.218862918547289952e-15 1.719806034248309785e-15 3.823222398529798542e-16 7.824199881252416661e-17 1.472450038323471573e-17 2.557038710289900965e-18 4.115180400847620956e-19 6.157408201374956271e-20 8.569766205564012725e-21 1.103293043931328935e-21 1.287624316897412310e-22 1.277338576068349732e-23 8.104636520001813718e-25 -6.297878386404096521e-26 -4.043111206831127260e-26 -1.127948254313900805e-26 -2.615091269084685233e-27 0.000000000000000000e+00
0.000000000000000000e+00 -1.430244505401485587e-26 9.644932223996807937e-26 -6.348576188034868850e-25 3.855740982890007658e-24 -2.157196548453610803e-23 1.108125029031468291e-22 -5.205328752431109336e-22 2.231979956982194769e-21 -8.717374840365186649e-21 3.296107681314417669e-20 -1.302902579206894694e-19 9.202416357180372425e-19 -6.125340435213926419e-18 7.599898030748984684e-17 -3.176634706371577122e-16 4.623095048744468534e-15 1.387266522037606413e-15 2.010347420820525602e-13 9.154405414449066274e-13 7.413644781700626466e-12 3.658591363132814699e-11 1.436191638258021215e-10 3.605353137392373598e-10 4.525206964786940664e-10 4.525730806939060364e-10 3.588537466522817872e-10 1.419302727754348268e-10 3.545169035042764528e-11 6.219249976329791957e-12 7.259539632909460394e-13 1.528111421257454732e-14 -2.135985812453205983e-14 -8.036430401313737633e-15 -2.062202793962492260e-15 -4.419403487347997104e-16 -8.372784852326333021e-17 -1.434504097286640689e-17 -2.245235692306520260e-18 -3.221300068338644135e-19 -4.224387614731845238e-20 -4.996522216252571782e-21 -5.122890943228065501e-22 -3.958245085594328602e-23 -4.576747024765193834e-25 7.185496151721546202e-25 2.223289737814316839e-25 5.054367111765350356e-26 1.040973843506476782e-26 0.000000000000000000e+00
0.000000000000000000e+00 5.428635655693225158e-26 -3.549281950793505808e-25 2.266625647405538079e-24 -1.334970985360284206e-23 7.241313340526816540e-23 -3.604322291468518140e-22 1.644356975789335981e-21 -6.866058653526944096e-21 2.795647687716988051e-20 -1.197821413908748438e-19 9.202416357180324277e-19 -6.657937996746510138e-18 8.993091835834303066e-17 -4.196744895347876753e-16 6.691063481805572913e-15 9.409586793859337611e-16 3.721917098239184305e-13 1.872102157297236810e-12 1.906766704480362311e-11 1.169136656423083848e-10 6.401070330520287428e-10 2.546408504655928390e-09 6.505793202608200473e-09 8.153798152114385251e-09 8.152981626924630709e-09 6.514221783014571584e-09 2.554614419175099897e-09 6.458482033212754775e-10 1.233495065064112204e-10 1.978480896379721488e-11 2.939894132025231074e-12 4.478945845899555280e-13 7.460546575889257119e-14 1.334742309419729507e-14 2.402907444174378864e-15 4.120075992829663116e-16 6.516913923058148533e-17 9.314632765443283722e-18 1.173592201555998643e-18 1.235112895172188458e-19 9.010546932173292581e-21 -1.128697764639514276e-22 -2.155991348772521465e-22 -5.657063568276368954e-23 -1.119141171854719909e-23 -1.964768693522189637e-24 -3.253187391798335601e-25 -5.288675991287444175e-26 0.000000000000000000e+00
0.000000000000000000e+00 -1.809932620259262116e-25 1.146472807107337644e-24 -7.100173833451693819e-24 4.054299553794945103e-23 -2.130948973178206028e-22 1.030384654313495315e-21 -4.579589054469100209e-21 2.001643120497610752e-20 -9.284729116481575714e-20 7.815949807335136403e-19 -6.125340435213903307e-18 8.993091835834272252e-17 -4.599694463264352563e-16 8.023867780212229978e-15 2.920360332132417173e-16 5.532318873469965631e-13 3.053292814465737591e-12 3.715593172101819868e-11 2.698995233423643000e-10 1.884603549874194701e-09 1.027871712363541024e-08 4.204650871401826935e-08 1.098130586107676293e-07 1.369318740004530744e-07 1.369382647587363103e-07 1.097776070007906482e-07 4.201348976096765741e-08 1.025437346162736467e-08 1.855471627200645886e-09 2.683224795039103126e-10 3.188090885083522972e-11 3.009911698828371179e-12 1.755901861519378580e-13 -9.892461973571147542e-15 -5.518306711327832892e-15 -1.156381187301344561e-15 -1.747504287046373685e-16 -1.907766816962589006e-17 -8.495924144736181037e-19 2.661228407455803353e-19 1.029400927247195627e-19 2.402861713228912923e-20 4.593825406243617763e-21 7.795978531893830754e-22 1.217903220623338676e-22 1.790894088031078432e-23 2.521181997250953346e-24 3.452790879198000589e-25 0.000000000000000000e+00
0.000000000000000000e+00 5.215838815331220148e-25 -3.198698687568160219e-24 1.920275351946093992e-23 -1.062239308662245763e-22 5.424518188058322584e-22 -2.556462333840111933e-21 1.197571710311724330e-20 -6.021816565081899132e-20 5.615774353109375650e-19 -4.759016781882713059e-18 7.599898030748957566e-17 -4.196744895347870836e-16 8.023867780212229978e-15 -1.517919075170765697e-17 6.716275868257711185e-13 4.058926270230001427e-12 5.684474559796031516e-11 4.737587753995725397e-10 3.977221492577651397e-09 2.724640151907739405e-08 1.530493890303343057e-07 6.400869142426202911e-07 1.705276112088276674e-06 2.116202770886468948e-06 2.116167139347621978e-06 1.705398776106473965e-06 6.401938645613797726e-07 1.531339112759559704e-07 2.735484166527605962e-08 3.975262898091774021e-09 4.958834909414106195e-10 5.535374750534831382e-11 5.761346790069789696e-12 5.827689882869421642e-13 5.820110404410054068e-14 5.291176831155383730e-15 2.645076488551662640e-16 -5.595729098691414434e-17 -2.546251693505177597e-17 -6.586973249868364271e-18 -1.383002356908964917e-18 -2.556597637803817466e-19 -4.303635361110889854e-20 -6.720377497149971650e-21 -9.855039529744111389e-22 -1.369863104177598370e-22 -1.819219932177143117e-23 -2.320689935389796622e-24 0.000000000000000000e+00
0.000000000000000000e+00 -1.270020341402998365e-24 7.533898268128088380e-24 -4.378708437905869560e-23 2.352909505540381529e-22 -1.171466544095471609e-21 5.883973452097448370e-21 -3.222848031729256668e-20 3.385652524390466869e-19 -3.100888899630633358e-18 5.402002644299086594e-17 -3.176634706371483445e-16 6.691063481805571335e-15 2.920360332133608353e-16 6.716275868257706136e-13 4.456357360578535671e-12 6.989410589867329176e-11 6.546655013208352681e-10 6.350424186595511054e-09 5.164033247738360452e-08 3.630157486867194272e-07 2.069686293379937898e-06 8.832232213314159197e-06 2.397238715101470777e-05 2.957772841383165443e-05 2.957787923386966198e-05 2.397204783247816541e-05 8.831966155391497399e-06 2.069454292603412769e-06 3.626942694831947108e-07 5.167718823634249509e-08 6.272905278051905355e-09 6.669480935908365637e-10 6.318680717079682371e-11 5.421699463893634445e-12 4.423228300088915709e-13 4.114251769905842809e-14 5.890496802844654071e-15 1.213450946425388681e-15 2.659457528153625672e-16 5.456973089088421613e-17 1.027079143274676476e-17 1.783000356183649496e-18 2.880966978750841438e-19 4.368472062093179235e-20 6.259044368403679104e-21 8.522999862148406018e-22 1.108536954987099390e-22 1.379148982402091195e-23 0.000000000000000000e+00
0.000000000000000000e+00 2.522068730476463034e-24 -1.443639367432007567e-23 8.143371746740645785e-23 -4.265417478850805513e-22 2.306178840495318580e-21 -1.391446955023403339e-20 1.690895490096411948e-19 -1.674015731332589793e-18 3.198538528394575783e-17 -1.973436700555731779e-16 4.623095048744437769e-15 9.409586793862118345e-16 5.532318873469947456e-13 4.058926270230007081e-12 6.989410589867326591e-11 7.274286355725782030e-10 7.950378078448879321e-09 7.403342016134392119e-08 6.140051127330054585e-07 4.333400994638196012e-06 2.497313550706824626e-05 1.081158410173050911e-04 2.978340255621820588e-04 3.650384393468395459e-04 3.650379526618689557e-04 2.978347446320226766e-04 1.081163043769660885e-04 2.497360941723158963e-05 4.334120921246438850e-06 6.138197363793755438e-07 7.425536679145221001e-08 7.890732554538732672e-09 7.502004238782019367e-10 6.436477015614378089e-11 4.894421593435824415e-12 2.864624449478021275e-13 -1.062962003701034668e-15 -5.113055710618631313e-15 -1.402960763318790173e-15 -2.953311712076610413e-16 -5.494733970471986843e-17 -9.385867293416777684e-18 -1.495158445336391426e-18 -2.241014140917543667e-19 -3.180296166602468118e-20 -4.294522952254252491e-21 -5.540784928303733147e-22 -6.831933754438721123e-23 0.000000000000000000e+00
0.000000000000000000e+00 -3.824826572689006439e-24 2.114263781292028109e-23 -1.160580062460743736e-22 6.842619624025707866e-22 -4.667716550910228301e-21 6.867669379602234825e-20 -7.348897565180263340e-19 1.553673197614534975e-17 -9.865300099773550841e-17 2.612174186530575183e-15 1.387266522037973628e-15 3.721917098239161586e-13 3.053292814465750112e-12 5.684474559796028931e-11 6.546655013208353715e-10 7.950378078448879321e-09 8.313838614757193000e-08 7.858850130989698905e-07 6.475037525090960657e-06 4.553474100408053219e-05 2.619092458902482152e-04 1.138513286887875937e-03 3.159574701241704957e-03 3.841859506990741042e-03 3.841860670567414423e-03 3.159573609164338052e-03 1.138512856768951085e-03 2.619086117816855192e-04 4.553364304792140215e-05 6.475600942622208082e-06 7.853817137965664884e-07 8.334214212229830122e-08 7.885508891303065286e-09 6.770181178273278222e-10 5.409680744511436407e-11 4.266841525332724611e-12 3.821387702662849410e-13 4.635426715054417152e-14 7.453903535957980896e-15 1.327235990514361942e-15 2.331876995794049724e-16 3.892453583838627949e-17 6.129379952937244455e-18 9.121333636186049277e-19 1.287694170491310308e-19 1.731454460713159077e-20 2.225407300514610728e-21 2.733677304946232280e-22 0.000000000000000000e+00
0.000000000000000000e+00 3.798647739335430881e-24 -2.018659478653574842e-23 1.366796789356580249e-22 -1.134961441049598681e-21 2.210021307736701405e-20 -2.550356611922552815e-19 6.053360247858737451e-18 -3.838317363536325339e-17 1.182130549863700654e-15 1.327476920730851022e-15 2.010347420820506164e-13 1.872102157297250139e-12 3.715593172101818575e-11 4.737587753995721262e-10 6.350424186595511882e-09 7.403342016134393443e-08 7.858850130989699964e-07 7.346658272739811005e-06 5.962219680420175952e-05 4.098670203263225591e-04 2.303471930073812315e-03 9.855376306509625733e-03 2.712328838435241335e-02 3.265325138151230211e-02 3.265324946165354403e-02 2.712328946059729823e-02 9.855376159684708925e-03 2.303472281613582699e-03 4.098678639925987764e-04 5.962113365525726228e-05 7.347519088769316145e-06 7.853849895708261981e-07 7.418148442512045270e-08 6.283598697596910963e-09 4.814264301296187683e-10 3.304803919564130480e-11 1.872501377971887007e-12 4.340623237228701155e-14 -1.268889008240875223e-14 -3.625818112498617286e-15 -7.104683327051045159e-16 -1.218773377139910748e-16 -1.929279487558574877e-17 -2.868556026971471935e-18 -4.039781027403477572e-19 -5.417119020981842995e-20 -6.943716319474538936e-21 -8.507877359599093469e-22 0.000000000000000000e+00
0.000000000000000000e+00 -9.185967625671319945e-25 1.132325537994011887e-23 -1.689691980142020007e-22 5.429302575779247886e-21 -6.687813181709079245e-20 1.829610879848736405e-18 -1.094009461250738048e-17 4.153307074088775497e-16 9.001461141938269040e-16 8.489064583094312164e-14 9.154405414449159170e-13 1.906766704480357787e-11 2.698995233423644550e-10 3.977221492577653052e-09 5.164033247738359790e-08 6.140051127330053527e-07 6.475037525090963198e-06 5.962219680420173919e-05 4.681737347282904742e-04 3.058376435451309796e-03 1.614587750159440435e-02 6.523902515457530304e-02 1.717152309850254188e-01 2.038653709349903809e-01 2.038653727563227158e-01 1.717152302958378507e-01 6.523902596874572857e-02 1.614587780457206467e-02 3.058376692090439448e-03 4.681747328466357729e-04 5.962118735272416576e-05 6.475887077310124742e-06 6.137557987784012709e-07 5.178498386578900430e-08 3.960647434814487601e-09 2.800631838776276656e-10 1.893348693573732313e-11 1.324365614725942253e-12 1.120821930013851673e-13 1.299087697341552785e-14 1.890368376793124112e-15 2.942823420368926913e-16 4.506882400810441099e-17 6.612514942066901429e-18 9.246639382214171120e-19 1.233725386929622048e-19 1.574705027400455427e-20 1.922159981522813639e-21 0.000000000000000000e+00
0.000000000000000000e+00 -2.449176743354401983e-24 -5.240598861251540543e-24 9.646056238874114179e-22 -1.219493269362975744e-20 4.070030161827278158e-19 -1.986340620381743620e-18 1.080052895715335163e-16 4.401378345014325954e-16 2.695070117283480921e-14 3.458759514900462908e-13 7.413644781700595770e-12 1.169136656423086175e-10 1.884603549874193874e-09 2.724640151907739405e-08 3.630157486867191096e-07 4.333400994638198554e-06 4.553474100408053896e-05 4.098670203263227218e-04 3.058376435451309796e-03 1.822590262234635369e-02 8.396383025467739347e-02 2.913871858537955828e-01 6.626535828848431064e-01 7.671759859814730742e-01 7.671759856686043433e-01 6.626535835912770178e-01 2.913871854767416392e-01 8.396382996192292003e-02 1.822590191089984435e-02 3.058376600183332090e-03 4.098676120652965690e-04 4.553385627482356754e-05 4.333657394197993037e-06 3.628109103520217278e-07 2.727057385908124582e-08 1.867945275450705993e-09 1.174553971487849764e-10 6.704252279981169299e-12 3.201393582400086095e-13 6.651526973307124203e-15 -1.468528114955666969e-15 -3.656474714002906214e-16 -6.219177639099867501e-17 -9.339037838872866799e-18 -1.306582825252652071e-18 -1.732569948659983276e-19 -2.193463071466530178e-20 -2.654813462539362010e-21 0.000000000000000000e+00
0.000000000000000000e+00 2.692361441435867826e-24 1.143467961874801506e-22 -1.250046048429182583e-21 6.066324969527179151e-20 -1.155005173178302091e-19 1.920006789460298790e-17 1.521001700555109984e-16 6.068327048304527564e-15 9.642974538721280527e-14 2.073388981872604399e-12 3.658591363132821162e-11 6.401070330520282259e-10 1.027871712363541189e-08 1.530493890303341733e-07 2.069686293379939592e-06 2.497313550706822932e-05 2.619092458902482694e-04 2.303471930073811447e-03 1.614587750159440088e-02 8.396383025467739347e-02 2.975449993128168047e-01 7.009386155867456392e-01 9.082994470424767819e-01 9.565225507677976857e-01 9.565225498452253339e-01 9.082994463085460879e-01 7.009386150767344947e-01 2.975449988079526542e-01 8.396382975353981759e-02 1.614587661442378960e-02 2.303472216379522791e-03 2.619095244138093092e-04 2.497308520094575158e-05 2.069805617738193461e-06 1.530327893340541972e-07 1.029087977435635284e-08 6.390684845617867185e-10 3.714677303001626535e-11 2.053692816972892642e-12 1.112084443436976871e-13 6.303588177513428261e-15 4.226705677570822447e-16 3.706700121913558426e-17 4.034938094759853892e-18 4.787500178721657873e-19 5.693261234981373747e-20 6.559296157368286041e-21 7.231152250906979520e-22 0.000000000000000000e+00
0.000000000000000000e+00 8.682776458784714661e-24 -5.972853816374293647e-25 4.881305722295479233e-21 4.005529681029111469e-20 2.004392475785292538e-18 3.499960154031002018e-17 8.856381793320782386e-16 1.846278180842391615e-14 3.857090372483055893e-13 7.650700550297459903e-12 1.436191638258019406e-10 2.546408504655928804e-09 4.204650871401824288e-08 6.400869142426208205e-07 8.832232213314159197e-06 1.081158410173051453e-04 1.138513286887875503e-03 9.855376306509625733e-03 6.523902515457534468e-02 2.913871858537955273e-01 7.009386155867457502e-01 9.149273653097348413e-01 9.807268222550544756e-01 9.936085464212647267e-01 9.936085466126993726e-01 9.807268212224502513e-01 9.149273651237743721e-01 7.009386154925441037e-01 2.913871861140815422e-01 6.523902476392681726e-02 9.855375580648180131e-03 1.138513977010356584e-03 1.081156460591772974e-04 8.832385392203638446e-06 6.400792150814969668e-07 4.205825506031375892e-08 2.547205866960284897e-09 1.441307845253343269e-10 7.730570196388140050e-12 4.031293293985568724e-13 2.177934135433524187e-14 1.403750998800361077e-15 1.252807101411775619e-16 1.476673382703151268e-17 1.944770818921586173e-18 2.582968432731913653e-19 3.337203638787915758e-20 4.142265694737259056e-21 0.000000000000000000e+00
0.000000000000000000e+00 1.675866422523060016e-23 6.754590314726700749e-23 9.756355061353789837e-21 8.818617124867992749e-20 4.682229571383089488e-18 7.428508189919663754e-17 2.139323133434858203e-15 4.236127539165222299e-14 9.402265768064608427e-13 1.865358291339410453e-11 3.605353137392376700e-10 6.505793202608191374e-09 1.098130586107677219e-07 1.705276112088277098e-06 2.397238715101469760e-05 2.978340255621818962e-04 3.159574701241705825e-03 2.712328838435241682e-02 1.717152309850253356e-01 6.626535828848428844e-01 9.082994470424771150e-01 9.807268222550550307e-01 9.965497202776106844e-01 9.991720689701552027e-01 9.991720688499974301e-01 9.965497219334766843e-01 9.807268222134047919e-01 9.082994477778129072e-01 6.626535839635572245e-01 1.717152311537385734e-01 2.712328844528853061e-02 3.159573570407794504e-03 2.978341370640432426e-04 2.397209306292189798e-05 1.705292941322836146e-06 1.097858779422617828e-07 6.506147233491644118e-09 3.592444138665942951e-10 1.861025938244060548e-11 9.012587542274564915e-13 3.927095121653534366e-14 1.245693723509540063e-15 -2.698053487720483190e-17 -1.283989217087371219e-17 -2.121572256577672844e-18 -2.918461254749395010e-19 -3.709257413822153045e-20 -4.464589649469922365e-21 0.000000000000000000e+00
0.000000000000000000e+00 -4.808804741295917610e-24 5.613971903344689632e-22 4.018439851808636318e-21 2.448891839933018808e-19 4.155667698431361549e-18 1.167347652719561048e-16 2.483815991731200350e-15 5.597570615561197864e-14 1.171377650219556736e-12 2.366896310883806934e-11 4.525206964786941181e-10 8.153798152114388560e-09 1.369318740004530214e-07 2.116202770886468525e-06 2.957772841383164087e-05 3.650384393468393291e-04 3.841859506990738006e-03 3.265325138151228823e-02 2.038653709349902421e-01 7.671759859814724081e-01 9.565225507677975747e-01 9.936085464212640606e-01 9.991720689701543145e-01 9.998706511080421855e-01 9.998706527177396719e-01 9.991720693625051330e-01 9.936085474881486412e-01 9.565225516756646895e-01 7.671759869803387311e-01 2.038653724519853272e-01 3.265325108844178981e-02 3.841859943597249367e-03 3.650383547787462409e-04 2.957776268533249009e-05 2.116194359218887007e-06 1.369325236514999867e-07 8.153136364230709283e-09 4.524801848396918491e-10 2.362915225480684047e-11 1.167496451098283599e-12 5.436718959364382651e-14 2.296242581227909276e-15 7.025236714052370329e-17 -1.916398351395515147e-18 -8.200301117073642171e-19 -1.390280666155778759e-19 -1.989932307093156089e-20 -2.633036333641241123e-21 0.000000000000000000e+00
0.000000000000000000e+00 -2.502017433061903977e-23 8.907484494316798175e-22 -1.319950875885716736e-21 3.196933767398622703e-19 3.253618042505406993e-18 1.260009222599420415e-16 2.404209971857932775e-15 5.652642808059490143e-14 1.168596909731593626e-12 2.367531689772376088e-11 4.525730806939049508e-10 8.152981626924630709e-09 1.369382647587364162e-07 2.116167139347620284e-06 2.957787923386965520e-05 3.650379526618690099e-04 3.841860670567412255e-03 3.265324946165353709e-02 2.038653727563227713e-01 7.671759856686041212e-01 9.565225498452231134e-01 9.936085466126997057e-01 9.991720688499976522e-01 9.998706527177396719e-01 9.998706511279802367e-01 9.991720716349113962e-01 9.936085478694017814e-01 9.565225512967876487e-01 7.671759875091038738e-01 2.038653733545013891e-01 3.265325173450370211e-02 3.841860258742419744e-03 3.650384760160237281e-04 2.957780220173844904e-05 2.116205729472988373e-06 1.369354833122339799e-07 8.153843488728601557e-09 4.526366053444628986e-10 2.366136545989973350e-11 1.173697641534033616e-12 5.548693876127239570e-14 2.486521063128518052e-15 1.007783107172268537e-16 2.721450567292789608e-18 -1.506928301122135708e-19 -4.700292439602699954e-20 -7.815201084927398492e-21 -1.117953031060886715e-21 0.000000000000000000e+00
0.000000000000000000e+00 -5.307533492242154743e-23 1.359602918828800952e-21 -1.321822028730296873e-20 4.418557347263565964e-19 -8.215422242546097353e-20 1.305748711958159352e-16 1.556297555446034294e-15 4.764403136559632381e-14 8.985074400045109534e-13 1.893916276946065602e-11 3.588537466522813736e-10 6.514221783014572412e-09 1.097776070007906217e-07 1.705398776106473965e-06 2.397204783247813831e-05 2.978347446320226766e-04 3.159573609164337184e-03 2.712328946059729129e-02 1.717152302958378229e-01 6.626535835912771288e-01 9.082994463085449777e-01 9.807268212224490300e-01 9.965497219334772394e-01 9.991720693625050220e-01 9.991720716349113962e-01 9.965497219582684085e-01 9.807268226173371239e-01 9.082994473641555766e-01 6.626535840741601957e-01 1.717152325507902977e-01 2.712329015281694095e-02 3.159574759918108103e-03 2.978347311263108825e-04 2.397232727466269619e-05 1.705369855485432074e-06 1.098076524723680744e-07 6.511590136425468905e-09 3.604670930021748056e-10 1.886045217092065230e-11 9.483967929718825925e-13 4.751946066584713322e-14 2.595913364760946152e-15 1.810253375554154635e-16 1.747214310838062933e-17 2.075412375591851440e-18 2.624026977082312245e-19 3.294272785626675430e-20 4.006630655985993585e-21 0.000000000000000000e+00
0.000000000000000000e+00 -6.386244285009374834e-23 1.379336659566087277e-21 -1.987230938215184441e-20 4.215937978346925805e-19 -3.125716715077746493e-18 9.536741587884768031e-17 2.642003432681733940e-16 2.404487475575142916e-14 3.421507999435942678e-13 7.944028788839229781e-12 1.419302727754349302e-10 2.554614419175099484e-09 4.201348976096764417e-08 6.401938645613796667e-07 8.831966155391494011e-06 1.081163043769661156e-04 1.138512856768951085e-03 9.855376159684705456e-03 6.523902596874574245e-02 2.913871854767415837e-01 7.009386150767342727e-01 9.149273651237735949e-01 9.807268222134042368e-01 9.936085474881494184e-01 9.936085478694018924e-01 9.807268226173370129e-01 9.149273678736730142e-01 7.009386174172111961e-01 2.913871878215522071e-01 6.523902683153891269e-02 9.855377428284555624e-03 1.138515149352863293e-03 1.081162139789333199e-04 8.832608103115713381e-06 6.401528676312849162e-07 4.207940168596359846e-08 2.552590805400831397e-09 1.453669249221812390e-10 7.989649559910354925e-12 4.532149589775892231e-13 3.078552724488598794e-14 2.920590084931457038e-15 3.659726598774175955e-16 5.093173872384323735e-17 7.112554123159897640e-18 9.632350022377659879e-19 1.254615420525010265e-19 1.566484338311711813e-20 0.000000000000000000e+00
0.000000000000000000e+00 -5.317910789543833748e-23 9.830194679364166689e-22 -1.605088694365913055e-20 2.868091208400587866e-19 -3.169418361005330542e-18 5.549036724046675732e-17 -2.265562991484897861e-16 9.528343031022417354e-15 6.885054525774412071e-14 2.264058234434179197e-12 3.545169035042773575e-11 6.458482033212745470e-10 1.025437346162736632e-08 1.531339112759559439e-07 2.069454292603412346e-06 2.497360941723158285e-05 2.619086117816855192e-04 2.303472281613582699e-03 1.614587780457206814e-02 8.396382996192289228e-02 2.975449988079525987e-01 7.009386154925441037e-01 9.082994477778131293e-01 9.565225516756660218e-01 9.565225512967869825e-01 9.082994473641555766e-01 7.009386174172109740e-01 2.975449999941634505e-01 8.396383073453261847e-02 1.614587848340872864e-02 2.303474285451985633e-03 2.619109928030932807e-04 2.497385036176291126e-05 2.070122525932386087e-06 1.531423519904076849e-07 1.032355133883441872e-08 6.476701370551769465e-10 3.918124783440939236e-11 2.491843723703204298e-12 1.980534605226022322e-13 2.228443414194200589e-14 3.172626676403439412e-15 4.822767039035376953e-16 7.220122531304575226e-17 1.039355371575191249e-17 1.432241438141320869e-18 1.890945445653408003e-19 2.389908678107667710e-20 0.000000000000000000e+00
0.000000000000000000e+00 -3.674306336591826707e-23 5.480543223433098572e-22 -9.009494623075937145e-21 1.486469265363984543e-19 -1.882891410798608012e-18 2.671320173121683746e-17 -2.081735870047635844e-16 3.494755105983187429e-15 1.170589170396212201e-15 5.348847015615458713e-13 6.219249976329820230e-12 1.233495065064109619e-10 1.855471627200646713e-09 2.735484166527604639e-08 3.626942694831948167e-07 4.334120921246438850e-06 4.553364304792139537e-05 4.098678639925988306e-04 3.058376692090441183e-03 1.822590191089985129e-02 8.396382975353980371e-02 2.913871861140817643e-01 6.626535839635571135e-01 7.671759869803390641e-01 7.671759875091029857e-01 6.626535840741603067e-01 2.913871878215520406e-01 8.396383073453260459e-02 1.822590246909028613e-02 3.058378511583677382e-03 4.098699666356428288e-04 4.553556825309087373e-05 4.334551891736890761e-06 3.631797092943029774e-07 2.739717655688979870e-08 1.905406510529280928e-09 1.272435035378931451e-10 9.003154410263879767e-12 8.121480595343213457e-13 1.036445352224905804e-13 1.629863633423304496e-14 2.680423999181261725e-15 4.295498251303570759e-16 6.579669754979476874e-17 9.607680203695720816e-18 1.339795362497979584e-18 1.788986981990316237e-19 2.286049057635921224e-20 0.000000000000000000e+00
0.000000000000000000e+00 -2.322190219996687125e-23 2.628343018381044815e-22 -3.982553276125177245e-21 6.201434969025245107e-20 -8.244228890136329068e-19 1.073826215548559314e-17 -1.019644444849857338e-16 1.216272979667074071e-15 -5.098104913843082287e-15 1.224103976133949688e-13 7.259539632909556320e-13 1.978480896379712441e-11 2.683224795039106745e-10 3.975262898091771540e-09 5.167718823634247524e-08 6.138197363793753321e-07 6.475600942622208929e-06 5.962113365525726228e-05 4.681747328466359355e-04 3.058376600183333825e-03 1.614587661442378613e-02 6.523902476392681726e-02 1.717152311537385179e-01 2.038653724519853550e-01 2.038653733545013058e-01 1.717152325507903532e-01 6.523902683153891269e-02 1.614587848340872864e-02 3.058378511583678249e-03 4.681769956163008809e-04 5.962293991418932566e-05 6.476885325112418854e-06 6.142099099700467279e-07 5.195798835800092090e-08 4.017564770839847106e-09 2.965866028886091096e-10 2.323523998354691299e-11 2.341504903005773276e-12 3.327568342157089934e-13 5.729504851508741081e-14 1.018050531602653394e-14 1.748927626780802253e-15 2.856844089062548413e-16 4.430556415191047156e-17 6.539370435329294498e-18 9.215074122991535196e-19 1.243478492970718325e-19 1.605731114501622395e-20 0.000000000000000000e+00
0.000000000000000000e+00 -1.364178699605773179e-23 1.167360906464226831e-22 -1.504778947805198474e-21 2.180650348506064476e-20 -2.919386677303510763e-19 3.659903816270478409e-18 -3.741588142728748597e-17 3.884285482973756214e-16 -2.509713074243203677e-15 2.935197784919027977e-14 1.528111421257634907e-14 2.939894132025210071e-12 3.188090885083533958e-11 4.958834909414103093e-10 6.272905278051902874e-09 7.425536679145214384e-08 7.853817137965668061e-07 7.347519088769315298e-06 5.962118735272417931e-05 4.098676120652967859e-04 2.303472216379521924e-03 9.855375580648178396e-03 2.712328844528852714e-02 3.265325108844177593e-02 3.265325173450368823e-02 2.712329015281695135e-02 9.855377428284559094e-03 2.303474285451986934e-03 4.098699666356430456e-04 5.962293991418935954e-05 7.348782333995502600e-06 7.860957670382625714e-07 7.450849735045702069e-08 6.409820543101977781e-09 5.233197067950991172e-10 4.525605347265530283e-11 5.049548352850910175e-12 7.920572770594445581e-13 1.488641802488424123e-13 2.859812772757299718e-14 5.277084535925601388e-15 9.213519128128039811e-16 1.521040342566784913e-16 2.381312096376242227e-17 3.548140093939516554e-18 5.048724353169206399e-19 6.881051501492323485e-20 8.975450606167784145e-21 0.000000000000000000e+00
0.000000000000000000e+00 -7.303859174649575154e-24 4.993741838403338433e-23 -5.180586995733605344e-22 6.732565346243099999e-21 -8.810469023405043629e-20 1.079221844747072114e-18 -1.134599104035886588e-17 1.112281599867927141e-16 -8.293655955768213154e-16 7.218862918547291530e-15 -2.135985812453179793e-14 4.478945845899520444e-13 3.009911698828394605e-12 5.535374750534819104e-11 6.669480935908367705e-10 7.890732554538727708e-09 8.334214212229834093e-08 7.853849895708261981e-07 6.475887077310126436e-06 4.553385627482356754e-05 2.619095244138092550e-04 1.138513977010356150e-03 3.159573570407793203e-03 3.841859943597248066e-03 3.841860258742417142e-03 3.159574759918110706e-03 1.138515149352863510e-03 2.619109928030934975e-04 4.553556825309090761e-05 6.476885325112425630e-06 7.860957670382631008e-07 8.367757941301272053e-08 8.021004799932235081e-09 7.248809883413702627e-10 6.910132989264873715e-11 8.493734129725216699e-12 1.463559221095421583e-12 2.999088608163802709e-13 6.236251115735529128e-14 1.238451275762480455e-14 2.316121271651869631e-15 4.078984322057601755e-16 6.787724755720950743e-17 1.071481972622329337e-17 1.610484496053063381e-18 2.312661640410238493e-19 3.182104077388350221e-20 4.190901805717486902e-21 0.000000000000000000e+00
0.000000000000000000e+00 -3.507335781189053960e-24 2.061862222490824496e-23 -1.706021237348118542e-22 1.897231262141717131e-21 -2.350084387596631879e-20 2.810522797086873005e-19 -2.977364275812308597e-18 2.846618930937029092e-17 -2.239022496526823311e-16 1.719806034248314124e-15 -8.036430401313709234e-15 7.460546575889211680e-14 1.755901861519414931e-13 5.761346790069767078e-12 6.318680717079692710e-11 7.502004238782011095e-10 7.885508891303070249e-09 7.418148442512047917e-08 6.137557987784013768e-07 4.333657394197992190e-06 2.497308520094574142e-05 1.081156460591772974e-04 2.978341370640431884e-04 3.650383547787460240e-04 3.650384760160232944e-04 2.978347311263109909e-04 1.081162139789333741e-04 2.497385036176292820e-05 4.334551891736893302e-06 6.142099099700472572e-07 7.450849735045708687e-08 8.021004799932236735e-09 8.059824526938078574e-10 8.483266714069833081e-11 1.146888803919826652e-11 2.166256979994177640e-12 4.838973279377818860e-13 1.090459794698041664e-13 2.334794946116251865e-14 4.686472801109587387e-15 8.822415704536044154e-16 1.563556094107870125e-16 2.619848433786971715e-17 4.167034760080416550e-18 6.314723184947992928e-19 9.147121783195164589e-20 1.270101028462692544e-20 1.688370623934856336e-21 0.000000000000000000e+00
0.000000000000000000e+00 -1.505284013296828805e-24 8.077804998565910631e-24 -5.516954573529322210e-23 5.063624328927479924e-22 -5.709416854608237532e-21 6.589791639808517833e-20 -6.949099053536437811e-19 6.556000164902920884e-18 -5.257557603686158912e-17 3.823222398529810375e-16 -2.062202793962490682e-15 1.334742309419724932e-14 -9.892461973570702625e-15 5.827689882869390340e-13 5.421699463893650601e-12 6.436477015614371626e-11 6.770181178273286493e-10 6.283598697596914272e-09 5.178498386578903077e-08 3.628109103520217807e-07 2.069805617738192190e-06 8.832385392203635058e-06 2.397209306292188104e-05 2.957776268533245621e-05 2.957780220173840161e-05 2.397232727466269957e-05 8.832608103115718463e-06 2.070122525932387357e-06 3.631797092943030304e-07 5.195798835800094075e-08 6.409820543101982744e-09 7.248809883413704695e-10 8.483266714069830496e-11 1.265116379302571326e-11 2.621749340885410567e-12 6.391551752395471598e-13 1.563578759269983382e-13 3.616439266233812243e-14 7.806606177485175288e-15 1.574055115066150202e-15 2.976771716281487618e-16 5.304291452849927322e-17 8.944184712465417150e-18 1.432802305906707798e-18 2.188229205512494614e-19 3.196213870801450431e-20 4.477073062378358416e-21 6.005272357157045813e-22 0.000000000000000000e+00
0.000000000000000000e+00 -5.799885518381768988e-25 2.953055353058599988e-24 -1.754632663870917985e-23 1.319821734061840513e-22 -1.299054121054502054e-21 1.416641532484065365e-20 -1.470341995623445193e-19 1.372339136086328544e-18 -1.105716811936533714e-17 7.824199881252440080e-17 -4.419403487348002527e-16 2.402907444174374920e-15 -5.518306711327782405e-15 5.820110404410008630e-14 4.423228300088941458e-13 4.894421593435813106e-12 5.409680744511444808e-11 4.814264301296190784e-10 3.960647434814491737e-09 2.727057385908125244e-08 1.530327893340541443e-07 6.400792150814968609e-07 1.705292941322835087e-06 2.116194359218884466e-06 2.116205729472985832e-06 1.705369855485433345e-06 6.401528676312855514e-07 1.531423519904076849e-07 2.739717655688979870e-08 4.017564770839847106e-09 5.233197067950991172e-10 6.910132989264868545e-11 1.146888803919825197e-11 2.621749340885407740e-12 7.002462380285821631e-13 1.865466037007257396e-13 4.673623486534540124e-14 1.087629131048336390e-14 2.354144525955112555e-15 4.760723099513707102e-16 9.039309914670691757e-17 1.618918225847288218e-17 2.746365544530029224e-18 4.429646203550351363e-19 6.815961186052363783e-20 1.003600478873807389e-20 1.417791183811245410e-21 1.918528578136097123e-22 0.000000000000000000e+00
0.000000000000000000e+00 -2.021601489906421547e-25 9.983685535802118183e-25 -5.413326111421295392e-24 3.416776979366707056e-23 -2.841444677712307621e-22 2.842134456356267573e-21 -2.862756835028003695e-20 2.637237604893343902e-19 -2.118413689654396457e-18 1.472450038323474655e-17 -8.372784852326349044e-17 4.120075992829661144e-16 -1.156381187301339039e-15 5.291176831155323777e-15 4.114251769905885724e-14 2.864624449478005624e-13 4.266841525332733496e-12 3.304803919564132418e-11 2.800631838776279758e-10 1.867945275450705166e-09 1.029087977435635450e-08 4.205825506031372584e-08 1.097858779422617563e-07 1.369325236514998014e-07 1.369354833122339270e-07 1.098076524723681406e-07 4.207940168596361169e-08 1.032355133883441211e-08 1.905406510529278860e-09 2.965866028886086960e-10 4.525605347265521236e-11 8.493734129725200543e-12 2.166256979994174005e-12 6.391551752395467559e-13 1.865466037007256134e-13 5.085525763938564064e-14 1.280488530065594470e-14 2.984184468309004362e-15 6.470044532039343577e-16 1.312063097173384566e-16 2.501114801609806475e-17 4.501898048636336375e-18 7.682296143635260689e-19 1.247362651398437433e-19 1.933395799254512804e-20 2.869226839162294585e-21 4.087320563091199856e-22 5.579121916734970729e-23 0.000000000000000000e+00
0.000000000000000000e+00 -6.426784759712681709e-26 3.114342197029627065e-25 -1.594101334123203814e-24 8.782899531567440966e-24 -6.102407261317004106e-23 5.414290780723275939e-22 -5.193948579566657650e-21 4.694987146907544078e-20 -3.739273414783732164e-19 2.557038710289907513e-18 -1.434504097286644079e-17 6.516913923058154696e-17 -1.747504287046367029e-16 2.645076488551596573e-16 5.890496802844717180e-15 -1.062962003701289471e-15 3.821387702662854458e-13 1.872501377971885391e-12 1.893348693573735868e-11 1.174553971487847179e-10 6.390684845617877525e-10 2.547205866960281589e-09 6.506147233491644945e-09 8.153136364230697703e-09 8.153843488728604866e-09 6.511590136425473041e-09 2.552590805400829329e-09 6.476701370551754989e-10 1.272435035378927056e-10 2.323523998354680959e-11 5.049548352850887557e-12 1.463559221095416534e-12 4.838973279377809772e-13 1.563578759269982372e-13 4.673623486534536337e-14 1.280488530065594470e-14 3.227313332426113481e-15 7.528591822835750438e-16 1.635473247732250990e-16 3.326831469774382498e-17 6.368104250176475928e-18 1.152071526706698232e-18 1.977583871889871104e-19 3.232230819196479777e-20 5.046195517987811444e-21 7.547147703880938779e-22 1.084066603064011634e-22 1.492675961373951108e-23 0.000000000000000000e+00
0.000000000000000000e+00 -1.877647869178354216e-26 8.978081316716067520e-26 -4.428927497687717207e-25 2.213817290150477578e-24 -1.300877676587855897e-23 9.946484218800511416e-23 -8.875548953825649561e-22 7.801749443237971395e-21 -6.129468941925454508e-20 4.115180400847636363e-19 -2.245235692306527193e-18 9.314632765443300670e-18 -1.907766816962583767e-17 -5.595729098691467435e-17 1.213450946425396767e-15 -5.113055710618665234e-15 4.635426715054425987e-14 4.340623237228649406e-14 1.324365614725947907e-12 6.704252279981127294e-12 3.714677303001643984e-11 1.441307845253339133e-10 3.592444138665945535e-10 4.524801848396909703e-10 4.526366053444635190e-10 3.604670930021749090e-10 1.453669249221811098e-10 3.918124783440923727e-11 9.003154410263834531e-12 2.341504903005758332e-12 7.920572770594402162e-13 2.999088608163791602e-13 1.090459794698039518e-13 3.616439266233809088e-14 1.087629131048335759e-14 2.984184468309004756e-15 7.528591822835751424e-16 1.759165512743192373e-16 3.831518929771267446e-17 7.821879698323991827e-18 1.503943971706678411e-18 2.735219356652976084e-19 4.723366847761750901e-20 7.771489340474377129e-21 1.222105744399792793e-21 1.842111113314767953e-22 2.668224969194200903e-23 3.706816170358071572e-24 0.000000000000000000e+00
0.000000000000000000e+00 -5.075209773913341864e-27 2.399656443667903674e-26 -1.153705038042310441e-25 5.384761299888430238e-25 -2.746475965130042603e-24 1.780273608024035130e-23 -1.439470575434228702e-22 1.216245271454778366e-21 -9.378069167903475169e-21 6.157408201374975530e-20 -3.221300068338657135e-19 1.173592201556002880e-18 -8.495924144736235926e-19 -2.546251693505174208e-17 2.659457528153636026e-16 -1.402960763318794118e-15 7.453903535957996673e-15 -1.268889008240883901e-14 1.120821930013859499e-13 3.201393582400027530e-13 2.053692816972916876e-12 7.730570196388091582e-12 1.861025938244063779e-11 2.362915225480676293e-11 2.366136545989982074e-11 1.886045217092068461e-11 7.989649559910351694e-12 2.491843723703191777e-12 8.121480595343161960e-13 3.327568342157069739e-13 1.488641802488417812e-13 6.236251115735512720e-14 2.334794946116247763e-14 7.806606177485168977e-15 2.354144525955111372e-15 6.470044532039345549e-16 1.635473247732250990e-16 3.831518929771265597e-17 8.373383628942535144e-18 1.716481986950635366e-18 3.316460298437120465e-19 6.065216902243357717e-20 1.053883294260926151e-20 1.745789392014502520e-21 2.765644290117238332e-22 4.202063281132644113e-23 6.139163024203774455e-24 8.608842470647114999e-25 0.000000000000000000e+00
0.000000000000000000e+00 -1.276396708757743028e-27 5.968207060512528224e-27 -2.810562430716246926e-26 1.246598330560941112e-25 -5.668517997001110383e-25 3.106132821906140331e-24 -2.218701920389891619e-23 1.779081046721558985e-22 -1.340633128749042054e-21 8.569766205564033790e-21 -4.224387614731859080e-20 1.235112895172196643e-19 2.661228407455784575e-19 -6.586973249868347323e-18 5.456973089088425927e-17 -2.953311712076611399e-16 1.327235990514362139e-15 -3.625818112498629119e-15 1.299087697341562251e-14 6.651526973306418961e-15 1.112084443437004261e-13 4.031293293985514198e-13 9.012587542274595207e-13 1.167496451098279157e-12 1.173697641534043713e-12 9.483967929718884490e-13 4.532149589775901823e-13 1.980534605226011468e-13 1.036445352224899619e-13 5.729504851508712051e-14 2.859812772757290883e-14 1.238451275762478404e-14 4.686472801109581077e-15 1.574055115066149610e-15 4.760723099513704144e-16 1.312063097173383827e-16 3.326831469774381266e-17 7.821879698323985664e-18 1.716481986950634788e-18 3.535339364865304343e-19 6.867126123432283342e-20 1.263294919270428220e-20 2.209301318688973164e-21 3.685579807260710875e-22 5.883311867405209616e-23 9.013415214963956555e-24 1.328854487744605468e-24 1.882335624839839225e-25 0.000000000000000000e+00
0.000000000000000000e+00 -3.001102900390377589e-28 1.385926337248777502e-27 -6.398711267741080790e-27 2.718732456938246142e-26 -1.122424581234999580e-25 5.212183099284123587e-25 -3.210855644643398995e-24 2.415806142106570411e-23 -1.778462833159910881e-22 1.103293043931330439e-21 -4.996522216252582314e-21 9.010546932173446053e-21 1.029400927247192016e-19 -1.383002356908959909e-18 1.027079143274675706e-17 -5.494733970471983145e-17 2.331876995794049231e-16 -7.104683327051053048e-16 1.890368376793132790e-15 -1.468528114955741911e-15 6.303588177513716195e-15 2.177934135433469282e-14 3.927095121653561502e-14 5.436718959364369398e-14 5.548693876127343700e-14 4.751946066584788421e-14 3.078552724488617095e-14 2.228443414194191754e-14 1.629863633423296923e-14 1.018050531602649607e-14 5.277084535925587977e-15 2.316121271651866081e-15 8.822415704536035280e-16 2.976771716281486139e-16 9.039309914670684361e-17 2.501114801609804318e-17 6.368104250176468994e-18 1.503943971706676870e-18 3.316460298437118058e-19 6.867126123432280934e-20 1.341629569957826878e-20 2.483653827758330269e-21 4.373182567013235256e-22 7.349428985379614302e-23 1.182660399868587221e-23 1.827947823162618102e-24 2.721596740626001369e-25 3.898940555643105174e-26 0.000000000000000000e+00
0.000000000000000000e+00 -6.622817355448328900e-29 3.013371227931801039e-28 -1.361119577663030992e-27 5.540786436043345824e-27 -2.086281032948001768e-26 8.140018403084146456e-26 -4.179583628584055250e-25 2.930730436599287707e-24 -2.133594451391421806e-23 1.287624316897408313e-22 -5.122890943228059859e-22 -1.128697764639299866e-22 2.402861713228908710e-20 -2.556597637803810244e-19 1.783000356183646029e-18 -9.385867293416763817e-18 3.892453583838627949e-17 -1.218773377139911241e-16 2.942823420368936280e-16 -3.656474714002978198e-16 4.226705677571095097e-16 1.403750998800310393e-15 1.245693723509563335e-15 2.296242581227917164e-15 2.486521063128621787e-15 2.595913364761029771e-15 2.920590084931478337e-15 3.172626676403431129e-15 2.680423999181251865e-15 1.748927626780797125e-15 9.213519128128026006e-16 4.078984322057597811e-16 1.563556094107868153e-16 5.304291452849923625e-17 1.618918225847287602e-17 4.501898048636333293e-18 1.152071526706697269e-18 2.735219356652975603e-19 6.065216902243358921e-20 1.263294919270428070e-20 2.483653827758330269e-21 4.628849122585963216e-22 8.209729621052201739e-23 1.390607689557882030e-23 2.257193704987971659e-24 3.522654704030214615e-25 5.302852628957500386e-26 7.696928294756532545e-27 0.000000000000000000e+00
0.000000000000000000e+00 -1.376032418748860249e-29 6.146686320851340817e-29 -2.703054094304680685e-28 1.046400813544523397e-27 -3.540852814380470083e-27 1.101432453819459708e-26 -4.242365925377648273e-26 2.776690584309619892e-25 -2.126075200491113450e-24 1.277338576068335479e-23 -3.958245085594278056e-23 -2.155991348772497955e-22 4.593825406243613250e-21 -4.303635361110879021e-20 2.880966978750837105e-19 -1.495158445336387767e-18 6.129379952937242914e-18 -1.929279487558574877e-17 4.506882400810446646e-17 -6.219177639099925433e-17 3.706700121913797550e-17 1.252807101411730506e-16 -2.698053487720294911e-17 7.025236714052552753e-17 1.007783107172366775e-16 1.810253375554237958e-16 3.659726598774198142e-16 4.822767039035364134e-16 4.295498251303559419e-16 2.856844089062542004e-16 1.521040342566782941e-16 6.787724755720944580e-17 2.619848433786969558e-17 8.944184712465409446e-18 2.746365544530026913e-18 7.682296143635252985e-19 1.977583871889869901e-19 4.723366847761749697e-20 1.053883294260926000e-20 2.209301318688972787e-21 4.373182567013236197e-22 8.209729621052201739e-23 1.467507028299102435e-23 2.507106237966413777e-24 4.108501590709120585e-25 6.482127032226313633e-26 9.882929212125324112e-27 1.457166154419067495e-27 0.000000000000000000e+00
0.000000000000000000e+00 -2.698070467267515465e-30 1.177354699806286473e-29 -4.999369232305245228e-29 1.808893016533143500e-28 -5.232963856763218657e-28 1.027356226625221720e-27 -9.114769750200002812e-28 6.051683841104907839e-27 -1.130023647709200686e-25 8.104636520001452805e-25 -4.576747024763754772e-25 -5.657063568276352498e-23 7.795978531893831694e-22 -6.720377497149961118e-21 4.368472062093169606e-20 -2.241014140917539334e-19 9.121333636186037721e-19 -2.868556026971468853e-18 6.612514942066906051e-18 -9.339037838872906858e-18 4.034938094760044174e-18 1.476673382703114599e-17 -1.283989217087355349e-17 -1.916398351395308688e-18 2.721450567293673995e-18 1.747214310838140586e-17 5.093173872384340375e-17 7.220122531304556737e-17 6.579669754979465781e-17 4.430556415191040377e-17 2.381312096376240378e-17 1.071481972622329183e-17 4.167034760080415010e-18 1.432802305906707220e-18 4.429646203550349437e-19 1.247362651398436470e-19 3.232230819196479175e-20 7.771489340474372615e-21 1.745789392014502144e-21 3.685579807260710875e-22 7.349428985379616653e-23 1.390607689557882324e-23 2.507106237966413409e-24 4.324086436724303526e-25 7.163236546018746370e-26 1.144589505075474865e-26 1.771805854269690078e-27 2.663318119194511402e-28 0.000000000000000000e+00
0.000000000000000000e+00 -4.999907480356300103e-31 2.116583322305050250e-30 -8.563905317881541490e-30 2.796594960667764004e-29 -5.938674273179254590e-29 -4.096042213268973726e-29 1.185200684696809255e-27 -6.621686418516401900e-27 2.184264790990588177e-26 -6.297878386404855312e-26 7.185496151721853851e-25 -1.119141171854722113e-23 1.217903220623339616e-22 -9.855039529744115151e-22 6.259044368403666315e-21 -3.180296166602462099e-20 1.287694170491308623e-19 -4.039781027403471794e-19 9.246639382214167268e-19 -1.306582825252654575e-18 4.787500178721788837e-19 1.944770818921559980e-18 -2.121572256577660518e-18 -8.200301117073461134e-19 -1.506928301121368466e-19 2.075412375591918077e-18 7.112554123159905343e-18 1.039355371575188629e-17 9.607680203695705409e-18 6.539370435329285254e-18 3.548140093939515784e-18 1.610484496053063574e-18 6.314723184947989076e-19 2.188229205512493651e-19 6.815961186052361375e-20 1.933395799254511901e-20 5.046195517987810692e-21 1.222105744399792605e-21 2.765644290117238802e-22 5.883311867405209616e-23 1.182660399868587515e-23 2.257193704987971659e-24 4.108501590709121044e-25 7.163236546018742926e-26 1.201763042702893265e-26 1.949646783201772731e-27 3.074626096105907010e-28 4.734227671082183818e-29 0.000000000000000000e+00
0.000000000000000000e+00 -8.761050487733486970e-32 3.561982095196487481e-31 -1.342980809546481948e-30 3.660992215233442025e-30 -2.187005299196502746e-30 -5.575197584495554943e-29 4.724299348501240045e-28 -2.524622914415392652e-27 1.049602998824539225e-26 -4.043111206831271326e-26 2.223289737814374695e-25 -1.964768693522201025e-24 1.790894088031079020e-23 -1.369863104177598606e-22 8.522999862148396614e-22 -4.294522952254244967e-21 1.731454460713158175e-20 -5.417119020981839985e-20 1.233725386929620844e-19 -1.732569948659983035e-19 5.693261234981449580e-20 2.582968432731897764e-19 -2.918461254749388751e-19 -1.390280666155765277e-19 -4.700292439602052360e-20 2.624026977082365208e-19 9.632350022377656027e-19 1.432241438141318173e-18 1.339795362497977273e-18 9.215074122991525567e-19 5.048724353169206399e-19 2.312661640410238493e-19 9.147121783195160978e-20 3.196213870801450431e-20 1.003600478873807088e-20 2.869226839162295337e-21 7.547147703880940660e-22 1.842111113314766777e-22 4.202063281132644113e-23 9.013415214963960963e-24 1.827947823162618469e-24 3.522654704030214615e-25 6.482127032226310189e-26 1.144589505075474721e-26 1.949646783201772731e-27 3.222398302893891075e-28 5.200173316206421628e-29 8.250272901643065557e-30 0.000000000000000000e+00
0.000000000000000000e+00 -1.449924149938325295e-32 5.576758001573065705e-32 -1.880462465899285067e-31 3.378394436088375413e-31 1.398680270345235978e-30 -1.941823695169488195e-29 1.315703401048246994e-28 -6.754105968315991836e-28 2.887384574209217729e-27 -1.127948254313925916e-26 5.054367111765449653e-26 -3.253187391798365907e-25 2.521181997250957019e-24 -1.819219932177145174e-23 1.108536954987098685e-22 -5.540784928303726564e-22 2.225407300514609223e-21 -6.943716319474532918e-21 1.574705027400453320e-20 -2.193463071466528373e-20 6.559296157368311620e-21 3.337203638787908535e-20 -3.709257413822148231e-20 -1.989932307093147964e-20 -7.815201084926855320e-21 3.294272785626716958e-20 1.254615420525009302e-19 1.890945445653405355e-19 1.788986981990313830e-19 1.243478492970718085e-19 6.881051501492324689e-20 3.182104077388350823e-20 1.270101028462692394e-20 4.477073062378359169e-21 1.417791183811244658e-21 4.087320563091200327e-22 1.084066603064011869e-22 2.668224969194200315e-23 6.139163024203771516e-24 1.328854487744606019e-24 2.721596740626002747e-25 5.302852628957500386e-26 9.882929212125316937e-27 1.771805854269689361e-27 3.074626096105906113e-28 5.200173316206422749e-29 8.633611507402047105e-30 1.420431813541373816e-30 0.000000000000000000e+00
0.000000000000000000e+00 -2.266982260926652629e-33 8.025575538522506379e-33 -2.185072238415417129e-32 -6.547589805307527977e-33 6.082914241349066820e-31 -5.274584059166478768e-30 3.208286086844385197e-29 -1.592349899200575239e-28 6.784054015531820523e-28 -2.615091269084726487e-27 1.040973843506492710e-26 -5.288675991287505016e-26 3.452790879198007477e-25 -2.320689935389799928e-24 1.379148982402090901e-23 -6.831933754438719947e-23 2.733677304946230870e-22 -8.507877359599089708e-22 1.922159981522810254e-21 -2.654813462539357873e-21 7.231152250906970116e-22 4.142265694737259056e-21 -4.464589649469923117e-21 -2.633036333641236610e-21 -1.117953031060841576e-21 4.006630655986021421e-21 1.566484338311709707e-20 2.389908678107664098e-20 2.286049057635919117e-20 1.605731114501621793e-20 8.975450606167785650e-21 4.190901805717486149e-21 1.688370623934855772e-21 6.005272357157047694e-22 1.918528578136097123e-22 5.579121916734971904e-23 1.492675961373951695e-23 3.706816170358070103e-24 8.608842470647113162e-25 1.882335624839839455e-25 3.898940555643106896e-26 7.696928294756535415e-27 1.457166154419066777e-27 2.663318119194510953e-28 4.734227671082182697e-29 8.250272901643068359e-30 1.420431813541374167e-30 2.445445391475414915e-31 0.000000000000000000e+00
0.000000000000000000e+00 0.000000000000000000e+00 0.000000000000000000e+00 0.000000000000000000e+00 0.000000000000000000e+00 0.000000000000000000e+00 0.000000000000000000e+00 0.000000000000000000e+00 0.000000000000000000e+00 0.000000000000000000e+00 0.000000000000000000e+00 0.000000000000000000e+00 0.000000000000000000e+00 0.000000000000000000e+00 0.000000000000000000e+00 0.000000000000000000e+00 0.000000000000000000e+00 0.000000000000000000e+00 0.000000000000000000e+00 0.000000000000000000e+00 0.000000000000000000e+00 0.000000000000000000e+00 0.000000000000000000e+00 0.000000000000000000e+00 0.000000000000000000e+00 0.000000000000000000e+00 0.000000000000000000e+00 0.000000000000000000e+00 0.000000000000000000e+00 0.000000000000000000e+00 0.000000000000000000e+00 0.000000000000000000e+00 0.000000000000000000e+00 0.000000000000000000e+00 0.000000000000000000e+00 0.000000000000000000e+00 0.000000000000000000e+00 0.000000000000000000e+00 0.000000000000000000e+00 0.000000000000000000e+00 0.000000000000000000e+00 0.000000000000000000e+00 0.000000000000000000e+00 0.000000000000000000e+00 0.000000000000000000e+00 0.000000000000000000e+00 0.000000000000000000e+00 0.000000000000000000e+00 0.000000000000000000e+00 0.000000000000000000e+00
