0.000000000000000000e+00 0.000000000000000000e+00 0.000000000000000000e+00 0.000000000000000000e+00 0.000000000000000000e+00 0.000000000000000000e+00 0.000000000000000000e+00 0.000000000000000000e+00 0.000000000000000000e+00 0.000000000000000000e+00 0.000000000000000000e+00 0.000000000000000000e+00 0.000000000000000000e+00 0.000000000000000000e+00 0.000000000000000000e+00 0.000000000000000000e+00 0.000000000000000000e+00 0.000000000000000000e+00 0.000000000000000000e+00 0.000000000000000000e+00 0.000000000000000000e+00 0.000000000000000000e+00 0.000000000000000000e+00 0.000000000000000000e+00 0.000000000000000000e+00 0.000000000000000000e+00 0.000000000000000000e+00 0.000000000000000000e+00 0.000000000000000000e+00 0.000000000000000000e+00 0.000000000000000000e+00 0.000000000000000000e+00 0.000000000000000000e+00 0.000000000000000000e+00 0.000000000000000000e+00 0.000000000000000000e+00 0.000000000000000000e+00 0.000000000000000000e+00 0.000000000000000000e+00 0.000000000000000000e+00 0.000000000000000000e+00 0.000000000000000000e+00 0.000000000000000000e+00 0.000000000000000000e+00 0.000000000000000000e+00 0.000000000000000000e+00 0.000000000000000000e+00 0.000000000000000000e+00 0.000000000000000000e+00 0.000000000000000000e+00
0.000000000000000000e+00 -1.138794972329451910e-33 4.754877140576085635e-33 -2.151129073327650274e-32 1.010520052041151074e-31 -5.149859068846197759e-31 2.842874634196075520e-30 -1.625290898228126916e-29 9.109076816668933183e-29 -4.803722501538685742e-28 2.323239376124914165e-27 -1.013386862942580018e-26 3.934490296965014756e-26 -1.341578599488932626e-25 3.952950776337918006e-25 -9.836407368974318189e-25 1.998223524455291558e-24 -3.089400747903076829e-24 3.208617414205503331e-24 -3.874857711409001648e-25 -1.129241508716996108e-24 1.075457466030308646e-23 2.296605256706770940e-23 4.722976964968230681e-23 4.769174445802495137e-23 3.663808414526200010e-23 1.353729996049758210e-23 -1.151958971953119882e-23 -2.186991625781518436e-23 -2.154696213691533401e-23 -1.695054141539508231e-23 -1.136841141033321475e-23 -6.569396187386190824e-24 -3.298453758857115413e-24 -1.456038875346008733e-24 -5.723065376345669653e-25 -2.026774745369683086e-25 -6.533784366302117633e-26 -1.934104952991780860e-26 -5.295505698120632378e-27 -1.349199131595239337e-27 -3.214909905230560825e-28 -7.194252026207952344e-29 -1.517001711269177552e-29 -3.022101403380198041e-30 -5.698565392773183902e-31 -1.018107488767580423e-31 -1.722854420366763670e-32 -2.762759062650986934e-33 0.000000000000000000e+00
0.000000000000000000e+00 4.754877140576082214e-33 -2.087522796366416533e-32 1.039578485442259334e-31 -5.607480845978869160e-31 3.279947599648805446e-30 -1.989030278973754768e-29 1.185434487952971859e-28 -6.675126032758385837e-28 3.466252238859184258e-27 -1.634827951479784736e-26 6.923996497153891854e-26 -2.605025076160729253e-25 8.600008008355621678e-25 -2.450703001312567189e-24 5.898505961687152143e-24 -1.150899802229468172e-23 1.741001300240434550e-23 -1.506682948628904327e-23 1.333379055955306368e-23 5.082162233870578886e-23 1.934512330091806600e-22 4.789912036602230540e-22 1.025635482071388498e-21 1.543556287557642750e-21 1.722731921818049258e-21 1.661315565652023295e-21 1.156348682736375534e-21 6.541715348012434118e-22 3.351053793012205131e-22 1.663986165022604603e-22 8.199211797941711987e-23 3.937239574579347541e-23 1.783913779798025986e-23 7.451695363324707581e-24 2.842126597093663160e-24 9.891179494912577189e-25 3.152460097058761832e-25 9.248817584690045108e-26 2.511076097866369143e-26 6.339820668683412507e-27 1.494668888104824761e-27 3.301650253995162389e-28 6.850681216064624264e-29 1.337328673506812445e-29 2.457114958664178674e-30 4.244159603741411999e-31 6.866269802122193097e-32 1.033377791810948942e-32 0.000000000000000000e+00
0.000000000000000000e+00 -2.151129073327645895e-32 1.039578485442258239e-31 -5.912663942926526005e-31 3.638775381984961419e-30 -2.327485760996103561e-29 1.468216988057314967e-28 -8.788455432465257396e-28 4.875907156111385961e-27 -2.471760154927257371e-26 1.133349482419465942e-25 -4.657880573724517131e-25 1.699263630610755078e-24 -5.435144361767246272e-24 1.501312492054921178e-23 -3.484878783177197869e-23 6.662668742370228159e-23 -9.038337724386262037e-23 1.265998653878851733e-22 1.213491004002234601e-22 1.248315141801873034e-21 3.178029717401828443e-21 1.364786263689998493e-20 2.791882438500409073e-20 3.131793442234869584e-20 2.813190409170076345e-20 1.552544893284896298e-20 2.370581808223235030e-22 -5.137946155315238082e-21 -4.130832192450460874e-21 -2.137504131053431190e-21 -9.048843744902900509e-22 -3.481391240448331255e-22 -1.283332528217474641e-22 -4.597882471844110139e-23 -1.586410473918686623e-23 -5.192107804404915054e-24 -1.593967152473608755e-24 -4.564848397256000936e-25 -1.217740658833291577e-25 -3.028059921211695239e-26 -7.028855721507350075e-27 -1.525070329227509718e-27 -3.094763478693766872e-28 -5.868808839151478978e-29 -1.036878224542238021e-29 -1.694773771746409459e-30 -2.525224451600729298e-31 -3.301388141366541781e-32 0.000000000000000000e+00
0.000000000000000000e+00 1.010520052041148009e-31 -5.607480845978858650e-31 3.638775381984965623e-30 -2.450711954844888745e-29 1.631844709684328614e-28 -1.034469296534609850e-27 6.103052553624018097e-27 -3.305989530938070092e-26 1.629304455777165051e-25 -7.248918434138319433e-25 2.888554721435596234e-24 -1.020979707486679656e-23 3.165719545545939063e-23 -8.442152307031544579e-23 1.918046018498681436e-22 -3.368853282006240179e-22 6.041869355044505244e-22 1.181421848610099232e-23 6.078390486885003370e-21 1.478161417693044029e-20 1.116372338012193636e-19 2.712329870584342569e-19 5.796902537999548516e-19 8.151462986075907523e-19 8.637735467515818493e-19 7.845444734918389059e-19 4.938142089438519576e-19 2.472526376844364372e-19 1.071182544690875773e-19 4.112516778560254370e-20 1.414399492031442347e-20 4.444066488516970088e-21 1.313248934957609222e-21 3.762109266763134451e-22 1.066223672130939661e-22 2.998814952541669954e-23 8.277760861371085951e-24 2.206787032219274452e-24 5.603617983320089534e-25 1.342476837361606700e-25 3.016076868371194410e-26 6.326132198964273546e-27 1.232805541870237051e-27 2.215263648815599989e-28 3.618380793578319078e-29 5.208675956011256763e-30 6.091139450230745175e-31 3.788072114821099364e-32 0.000000000000000000e+00
0.000000000000000000e+00 -5.149859068846160975e-31 3.279947599648803344e-30 -2.327485760996102440e-29 1.631844709684327045e-28 -1.092074101557319637e-27 6.824275016632396651e-27 -3.931296408246272486e-26 2.070395480604129215e-25 -9.900591008565791150e-25 4.270674617380000320e-24 -1.648769533591885038e-23 5.649309044785557911e-23 -1.691965280540024264e-22 4.412180892716522219e-22 -9.314191378443440656e-22 1.997874117058720158e-21 -1.097001180655245762e-21 2.277973430409225241e-20 5.140808182337582845e-20 6.182340396500218468e-19 1.693644005372112411e-18 6.684315228200557469e-18 1.444619930782976613e-17 1.739159676491006315e-17 1.675368307041171016e-17 1.151157030231041504e-17 3.495092456098073888e-18 -2.549065738846030308e-19 -7.773101886064353247e-19 -4.486928987299372052e-19 -1.773274781419785909e-19 -5.683978327681805400e-20 -1.586745276732258747e-20 -4.035535175197883479e-21 -9.689060753592125421e-22 -2.259903620303983875e-22 -5.214236503096432116e-23 -1.194755386432088462e-23 -2.694739841894049046e-24 -5.889922428264518897e-25 -1.226431876832273335e-25 -2.392032760699889113e-26 -4.285708387334008584e-27 -6.841360680176919696e-28 -9.087260893176637472e-29 -7.801109963084310483e-30 4.948102671838796378e-31 4.783059810941958535e-31 0.000000000000000000e+00
0.000000000000000000e+00 2.842874634196072717e-30 -1.989030278973741876e-29 1.468216988057311379e-28 -1.034469296534608056e-27 6.824275016632392346e-27 -4.164117718598688434e-26 2.332219839866636339e-25 -1.191746618990959775e-24 5.524987233162595757e-24 -2.308835711303485787e-23 8.639916896625637688e-23 -2.859953289672922434e-22 8.368958877950286352e-22 -2.040049969515862399e-21 5.048199212471634190e-21 -4.921643398189364779e-21 6.734371612614769242e-20 1.400672747777900937e-19 2.496045974388383795e-18 7.524367248491600113e-18 4.748826061971435574e-17 1.374820167201389861e-16 2.981501500554257082e-16 3.941863974560078498e-16 4.013395325742086038e-16 3.347674243070050561e-16 1.772009145003134717e-16 7.199638638198995968e-17 2.598997330403727009e-17 8.777625807509749899e-18 2.750722385455013919e-18 7.864443275991209410e-19 2.041820879074152318e-19 4.845916167293002192e-20 1.065329760907615071e-20 2.205896351693957469e-21 4.378877084841405346e-22 8.461942333094882236e-23 1.605222504211389413e-23 2.981280915122966172e-24 5.337952007402978363e-25 8.945291953583363850e-26 1.329158858784264342e-26 1.527602601393338726e-27 5.201438847433288860e-29 -4.112082271003400081e-29 -1.761555661191005643e-29 -5.154865820532141059e-30 0.000000000000000000e+00
0.000000000000000000e+00 -1.625290898228117387e-29 1.185434487952968047e-28 -8.788455432465239459e-28 6.103052553624011640e-27 -3.931296408246270190e-26 2.332219839866633584e-25 -1.267385062190804866e-24 6.278367072918015313e-24 -2.819640670744096840e-23 1.141984048922669136e-22 -4.128550760030682773e-22 1.334340402339978582e-21 -3.662315144566174076e-21 1.021791509228064389e-20 -1.354189252322175746e-20 1.606716065474139414e-19 3.095283031895419339e-19 7.725137292488328513e-18 2.529077944187136467e-17 2.286557254358129445e-16 8.214027110127271078e-16 2.946288704924497170e-15 6.591284782174710460e-15 8.248242670510079443e-15 8.180374511281753838e-15 6.192967179020478362e-15 2.515828157413420579e-15 5.520923878593907578e-16 1.501030038097330926e-17 -4.319861814505909390e-17 -2.255321261886432125e-17 -7.746257216943620218e-18 -2.158716635399989047e-18 -5.226938146183512966e-19 -1.137392129482827138e-19 -2.272214607814412672e-20 -4.234592083155254685e-21 -7.457109866525633061e-22 -1.252152985423114854e-22 -2.008911772109847089e-23 -3.044196204287667966e-24 -4.187630490089330359e-25 -4.630435117075826713e-26 -1.894294890872586315e-27 1.032077264761024149e-27 4.622172071719747405e-28 1.348511942887818935e-28 3.380620089774241263e-29 0.000000000000000000e+00
0.000000000000000000e+00 9.109076816668861437e-29 -6.675126032758363416e-28 4.875907156111370894e-27 -3.305989530938058613e-26 2.070395480604124623e-25 -1.191746618990956102e-24 6.278367072918000620e-24 -3.012826848801370069e-23 1.311282160078818255e-22 -5.130630276655015724e-22 1.810162296367913829e-21 -5.497689326840422424e-21 1.702215809890044177e-20 -2.769351694181107205e-20 3.152415052785185695e-19 5.700282083269149950e-19 1.897701168284673177e-17 6.696291818241377702e-17 8.021601973114448558e-16 3.418117451170861356e-15 1.786652382449712717e-14 5.873458064877255122e-14 1.319038575314098550e-13 1.693018859375927435e-13 1.698362705398628436e-13 1.356762022423084070e-13 6.278785679774429722e-14 2.044670354104134143e-14 5.575764874477446325e-15 1.445286961442054121e-15 3.759301115120770527e-16 9.660984669332123784e-17 2.365229149974306439e-17 5.389127593455807312e-18 1.134325208407818569e-18 2.209354695358586539e-19 4.003694241174633130e-20 6.791825246382392479e-21 1.083527124554190277e-21 1.625592138305726703e-22 2.268416207060875919e-23 2.832341183330542649e-24 2.767506750894553474e-25 6.514478218772613910e-27 -6.823780709183410851e-27 -2.673162132914529626e-27 -7.303943642712910139e-28 -1.749237263650845119e-28 0.000000000000000000e+00
0.000000000000000000e+00 -4.803722501538674980e-28 3.466252238859161299e-27 -2.471760154927249910e-26 1.629304455777157015e-25 -9.900591008565728702e-25 5.524987233162576655e-24 -2.819640670744078620e-23 1.311282160078811202e-22 -5.513398896240656361e-22 2.104717433517363121e-21 -6.984668114687782460e-21 2.372949770216670512e-20 -4.489724761542266321e-20 5.161352012410101369e-19 8.942637474810210554e-19 3.793461928997061930e-17 1.436731169063113994e-16 2.153887199908970669e-15 1.057108885288274444e-14 7.355673455212953987e-14 3.202278623633639069e-13 1.134149433541264896e-12 2.611872954471594547e-12 3.303188784923673170e-12 3.299835632334024136e-12 2.580865906934921650e-12 1.101112836778929901e-12 2.987476938714832625e-13 5.459758940870878525e-14 5.416767861484209697e-15 -6.081242782634370306e-16 -4.932871842275109057e-16 -1.643285216452954336e-16 -4.210303864086115311e-17 -9.282833307980442184e-18 -1.836389763017772744e-18 -3.327520980527511057e-19 -5.588695717268432059e-20 -8.760208351528658118e-21 -1.283990600231306366e-21 -1.748536467501907496e-22 -2.156934763746628625e-23 -2.218136315478389570e-24 -1.250369348762382564e-25 2.238728783681300994e-26 1.132196646814365197e-26 3.191878865272519814e-27 7.624325674831517635e-28 0.000000000000000000e+00
0.000000000000000000e+00 2.323239376124896588e-27 -1.634827951479771822e-26 1.133349482419456300e-25 -7.248918434138260658e-25 4.270674617379960647e-24 -2.308835711303451698e-23 1.141984048922650093e-22 -5.130630276654908519e-22 2.104717433517334909e-21 -7.559594569334855327e-21 2.795310801067619842e-20 -5.944083091348920643e-20 7.127835503667716458e-19 1.216586829806554129e-18 6.283250646099212218e-17 2.550026269019123078e-16 4.580984227553761038e-15 2.536826175423265433e-14 2.206719361448676410e-13 1.191391074965353381e-12 5.881862296426057774e-12 2.080295239172203536e-11 4.851577401532461386e-11 6.153828258523491540e-11 6.155334173327314314e-11 4.873584402024204295e-11 2.103463755655916494e-11 6.036439701042415495e-12 1.335596374514333920e-12 2.554534709851444232e-13 4.691842120921827261e-14 8.956510655730933219e-15 1.805052616348228701e-15 3.695126037387264753e-16 7.346258036299919552e-17 1.381189845241338763e-17 2.430160232345586965e-18 3.992685111974685788e-19 6.129420251854567924e-20 8.790875585377867562e-21 1.172268538441869272e-21 1.428791976875444296e-22 1.509729047077051154e-23 1.123901306320563921e-24 -3.238813496389641114e-26 -4.011173939297605165e-26 -1.215424350096983540e-26 -2.928148692815634247e-27 0.000000000000000000e+00
0.000000000000000000e+00 -1.013386862942571982e-26 6.923996497153806906e-26 -4.657880573724462948e-25 2.888554721435550684e-24 -1.648769533591853594e-23 8.639916896625387308e-23 -4.128550760030535602e-22 1.810162296367824679e-21 -6.984668114687370190e-21 2.795310801067515120e-20 -6.517672972495631368e-20 8.361653884039194602e-19 1.454884937679756279e-18 8.734909986545472514e-17 3.801155597012995070e-16 7.908289489457770006e-15 4.869286140782394248e-14 5.061200814037775557e-13 3.243612846620777547e-12 2.056033546568163453e-11 9.889633318326724001e-11 3.609994842799710980e-10 8.587483078752064532e-10 1.083876781320408054e-09 1.083849389299401293e-09 8.574095793895914037e-10 3.596136641164578357e-10 9.794207608831363714e-11 1.961795118515415891e-11 3.050402619425026338e-12 3.600719078914234916e-13 2.428859412927435738e-14 -2.449910688235012353e-15 -1.416336090959755955e-15 -3.720652099488000418e-16 -7.721305317310086161e-17 -1.399333315559499137e-17 -2.292464619369380552e-18 -3.443074044562516975e-19 -4.761043516675288630e-20 -6.034462990936155549e-21 -6.873290634784506124e-22 -6.603934043697196842e-23 -4.046006184005814106e-24 2.945978645737280918e-25 1.835020490242323174e-25 4.942135940875480385e-26 1.107967568266269107e-26 0.000000000000000000e+00
0.000000000000000000e+00 3.934490296964952767e-26 -2.605025076160681958e-25 1.699263630610716140e-24 -1.020979707486651298e-23 5.649309044785322812e-23 -2.859953289672763037e-22 1.334340402339861596e-21 -5.497689326839831103e-21 2.372949770216365372e-20 -5.944083091347957678e-20 8.361653884039021269e-19 1.542728332934879985e-18 1.027764261126934156e-16 4.809434580155698561e-16 1.127437381745299408e-14 7.640464054195228134e-14 9.177358440036311343e-13 6.771290441486600364e-12 5.211390859579642568e-11 3.155273006146062202e-10 1.582625473278019602e-09 5.884557041066023061e-09 1.423234229153757630e-08 1.791804417064240672e-08 1.791777522772438414e-08 1.423925016681550865e-08 5.891538996045512739e-09 1.587624601913942249e-09 3.207632639141528789e-10 5.296091115288262246e-11 7.625374374485815112e-12 1.021076956946382463e-12 1.366765357137648845e-13 1.945202942124750698e-14 2.981921301201830288e-15 4.733345522695703875e-16 7.380266499633635695e-17 1.086434544924568793e-17 1.468971055072975509e-18 1.773199862500396828e-19 1.809872311107306836e-20 1.304854460258814570e-21 -1.109669497298494681e-23 -2.935413318742875934e-23 -7.891232168026085055e-24 -1.614187321694823721e-24 -2.967905397487882390e-25 -5.240587415765196343e-26 0.000000000000000000e+00
0.000000000000000000e+00 -1.341578599488900943e-25 8.600008008355373722e-25 -5.435144361767036152e-24 3.165719545545768616e-23 -1.691965280539888377e-22 8.368958877949257559e-22 -3.662315144565553415e-21 1.702215809889650565e-20 -4.489724761540918170e-20 7.127835503667192605e-19 1.454884937679794605e-18 1.027764261126933540e-16 5.198101801240593494e-16 1.342390269976368782e-14 9.950832968851482062e-14 1.347100504211757172e-12 1.119840941211959850e-11 1.006079151453369718e-10 7.281889612174273281e-10 4.617618809232389934e-09 2.344998780445919598e-08 8.912719268939567839e-08 2.193968034696799438e-07 2.750987265602169563e-07 2.751021515529952427e-07 2.193670023016092838e-07 8.909809678164651582e-08 2.342810338824061474e-08 4.593248195211794589e-09 7.255369280893113564e-10 9.633627467323582015e-11 1.093140280774851750e-11 1.041856895603047130e-12 7.502840626001336941e-14 1.795810000617755680e-15 -6.633021299185897138e-16 -1.663337184583646353e-16 -2.494492993303612578e-17 -2.495183495308731234e-18 -5.625149114275194883e-20 4.886216224925005230e-20 1.585167031242439967e-20 3.459937113393584101e-21 6.348806606325054056e-22 1.049235011221090784e-22 1.616433753988247755e-23 2.375083143925519943e-24 3.392204518796806683e-25 0.000000000000000000e+00
0.000000000000000000e+00 3.952950776337778875e-25 -2.450703001312438619e-24 1.501312492054817441e-23 -8.442152307030617114e-23 4.412180892715829148e-22 -2.040049969515347815e-21 1.021791509227750824e-20 -2.769351694179642897e-20 5.161352012409522627e-19 1.216586829806674307e-18 8.734909986545531678e-17 4.809434580155689686e-16 1.342390269976367835e-14 1.085576768252872790e-13 1.625713114252775247e-12 1.500675442585926433e-11 1.530659896410592870e-10 1.278281091980128681e-09 9.694271757328215149e-09 6.176369898465232189e-08 3.200482843374200540e-07 1.239426823693909658e-06 3.100692054981859410e-06 3.871110341686002891e-06 3.871087532940826776e-06 3.100797366158056771e-06 1.239524407430963028e-06 3.201265502202125527e-07 6.185672032778001827e-08 9.698137177783603901e-09 1.296336769680974198e-09 1.528632564666005070e-10 1.635231721405460997e-11 1.630045937498851301e-12 1.550377853172991446e-13 1.406955642682985324e-14 1.111698735406904050e-15 3.927899224816775176e-17 -1.286496855485647184e-17 -4.779995715272025039e-18 -1.125208547819203172e-18 -2.208932335436623442e-19 -3.872849762645064023e-20 -6.243161983158005232e-21 -9.407241612397295498e-22 -1.340234022194031115e-22 -1.822124086797281594e-23 -2.377254002238037224e-24 0.000000000000000000e+00
0.000000000000000000e+00 -9.836407368973706565e-25 5.898505961686631252e-24 -3.484878783176707688e-23 1.918046018498295874e-22 -9.314191378440216980e-22 5.048199212469695471e-21 -1.354189252320963915e-20 3.152415052784795694e-19 8.942637474812082558e-19 6.283250646099333013e-17 3.801155597013036978e-16 1.127437381745298303e-14 9.950832968851522452e-14 1.625713114252772419e-12 1.651941466954253743e-11 1.877150097420245981e-10 1.766582509087162486e-09 1.543392705218313991e-08 1.166657543002173169e-07 7.540306709212664694e-07 3.955974020717698743e-06 1.556376701208454929e-05 3.949649354944054328e-05 4.905560919871729351e-05 4.905571607328894541e-05 3.949619769035056960e-05 1.556351519993415697e-05 3.955753241367921882e-06 7.537487704552415315e-07 1.166796245437805234e-07 1.537044032746816779e-08 1.773186908343629390e-09 1.825579926312735781e-10 1.701492512757380165e-11 1.462421007021845661e-12 1.218973791170874452e-13 1.139988701247833323e-14 1.482109348571078514e-15 2.631132442887210082e-16 5.134535157510487305e-17 9.700559684583287104e-18 1.714493159743955204e-18 2.828072686341674995e-19 4.376630194636792231e-20 6.394468708019344727e-21 8.871920315949976603e-22 1.174973469575284128e-22 1.486400009730491468e-23 0.000000000000000000e+00
0.000000000000000000e+00 1.998223524455072990e-24 -1.150899802229265105e-23 6.662668742368457864e-23 -3.368853282004782566e-22 1.997874117057687980e-21 -4.921643398182843701e-21 1.606716065473874598e-19 5.700282083270282396e-19 3.793461928997130956e-17 2.550026269019149209e-16 7.908289489457757384e-15 7.640464054195276097e-14 1.347100504211752527e-12 1.500675442585928695e-11 1.877150097420245206e-10 1.963013756841104801e-09 1.929718859164412047e-08 1.669756108807967266e-07 1.271038448994112291e-06 8.232390157773634076e-06 4.345869542487812057e-05 1.726611077217767357e-04 4.426773886668800831e-04 5.464578797220769535e-04 5.464575098521716337e-04 4.426780197544305734e-04 1.726615661141959730e-04 4.345915774128546584e-05 8.233032829314703408e-06 1.270919669236499928e-06 1.671573948108980907e-07 1.925696864881395775e-08 1.980088100288233719e-09 1.840684470762438535e-10 1.552979840838911735e-11 1.162331113089260761e-12 6.708756379272474408e-14 2.319611475502365527e-17 -1.020373015006730662e-15 -2.681259304352905618e-16 -5.357402795094263882e-17 -9.480228959844095190e-18 -1.547166326495840871e-18 -2.366175454958939386e-19 -3.420253149552944387e-20 -4.699806725373882982e-21 -6.166436915338228553e-22 -7.720520110455860861e-23 0.000000000000000000e+00
0.000000000000000000e+00 -3.089400747902397981e-24 1.741001300239804779e-23 -9.038337724381275590e-23 6.041869355040137107e-22 -1.097001180652905306e-21 6.734371612613360906e-20 3.095283031895750599e-19 1.897701168284696596e-17 1.436731169063124595e-16 4.580984227553760249e-15 4.869286140782430852e-14 9.177358440036274992e-13 1.119840941211962758e-11 1.530659896410592353e-10 1.766582509087163106e-09 1.929718859164413040e-08 1.874154963482121347e-07 1.624501222973431922e-06 1.226667645508972667e-05 7.880575894179183295e-05 4.133798457784765117e-04 1.640995986495226129e-03 4.217866866953273730e-03 5.167644747479533882e-03 5.167645679575171534e-03 4.217865919315641303e-03 1.640995523527773777e-03 4.133792141786683046e-04 7.880476880284427573e-05 1.226710379766341478e-05 1.624089728048306976e-06 1.875681343121919513e-07 1.924927142159349662e-08 1.782949772301557820e-09 1.515030815562168540e-10 1.211699599633706035e-11 9.662861422708838446e-13 8.694243857617424492e-14 1.017645435537011848e-14 1.526016161431002158e-15 2.534415956531693266e-16 4.200781513566607633e-17 6.679844328063552852e-18 1.009090269867179394e-18 1.448198541619919627e-19 1.979959875956431136e-20 2.587001549718572863e-21 3.226119566023758057e-22 0.000000000000000000e+00
0.000000000000000000e+00 3.208617414203868659e-24 -1.506682948627535170e-23 1.265998653877595364e-22 1.181421848667505674e-23 2.277973430408700726e-20 1.400672747777873733e-19 7.725137292488333136e-18 6.696291818241394958e-17 2.153887199908963174e-15 2.536826175423292570e-14 5.061200814037754352e-13 6.771290441486617328e-12 1.006079151453369459e-10 1.278281091980128061e-09 1.543392705218315645e-08 1.669756108807966472e-07 1.624501222973432346e-06 1.390669689571276514e-05 1.029696043178456120e-04 6.439640376689311418e-04 3.285412135968164820e-03 1.277254386573607216e-02 3.240039352540331069e-02 3.930899884628534513e-02 3.930899724522361749e-02 3.240039440734844567e-02 1.277254379464349589e-02 3.285412486646297620e-03 6.439647839255086166e-04 1.029687177430909615e-04 1.390740075457257565e-05 1.624101924362469786e-06 1.670848568604439908e-07 1.538183173705970908e-08 1.282477544027591932e-09 9.733457685446699386e-11 6.624965942562040679e-12 3.683822950670052783e-13 7.512685140172834981e-15 -2.605967617474699709e-15 -6.997925403146005038e-16 -1.310535166655116140e-16 -2.156755407916661998e-17 -3.286535081588575118e-18 -4.720927110795391227e-19 -6.445220027907413804e-20 -8.403915527906415564e-21 -1.045767220099492758e-21 0.000000000000000000e+00
0.000000000000000000e+00 -3.874857711378487927e-25 1.333379055953386785e-23 1.213491004003538695e-22 6.078390486884541448e-21 5.140808182337398678e-20 2.496045974388403054e-18 2.529077944187143862e-17 8.021601973114378546e-16 1.057108885288290063e-14 2.206719361448660255e-13 3.243612846620790471e-12 5.211390859579636752e-11 7.281889612174275349e-10 9.694271757328221766e-09 1.166657543002173169e-07 1.271038448994112714e-06 1.226667645508972836e-05 1.029696043178455849e-04 7.347173997454748600e-04 4.348314638481571258e-03 2.075366977707892094e-02 7.586979802719476251e-02 1.834150470174131797e-01 2.193504611586629682e-01 2.193504627149797936e-01 1.834150465316505552e-01 7.586979877401373029e-02 2.075367011208012827e-02 4.348314939477781853e-03 7.347182905347242983e-04 1.029687706271760256e-04 1.226738545765069975e-05 1.270852817690420184e-06 1.167839490916615073e-07 9.685173910570221309e-09 7.366061781410574106e-10 5.237864250828520185e-11 3.607337493669221676e-12 2.605025434244672755e-13 2.266597241724334977e-14 2.603954706338992760e-15 3.641658880735797386e-16 5.418732291883115335e-17 7.967325369359281396e-18 1.128224143919865330e-18 1.529352360852432525e-19 1.984863111351096573e-20 2.461051754665731678e-21 0.000000000000000000e+00
0.000000000000000000e+00 -1.129241508718564475e-24 5.082162233871348835e-23 1.248315141801991148e-21 1.478161417692895673e-20 6.182340396500343653e-19 7.524367248491650958e-18 2.286557254358098384e-16 3.418117451170919337e-15 7.355673455212869421e-14 1.191391074965361660e-12 2.056033546568156345e-11 3.155273006146064787e-10 4.617618809232387452e-09 6.176369898465230865e-08 7.540306709212664694e-07 8.232390157773637464e-06 7.880575894179181939e-05 6.439640376689315755e-04 4.348314638481569523e-03 2.339715469423028771e-02 9.728151248108793392e-02 3.054671008302236035e-01 6.408535903796644950e-01 7.459258604543905768e-01 7.459258602258015403e-01 6.408535909698070965e-01 3.054671004933512957e-01 9.728151214837967020e-02 2.339715399918636252e-02 4.348314789703768349e-03 6.439645459398989904e-04 7.880499282037526862e-05 8.232581675015850824e-06 7.538556572422246063e-07 6.177721302651235919e-08 4.603327344957071111e-09 3.153551072234927598e-10 1.992160711171687556e-11 1.139337958068366444e-12 5.328741987631788448e-14 8.122920003294399166e-16 -3.038892098266905506e-16 -6.925109857088851817e-17 -1.131751046559017422e-17 -1.645783857357502097e-18 -2.237550885224807377e-19 -2.891065086208192541e-20 -3.561067011142821272e-21 0.000000000000000000e+00
0.000000000000000000e+00 1.075457466030023882e-23 1.934512330092298427e-22 3.178029717401380062e-21 1.116372338012218432e-19 1.693644005372129167e-18 4.748826061971359154e-17 8.214027110127416031e-16 1.786652382449690629e-14 3.202278623633662798e-13 5.881862296426029501e-12 9.889633318326742096e-11 1.582625473278017534e-09 2.344998780445920590e-08 3.200482843374197893e-07 3.955974020717701284e-06 4.345869542487810702e-05 4.133798457784766201e-04 3.285412135968163953e-03 2.075366977707891747e-02 9.728151248108789229e-02 3.132416741399743909e-01 6.845558927705085450e-01 8.926456825842060683e-01 9.465455637943538392e-01 9.465455629163830320e-01 8.926456818083540190e-01 6.845558922041139471e-01 3.132416735947354258e-01 9.728151192416380211e-02 2.075366890931839084e-02 3.285412375529333032e-03 4.133801121903023798e-04 4.345866599370149501e-05 3.956083590359635040e-06 3.200383911469881543e-07 2.346086078148779326e-08 1.582190420909101378e-09 9.939853864611013984e-11 5.887982128780145257e-12 3.342679537185075201e-13 1.877024497389198745e-14 1.115725317274862986e-15 7.844330415559223822e-17 7.030200729037174480e-18 7.596787369993408460e-19 8.852704088228110515e-20 1.034767916835791017e-20 1.173720452586352153e-21 0.000000000000000000e+00
0.000000000000000000e+00 2.296605256707470653e-23 4.789912036601822408e-22 1.364786263689995785e-20 2.712329870584413347e-19 6.684315228200402624e-18 1.374820167201416239e-16 2.946288704924454177e-15 5.873458064877308133e-14 1.134149433541257625e-12 2.080295239172208059e-11 3.609994842799705293e-10 5.884557041066025543e-09 8.912719268939567839e-08 1.239426823693910081e-06 1.556376701208454590e-05 1.726611077217767899e-04 1.640995986495226129e-03 1.277254386573607563e-02 7.586979802719481802e-02 3.054671008302235480e-01 6.845558927705085450e-01 9.010929324484727720e-01 9.750714751027937943e-01 9.911607101980340895e-01 9.911607102941348835e-01 9.750714741509797223e-01 9.010929322049801016e-01 6.845558926923667187e-01 3.054671010813153620e-01 7.586979760939412121e-02 1.277254319483150588e-02 1.640996572477198493e-03 1.726609555469795854e-04 1.556389851292252547e-05 1.239425638559003186e-06 8.913767342911613450e-08 5.885755690926075620e-09 3.615063388199760955e-10 2.089813085763852386e-11 1.153732438523640416e-12 6.258708747793449905e-14 3.574159629441049992e-15 2.456143818291145361e-16 2.271811531302046911e-17 2.659128000853697506e-18 3.414606642145943734e-19 4.413311939901298728e-20 5.537151168794432559e-21 0.000000000000000000e+00
0.000000000000000000e+00 4.722976964968590382e-23 1.025635482071294647e-21 2.791882438500556527e-20 5.796902537999374219e-19 1.444619930782999108e-17 2.981501500554225034e-16 6.591284782174751480e-15 1.319038575314092492e-13 2.611872954471599798e-12 4.851577401532457508e-11 8.587483078752061430e-10 1.423234229153758127e-08 2.193968034696799703e-07 3.100692054981858986e-06 3.949649354944055005e-05 4.426773886668800831e-04 4.217866866953271995e-03 3.240039352540330375e-02 1.834150470174130132e-01 6.408535903796642730e-01 8.926456825842064013e-01 9.750714751027941274e-01 9.950570152426033710e-01 9.987174664252044254e-01 9.987174664488727149e-01 9.950570168044894359e-01 9.750714752041464983e-01 8.926456833757621112e-01 6.408535915101666314e-01 1.834150472746625682e-01 3.240039351202117501e-02 4.217865836168669356e-03 4.426774280014037855e-04 3.949622325966051071e-05 3.100694646685452597e-06 2.193716266178365326e-07 1.423153665670620471e-08 8.575114510266729150e-10 4.842092521875141244e-11 2.571599852471697240e-12 1.272762695698323222e-13 5.565893778545559316e-15 1.600662395647001847e-16 -7.620817385152404996e-18 -2.404019296046954960e-18 -3.765929578702618415e-19 -5.032935601976612416e-20 -6.226265138733310130e-21 0.000000000000000000e+00
0.000000000000000000e+00 4.769174445801046928e-23 1.543556287557776474e-21 3.131793442234741991e-20 8.151462986076031746e-19 1.739159676490991832e-17 3.941863974560097234e-16 8.248242670510062088e-15 1.693018859375928950e-13 3.303188784923670343e-12 6.153828258523495418e-11 1.083876781320407227e-09 1.791804417064240672e-08 2.750987265602167975e-07 3.871110341686000350e-06 4.905560919871727996e-05 5.464578797220768450e-04 5.167644747479526943e-03 3.930899884628533125e-02 2.193504611586628017e-01 7.459258604543895776e-01 9.465455637943537281e-01 9.911607101980333123e-01 9.987174664252039813e-01 9.997780566279924619e-01 9.997780580657266158e-01 9.987174670970536683e-01 9.911607113485438880e-01 9.465455648582994375e-01 7.459258616460440194e-01 2.193504626913695965e-01 3.930899874620185502e-02 5.167645097635864895e-03 5.464578399340229171e-04 4.905562541896697846e-05 3.871104959286843443e-06 2.750979249023947113e-07 1.791739906512614551e-08 1.083760435852220365e-09 6.149183243466851948e-11 3.296023620996096866e-12 1.672664639945328618e-13 7.944904281462060012e-15 3.313117050332294268e-16 8.088840525470299411e-18 -7.117535224506007148e-19 -1.852750581676251936e-19 -2.907193328037667316e-20 -3.976298759623063753e-21 0.000000000000000000e+00
0.000000000000000000e+00 3.663808414526885911e-23 1.722731921817968760e-21 2.813190409170175651e-20 8.637735467515740492e-19 1.675368307041171324e-17 4.013395325742098364e-16 8.180374511281723861e-15 1.698362705398633485e-13 3.299835632334016866e-12 6.155334173327328531e-11 1.083849389299398811e-09 1.791777522772439075e-08 2.751021515529953485e-07 3.871087532940824235e-06 4.905571607328892508e-05 5.464575098521717422e-04 5.167645679575168932e-03 3.930899724522363137e-02 2.193504627149797936e-01 7.459258602258013182e-01 9.465455629163807005e-01 9.911607102941354386e-01 9.987174664488727149e-01 9.997780580657267269e-01 9.997780568808094515e-01 9.987174691418783112e-01 9.911607117903967756e-01 9.465455645393486828e-01 7.459258621619258012e-01 2.193504636281067566e-01 3.930899946519530314e-02 5.167645473872023443e-03 5.464579947490451556e-04 4.905567904824141421e-05 3.871121211818886946e-06 2.751023357837817892e-07 1.791848731527363213e-08 1.084007021791022034e-09 6.154353361843842378e-11 3.306114005153849601e-12 1.691088196725635623e-13 8.261004474249091897e-15 3.824802281729467816e-16 1.593213936838148550e-17 4.305235640944671413e-19 -2.672736431021626167e-20 -8.042698542146056932e-21 -1.314523691544548375e-21 0.000000000000000000e+00
0.000000000000000000e+00 1.353729996051234043e-23 1.661315565651846313e-21 1.552544893285098821e-20 7.845444734918232096e-19 1.151157030231048591e-17 3.347674243070053520e-16 6.192967179020464162e-15 1.356762022423086090e-13 2.580865906934918015e-12 4.873584402024204941e-11 8.574095793895902664e-10 1.423925016681551196e-08 2.193670023016093103e-07 3.100797366158055077e-06 3.949619769035054250e-05 4.426780197544305192e-04 4.217865919315639568e-03 3.240039440734845261e-02 1.834150465316505274e-01 6.408535909698068744e-01 8.926456818083527978e-01 9.750714741509781680e-01 9.950570168044902131e-01 9.987174670970535573e-01 9.987174691418785333e-01 9.950570171237226313e-01 9.750714757275865674e-01 8.926456830869107240e-01 6.408535917685262984e-01 1.834150488289679748e-01 3.240039537542242776e-02 4.217867147037740634e-03 4.426780940643985831e-04 3.949649118252119965e-05 3.100784526937213167e-06 2.193976346238002854e-07 1.423818305568311078e-08 8.590379074138638195e-10 4.874025303806532845e-11 2.633099393540166747e-12 1.382751394049228231e-13 7.405714487181583170e-15 4.496461716863115896e-16 3.548671641317551871e-17 3.692002150556979430e-18 4.454882834855777342e-19 5.573218799330350924e-20 6.855427200386838358e-21 0.000000000000000000e+00
0.000000000000000000e+00 -1.151958971952672606e-23 1.156348682736342432e-21 2.370581808227968980e-22 4.938142089438527279e-19 3.495092456098005325e-18 1.772009145003150248e-16 2.515828157413404408e-15 6.278785679774441082e-14 1.101112836778929295e-12 2.103463755655916817e-11 3.596136641164573187e-10 5.891538996045515220e-09 8.909809678164647612e-08 1.239524407430963240e-06 1.556351519993414681e-05 1.726615661141959459e-04 1.640995523527773777e-03 1.277254379464349589e-02 7.586979877401371641e-02 3.054671004933512402e-01 6.845558922041135030e-01 9.010929322049793244e-01 9.750714752041459432e-01 9.911607113485451093e-01 9.911607117903969977e-01 9.750714757275865674e-01 9.010929351054506320e-01 6.845558947711071207e-01 3.054671029493468692e-01 7.586979989742376196e-02 1.277254528252673438e-02 1.640997928839423286e-03 1.726616286373308087e-04 1.556416884615255980e-05 1.239517162193072002e-06 8.916456157277961412e-08 5.892758204523503429e-09 3.631494793749677417e-10 2.124998144007466783e-11 1.223194572519090843e-12 7.533629486509203917e-14 5.764914559181105583e-15 6.001333585251176845e-16 7.701919784407964393e-17 1.056575532122439486e-17 1.440052195907417299e-18 1.902587153089252852e-19 2.412440270729417295e-20 0.000000000000000000e+00
0.000000000000000000e+00 -2.186991625781766466e-23 6.541715348013037852e-22 -5.137946155315610479e-21 2.472526376844447187e-19 -2.549065738847216681e-19 7.199638638199152507e-17 5.520923878593734029e-16 2.044670354104150551e-14 2.987476938714820508e-13 6.036439701042425996e-12 9.794207608831354666e-11 1.587624601913942249e-09 2.342810338824060151e-08 3.201265502202124468e-07 3.955753241367921035e-06 4.345915774128547939e-05 4.133792141786681420e-04 3.285412486646297620e-03 2.075367011208012827e-02 9.728151214837962857e-02 3.132416735947353703e-01 6.845558926923667187e-01 8.926456833757623333e-01 9.465455648583003256e-01 9.465455645393483497e-01 8.926456830869109460e-01 6.845558947711071207e-01 3.132416750090223356e-01 9.728151311570520932e-02 2.075367102150094470e-02 3.285414699907169504e-03 4.133817806451114247e-04 4.345954978107569131e-05 3.956456352771489680e-06 3.201697222481366988e-07 2.350078017443854003e-08 1.592903422614052744e-09 1.019811088850275753e-10 6.454769742615449113e-12 4.487262816577901176e-13 4.022416815352102084e-14 4.875219636639643085e-15 6.981034122488243417e-16 1.035975578006973275e-16 1.505198589841241586e-17 2.105321440966693651e-18 2.825751667326267969e-19 3.627522305605590983e-20 0.000000000000000000e+00
0.000000000000000000e+00 -2.154696213692009182e-23 3.351053793012777362e-22 -4.130832192450901731e-21 1.071182544690944384e-19 -7.773101886065010952e-19 2.598997330403822227e-17 1.501030038096474580e-17 5.575764874477533099e-15 5.459758940870810367e-14 1.335596374514338767e-12 1.961795118515412983e-11 3.207632639141527238e-10 4.593248195211797071e-09 6.185672032777995209e-08 7.537487704552417432e-07 8.233032829314705103e-06 7.880476880284420797e-05 6.439647839255090503e-04 4.348314939477782720e-03 2.339715399918636252e-02 9.728151192416378823e-02 3.054671010813153620e-01 6.408535915101665204e-01 7.459258616460442415e-01 7.459258621619251350e-01 6.408535917685261873e-01 3.054671029493467582e-01 9.728151311570522319e-02 2.339715479435288889e-02 4.348316943661591216e-03 6.439671379423899961e-04 7.880689217694530880e-05 8.233590111523045866e-06 7.542793942324077623e-07 6.192563284515507183e-08 4.648156048423271109e-09 3.273122219236621719e-10 2.278808921887316453e-11 1.765382109525149439e-12 1.791952327154308129e-13 2.433418916525253455e-14 3.807513805992270585e-15 6.071937361650483872e-16 9.398429090865302536e-17 1.393273640047648671e-17 1.975007793813192887e-18 2.681188516854954695e-19 3.478734026960309427e-20 0.000000000000000000e+00
0.000000000000000000e+00 -1.695054141539781828e-23 1.663986165022920576e-22 -2.137504131053664032e-21 4.112516778560590806e-20 -4.486928987299630126e-19 8.777625807510113515e-18 -4.319861814506218155e-17 1.445286961442086859e-15 5.416767861483965150e-15 2.554534709851460893e-13 3.050402619425021087e-12 5.296091115288256430e-11 7.255369280893121836e-10 9.698137177783590666e-09 1.166796245437805499e-07 1.270919669236499928e-06 1.226710379766340293e-05 1.029687177430910428e-04 7.347182905347240814e-04 4.348314789703771818e-03 2.075366890931838737e-02 7.586979760939413509e-02 1.834150472746625682e-01 2.193504626913696520e-01 2.193504636281067011e-01 1.834150488289680025e-01 7.586979989742373420e-02 2.075367102150094817e-02 4.348316943661592084e-03 7.347207878135186441e-04 1.029707620583824467e-04 1.226855569170545482e-05 1.271400660482636913e-06 1.169980899095178317e-07 9.757268204946909398e-09 7.579799558127531440e-10 5.805253582410341554e-11 4.973716564402792856e-12 5.621683568775710629e-13 8.425740179377193023e-14 1.431843090579426940e-14 2.452654984466988396e-15 4.050783820505345801e-16 6.378401850494895272e-17 9.568945768525143026e-18 1.370756802425239992e-18 1.880003931887078404e-19 2.463912745612411343e-20 0.000000000000000000e+00
0.000000000000000000e+00 -1.136841141033444608e-23 8.199211797942860445e-23 -9.048843744903972560e-22 1.414399492031552486e-20 -1.773274781419879798e-19 2.750722385455117919e-18 -2.255321261886525186e-17 3.759301115120855823e-16 -6.081242782634994492e-16 4.691842120921865758e-14 3.600719078914224818e-13 7.625374374485794109e-12 9.633627467323603987e-11 1.296336769680971923e-09 1.537044032746817110e-08 1.671573948108980377e-07 1.624089728048306764e-06 1.390740075457258243e-05 1.029687706271759849e-04 6.439645459398995325e-04 3.285412375529333465e-03 1.277254319483150415e-02 3.240039351202117501e-02 3.930899874620186196e-02 3.930899946519526844e-02 3.240039537542242082e-02 1.277254528252673264e-02 3.285414699907170805e-03 6.439671379423905382e-04 1.029707620583825281e-04 1.390884078436132928e-05 1.624919758405202129e-06 1.674659054538054702e-07 1.553117060457219454e-08 1.332893388883194442e-09 1.122942155120117881e-10 1.059157015200071802e-11 1.321008358310322429e-12 2.170408307136795495e-13 3.998956204506635361e-14 7.365584204707697157e-15 1.300634530813626373e-15 2.180116281458047216e-16 3.468943953008787105e-17 5.253748832993648910e-18 7.597395108486814910e-19 1.052053729642988394e-19 1.392179789783142496e-20 0.000000000000000000e+00
0.000000000000000000e+00 -6.569396187386637512e-24 3.937239574579666100e-23 -3.481391240448723400e-22 4.444066488517239417e-21 -5.683978327682105123e-20 7.864443275991422225e-19 -7.746257216943863656e-18 9.660984669332290184e-17 -4.932871842275248094e-16 8.956510655731013683e-15 2.428859412927404815e-14 1.021076956946381251e-12 1.093140280774853689e-11 1.528632564666003519e-10 1.773186908343628563e-09 1.925696864881395113e-08 1.875681343121920042e-07 1.624101924362469997e-06 1.226738545765068789e-05 7.880499282037532283e-05 4.133801121903022714e-04 1.640996572477198276e-03 4.217865836168668489e-03 5.167645097635865763e-03 5.167645473872019106e-03 4.217867147037741501e-03 1.640997928839423503e-03 4.133817806451118041e-04 7.880689217694540367e-05 1.226855569170546329e-05 1.624919758405202764e-06 1.879695196303547036e-07 1.941600228953997593e-08 1.843392079720218919e-09 1.709047287670532042e-10 1.770193767676141878e-11 2.423850342629333054e-12 4.350769541008795130e-13 8.689451226233746544e-14 1.723441562087157111e-14 3.260291017563803253e-15 5.829741889176703342e-16 9.859017762453718341e-17 1.581774883152230255e-17 2.415970725805801396e-18 3.524631062157144661e-19 4.925592147176024336e-20 6.578732355191904118e-21 0.000000000000000000e+00
0.000000000000000000e+00 -3.298453758857240309e-24 1.783913779798107095e-23 -1.283332528217589134e-22 1.313248934957667338e-21 -1.586745276732341803e-20 2.041820879074191559e-19 -2.158716635400042588e-18 2.365229149974338794e-17 -1.643285216452978742e-16 1.805052616348246056e-15 -2.449910688235096761e-15 1.366765357137652126e-13 1.041856895603045716e-12 1.635231721405462613e-11 1.825579926312733454e-10 1.980088100288234960e-09 1.924927142159349993e-08 1.670848568604439908e-07 1.270852817690419337e-06 8.232581675015857600e-06 4.345866599370147468e-05 1.726609555469796125e-04 4.426774280014034602e-04 5.464578399340230255e-04 5.464579947490449388e-04 4.426780940643986915e-04 1.726616286373309171e-04 4.345954978107573874e-05 8.233590111523057724e-06 1.271400660482638184e-06 1.674659054538055496e-07 1.941600228953998255e-08 2.048738698593433651e-09 2.095591973308833536e-10 2.383533057151413358e-11 3.574889806771859299e-12 7.000059423329571593e-13 1.516122239965749560e-13 3.242891649644061210e-14 6.584531250157007281e-15 1.258492150552601079e-15 2.266516179750179678e-16 3.859570084941060064e-17 6.237805727621346483e-18 9.602684029080848303e-19 1.412664893282165654e-19 1.991519096641533682e-20 2.683788829361181223e-21 0.000000000000000000e+00
0.000000000000000000e+00 -1.456038875346036284e-24 7.451695363324925047e-24 -4.597882471844375801e-23 3.762109266763267987e-22 -4.035535175198067797e-21 4.845916167293064183e-20 -5.226938146183609263e-19 5.389127593455855846e-18 -4.210303864086157835e-17 3.695126037387298772e-16 -1.416336090959776071e-15 1.945202942124765528e-14 7.502840626001218297e-14 1.630045937498861197e-12 1.701492512757374026e-11 1.840684470762443446e-10 1.782949772301557200e-09 1.538183173705970908e-08 1.167839490916614676e-07 7.538556572422248180e-07 3.956083590359633346e-06 1.556389851292252886e-05 3.949622325966047005e-05 4.905562541896697168e-05 4.905567904824136678e-05 3.949649118252120643e-05 1.556416884615255980e-05 3.956456352771495609e-06 7.542793942324088211e-07 1.169980899095179905e-07 1.553117060457220778e-08 1.843392079720219539e-09 2.095591973308833536e-10 2.627240910148119110e-11 4.320332048399391380e-12 9.232859069806939689e-13 2.171199085815105244e-13 5.016992785316135171e-14 1.095484887076567265e-14 2.242437752674061191e-15 4.309198440182472575e-16 7.803040602441060179e-17 1.336867748211256490e-17 2.175394695625756692e-18 3.373903588185863630e-19 5.003179653499253960e-20 7.112975582476985494e-21 9.668837317058023682e-22 0.000000000000000000e+00
0.000000000000000000e+00 -5.723065376345733020e-25 2.842126597093714221e-24 -1.586410473918738345e-23 1.066223672130973750e-22 -9.689060753592458321e-22 1.065329760907630569e-20 -1.137392129482841823e-19 1.134325208407827621e-18 -9.282833307980505354e-18 7.346258036299975019e-17 -3.720652099488042327e-16 2.981921301201866576e-15 1.795810000617444080e-15 1.550377853173014418e-13 1.462421007021831322e-12 1.552979840838920459e-11 1.515030815562166731e-10 1.282477544027592139e-09 9.685173910570224617e-09 6.177721302651235919e-08 3.200383911469881543e-07 1.239425638559003610e-06 3.100694646685448785e-06 3.871104959286839208e-06 3.871121211818881863e-06 3.100784526937214437e-06 1.239517162193072637e-06 3.201697222481371223e-07 6.192563284515516447e-08 9.757268204946927596e-09 1.332893388883196303e-09 1.709047287670533076e-10 2.383533057151413358e-11 4.320332048399388956e-12 1.011098627153975101e-12 2.588916331008546405e-13 6.479309831759290608e-14 1.525103381961298301e-14 3.350962757345987353e-15 6.885313659565192084e-16 1.328428731103762005e-16 2.417176832266956306e-17 4.165024199009929179e-18 6.821653095656245403e-19 1.065596747141455653e-19 1.592413239451098359e-20 2.282517886412047002e-21 3.129019462461017989e-22 0.000000000000000000e+00
0.000000000000000000e+00 -2.026774745369695484e-25 9.891179494912692902e-25 -5.192107804405003216e-24 2.998814952541753414e-23 -2.259903620304034657e-22 2.205896351694001855e-21 -2.272214607814428621e-20 2.209354695358605798e-19 -1.836389763017781604e-18 1.381189845241346004e-17 -7.721305317310160117e-17 4.733345522695770928e-16 -6.633021299186500617e-16 1.406955642683028554e-14 1.218973791170848956e-13 1.162331113089274696e-12 1.211699599633702643e-11 9.733457685446709726e-11 7.366061781410577208e-10 4.603327344957071111e-09 2.346086078148779987e-08 8.913767342911621391e-08 2.193716266178363473e-07 2.750979249023942878e-07 2.751023357837816304e-07 2.193976346238004707e-07 8.916456157277966706e-08 2.350078017443855989e-08 4.648156048423275245e-09 7.579799558127540746e-10 1.122942155120118915e-10 1.770193767676143494e-11 3.574889806771860510e-12 9.232859069806939689e-13 2.588916331008544385e-13 7.048862428395000915e-14 1.794896849546658177e-14 4.245774099673162714e-15 9.352115854760682633e-16 1.926958269388607480e-16 3.731633523345052490e-17 6.821931621479781441e-18 1.182054359848793659e-18 1.948316941868318254e-19 3.064739933681600935e-20 4.614549231075746386e-21 6.667652041507996962e-22 9.217055018056002097e-23 0.000000000000000000e+00
0.000000000000000000e+00 -6.533784366302148627e-26 3.152460097058783872e-25 -1.593967152473624551e-24 8.277760861371250520e-24 -5.214236503096505585e-23 4.378877084841501266e-22 -4.234592083155277254e-21 4.003694241174656000e-20 -3.327520980527527909e-19 2.430160232345596979e-18 -1.399333315559512079e-17 7.380266499633750326e-17 -1.663337184583742989e-16 1.111698735406974259e-15 1.139988701247793880e-14 6.708756379272675094e-14 9.662861422708769783e-13 6.624965942562062489e-12 5.237864250828518893e-11 3.153551072234926564e-10 1.582190420909103652e-09 5.885755690926078929e-09 1.423153665670618817e-08 1.791739906512611904e-08 1.791848731527363213e-08 1.423818305568312567e-08 5.892758204523500948e-09 1.592903422614052123e-09 3.273122219236622236e-10 5.805253582410342846e-11 1.059157015200071802e-11 2.423850342629330630e-12 7.000059423329569573e-13 2.171199085815106002e-13 6.479309831759290608e-14 1.794896849546658177e-14 4.590985680673882918e-15 1.087920797762188956e-15 2.401034516041904768e-16 4.961312367477181304e-17 9.644733642550734525e-18 1.771600867016000823e-18 3.086855472959118396e-19 5.119956989318522810e-20 8.109568736049701373e-21 1.230190576292673658e-21 1.791753285010421148e-22 2.497641006754152018e-23 0.000000000000000000e+00
0.000000000000000000e+00 -1.934104952991787174e-26 9.248817584690077250e-26 -4.564848397256032160e-25 2.206787032219302370e-24 -1.194755386432100805e-23 8.461942333095024471e-23 -7.457109866525670677e-22 6.791825246382410535e-21 -5.588695717268460948e-20 3.992685111974705528e-19 -2.292464619369399041e-18 1.086434544924586511e-17 -2.494492993303752477e-17 3.927899224817799463e-17 1.482109348571022899e-15 2.319611475529877051e-17 8.694243857617315945e-14 3.683822950670087619e-13 3.607337493669214810e-12 1.992160711171686263e-11 9.939853864611042419e-11 3.615063388199760955e-10 8.575114510266717776e-10 1.083760435852218504e-09 1.084007021791022654e-09 8.590379074138643365e-10 3.631494793749675349e-10 1.019811088850273685e-10 2.278808921887314514e-11 4.973716564402787201e-12 1.321008358310321015e-12 4.350769541008790081e-13 1.516122239965748045e-13 5.016992785316133278e-14 1.525103381961297985e-14 4.245774099673163503e-15 1.087920797762189153e-15 2.582312431970095706e-16 5.712686474720106814e-17 1.184290425415164111e-17 2.311817745739220213e-18 4.267577187208144564e-19 7.478228311182934947e-20 1.248241029443833977e-20 1.990847009946620994e-21 3.042737930938387813e-22 4.467485092558789083e-23 6.280933040823115783e-24 0.000000000000000000e+00
0.000000000000000000e+00 -5.295505698120648162e-27 2.511076097866375744e-26 -1.217740658833295940e-25 5.603617983320130860e-25 -2.694739841894072188e-24 1.605222504211406457e-23 -1.252152985423120731e-22 1.083527124554192158e-21 -8.760208351528709275e-21 6.129420251854591998e-20 -3.443074044562546827e-19 1.468971055073000546e-18 -2.495183495308919590e-18 -1.286496855485505590e-17 2.631132442887138098e-16 -1.020373015006694769e-15 1.017645435536997017e-14 7.512685140173328808e-15 2.605025434244662657e-13 1.139337958068364626e-12 5.887982128780176761e-12 2.089813085763849154e-11 4.842092521875137367e-11 6.149183243466839023e-11 6.154353361843855303e-11 4.874025303806531553e-11 2.124998144007464844e-11 6.454769742615427302e-12 1.765382109525145400e-12 5.621683568775697502e-13 2.170408307136791708e-13 8.689451226233733923e-14 3.242891649644058686e-14 1.095484887076566792e-14 3.350962757345985775e-15 9.352115854760682633e-16 2.401034516041905261e-16 5.712686474720105581e-17 1.267665543261176583e-17 2.638040057755760407e-18 5.173125877009094220e-19 9.599645036731542384e-20 1.692093138381479572e-20 2.842735292965692801e-21 4.566043284332762379e-22 7.032108523058356723e-23 1.041056755416851931e-23 1.476773690275091626e-24 0.000000000000000000e+00
0.000000000000000000e+00 -1.349199131595244000e-27 6.339820668683428291e-27 -3.028059921211704422e-26 1.342476837361611980e-25 -5.889922428264550121e-25 2.981280915122981233e-24 -2.008911772109851497e-23 1.625592138305729054e-22 -1.283990600231313137e-21 8.790875585377900664e-21 -4.761043516675325343e-20 1.773199862500431254e-19 -5.625149114277556555e-20 -4.779995715271840920e-18 5.134535157510394245e-17 -2.681259304352858780e-16 1.526016161430981845e-15 -2.605967617474636600e-15 2.266597241724319515e-14 5.328741987631773302e-14 3.342679537185102969e-13 1.153732438523636377e-12 2.571599852471695624e-12 3.296023620996088788e-12 3.306114005153866565e-12 2.633099393540166343e-12 1.223194572519089228e-12 4.487262816577874923e-13 1.791952327154301061e-13 8.425740179377169041e-14 3.998956204506629050e-14 1.723441562087155533e-14 6.584531250157000181e-15 2.242437752674060008e-15 6.885313659565187154e-16 1.926958269388606740e-16 4.961312367477179455e-17 1.184290425415163495e-17 2.638040057755760022e-18 5.514079743265345058e-19 1.086717248910380451e-19 2.027879853618740639e-20 3.596510100466450930e-21 6.082883047463834294e-22 9.842024961435651516e-23 1.527852855693501140e-23 2.281631210107036326e-24 3.267826346255546822e-25 0.000000000000000000e+00
0.000000000000000000e+00 -3.214909905230572036e-28 1.494668888104828348e-27 -7.028855721507361554e-27 3.016076868371203019e-26 -1.226431876832275172e-25 5.337952007402992138e-25 -3.044196204287660619e-24 2.268416207060874744e-23 -1.748536467501911023e-22 1.172268538441873222e-21 -6.034462990936196175e-21 1.809872311107354382e-20 4.886216224924722960e-20 -1.125208547819179675e-18 9.700559684583171548e-18 -5.357402795094204717e-17 2.534415956531667628e-16 -6.997925403145928124e-16 2.603954706338971855e-15 8.122920003294295628e-16 1.877024497389222726e-14 6.258708747793405729e-14 1.272762695698322213e-13 1.672664639945325589e-13 1.691088196725653294e-13 1.382751394049229998e-13 7.533629486509188771e-14 4.022416815352076209e-14 2.433418916525243042e-14 1.431843090579423469e-14 7.365584204707682957e-15 3.260291017563800492e-15 1.258492150552600093e-15 4.309198440182468138e-16 1.328428731103761266e-16 3.731633523345050025e-17 9.644733642550726821e-18 2.311817745739218287e-18 5.173125877009089405e-19 1.086717248910379970e-19 2.153471749705867007e-20 4.042589425759669162e-21 7.216384396385193002e-22 1.229172528944509278e-22 2.004141851023598981e-23 3.137580672906542933e-24 4.729728711449363190e-25 6.846884473529964622e-26 0.000000000000000000e+00
0.000000000000000000e+00 -7.194252026207968039e-29 3.301650253995170909e-28 -1.525070329227511870e-27 6.326132198964286461e-27 -2.392032760699887678e-26 8.945291953583347779e-26 -4.187630490089295461e-25 2.832341183330529425e-24 -2.156934763746622747e-23 1.428791976875445941e-22 -6.873290634784540918e-22 1.304854460258877577e-21 1.585167031242407467e-20 -2.208932335436595516e-19 1.714493159743940567e-18 -9.480228959844021235e-18 4.200781513566579283e-17 -1.310535166655106773e-16 3.641658880735774213e-16 -3.038892098266907478e-16 1.115725317274882115e-15 3.574159629441013704e-15 5.565893778545548272e-15 7.944904281462064745e-15 8.261004474249267024e-15 7.405714487181622613e-15 5.764914559181092172e-15 4.875219636639613108e-15 3.807513805992254019e-15 2.452654984466981691e-15 1.300634530813624598e-15 5.829741889176699398e-16 2.266516179750177213e-16 7.803040602441050319e-17 2.417176832266955690e-17 6.821931621479776049e-18 1.771600867015999282e-18 4.267577187208142157e-19 9.599645036731542384e-20 2.027879853618740338e-20 4.042589425759669162e-21 7.637799760889519923e-22 1.372895508353840587e-22 2.356137293889783701e-23 3.873529151032552376e-24 6.120337430352889565e-25 9.323034060898864998e-26 1.366356943805505929e-26 0.000000000000000000e+00
0.000000000000000000e+00 -1.517001711269182037e-29 6.850681216064642201e-29 -3.094763478693772253e-28 1.232805541870239203e-27 -4.285708387333998539e-27 1.329158858784255446e-26 -4.630435117075732008e-26 2.767506750894509393e-25 -2.218136315478365693e-24 1.509729047077049979e-23 -6.603934043697208597e-23 -1.109669497297695345e-23 3.459937113393546485e-21 -3.872849762645027310e-20 2.828072686341658625e-19 -1.547166326495830856e-18 6.679844328063522808e-18 -2.156755407916651213e-17 5.418732291883086986e-17 -6.925109857088838259e-17 7.844330415559349547e-17 2.456143818291118737e-16 1.600662395646988042e-16 3.313117050332314976e-16 3.824802281729632491e-16 4.496461716863167172e-16 6.001333585251165012e-16 6.981034122488208904e-16 6.071937361650462178e-16 4.050783820505336433e-16 2.180116281458044258e-16 9.859017762453714643e-17 3.859570084941058831e-17 1.336867748211254795e-17 4.165024199009926867e-18 1.182054359848793081e-18 3.086855472959115025e-19 7.478228311182930132e-20 1.692093138381478971e-20 3.596510100466450178e-21 7.216384396385196764e-22 1.372895508353841292e-22 2.486293079958182350e-23 4.301945807970829108e-24 7.137101809875379314e-25 1.139417838056741987e-25 1.756661319877628228e-26 2.612575261386204154e-27 0.000000000000000000e+00
0.000000000000000000e+00 -3.022101403380205398e-30 1.337328673506816649e-29 -5.868808839151490189e-29 2.215263648815604473e-28 -6.841360680176892791e-28 1.527602601393315050e-27 -1.894294890872369999e-27 6.514478218771471706e-27 -1.250369348762321953e-25 1.123901306320552349e-24 -4.046006184005768556e-24 -2.935413318742780719e-23 6.348806606325011738e-22 -6.243161983157966111e-21 4.376630194636769361e-20 -2.366175454958928312e-19 1.009090269867175157e-18 -3.286535081588560867e-18 7.967325369359252122e-18 -1.131751046559013724e-17 7.030200729037233028e-18 2.271811531302031196e-17 -7.620817385152546744e-18 8.088840525470542849e-18 1.593213936838298310e-17 3.548671641317606105e-17 7.701919784407944671e-17 1.035975578006968961e-16 9.398429090865282814e-17 6.378401850494886644e-17 3.468943953008784024e-17 1.581774883152229947e-17 6.237805727621345712e-18 2.175394695625754766e-18 6.821653095656244440e-19 1.948316941868318013e-19 5.119956989318521606e-20 1.248241029443833075e-20 2.842735292965691673e-21 6.082883047463835234e-22 1.229172528944509278e-22 2.356137293889783994e-23 4.301945807970829108e-24 7.511223677384928816e-25 1.259015874944381012e-25 2.034189647668248826e-26 3.181225662493329926e-27 4.816985136973708237e-28 0.000000000000000000e+00
0.000000000000000000e+00 -5.698565392773200542e-31 2.457114958664188834e-30 -1.036878224542240263e-29 3.618380793578324123e-29 -9.087260893176593752e-29 5.201438847432788877e-29 1.032077264761066839e-27 -6.823780709183649050e-27 2.238728783681430711e-26 -3.238813496390004438e-26 2.945978645737445303e-25 -7.891232168026001301e-24 1.049235011221086317e-22 -9.407241612397265405e-22 6.394468708019315386e-21 -3.420253149552930544e-20 1.448198541619914812e-19 -4.720927110795375820e-19 1.128224143919862248e-18 -1.645783857357496320e-18 7.596787369993393052e-19 2.659128000853692884e-18 -2.404019296046969983e-18 -7.117535224505799147e-19 4.305235640945995972e-19 3.692002150557030275e-18 1.056575532122437175e-17 1.505198589841236656e-17 1.393273640047645589e-17 9.568945768525130700e-18 5.253748832993648140e-18 2.415970725805802166e-18 9.602684029080848303e-19 3.373903588185862185e-19 1.065596747141455412e-19 3.064739933681600334e-20 8.109568736049702878e-21 1.990847009946620994e-21 4.566043284332763319e-22 9.842024961435650341e-23 2.004141851023599863e-23 3.873529151032555315e-24 7.137101809875380232e-25 1.259015874944380782e-25 2.135692928158442928e-26 3.500204124166844027e-27 5.569813670515966225e-28 8.624171161187061252e-29 0.000000000000000000e+00
0.000000000000000000e+00 -1.018107488767584583e-31 4.244159603741432143e-31 -1.694773771746415415e-30 5.208675956011266573e-30 -7.801109963084250227e-30 -4.112082271003490885e-29 4.622172071719823635e-28 -2.673162132914574109e-27 1.132196646814390882e-26 -4.011173939297691261e-26 1.835020490242362204e-25 -1.614187321694823170e-24 1.616433753988241878e-23 -1.340234022194028529e-22 8.871920315949948392e-22 -4.699806725373867936e-21 1.979959875956425418e-20 -6.445220027907398155e-20 1.529352360852427711e-19 -2.237550885224798710e-19 8.852704088228032275e-20 3.414606642145948067e-19 -3.765929578702633341e-19 -1.852750581676237732e-19 -2.672736431020481141e-20 4.454882834855818750e-19 1.440052195907413639e-18 2.105321440966687873e-18 1.975007793813189805e-18 1.370756802425239222e-18 7.597395108486815873e-19 3.524631062157145624e-19 1.412664893282165173e-19 5.003179653499254562e-20 1.592413239451098058e-20 4.614549231075746386e-21 1.230190576292673470e-21 3.042737930938386872e-22 7.032108523058354372e-23 1.527852855693502021e-23 3.137580672906544770e-24 6.120337430352892320e-25 1.139417838056742676e-25 2.034189647668249400e-26 3.500204124166843310e-27 5.837217812093819751e-28 9.490279879819968870e-29 1.510848179234564563e-29 0.000000000000000000e+00
0.000000000000000000e+00 -1.722854420366771607e-32 6.866269802122229224e-32 -2.525224451600741998e-31 6.091139450230766194e-31 4.948102671838855933e-31 -1.761555661191020497e-29 1.348511942887832163e-28 -7.303943642712989957e-28 3.191878865272562862e-27 -1.215424350097001046e-26 4.942135940875556149e-26 -2.967905397487901216e-25 2.375083143925517004e-24 -1.822124086797280419e-23 1.174973469575281307e-22 -6.166436915338211626e-22 2.587001549718567596e-21 -8.403915527906399013e-21 1.984863111351089952e-20 -2.891065086208180504e-20 1.034767916835778378e-20 4.413311939901312571e-20 -5.032935601976625055e-20 -2.907193328037660094e-20 -8.042698542145068389e-21 5.573218799330379813e-20 1.902587153089249000e-19 2.825751667326263154e-19 2.681188516854951324e-19 1.880003931887078644e-19 1.052053729642988635e-19 4.925592147176024336e-20 1.991519096641533080e-20 7.112975582476983989e-21 2.282517886412046626e-21 6.667652041507996962e-22 1.791753285010421383e-22 4.467485092558786144e-23 1.041056755416851049e-23 2.281631210107036693e-24 4.729728711449365026e-25 9.323034060898867294e-26 1.756661319877628515e-26 3.181225662493330643e-27 5.569813670515966225e-28 9.490279879819973354e-29 1.584390792930229285e-29 2.609334201265867409e-30 0.000000000000000000e+00
0.000000000000000000e+00 -2.762759062651001303e-33 1.033377791810955237e-32 -3.301388141366564771e-32 3.788072114821158481e-32 4.783059810941963790e-31 -5.154865820532156473e-30 3.380620089774260321e-29 -1.749237263650858347e-28 7.624325674831584897e-28 -2.928148692815665816e-27 1.107967568266281447e-26 -5.240587415765248000e-26 3.392204518796808061e-25 -2.377254002238038326e-24 1.486400009730489411e-23 -7.720520110455850282e-23 3.226119566023753825e-22 -1.045767220099491066e-21 2.461051754665724531e-21 -3.561067011142809235e-21 1.173720452586335414e-21 5.537151168794452871e-21 -6.226265138733328938e-21 -3.976298759623062248e-21 -1.314523691544463175e-21 6.855427200386857918e-21 2.412440270729412180e-20 3.627522305605585566e-20 3.478734026960305214e-20 2.463912745612412547e-20 1.392179789783143399e-20 6.578732355191902613e-21 2.683788829361180471e-21 9.668837317058021801e-22 3.129019462461017989e-22 9.217055018056002097e-23 2.497641006754151430e-23 6.280933040823111375e-24 1.476773690275091075e-24 3.267826346255549118e-25 6.846884473529966918e-26 1.366356943805506503e-26 2.612575261386204154e-27 4.816985136973708237e-28 8.624171161187060131e-29 1.510848179234565123e-29 2.609334201265868810e-30 4.484526308863125028e-31 0.000000000000000000e+00
0.000000000000000000e+00 0.000000000000000000e+00 0.000000000000000000e+00 0.000000000000000000e+00 0.000000000000000000e+00 0.000000000000000000e+00 0.000000000000000000e+00 0.000000000000000000e+00 0.000000000000000000e+00 0.000000000000000000e+00 0.000000000000000000e+00 0.000000000000000000e+00 0.000000000000000000e+00 0.000000000000000000e+00 0.000000000000000000e+00 0.000000000000000000e+00 0.000000000000000000e+00 0.000000000000000000e+00 0.000000000000000000e+00 0.000000000000000000e+00 0.000000000000000000e+00 0.000000000000000000e+00 0.000000000000000000e+00 0.000000000000000000e+00 0.000000000000000000e+00 0.000000000000000000e+00 0.000000000000000000e+00 0.000000000000000000e+00 0.000000000000000000e+00 0.000000000000000000e+00 0.000000000000000000e+00 0.000000000000000000e+00 0.000000000000000000e+00 0.000000000000000000e+00 0.000000000000000000e+00 0.000000000000000000e+00 0.000000000000000000e+00 0.000000000000000000e+00 0.000000000000000000e+00 0.000000000000000000e+00 0.000000000000000000e+00 0.000000000000000000e+00 0.000000000000000000e+00 0.000000000000000000e+00 0.000000000000000000e+00 0.000000000000000000e+00 0.000000000000000000e+00 0.000000000000000000e+00 0.000000000000000000e+00 0.000000000000000000e+00
