0.000000000000000000e+00 0.000000000000000000e+00 0.000000000000000000e+00 0.000000000000000000e+00 0.000000000000000000e+00 0.000000000000000000e+00 0.000000000000000000e+00 0.000000000000000000e+00 0.000000000000000000e+00 0.000000000000000000e+00 0.000000000000000000e+00 0.000000000000000000e+00 0.000000000000000000e+00 0.000000000000000000e+00 0.000000000000000000e+00 0.000000000000000000e+00 0.000000000000000000e+00 0.000000000000000000e+00 0.000000000000000000e+00 0.000000000000000000e+00 0.000000000000000000e+00 0.000000000000000000e+00 0.000000000000000000e+00 0.000000000000000000e+00 0.000000000000000000e+00 0.000000000000000000e+00 0.000000000000000000e+00 0.000000000000000000e+00 0.000000000000000000e+00 0.000000000000000000e+00 0.000000000000000000e+00 0.000000000000000000e+00 0.000000000000000000e+00 0.000000000000000000e+00 0.000000000000000000e+00 0.000000000000000000e+00 0.000000000000000000e+00 0.000000000000000000e+00 0.000000000000000000e+00 0.000000000000000000e+00 0.000000000000000000e+00 0.000000000000000000e+00 0.000000000000000000e+00 0.000000000000000000e+00 0.000000000000000000e+00 0.000000000000000000e+00 0.000000000000000000e+00 0.000000000000000000e+00 0.000000000000000000e+00 0.000000000000000000e+00
0.000000000000000000e+00 5.372862150041104425e-28 4.461172639216646439e-27 3.523178901257103496e-26 2.675910722519373762e-25 1.950870424398056419e-24 1.362103251840728427e-23 9.084834288921922769e-23 5.772044253748007012e-22 3.482469928176851313e-21 1.988216169099703599e-20 1.069879856451219987e-19 5.401866686988906259e-19 2.545961717460412456e-18 1.113484046604868363e-17 4.488081935731848593e-17 1.653936122468927478e-16 5.521050257872083604e-16 1.651480413397898138e-15 4.371797428974128430e-15 1.009928027792850594e-14 2.005765311265119098e-14 3.377033513898309883e-14 4.774041138241473990e-14 5.660377874636374523e-14 5.660377874604596050e-14 4.774041138156802709e-14 3.377033513787433905e-14 2.005765311155786763e-14 1.009928027702502512e-14 4.371797428313796633e-15 1.651480412959051858e-15 5.521050255210715401e-16 1.653936120970824906e-16 4.488081927931241905e-17 1.113484042830125482e-17 2.545961700489497579e-18 5.401866615939376532e-19 1.069879828693453015e-19 1.988216067603980045e-20 3.482469579788940835e-21 5.772043127498494327e-22 9.084830849419416100e-23 1.362102256516991365e-23 1.950867687562319669e-24 2.675903552885378745e-25 3.523160965747537441e-26 4.461129779757551459e-27 5.372768112747691549e-28 0.000000000000000000e+00
0.000000000000000000e+00 4.461172639216651461e-27 3.723263648282282972e-26 2.955757686085090862e-25 2.256493301198968172e-24 1.653432546611959819e-23 1.160196933674232001e-22 7.776279204239898867e-22 4.964661086334111335e-21 3.009731860597243658e-20 1.726490355728375519e-19 9.334269997666684741e-19 4.735044471127640483e-18 2.242136879559007073e-17 9.851977512772466645e-17 3.989602621701550988e-16 1.477112714117688225e-15 4.953675702901555491e-15 1.488508513477262104e-14 3.957576880810447766e-14 9.179199893576753012e-14 1.829360472112607239e-13 3.088199176389371953e-13 4.372825965409482950e-13 5.188032935703661520e-13 5.188032935699117681e-13 4.372825965397272140e-13 3.088199176373132273e-13 1.829360472096269109e-13 9.179199893439341016e-14 3.957576880709589691e-14 1.488508513411030920e-14 4.953675702508745359e-15 1.477112713903444056e-15 3.989602620623473954e-16 9.851977507729593190e-17 2.242136877360440637e-17 4.735044462164958019e-18 9.334269963415557572e-19 1.726490343427053630e-19 3.009731818967753325e-20 4.964660953253224112e-21 7.776278801327871775e-22 1.160196817868297428e-22 1.653432229871891930e-23 2.256492475026989533e-24 2.955755626913738378e-25 3.723258744191260328e-26 4.461161912477340895e-27 0.000000000000000000e+00
0.000000000000000000e+00 3.523178901257104644e-26 2.955757686085090862e-25 2.358808978501446086e-24 1.810073829095424207e-23 1.333042917682081427e-22 9.400305153063230718e-22 6.331300381744540999e-21 4.061457775146212840e-20 2.473746750579681396e-19 1.425591754332940750e-18 7.742643685846865776e-18 3.945407536506146784e-17 1.876621971512190793e-16 8.282838916935715671e-16 3.369185274822172893e-15 1.252985938619479034e-14 4.220724627522683099e-14 1.273815610959557520e-13 3.401028384028813277e-13 7.919119619853357628e-13 1.583557647741246443e-12 2.680142344125133948e-12 3.800973948612198502e-12 4.512313400999661633e-12 4.512313400999306204e-12 3.800973948611226727e-12 2.680142344123787761e-12 1.583557647739808166e-12 7.919119619840485437e-13 3.401028384018802190e-13 1.273815610952639777e-13 4.220724627480073882e-14 1.252985938595674998e-14 3.369185274701005041e-15 8.282838916368604552e-16 1.876621971266822018e-16 3.945407535519003841e-17 7.742643682137740407e-18 1.425591753025202925e-18 2.473746746238039708e-19 4.061457761519985242e-20 6.331300341199352987e-21 9.400305038307334450e-22 1.333042886711312723e-22 1.810073749176015964e-23 2.358808780907002365e-24 2.955757217798167569e-25 3.523177870666750026e-26 0.000000000000000000e+00
0.000000000000000000e+00 2.675910722519375140e-25 2.256493301198968172e-24 1.810073829095424501e-23 1.396008639774205015e-22 1.033168258783211479e-21 7.320654874925025777e-21 4.953682374613436331e-20 3.192215349995865459e-19 1.952950623284985924e-18 1.130348732032670207e-17 6.165234464021288952e-17 3.154749295586790403e-16 1.506748842385598298e-15 6.677620054874809961e-15 2.727348204975921087e-14 1.018435463671091485e-13 3.444615141050693518e-13 1.043771758792536622e-12 2.797686331529896098e-12 6.537919500068244207e-12 1.311484034452804806e-11 2.225005256406336000e-11 3.160065266397181702e-11 3.753489765873646210e-11 3.753489765873624238e-11 3.160065266397124833e-11 2.225005256406283009e-11 1.311484034452788651e-11 6.537919500068515625e-12 2.797686331530457515e-12 1.043771758793179222e-12 3.444615141056012838e-13 1.018435463674734508e-13 2.727348204997187515e-14 6.677620054984087706e-15 1.506748842435861359e-15 3.154749295796702839e-16 6.165234464825157936e-17 1.130348732317548834e-17 1.952950624225102433e-18 3.192215352904351416e-19 4.953682383086056556e-20 7.320654898286753109e-21 1.033168264901063365e-21 1.396008655053341243e-22 1.810073865588842049e-23 2.256493384743527084e-24 2.675910903536174680e-25 0.000000000000000000e+00
0.000000000000000000e+00 1.950870424398056051e-24 1.653432546611960994e-23 1.333042917682080956e-22 1.033168258783211855e-21 7.682886209355866496e-21 5.468986586890487526e-20 3.717242606177526253e-19 2.405766726558477810e-18 1.477937992983056118e-17 8.588560356200328296e-17 4.702690251684275477e-16 2.415489284329285867e-15 1.157950192681638711e-14 5.150583821793512295e-14 2.111297432316244879e-13 7.912492075362186291e-13 2.685903117804113798e-12 8.167973371457227351e-12 2.196989184311178922e-11 5.151036534730643265e-11 1.036245691459788902e-10 1.761898955452635127e-10 2.505581542660377439e-10 2.977467943663354199e-10 2.977467943663360920e-10 2.505581542660385711e-10 1.761898955452625304e-10 1.036245691459744828e-10 5.151036534729913019e-11 2.196989184310331385e-11 8.167973371449394985e-12 2.685903117798269816e-12 7.912492075324448195e-13 2.111297432294993092e-13 5.150583821686635526e-14 1.157950192633093315e-14 2.415489284127871534e-15 4.702690250914555295e-16 8.588560353470413504e-17 1.477937992079276360e-17 2.405766723749766676e-18 3.717242597948994417e-19 5.468986564066166570e-20 7.682886149218597154e-21 1.033168243681000411e-21 1.333042881441769501e-22 1.653432463387987457e-23 1.950870244670902384e-24 0.000000000000000000e+00
0.000000000000000000e+00 1.362103251840729308e-23 1.160196933674231531e-22 9.400305153063236360e-22 7.320654874925024272e-21 5.468986586890489934e-20 3.910314313909460677e-19 2.669096434400203834e-18 1.734405320788660985e-17 1.069604374286591537e-16 6.238450991566812309e-16 3.427820065626541082e-15 1.766554767749707895e-14 8.495903843627387665e-14 3.790844021047977746e-13 1.558713726453842889e-12 5.859489649200952319e-12 1.995113497156203348e-11 6.085857697885408049e-11 1.641893143816860360e-10 3.860582555742072649e-10 7.785961681968180007e-10 1.326363226722425112e-09 1.888299051610204970e-09 2.244736431138567237e-09 2.244736431138555243e-09 1.888299051610171469e-09 1.326363226722395127e-09 7.785961681968123139e-10 3.860582555742287716e-10 1.641893143817255081e-10 6.085857697889750747e-11 1.995113497159724035e-11 5.859489649224953482e-12 1.558713726467797321e-12 3.790844021119745660e-13 8.495903843958317971e-14 1.766554767888536370e-14 3.427820066161529193e-15 6.238450993476431568e-16 1.069604374922080503e-16 1.734405322771726954e-17 2.669096440229561212e-18 3.910314330121166651e-19 5.468986629690144606e-20 7.320654982544874632e-21 9.400305411478198721e-22 1.160196993011626715e-22 1.362103379906741939e-23 0.000000000000000000e+00
0.000000000000000000e+00 9.084834288921921594e-23 7.776279204239902629e-22 6.331300381744539494e-21 4.953682374613439341e-20 3.717242606177526253e-19 2.669096434400202679e-18 1.829167102214979962e-17 1.193083979942755446e-16 7.383608033399466350e-16 4.320587341772463119e-15 2.381251795491546589e-14 1.230681348360623229e-13 5.934480399219702314e-13 2.654633117012716697e-12 1.094187559288568946e-11 4.123105844478236252e-11 1.407251884618284578e-10 4.303028291078695746e-10 1.163709677231467567e-09 2.742595686269523024e-09 5.542669030880009609e-09 9.456961373606899230e-09 1.347528900667266354e-08 1.602268716547276009e-08 1.602268716547272369e-08 1.347528900667259075e-08 9.456961373606798314e-09 5.542669030879868162e-09 2.742595686269348489e-09 1.163709677231249605e-09 4.303028291076409625e-10 1.407251884616419544e-10 4.123105844465164860e-11 1.094187559280789248e-11 2.654633116971763583e-12 5.934480399027236409e-13 1.230681348278579170e-13 2.381251795171242871e-14 4.320587340617042217e-15 7.383608029521639132e-16 1.193083978724499308e-16 1.829167098614757766e-17 2.669096424347307511e-18 3.717242579557865192e-19 4.953682307543692779e-20 6.331300220510166851e-21 7.776278833890626349e-22 9.084833489760975169e-23 0.000000000000000000e+00
0.000000000000000000e+00 5.772044253748007953e-22 4.964661086334109078e-21 4.061457775146215247e-20 3.192215349995865940e-19 2.405766726558477425e-18 1.734405320788661910e-17 1.193083979942754707e-16 7.808927653047512158e-16 4.847962811356595697e-15 2.844921666187637848e-14 1.571952657095478349e-13 8.142620822891402886e-13 3.934390019710042430e-12 1.763140313206646459e-11 7.279451946445537983e-11 2.747398579610209052e-10 9.391898524114787031e-10 2.876441257702691420e-09 7.791944949005794463e-09 1.839415290243719163e-08 3.722968008227572519e-08 6.359377609963417109e-08 9.066711484099209733e-08 1.078160865260465148e-07 1.078160865260480765e-07 9.066711484099629279e-08 6.359377609963967680e-08 3.722968008228132355e-08 1.839415290244202898e-08 7.791944949009589567e-09 2.876441257705359905e-09 9.391898524131413361e-10 2.747398579619849325e-10 7.279451946496206673e-11 1.763140313231299996e-11 3.934390019820248091e-12 8.142620823347213533e-13 1.571952657270259885e-13 2.844921666811769450e-14 4.847962813440002591e-15 7.808927659574958481e-16 1.193083981869234882e-16 1.734405326163597119e-17 2.405766740779014889e-18 3.192215385778630786e-19 4.061457860996398032e-20 4.964661282958533051e-21 5.772044676524933192e-22 0.000000000000000000e+00
0.000000000000000000e+00 3.482469928176850561e-21 3.009731860597244861e-20 2.473746750579679952e-19 1.952950623284986309e-18 1.477937992983056734e-17 1.069604374286591290e-16 7.383608033399464377e-16 4.847962811356594908e-15 3.018107298593662936e-14 1.775356689420300677e-13 9.829391857924184929e-13 5.099888819890895642e-12 2.467365265642388534e-11 1.106812127759414275e-10 4.573177694514678132e-10 1.727078491738883461e-09 5.907373724314825609e-09 1.810358413034701927e-08 4.907541995313490706e-08 1.159429144902043970e-07 2.348513904909206573e-07 4.013918082575811479e-07 5.723843820524331474e-07 6.805736524052967138e-07 6.805736524053145015e-07 5.723843820524765578e-07 4.013918082576258289e-07 2.348513904909462006e-07 1.159429144902086851e-07 4.907541995312735656e-08 1.810358413033670267e-08 5.907373724306560420e-09 1.727078491733537806e-09 4.573177694485686485e-10 1.106812127745379993e-10 2.467365265581156166e-11 5.099888819645094561e-12 9.829391857009970618e-13 1.775356689102776211e-13 3.018107297559018848e-14 4.847962808180946193e-15 7.383608024189788424e-16 1.069604371756024237e-16 1.477937986379870026e-17 1.952950606887332569e-18 2.473746711756686392e-19 3.009731772916028720e-20 3.482469742425747076e-21 0.000000000000000000e+00
0.000000000000000000e+00 1.988216169099703599e-20 1.726490355728374074e-19 1.425591754332940943e-18 1.130348732032669591e-17 8.588560356200327064e-17 6.238450991566812309e-16 4.320587341772465486e-15 2.844921666187638479e-14 1.775356689420300677e-13 1.046330911378106575e-12 5.801352065462031278e-12 3.012796052021016694e-11 1.458296356572245988e-10 6.541948036207533531e-10 2.702233660511941929e-09 1.019964894685136523e-08 3.486488377973161417e-08 1.067799266140855230e-07 2.893210343167418740e-07 6.833353247690435614e-07 1.383948890213359869e-06 2.365009537152926704e-06 3.371513791133790105e-06 4.007382683064794553e-06 4.007382683064529431e-06 3.371513791133076903e-06 2.365009537151998356e-06 1.383948890212477472e-06 6.833353247683566177e-07 2.893210343163039050e-07 1.067799266138584652e-07 3.486488377963471492e-08 1.019964894681828959e-08 2.702233660503405011e-09 6.541948036197486388e-10 1.458296356577116789e-10 3.012796052066623426e-11 5.801352065697887612e-12 1.046330911475517593e-12 1.775356689770411788e-13 2.844921667323721876e-14 4.320587345164949976e-15 6.238451000997928421e-16 8.588560380790269026e-17 1.130348738075860428e-17 1.425591768376723875e-18 1.726490386618509379e-19 1.988216232349520686e-20 0.000000000000000000e+00
0.000000000000000000e+00 1.069879856451219144e-19 9.334269997666688593e-19 7.742643685846862695e-18 6.165234464021288952e-17 4.702690251684273504e-16 3.427820065626542659e-15 2.381251795491545642e-14 1.571952657095478349e-13 9.829391857924186948e-13 5.801352065462029662e-12 3.219155028376239354e-11 1.672095872954758789e-10 8.089939791875127644e-10 3.625440252116816731e-09 1.495239987419798402e-08 5.633018079580871576e-08 1.921398021284152721e-07 5.871931345803759034e-07 1.587834102045712782e-06 3.743908108934999474e-06 7.572287181608186905e-06 1.292618941521691777e-05 1.841030552269329738e-05 2.186807040733668015e-05 2.186807040733356985e-05 1.841030552268564020e-05 1.292618941520859991e-05 7.572287181602576159e-06 3.743908108932599830e-06 1.587834102045194186e-06 5.871931345805594978e-07 1.921398021287002193e-07 5.633018079599860334e-08 1.495239987429132639e-08 3.625440252153603107e-09 8.089939791997152294e-10 1.672095872988574449e-10 3.219155028452308305e-11 5.801352065580675150e-12 9.829391857931473246e-13 1.571952657008520886e-13 2.381251795051339169e-14 3.427820064067783093e-15 4.702690247078764503e-16 6.165234452043358088e-17 7.742643657861764778e-18 9.334269938691177689e-19 1.069879845498502375e-19 0.000000000000000000e+00
0.000000000000000000e+00 5.401866686988903370e-19 4.735044471127638942e-18 3.945407536506143702e-17 3.154749295586790403e-16 2.415489284329287444e-15 1.766554767749706948e-14 1.230681348360624239e-13 8.142620822891402886e-13 5.099888819890896450e-12 3.012796052021018632e-11 1.672095872954758013e-10 8.679862835248902744e-10 4.193482786596017878e-09 1.875087729289346228e-08 7.710568827007065390e-08 2.894492048969260057e-07 9.834061896334894650e-07 2.993115639749846359e-06 8.062013495092848779e-06 1.894272063949913357e-05 3.820115122793639879e-05 6.506006860228055776e-05 9.250016432939694468e-05 1.097563368100321730e-04 1.097563368100741316e-04 9.250016432951048775e-05 6.506006860242848360e-05 3.820115122807884263e-05 1.894272063961213116e-05 8.062013495167084440e-06 2.993115639790431943e-06 9.834061896524041342e-07 2.894492049046175943e-07 7.710568827283837376e-08 1.875087729378756511e-08 4.193482786857516140e-09 8.679862835949667412e-10 1.672095873128190646e-10 3.012796052421779238e-11 5.099888820763260188e-12 8.142620824696369143e-13 1.230681348716912446e-13 1.766554768416005374e-14 2.415489285473249353e-15 3.154749297224045081e-16 3.945407537722592486e-17 4.735044467581501172e-18 5.401866664588673151e-19 0.000000000000000000e+00
0.000000000000000000e+00 2.545961717460413996e-18 2.242136879559005840e-17 1.876621971512191039e-16 1.506748842385598101e-15 1.157950192681638080e-14 8.495903843627392714e-14 5.934480399219702314e-13 3.934390019710046469e-12 2.467365265642388857e-11 1.458296356572246764e-10 8.089939791875128678e-10 4.193482786596016224e-09 2.020966678683430549e-08 9.004592779780170921e-08 3.685877902921969563e-07 1.376092100784286629e-06 4.646621522262490900e-06 1.405117808204560864e-05 3.760588497131090347e-05 8.784239294792882435e-05 1.762642644972263993e-04 2.990069672575692227e-04 4.239011875684417551e-04 5.021758664996881861e-04 5.021758665000455391e-04 4.239011875693146462e-04 2.990069672584877046e-04 1.762642644977954970e-04 8.784239294811429068e-05 3.760588497129639549e-05 1.405117808197534726e-05 4.646621522201969549e-06 1.376092100748319493e-06 3.685877902750293984e-07 9.004592779081072278e-08 2.020966678433106505e-08 4.193482785791404407e-09 8.089939789523581375e-10 1.458296355940808362e-10 2.467365264073751978e-11 3.934390016086608453e-12 5.934480391421198595e-13 8.495903828015115959e-14 1.157950189798774616e-14 1.506748837584339774e-15 1.876621964723103712e-16 2.242136873042820629e-17 2.545961720375162596e-18 0.000000000000000000e+00
0.000000000000000000e+00 1.113484046604867747e-17 9.851977512772462947e-17 8.282838916935712712e-16 6.677620054874806016e-15 5.150583821793512926e-14 3.790844021047977241e-13 2.654633117012716697e-12 1.763140313206646459e-11 1.106812127759414405e-10 6.541948036207532497e-10 3.625440252116816317e-09 1.875087729289346559e-08 9.004592779780170921e-08 3.992263281875546703e-07 1.623796717108997971e-06 6.015865639889803716e-06 2.013605732036020794e-05 6.031723188590163977e-05 1.598938571229972609e-04 3.701470198793454353e-04 7.369612805290955658e-04 1.242426760404122081e-03 1.753695615033937618e-03 2.072685674707260006e-03 2.072685674700750456e-03 1.753695615016547665e-03 1.242426760382038834e-03 7.369612805086531507e-04 3.701470198638170581e-04 1.598938571131833881e-04 6.031723188070839268e-05 2.013605731800562914e-05 6.015865638956701209e-06 1.623796716781269488e-06 3.992263280845064948e-07 9.004592776855540855e-08 1.875087728535981559e-08 3.625440250348694597e-09 6.541948032423329053e-10 1.106812127021977977e-10 1.763140311905550486e-11 2.654633114955350896e-12 3.790844018175574388e-13 5.150583818277034806e-14 6.677620050769015352e-15 8.282838910107426394e-16 9.851977491924842607e-17 1.113484039266991920e-17 0.000000000000000000e+00
0.000000000000000000e+00 4.488081935731847977e-17 3.989602621701550495e-16 3.369185274822172893e-15 2.727348204975921087e-14 2.111297432316243617e-13 1.558713726453842284e-12 1.094187559288568623e-11 7.279451946445539276e-11 4.573177694514674513e-10 2.702233660511941515e-09 1.495239987419797741e-08 7.710568827007066713e-08 3.685877902921969563e-07 1.623796717108997124e-06 6.550208320099071609e-06 2.402203115092635616e-05 7.945748701630122419e-05 2.349135726435936278e-04 6.143106302392258977e-04 1.403563334014286748e-03 2.762256998613056656e-03 4.613864653994341827e-03 6.470554868073930335e-03 7.622049249762558390e-03 7.622049249755717508e-03 6.470554868063627812e-03 4.613864653999624060e-03 2.762256998645105672e-03 1.403563334061863925e-03 6.143106302810287219e-04 2.349135726712934483e-04 7.945748703143346102e-05 2.402203115799489015e-05 6.550208322988583901e-06 1.623796718161053125e-06 3.685877906380506730e-07 7.710568837381659924e-08 1.495239990284230565e-08 2.702233667843196962e-09 4.573177712015598396e-10 7.279451985619617552e-11 1.094187567551436351e-11 1.558713742955364451e-12 2.111297463676179543e-13 2.727348262023632804e-14 3.369185374902758172e-15 3.989602792599308589e-16 4.488082218490100057e-17 0.000000000000000000e+00
0.000000000000000000e+00 1.653936122468927231e-16 1.477112714117688028e-15 1.252985938619478087e-14 1.018435463671091106e-13 7.912492075362189320e-13 5.859489649200949896e-12 4.123105844478236898e-11 2.747398579610208535e-10 1.727078491738882634e-09 1.019964894685136192e-08 5.633018079580872899e-08 2.894492048969259528e-07 1.376092100784286629e-06 6.015865639889803716e-06 2.402203115092635277e-05 8.697912723861146072e-05 2.833223630459135041e-04 8.231262383181636852e-04 2.112613790217762050e-03 4.738056124135022612e-03 9.169441885402293546e-03 1.510976761378264241e-02 2.099182940374228964e-02 2.461014031059479898e-02 2.461014031125198856e-02 2.099182940546301043e-02 1.510976761588034810e-02 9.169441887215686732e-03 4.738056125405581791e-03 2.112613790966292628e-03 8.231262386896247936e-04 2.833223632042287596e-04 8.697912729761208953e-05 2.402203117037647219e-05 6.015865645604829878e-06 1.376092102287317372e-06 2.894492052506496115e-07 5.633018086974369386e-08 1.019964896028161690e-08 1.727078493734631017e-09 2.747398581532008625e-10 4.123105843404321234e-11 5.859489637144126038e-12 7.912492034039584124e-13 1.018435452873906458e-13 1.252985914103816126e-14 1.477112663369621890e-15 1.653936026087518010e-16 0.000000000000000000e+00
0.000000000000000000e+00 5.521050257872081632e-16 4.953675702901552336e-15 4.220724627522682468e-14 3.444615141050693013e-13 2.685903117804115010e-12 1.995113497156203348e-11 1.407251884618284836e-10 9.391898524114780827e-10 5.907373724314828918e-09 3.486488377973162078e-08 1.921398021284153515e-07 9.834061896334892532e-07 4.646621522262490053e-06 2.013605732036021810e-05 7.945748701630116998e-05 2.833223630459136668e-04 9.055137509713406026e-04 2.572388299837460521e-03 6.439580249241167072e-03 1.407674360988325421e-02 2.660057278359350894e-02 4.298421721832203224e-02 5.891072547339076121e-02 6.859674657132247555e-02 6.859674656634727474e-02 5.891072545979208347e-02 4.298421720052332529e-02 2.660057276634466769e-02 1.407674359615038000e-02 6.439580240331272548e-03 2.572388294995643469e-03 9.055137487006757182e-04 2.833223621091633692e-04 7.945748667131183340e-05 2.013605720553380258e-05 4.646621487370980341e-06 9.834061798736935730e-07 1.921397995979878808e-07 3.486488316810513717e-08 5.907373585823084194e-09 9.391898229142215750e-10 1.407251825319441217e-10 1.995113384318838720e-11 2.685902914100325248e-12 3.444614791552694305e-13 4.220724056990391733e-14 4.953674816664325139e-15 5.521048968827824519e-16 0.000000000000000000e+00
0.000000000000000000e+00 1.651480413397898335e-15 1.488508513477261789e-14 1.273815610959558025e-13 1.043771758792537026e-12 8.167973371457227351e-12 6.085857697885406756e-11 4.303028291078696780e-10 2.876441257702691007e-09 1.810358413034702258e-08 1.067799266140855362e-07 5.871931345803757975e-07 2.993115639749845512e-06 1.405117808204561711e-05 6.031723188590159911e-05 2.349135726435936549e-04 8.231262383181640104e-04 2.572388299837462255e-03 7.108725038119765791e-03 1.723396623170132466e-02 3.639782824328331029e-02 6.653335974165407174e-02 1.045528823307497746e-01 1.405129276821018292e-01 1.620263693752934664e-01 1.620263693885910516e-01 1.405129277208105321e-01 1.045528823854236095e-01 6.653335979998976912e-02 3.639782829340435649e-02 1.723396626515493954e-02 7.108725056744731943e-03 2.572388308767457020e-03 8.231262420754960210e-04 2.349135740547080172e-04 6.031723236551945685e-05 1.405117823119444970e-05 2.993115682565755868e-06 5.871931460106732333e-07 1.067799294693175182e-07 1.810358480111465352e-08 2.876441406533652411e-09 4.303028604072128726e-10 6.085858323582384170e-11 8.167974563299093013e-12 1.043771975533404705e-12 1.273815987830089568e-13 1.488509140522572742e-14 1.651481395459310033e-15 0.000000000000000000e+00
0.000000000000000000e+00 4.371797428974130797e-15 3.957576880810445242e-14 3.401028384028815801e-13 2.797686331529897714e-12 2.196989184311180537e-11 1.641893143816861394e-10 1.163709677231468188e-09 7.791944949005797771e-09 4.907541995313491368e-08 2.893210343167418211e-07 1.587834102045711935e-06 8.062013495092853861e-06 3.760588497131090347e-05 1.598938571229973694e-04 6.143106302392261145e-04 2.112613790217761616e-03 6.439580249241167072e-03 1.723396623170131425e-02 4.017565475064840963e-02 8.117137042159670857e-02 1.418762017941447851e-01 2.144416134399591278e-01 2.803002140809513487e-01 3.187479222587065730e-01 3.187479222651627975e-01 2.803002140896011518e-01 2.144416134399880769e-01 1.418762017815798082e-01 8.117137040589275654e-02 4.017565474289497285e-02 1.723396622841985235e-02 6.439580248244401901e-03 2.112613790059109879e-03 6.143106302675030829e-04 1.598938571566116212e-04 3.760588498679217885e-05 8.062013500089377550e-06 1.587834103239723035e-06 2.893210344968949822e-07 4.907541994576299403e-08 7.791944931004347520e-09 1.163709668795799237e-09 1.641893115091408859e-10 2.196989101833652095e-11 2.797686121104780395e-12 3.401027894514339014e-13 3.957575827424591001e-14 4.371795360643449198e-15 0.000000000000000000e+00
0.000000000000000000e+00 1.009928027792850909e-14 9.179199893576749226e-14 7.919119619853357628e-13 6.537919500068248246e-12 5.151036534730644557e-11 3.860582555742073683e-10 2.742595686269524265e-09 1.839415290243717839e-08 1.159429144902043441e-07 6.833353247690437731e-07 3.743908108935002439e-06 1.894272063949914035e-05 8.784239294792885145e-05 3.701470198793454895e-04 1.403563334014286748e-03 4.738056124135023479e-03 1.407674360988325421e-02 3.639782824328328253e-02 8.117137042159672244e-02 1.555130717363038539e-01 2.568207142430491974e-01 3.687507502802504500e-01 4.642144767268888694e-01 5.179069058736430753e-01 5.179069058092379274e-01 4.642144765525228478e-01 3.687507500381917991e-01 2.568207139802253791e-01 1.555130714985972773e-01 8.117137024932956357e-02 3.639782814367228253e-02 1.407674355991602594e-02 4.738056102186188369e-03 1.403563325417413535e-03 3.701470168262505490e-04 8.784239195348800722e-05 1.894272033994407847e-05 3.743908024978168203e-06 6.833353027846654161e-07 1.159429090973561360e-07 1.839415166118037036e-08 2.742595418013829219e-09 3.860582011487439776e-10 5.151035499410768532e-11 6.537917658741587290e-12 7.919116574886083061e-13 9.179195259626584928e-14 1.009927399756100517e-14 0.000000000000000000e+00
0.000000000000000000e+00 2.005765311265119098e-14 1.829360472112608754e-13 1.583557647741246645e-12 1.311484034452805130e-11 1.036245691459789289e-10 7.785961681968183109e-10 5.542669030880011264e-09 3.722968008227569872e-08 2.348513904909207102e-07 1.383948890213360292e-06 7.572287181608187752e-06 3.820115122793643267e-05 1.762642644972263722e-04 7.369612805290956742e-04 2.762256998613057089e-03 9.169441885402300485e-03 2.660057278359354710e-02 6.653335974165414113e-02 1.418762017941447851e-01 2.568207142430493084e-01 3.978295013513157841e-01 5.377880355911144328e-01 6.470209351511800877e-01 7.051605292346686538e-01 7.051605291599731817e-01 6.470209349743378802e-01 5.377880353963606641e-01 3.978295011965604089e-01 2.568207141215637646e-01 1.418762016835550255e-01 6.653335965990876677e-02 2.660057273824283086e-02 9.169441864849114596e-03 2.762256991280352333e-03 7.369612786092314500e-04 1.762642642475215201e-04 3.820115131313291064e-05 7.572287263393940171e-06 1.383948930041231484e-06 2.348514055580974654e-07 3.722968495750574540e-08 5.542670435412733165e-09 7.785965364429259521e-10 1.036246582368849341e-10 1.311486042745815860e-11 1.583561896464562264e-12 1.829368950075108756e-13 2.005780986509383111e-14 0.000000000000000000e+00
0.000000000000000000e+00 3.377033513898310514e-14 3.088199176389374983e-13 2.680142344125134756e-12 2.225005256406335354e-11 1.761898955452635127e-10 1.326363226722424906e-09 9.456961373606907502e-09 6.359377609963417109e-08 4.013918082575813596e-07 2.365009537152925857e-06 1.292618941521691777e-05 6.506006860228059842e-05 2.990069672575691685e-04 1.242426760404123165e-03 4.613864653994344429e-03 1.510976761378264414e-02 4.298421721832201142e-02 1.045528823307497746e-01 2.144416134399591833e-01 3.687507502802501724e-01 5.377880355911139887e-01 6.858716131564204233e-01 7.894472876908926740e-01 8.407423739837683874e-01 8.407423741285005026e-01 7.894472881071645798e-01 6.858716137961017312e-01 5.377880363860593205e-01 3.687507510611955919e-01 2.144416140064350773e-01 1.045528826400688310e-01 4.298421734862970661e-02 1.510976765356421801e-02 4.613864659285248429e-03 1.242426757338057318e-03 2.990069642076215585e-04 6.506006693073020845e-05 1.292618869766780838e-05 2.365009273710675343e-06 4.013917223083383324e-07 6.359375064271974617e-08 9.456954433265376311e-09 1.326361467847028872e-09 1.761894780967085130e-10 2.224995922806174017e-11 2.680122589489345112e-12 3.088159471025169500e-13 3.376959125103862721e-14 0.000000000000000000e+00
0.000000000000000000e+00 4.774041138241478408e-14 4.372825965409484969e-13 3.800973948612201733e-12 3.160065266397181056e-11 2.505581542660377956e-10 1.888299051610205384e-09 1.347528900667266023e-08 9.066711484099208409e-08 5.723843820524334650e-07 3.371513791133793069e-06 1.841030552269331093e-05 9.250016432939697178e-05 4.239011875684414298e-04 1.753695615033937401e-03 6.470554868073929468e-03 2.099182940374229658e-02 5.891072547339074039e-02 1.405129276821019124e-01 2.803002140809510156e-01 4.642144767268893135e-01 6.470209351511800877e-01 7.894472876908924519e-01 8.783852829709067889e-01 9.189619175361901648e-01 9.189619180975840962e-01 8.783852844950106320e-01 7.894472898298924290e-01 6.470209375837091548e-01 4.642144790843035773e-01 2.803002159666472259e-01 1.405129289118869362e-01 5.891072613166165040e-02 2.099182970247457161e-02 6.470554982871769105e-03 1.753695652296438645e-03 4.239011975660899722e-04 9.250016637711065497e-05 1.841030573565851210e-05 3.371513728670657464e-06 5.723843318073582764e-07 9.066709377034758076e-08 1.347528202800835254e-08 1.888297047907505269e-09 2.505576361131651490e-10 3.160052949796104963e-11 3.800946695193450147e-12 4.372769380938135241e-13 4.773932808166995048e-14 0.000000000000000000e+00
0.000000000000000000e+00 5.660377874636375785e-14 5.188032935703661520e-13 4.512313400999661633e-12 3.753489765873648149e-11 2.977467943663356267e-10 2.244736431138567651e-09 1.602268716547276009e-08 1.078160865260464751e-07 6.805736524052968197e-07 4.007382683064795400e-06 2.186807040733667338e-05 1.097563368100321730e-04 5.021758664996879692e-04 2.072685674707259573e-03 7.622049249762559257e-03 2.461014031059478510e-02 6.859674657132240616e-02 1.620263693752933554e-01 3.187479222587066841e-01 5.179069058736425202e-01 7.051605292346676546e-01 8.407423739837676102e-01 9.189619175361897208e-01 9.524313785363884843e-01 9.524313795119743187e-01 9.189619201884733357e-01 8.407423776941521654e-01 7.051605334079312781e-01 5.179069099737840798e-01 3.187479257747682926e-01 1.620263719739493957e-01 6.859674821699469904e-02 2.461014121940737973e-02 7.622049694313813573e-03 2.072685869098181768e-03 5.021759433610673180e-04 1.097563645451123289e-04 2.186807961446466688e-05 4.007385514639967828e-06 6.805744640706321773e-07 1.078163045330135295e-07 1.602274228753159182e-08 2.244749605251372667e-09 2.977497813724595021e-10 3.753554223762986685e-11 4.512446170167055136e-12 5.188294411869172619e-13 5.660861043049111697e-14 0.000000000000000000e+00
0.000000000000000000e+00 5.660377874604597943e-14 5.188032935699115662e-13 4.512313400999307012e-12 3.753489765873622300e-11 2.977467943663360403e-10 2.244736431138554416e-09 1.602268716547273362e-08 1.078160865260479971e-07 6.805736524053143956e-07 4.007382683064526043e-06 2.186807040733356985e-05 1.097563368100740774e-04 5.021758665000452138e-04 2.072685674700750890e-03 7.622049249755714039e-03 2.461014031125198856e-02 6.859674656634714984e-02 1.620263693885909129e-01 3.187479222651629085e-01 5.179069058092377054e-01 7.051605291599726266e-01 8.407423741285003915e-01 9.189619180975842072e-01 9.524313795119737636e-01 9.524313807595288228e-01 9.189619215366394700e-01 8.407423790278082398e-01 7.051605347162848147e-01 5.179069113645524691e-01 3.187479272909912731e-01 1.620263734660129795e-01 6.859674946025728914e-02 2.461014208989140140e-02 7.622050213192245981e-03 2.072686137014338476e-03 5.021760651618887000e-04 1.097564139934296095e-04 2.186809775620132513e-05 4.007391590204601805e-06 6.805763371437910663e-07 1.078168399797994095e-07 1.602288509845291951e-08 2.244785334092072561e-09 2.977582054235877457e-10 3.753742178615515986e-11 4.512844451879837946e-12 5.189097833383625888e-13 5.662374055462591789e-14 0.000000000000000000e+00
0.000000000000000000e+00 4.774041138156801447e-14 4.372825965397271635e-13 3.800973948611226727e-12 3.160065266397122248e-11 2.505581542660386745e-10 1.888299051610172710e-09 1.347528900667259241e-08 9.066711484099626632e-08 5.723843820524761343e-07 3.371513791133076056e-06 1.841030552268563682e-05 9.250016432951044709e-05 4.239011875693145920e-04 1.753695615016548099e-03 6.470554868063630415e-03 2.099182940546302778e-02 5.891072545979206265e-02 1.405129277208105043e-01 2.803002140896012628e-01 4.642144765525224037e-01 6.470209349743381022e-01 7.894472881071639137e-01 8.783852844950100769e-01 9.189619201884721145e-01 9.189619215366391369e-01 8.783852882812378526e-01 7.894472936690817289e-01 6.470209413963035061e-01 4.642144830854123549e-01 2.803002202452558600e-01 1.405129330771247020e-01 5.891072959151047450e-02 2.099183212687388833e-02 6.470556431582812594e-03 1.753696402620045060e-03 4.239015397758758171e-04 9.250030574469831582e-05 1.841035702201875850e-05 3.371530953672736627e-06 5.723896567605049071e-07 9.066861996616481969e-08 1.347569010251373225e-08 1.888399386361098674e-09 2.505818211381231486e-10 3.160593770892892883e-11 3.802095214118966729e-12 4.375091124278141162e-13 4.778313722264990936e-14 0.000000000000000000e+00
0.000000000000000000e+00 3.377033513787432643e-14 3.088199176373131769e-13 2.680142344123785741e-12 2.225005256406283009e-11 1.761898955452625304e-10 1.326363226722395127e-09 9.456961373606796660e-09 6.359377609963969003e-08 4.013918082576258818e-07 2.365009537151999627e-06 1.292618941520860160e-05 6.506006860242847004e-05 2.990069672584877588e-04 1.242426760382038834e-03 4.613864653999628397e-03 1.510976761588034810e-02 4.298421720052331141e-02 1.045528823854236233e-01 2.144416134399881047e-01 3.687507500381917436e-01 5.377880353963604421e-01 6.858716137961013981e-01 7.894472898298922070e-01 8.407423776941520543e-01 8.407423790278081288e-01 7.894472936690818399e-01 6.858716196257963471e-01 5.377880422587789644e-01 3.687507571338889956e-01 2.144416203454582170e-01 1.045528887165794868e-01 4.298422236566389054e-02 1.510977116708914735e-02 4.613866763267296910e-03 1.242427850736395984e-03 2.990074648596640597e-04 6.506027167700876082e-05 1.292626436208666112e-05 2.365034793345386279e-06 4.013996442070086717e-07 6.359603039467624467e-08 9.457566422119453266e-09 1.326515542878029431e-09 1.762260285670890006e-10 2.225816308888013864e-11 2.681871178532131124e-12 3.091706907815229072e-13 3.383674890479860858e-14 0.000000000000000000e+00
0.000000000000000000e+00 2.005765311155786132e-14 1.829360472096268100e-13 1.583557647739807358e-12 1.311484034452788327e-11 1.036245691459744699e-10 7.785961681968123139e-10 5.542669030879868989e-09 3.722968008228133016e-08 2.348513904909460153e-07 1.383948890212477472e-06 7.572287181602576159e-06 3.820115122807882907e-05 1.762642644977955512e-04 7.369612805086531507e-04 2.762256998645105672e-03 9.169441887215683262e-03 2.660057276634467463e-02 6.653335979998978300e-02 1.418762017815798360e-01 2.568207139802254346e-01 3.978295011965606309e-01 5.377880363860603197e-01 6.470209375837102650e-01 7.051605334079312781e-01 7.051605347162844817e-01 6.470209413963037282e-01 5.377880422587790754e-01 3.978295081917554987e-01 2.568207213373384645e-01 1.418762091329242858e-01 6.653336673216588004e-02 2.660057854650337353e-02 9.169445924715661708e-03 2.762259422903264906e-03 7.369625441053886429e-04 1.762648449722347647e-04 3.820138943489394869e-05 7.572375519649149473e-06 1.383978789049903194e-06 2.348607043207352321e-07 3.723236973165958938e-08 5.543393546538426275e-09 7.787791966540899149e-10 1.036681350687060661e-10 1.312465161773812319e-11 1.585655783152904481e-12 1.833631016657114169e-13 2.013874532447693253e-14 0.000000000000000000e+00
0.000000000000000000e+00 1.009928027702502196e-14 9.179199893439338491e-14 7.919119619840483418e-13 6.537919500068512394e-12 5.151036534729911727e-11 3.860582555742288750e-10 2.742595686269348489e-09 1.839415290244202567e-08 1.159429144902085528e-07 6.833353247683568294e-07 3.743908108932598559e-06 1.894272063961213455e-05 8.784239294811434489e-05 3.701470198638170581e-04 1.403563334061864142e-03 4.738056125405580923e-03 1.407674359615037306e-02 3.639782829340437731e-02 8.117137040589279817e-02 1.555130714985973883e-01 2.568207141215640421e-01 3.687507510611955919e-01 4.642144790843041879e-01 5.179069099737845239e-01 5.179069113645519140e-01 4.642144830854125215e-01 3.687507571338889401e-01 2.568207213373384645e-01 1.555130791279671909e-01 8.117137802901047694e-02 3.639783539061253875e-02 1.407674941335767399e-02 4.738060144179450164e-03 1.403565726470919076e-03 3.701482597926565653e-04 8.784296051351622096e-05 1.894295308006620218e-05 3.743994236426544104e-06 6.833644770368702726e-07 1.159520024694510958e-07 1.839678066388647944e-08 2.743304724710922797e-09 3.862377352222300784e-10 5.155318390745797520e-11 6.547586475216597281e-12 7.939847384832738188e-13 9.221507011145454886e-14 1.017983307266394761e-14 0.000000000000000000e+00
0.000000000000000000e+00 4.371797428313795055e-15 3.957576880709586535e-14 3.401028384018800171e-13 2.797686331530457919e-12 2.196989184310331062e-11 1.641893143817254047e-10 1.163709677231249399e-09 7.791944949009579641e-09 4.907541995312734332e-08 2.893210343163040639e-07 1.587834102045194609e-06 8.062013495167084440e-06 3.760588497129642259e-05 1.598938571131834423e-04 6.143106302810287219e-04 2.112613790966292194e-03 6.439580240331272548e-03 1.723396626515493260e-02 4.017565474289495203e-02 8.117137024932959133e-02 1.418762016835551087e-01 2.144416140064350496e-01 2.803002159666472815e-01 3.187479257747684591e-01 3.187479272909911066e-01 2.803002202452558600e-01 2.144416203454581893e-01 1.418762091329243413e-01 8.117137802901050470e-02 4.017566227559519337e-02 1.723397295490719863e-02 6.439585481874039209e-03 2.112617302553005446e-03 6.143126744163717031e-04 1.598949002025796043e-04 3.760635736024923347e-05 8.062205566373473493e-06 1.587904938278377580e-06 2.893449431863841005e-07 4.908286274213139672e-08 7.794096248114700126e-09 1.164290429943909887e-09 1.643364866175747760e-10 2.200506053414289945e-11 2.805642571303238583e-12 3.418128839375094889e-13 3.992573134637477411e-14 4.438608488969724024e-15 0.000000000000000000e+00
0.000000000000000000e+00 1.651480412959051267e-15 1.488508513411030605e-14 1.273815610952639525e-13 1.043771758793179424e-12 8.167973371449398216e-12 6.085857697889744284e-11 4.303028291076408074e-10 2.876441257705357837e-09 1.810358413033669606e-08 1.067799266138584917e-07 5.871931345805593919e-07 2.993115639790431943e-06 1.405117808197535234e-05 6.031723188070839945e-05 2.349135726712936652e-04 8.231262386896251188e-04 2.572388294995642602e-03 7.108725056744722402e-03 1.723396622841984888e-02 3.639782814367227559e-02 6.653335965990875289e-02 1.045528826400687894e-01 1.405129289118869640e-01 1.620263719739492847e-01 1.620263734660128963e-01 1.405129330771246465e-01 1.045528887165795284e-01 6.653336673216582453e-02 3.639783539061253875e-02 1.723397295490719516e-02 7.108730699617622252e-03 2.572392484021685313e-03 8.231289369780024666e-04 2.349150979207687798e-04 6.031799397105986347e-05 1.405151808853657973e-05 2.993252440907707667e-06 5.872432246312840784e-07 1.067967529547222019e-07 1.810880697794477240e-08 2.877948670239247975e-09 4.307096124940088705e-10 6.096171455622334317e-11 8.192648949660836998e-12 1.049363934632613884e-12 1.285861474343835979e-13 1.513223783800465398e-14 1.698789630813678477e-15 0.000000000000000000e+00
0.000000000000000000e+00 5.521050255210714415e-16 4.953675702508742992e-15 4.220724627480073251e-14 3.444615141056014353e-13 2.685903117798270624e-12 1.995113497159724035e-11 1.407251884616419802e-10 9.391898524131407157e-10 5.907373724306553803e-09 3.486488377963471492e-08 1.921398021287001928e-07 9.834061896524039224e-07 4.646621522201973784e-06 2.013605731800562575e-05 7.945748703143348812e-05 2.833223632042288138e-04 9.055137487006751761e-04 2.572388308767453551e-03 6.439580248244403636e-03 1.407674355991602073e-02 2.660057273824283433e-02 4.298421734862970661e-02 5.891072613166164346e-02 6.859674821699465741e-02 6.859674946025730302e-02 5.891072959151044675e-02 4.298422236566391830e-02 2.660057854650336659e-02 1.407674941335767226e-02 6.439585481874037474e-03 2.572392484021687048e-03 9.055166981275844778e-04 2.833241903499766662e-04 7.945848882600691843e-05 2.013654657173891331e-05 4.646836169652136957e-06 9.834915088771442192e-07 1.921707734088146860e-07 3.487522613209847290e-08 5.910571602971599909e-09 9.401107566607083122e-10 1.409734593106800607e-10 2.001408532659191487e-11 2.700976778264799709e-12 3.478827757124810593e-13 4.294570871818550522e-14 5.105564844341391856e-15 5.812553161224517995e-16 0.000000000000000000e+00
0.000000000000000000e+00 1.653936120970824906e-16 1.477112713903443464e-15 1.252985938595675472e-14 1.018435463674735013e-13 7.912492075324447185e-13 5.859489649224954290e-12 4.123105844465164214e-11 2.747398579619850876e-10 1.727078491733536152e-09 1.019964894681829290e-08 5.633018079599862319e-08 2.894492049046175943e-07 1.376092100748319281e-06 6.015865638956700362e-06 2.402203115799489693e-05 8.697912729761202177e-05 2.833223621091634234e-04 8.231262420754949368e-04 2.112613790059109879e-03 4.738056102186186634e-03 9.169441864849114596e-03 1.510976765356421281e-02 2.099182970247457161e-02 2.461014121940737279e-02 2.461014208989137711e-02 2.099183212687388139e-02 1.510977116708914214e-02 9.169445924715661708e-03 4.738060144179446695e-03 2.112617302553002844e-03 8.231289369780032256e-04 2.833241903499766662e-04 8.698022190403043995e-05 2.402261471495960700e-05 6.016144449079921446e-06 1.376212390198828173e-06 2.894964232833235604e-07 5.634716513478933681e-08 1.020528392041569489e-08 1.728813229606288359e-09 2.752380694287958644e-10 4.136519100747374277e-11 5.893490056475401057e-12 7.993955267031003065e-13 1.036949244265324163e-13 1.293022527920141751e-14 1.559655872992726208e-15 1.812756340265877053e-16 0.000000000000000000e+00
0.000000000000000000e+00 4.488081927931236975e-17 3.989602620623475433e-16 3.369185274701007802e-15 2.727348204997186884e-14 2.111297432294993850e-13 1.558713726467797927e-12 1.094187559280789248e-11 7.279451946496209258e-11 4.573177694485685968e-10 2.702233660503403770e-09 1.495239987429132970e-08 7.710568827283837376e-08 3.685877902750293984e-07 1.623796716781269488e-06 6.550208322988587289e-06 2.402203117037646880e-05 7.945748667131184695e-05 2.349135740547079630e-04 6.143106302675029745e-04 1.403563325417413535e-03 2.762256991280352333e-03 4.613864659285247562e-03 6.470554982871766503e-03 7.622049694313810103e-03 7.622050213192229501e-03 6.470556431582804788e-03 4.613866763267291705e-03 2.762259422903262738e-03 1.403565726470918642e-03 6.143126744163714863e-04 2.349150979207686443e-04 7.945848882600685067e-05 2.402261471495959684e-05 6.550512048451613279e-06 1.623939014781361310e-06 3.686482390684328772e-07 7.712913503163437970e-08 1.496075829622097390e-08 2.704988745875134626e-09 4.581621010612088213e-10 7.303630846809195919e-11 1.100687028923004916e-11 1.575180973767328339e-12 2.150768562399463841e-13 2.817156156216413369e-14 3.563740833158500901e-15 4.391626580777164026e-16 5.263535006037077562e-17 0.000000000000000000e+00
0.000000000000000000e+00 1.113484042830125482e-17 9.851977507729596888e-17 8.282838916368608496e-16 6.677620054984083762e-15 5.150583821686633002e-14 3.790844021119744146e-13 2.654633116971763986e-12 1.763140313231300642e-11 1.106812127745379476e-10 6.541948036197483286e-10 3.625440252153602280e-09 1.875087729378756842e-08 9.004592779081072278e-08 3.992263280845064948e-07 1.623796718161054607e-06 6.015865645604830725e-06 2.013605720553380936e-05 6.031723236551945008e-05 1.598938571566116483e-04 3.701470168262503864e-04 7.369612786092317753e-04 1.242426757338057968e-03 1.753695652296437344e-03 2.072685869098182636e-03 2.072686137014333706e-03 1.753696402620042458e-03 1.242427850736395117e-03 7.369625441053883176e-04 3.701482597926565653e-04 1.598949002025796314e-04 6.031799397105986347e-05 2.013654657173891669e-05 6.016144449079920599e-06 1.623939014781360039e-06 3.992918958616266525e-07 9.007340507126662780e-08 1.876142079857110523e-08 3.629167787238114316e-09 6.554159117934223589e-10 1.110538071734068745e-10 1.773779774040136560e-11 2.683187188520158853e-12 3.863150071532460483e-13 5.323955378620796654e-14 7.072510565059019533e-15 9.139751704768311109e-16 1.162656510499950983e-16 1.456610459427056989e-17 0.000000000000000000e+00
0.000000000000000000e+00 2.545961700489497579e-18 2.242136877360441561e-17 1.876621971266821771e-16 1.506748842435861162e-15 1.157950192633092999e-14 8.495903843958314184e-14 5.934480399027238429e-13 3.934390019820246475e-12 2.467365265581153905e-11 1.458296356577116789e-10 8.089939791997141954e-10 4.193482786857515313e-09 2.020966678433106836e-08 9.004592776855532914e-08 3.685877906380509377e-07 1.376092102287316736e-06 4.646621487370980341e-06 1.405117823119445140e-05 3.760588498679216530e-05 8.784239195348800722e-05 1.762642642475216828e-04 2.990069642076217753e-04 4.239011975660897011e-04 5.021759433610671012e-04 5.021760651618880494e-04 4.239015397758756003e-04 2.990074648596637344e-04 1.762648449722346291e-04 8.784296051351622096e-05 3.760635736024923347e-05 1.405151808853658651e-05 4.646836169652136957e-06 1.376212390198828809e-06 3.686482390684328242e-07 9.007340507126661456e-08 2.022105047247087742e-08 4.197810391162713073e-09 8.105127851246996742e-10 1.463244333277150372e-10 2.482402952477406996e-11 3.977217318295490262e-12 6.049249778915364079e-13 8.786383601867396055e-14 1.227623219110833764e-14 1.665609746087174285e-15 2.221918435217255753e-16 2.958754194624673925e-17 3.934889927021417648e-18 0.000000000000000000e+00
0.000000000000000000e+00 5.401866615939377495e-19 4.735044462164955708e-18 3.945407535519005074e-17 3.154749295796702839e-16 2.415489284127871534e-15 1.766554767888536686e-14 1.230681348278579675e-13 8.142620823347215552e-13 5.099888819645091330e-12 3.012796052066624072e-11 1.672095872988573415e-10 8.679862835949669480e-10 4.193482785791401926e-09 1.875087728535980566e-08 7.710568837381655953e-08 2.894492052506495056e-07 9.834061798736935730e-07 2.993115682565757986e-06 8.062013500089375856e-06 1.894272033994407508e-05 3.820115131313291741e-05 6.506006693073022201e-05 9.250016637711060076e-05 1.097563645451123018e-04 1.097564139934295688e-04 9.250030574469826161e-05 6.506027167700873372e-05 3.820138943489394191e-05 1.894295308006620218e-05 8.062205566373473493e-06 2.993252440907707667e-06 9.834915088771435839e-07 2.894964232833238251e-07 7.712913503163439294e-08 1.876142079857108869e-08 4.197810391162713073e-09 8.696187638541685508e-10 1.677789773391087008e-10 3.031257720951640727e-11 5.155804069424701124e-12 8.301505776285240985e-13 1.273206499492490851e-13 1.874146939065397489e-14 2.673661688022884455e-15 3.744043582378559044e-16 5.228409127572981295e-17 7.403463519848212647e-18 1.058599908522468482e-18 0.000000000000000000e+00
0.000000000000000000e+00 1.069879828693452894e-19 9.334269963415557572e-19 7.742643682137738867e-18 6.165234464825157936e-17 4.702690250914553323e-16 3.427820066161528009e-15 2.381251795171243817e-14 1.571952657270259885e-13 9.829391857009962540e-13 5.801352065697885996e-12 3.219155028452306367e-11 1.672095873128191680e-10 8.089939789523579307e-10 3.625440250348695010e-09 1.495239990284230234e-08 5.633018086974369386e-08 1.921397995979879073e-07 5.871931460106734450e-07 1.587834103239724517e-06 3.743908024978169050e-06 7.572287263393943559e-06 1.292618869766782024e-05 1.841030573565852226e-05 2.186807961446465671e-05 2.186809775620132175e-05 1.841035702201875512e-05 1.292626436208665773e-05 7.572375519649146085e-06 3.743994236426543257e-06 1.587904938278378427e-06 5.872432246312842902e-07 1.921707734088147654e-07 5.634716513478937652e-08 1.496075829622098382e-08 3.629167787238114316e-09 8.105127851246995708e-10 1.677789773391086750e-10 3.238915065784186926e-11 5.865172881426928587e-12 1.002214569876217349e-12 1.626624751635523485e-13 2.527444316360388025e-14 3.797648285642879043e-15 5.590608269302762781e-16 8.194345332737675631e-17 1.216796572306026724e-17 1.855821082345852963e-18 2.866160403898663844e-19 0.000000000000000000e+00
0.000000000000000000e+00 1.988216067603979744e-20 1.726490343427052908e-19 1.425591753025202925e-18 1.130348732317549142e-17 8.588560353470414737e-17 6.238450993476429596e-16 4.320587340617047739e-15 2.844921666811766926e-14 1.775356689102775958e-13 1.046330911475517391e-12 5.801352065580675150e-12 3.012796052421778592e-11 1.458296355940807328e-10 6.541948032423330087e-10 2.702233667843197376e-09 1.019964896028161855e-08 3.486488316810515702e-08 1.067799294693175844e-07 2.893210344968950881e-07 6.833353027846660514e-07 1.383948930041231484e-06 2.365009273710679155e-06 3.371513728670658311e-06 4.007385514639968675e-06 4.007391590204600958e-06 3.371530953672737474e-06 2.365034793345387126e-06 1.383978789049902771e-06 6.833644770368702726e-07 2.893449431863841005e-07 1.067967529547222284e-07 3.487522613209849937e-08 1.020528392041570151e-08 2.704988745875135040e-09 6.554159117934223589e-10 1.463244333277150631e-10 3.031257720951640727e-11 5.865172881426929395e-12 1.066882082251878274e-12 1.837294143795726123e-13 3.020369405633336267e-14 4.789473875727885305e-15 7.424772969580995748e-16 1.143895565109091643e-16 1.782591225858776691e-17 2.850654987636457852e-18 4.703489340390517970e-19 7.799746164170197327e-20 0.000000000000000000e+00
0.000000000000000000e+00 3.482469579788940835e-21 3.009731818967752121e-20 2.473746746238041152e-19 1.952950624225103204e-18 1.477937992079277284e-17 1.069604374922080379e-16 7.383608029521648993e-16 4.847962813439999436e-15 3.018107297559019479e-14 1.775356689770410778e-13 9.829391857931475265e-13 5.099888820763261803e-12 2.467365264073751655e-11 1.106812127021977848e-10 4.573177712015602532e-10 1.727078493734630603e-09 5.907373585823085848e-09 1.810358480111466013e-08 4.907541994576299403e-08 1.159429090973562022e-07 2.348514055580977036e-07 4.013917223083388088e-07 5.723843318073580646e-07 6.805744640706322832e-07 6.805763371437912780e-07 5.723896567605049071e-07 4.013996442070090423e-07 2.348607043207352321e-07 1.159520024694510958e-07 4.908286274213139672e-08 1.810880697794476909e-08 5.910571602971600736e-09 1.728813229606288979e-09 4.581621010612088730e-10 1.110538071734069262e-10 2.482402952477408288e-11 5.155804069424705163e-12 1.002214569876217753e-12 1.837294143795726880e-13 3.204506581376110879e-14 5.375560674156593311e-15 8.793425356881051682e-16 1.426461322871044295e-16 2.336218496801503987e-17 3.919844998001252300e-18 6.779496328853873681e-19 1.202560896043607376e-19 2.112677281133376120e-20 0.000000000000000000e+00
0.000000000000000000e+00 5.772043127498495268e-22 4.964660953253225617e-21 4.061457761519986446e-20 3.192215352904350935e-19 2.405766723749767061e-18 1.734405322771727262e-17 1.193083978724499801e-16 7.808927659574953551e-16 4.847962808180946193e-15 2.844921667323721876e-14 1.571952657008520886e-13 8.142620824696369143e-13 3.934390016086608453e-12 1.763140311905549840e-11 7.279451985619625307e-11 2.747398581532007591e-10 9.391898229142221953e-10 2.876441406533654066e-09 7.791944931004345865e-09 1.839415166118037367e-08 3.722968495750577849e-08 6.359375064271983881e-08 9.066709377034766017e-08 1.078163045330135825e-07 1.078168399797993434e-07 9.066861996616477999e-08 6.359603039467631084e-08 3.723236973165958938e-08 1.839678066388647613e-08 7.794096248114701780e-09 2.877948670239249216e-09 9.401107566607089326e-10 2.752380694287959678e-10 7.303630846809201089e-11 1.773779774040137206e-11 3.977217318295494301e-12 8.301505776285248053e-13 1.626624751635524999e-13 3.020369405633339422e-14 5.375560674156593311e-15 9.301927846546527943e-16 1.592150648655119881e-16 2.745332229237746189e-17 4.840222420767441283e-18 8.780652596843337957e-19 1.632087403108890113e-19 3.069807434609188334e-20 5.626381631538110774e-21 0.000000000000000000e+00
0.000000000000000000e+00 9.084830849419425504e-23 7.776278801327871775e-22 6.331300341199354492e-21 4.953682383086055352e-20 3.717242597948994417e-19 2.669096440229561597e-18 1.829167098614757766e-17 1.193083981869234635e-16 7.383608024189789410e-16 4.320587345164951554e-15 2.381251795051339169e-14 1.230681348716912698e-13 5.934480391421199605e-13 2.654633114955351704e-12 1.094187567551437482e-11 4.123105843404320588e-11 1.407251825319441992e-10 4.303028604072130794e-10 1.163709668795798824e-09 2.742595418013829632e-09 5.542670435412733165e-09 9.456954433265386237e-09 1.347528202800836577e-08 1.602274228753160175e-08 1.602288509845290628e-08 1.347569010251372563e-08 9.457566422119464846e-09 5.543393546538429584e-09 2.743304724710921143e-09 1.164290429943909680e-09 4.307096124940092324e-10 1.409734593106801641e-10 4.136519100747378155e-11 1.100687028923005723e-11 2.683187188520160468e-12 6.049249778915368118e-13 1.273206499492491356e-13 2.527444316360389287e-14 4.789473875727886883e-15 8.793425356881051682e-16 1.592150648655119635e-16 2.896606006159645944e-17 5.376239655645164673e-18 1.024647238544777624e-18 1.997074085121995803e-19 3.934960547851244291e-20 7.726510099997178874e-21 1.458002921542858503e-21 0.000000000000000000e+00
0.000000000000000000e+00 1.362102256516992540e-23 1.160196817868297428e-22 9.400305038307336331e-22 7.320654898286751604e-21 5.468986564066171385e-20 3.910314330121167132e-19 2.669096424347307511e-18 1.734405326163599276e-17 1.069604371756024730e-16 6.238451000997928421e-16 3.427820064067783093e-15 1.766554768416006006e-14 8.495903828015121007e-14 3.790844018175576913e-13 1.558713742955365461e-12 5.859489637144124423e-12 1.995113384318838720e-11 6.085858323582384170e-11 1.641893115091408600e-10 3.860582011487437708e-10 7.785965364429254351e-10 1.326361467847030526e-09 1.888297047907506096e-09 2.244749605251373908e-09 2.244785334092072561e-09 1.888399386361098674e-09 1.326515542878030878e-09 7.787791966540900183e-10 3.862377352222301301e-10 1.643364866175747760e-10 6.096171455622339487e-11 2.001408532659193102e-11 5.893490056475407520e-12 1.575180973767329752e-12 3.863150071532461493e-13 8.786383601867399841e-14 1.874146939065398751e-14 3.797648285642880621e-15 7.424772969580998707e-16 1.426461322871044788e-16 2.745332229237744957e-17 5.376239655645163132e-18 1.078613538284143630e-18 2.208279029319562426e-19 4.561460118563501628e-20 9.380704963348670500e-21 1.897345470369205867e-21 3.650914232230230634e-22 0.000000000000000000e+00
0.000000000000000000e+00 1.950867687562321506e-24 1.653432229871892811e-23 1.333042886711313428e-22 1.033168264901062988e-21 7.682886149218604677e-21 5.468986629690138587e-20 3.717242579557868081e-19 2.405766740779017585e-18 1.477937986379870951e-17 8.588560380790270258e-17 4.702690247078765489e-16 2.415489285473250536e-15 1.157950189798775405e-14 5.150583818277038592e-14 2.111297463676180553e-13 7.912492034039585134e-13 2.685902914100325248e-12 8.167974563299094629e-12 2.196989101833653388e-11 5.151035499410764654e-11 1.036246582368847919e-10 1.761894780967086939e-10 2.505576361131654075e-10 2.977497813724596055e-10 2.977582054235877974e-10 2.505818211381231486e-10 1.762260285670891040e-10 1.036681350687060919e-10 5.155318390745800105e-11 2.200506053414289622e-11 8.192648949660840230e-12 2.700976778264803344e-12 7.993955267031016192e-13 2.150768562399465608e-13 5.323955378620796654e-14 1.227623219110833606e-14 2.673661688022885638e-15 5.590608269302763767e-16 1.143895565109091643e-16 2.336218496801504911e-17 4.840222420767443594e-18 1.024647238544778394e-18 2.208279029319564352e-19 4.791136853707098032e-20 1.032797893578578399e-20 2.187575536155531571e-21 4.513569554163951094e-22 8.800551184341782538e-23 0.000000000000000000e+00
0.000000000000000000e+00 2.675903552885380122e-25 2.256492475026990635e-24 1.810073749176016552e-23 1.396008655053340537e-22 1.033168243681001916e-21 7.320654982544864099e-21 4.953682307543697594e-20 3.192215385778633194e-19 1.952950606887334495e-18 1.130348738075860582e-17 6.165234452043359320e-17 3.154749297224046560e-16 1.506748837584340168e-15 6.677620050769016141e-15 2.727348262023634066e-14 1.018435452873906584e-13 3.444614791552694810e-13 1.043771975533404503e-12 2.797686121104779991e-12 6.537917658741588906e-12 1.311486042745814083e-11 2.224995922806175632e-11 3.160052949796105610e-11 3.753554223762990563e-11 3.753742178615517924e-11 3.160593770892894176e-11 2.225816308888016126e-11 1.312465161773811511e-11 6.547586475216598089e-12 2.805642571303237775e-12 1.049363934632614691e-12 3.478827757124815642e-13 1.036949244265325930e-13 2.817156156216415577e-14 7.072510565059021111e-15 1.665609746087174285e-15 3.744043582378558551e-16 8.194345332737676864e-17 1.782591225858776999e-17 3.919844998001254611e-18 8.780652596843337957e-19 1.997074085121997729e-19 4.561460118563506443e-20 1.032797893578579301e-20 2.292897355952246530e-21 4.953993918291930452e-22 1.036064515370087139e-22 2.039038978871577424e-23 0.000000000000000000e+00
0.000000000000000000e+00 3.523160965747540311e-26 2.955755626913738378e-25 2.358808780907003834e-24 1.810073865588840873e-23 1.333042881441771617e-22 9.400305411478185556e-22 6.331300220510175879e-21 4.061457860996399235e-20 2.473746711756689281e-19 1.425591768376724645e-18 7.742643657861763237e-18 3.945407537722594335e-17 1.876621964723103959e-16 8.282838910107431324e-16 3.369185374902761327e-15 1.252985914103816600e-14 4.220724056990392995e-14 1.273815987830089821e-13 3.401027894514341033e-13 7.919116574886085080e-13 1.583561896464560648e-12 2.680122589489346728e-12 3.800946695193452570e-12 4.512446170167059983e-12 4.512844451879840369e-12 3.802095214118967536e-12 2.681871178532133951e-12 1.585655783152903270e-12 7.939847384832737178e-13 3.418128839375093879e-13 1.285861474343835979e-13 4.294570871818555571e-14 1.293022527920144117e-14 3.563740833158503268e-15 9.139751704768313081e-16 2.221918435217255260e-16 5.228409127572978214e-17 1.216796572306027032e-17 2.850654987636458238e-18 6.779496328853879459e-19 1.632087403108891317e-19 3.934960547851246096e-20 9.380704963348678024e-21 2.187575536155533076e-21 4.953993918291935154e-22 1.084918092060003836e-22 2.290883413077472988e-23 4.540600535066621907e-24 0.000000000000000000e+00
0.000000000000000000e+00 4.461129779757557199e-27 3.723258744191260902e-26 2.955757217798168487e-25 2.256493384743524513e-24 1.653432463387990102e-23 1.160196993011624834e-22 7.776278833890636693e-22 4.964661282958533051e-21 3.009731772916031729e-20 1.726490386618510342e-19 9.334269938691179614e-19 4.735044467581502713e-18 2.242136873042821554e-17 9.851977491924853701e-17 3.989602792599312040e-16 1.477112663369622876e-15 4.953674816664325139e-15 1.488509140522572426e-14 3.957575827424592263e-14 9.179195259626584928e-14 1.829368950075107241e-13 3.088159471025170005e-13 4.372769380938136251e-13 5.188294411869171609e-13 5.189097833383624878e-13 4.375091124278142677e-13 3.091706907815230587e-13 1.833631016657113412e-13 9.221507011145454886e-14 3.992573134637476780e-14 1.513223783800464451e-14 5.105564844341395012e-15 1.559655872992728772e-15 4.391626580777166984e-16 1.162656510499950489e-16 2.958754194624673309e-17 7.403463519848214188e-18 1.855821082345854119e-18 4.703489340390519896e-19 1.202560896043608339e-19 3.069807434609190741e-20 7.726510099997184893e-21 1.897345470369207371e-21 4.513569554163952034e-22 1.036064515370087726e-22 2.290883413077473869e-23 4.872942156244745395e-24 9.714900879826007090e-25 0.000000000000000000e+00
0.000000000000000000e+00 5.372768112747704105e-28 4.461161912477340895e-27 3.523177870666751173e-26 2.675910903536171925e-25 1.950870244670905322e-24 1.362103379906739882e-23 9.084833489760993977e-23 5.772044676524930371e-22 3.482469742425750085e-21 1.988216232349521890e-20 1.069879845498503097e-19 5.401866664588678928e-19 2.545961720375164137e-18 1.113484039266993461e-17 4.488082218490102522e-17 1.653936026087518750e-16 5.521048968827823533e-16 1.651481395459309639e-15 4.371795360643449986e-15 1.009927399756100675e-14 2.005780986509381849e-14 3.376959125103861458e-14 4.773932808166995679e-14 5.660861043049111697e-14 5.662374055462594313e-14 4.778313722264993460e-14 3.383674890479857703e-14 2.013874532447691675e-14 1.017983307266394446e-14 4.438608488969722446e-15 1.698789630813677293e-15 5.812553161224520953e-16 1.812756340265879271e-16 5.263535006037080643e-17 1.456610459427057297e-17 3.934889927021418418e-18 1.058599908522468675e-18 2.866160403898664807e-19 7.799746164170198530e-20 2.112677281133378227e-20 5.626381631538117545e-21 1.458002921542859819e-21 3.650914232230234395e-22 8.800551184341784889e-23 2.039038978871577717e-23 4.540600535066621907e-24 9.714900879826008927e-25 1.947224049828505349e-25 0.000000000000000000e+00
0.000000000000000000e+00 0.000000000000000000e+00 0.000000000000000000e+00 0.000000000000000000e+00 0.000000000000000000e+00 0.000000000000000000e+00 0.000000000000000000e+00 0.000000000000000000e+00 0.000000000000000000e+00 0.000000000000000000e+00 0.000000000000000000e+00 0.000000000000000000e+00 0.000000000000000000e+00 0.000000000000000000e+00 0.000000000000000000e+00 0.000000000000000000e+00 0.000000000000000000e+00 0.000000000000000000e+00 0.000000000000000000e+00 0.000000000000000000e+00 0.000000000000000000e+00 0.000000000000000000e+00 0.000000000000000000e+00 0.000000000000000000e+00 0.000000000000000000e+00 0.000000000000000000e+00 0.000000000000000000e+00 0.000000000000000000e+00 0.000000000000000000e+00 0.000000000000000000e+00 0.000000000000000000e+00 0.000000000000000000e+00 0.000000000000000000e+00 0.000000000000000000e+00 0.000000000000000000e+00 0.000000000000000000e+00 0.000000000000000000e+00 0.000000000000000000e+00 0.000000000000000000e+00 0.000000000000000000e+00 0.000000000000000000e+00 0.000000000000000000e+00 0.000000000000000000e+00 0.000000000000000000e+00 0.000000000000000000e+00 0.000000000000000000e+00 0.000000000000000000e+00 0.000000000000000000e+00 0.000000000000000000e+00 0.000000000000000000e+00
