0.000000000000000000e+00 0.000000000000000000e+00 0.000000000000000000e+00 0.000000000000000000e+00 0.000000000000000000e+00 0.000000000000000000e+00 0.000000000000000000e+00 0.000000000000000000e+00 0.000000000000000000e+00 0.000000000000000000e+00 0.000000000000000000e+00 0.000000000000000000e+00 0.000000000000000000e+00 0.000000000000000000e+00 0.000000000000000000e+00 0.000000000000000000e+00 0.000000000000000000e+00 0.000000000000000000e+00 0.000000000000000000e+00 0.000000000000000000e+00 0.000000000000000000e+00 0.000000000000000000e+00 0.000000000000000000e+00 0.000000000000000000e+00 0.000000000000000000e+00 0.000000000000000000e+00 0.000000000000000000e+00 0.000000000000000000e+00 0.000000000000000000e+00 0.000000000000000000e+00 0.000000000000000000e+00 0.000000000000000000e+00 0.000000000000000000e+00 0.000000000000000000e+00 0.000000000000000000e+00 0.000000000000000000e+00 0.000000000000000000e+00 0.000000000000000000e+00 0.000000000000000000e+00 0.000000000000000000e+00 0.000000000000000000e+00 0.000000000000000000e+00 0.000000000000000000e+00 0.000000000000000000e+00 0.000000000000000000e+00 0.000000000000000000e+00 0.000000000000000000e+00 0.000000000000000000e+00 0.000000000000000000e+00 0.000000000000000000e+00
0.000000000000000000e+00 1.233884624069328926e-28 1.059684934805297561e-27 8.665465204536247427e-27 6.816540214511934895e-26 5.148115304142549520e-25 3.724295551436332664e-24 2.574217818459301819e-23 1.695208037212096365e-22 1.060241788587138425e-21 6.275510153373955587e-21 3.501158111542844405e-20 1.832771325730551962e-19 8.954973801037860959e-19 4.059344540800791476e-18 1.695260929494368216e-17 6.469185562882367853e-17 2.234229152191270779e-16 6.905381834512868796e-16 1.885158427605948690e-15 4.478539867391220835e-15 9.110644548799976151e-15 1.562643970792103046e-14 2.235389426288116307e-14 2.664033073588027905e-14 2.664033073552332264e-14 2.235389426193167430e-14 1.562643970668480338e-14 9.110644547590543520e-15 4.478539866400036040e-15 1.885158426886109170e-15 6.905381829751214639e-16 2.234229149324780498e-16 6.469185546847147859e-17 1.695260921222629760e-17 4.059344501186831488e-18 8.954973625147366852e-19 1.832771253101588514e-19 3.501157832023374473e-20 6.275509147376552402e-21 1.060241448924401910e-21 1.695206957572896355e-22 2.574214577607496952e-23 3.724286334711180612e-24 5.148090401052455209e-25 6.816476111456746165e-26 8.665307637020569990e-27 1.059647931398570580e-27 1.233804694037544273e-28 0.000000000000000000e+00
0.000000000000000000e+00 1.059684934805298279e-27 9.150682165597857448e-27 7.524419189431474794e-26 5.951422993056282752e-25 4.519087262660142430e-24 3.286721681599153406e-23 2.283771879275891230e-22 1.511798552614377731e-21 9.504246634036903471e-21 5.654399123980619123e-20 3.170748101865070850e-19 1.668262485897858140e-18 8.192666747010673224e-18 3.732712693282539071e-17 1.566812151930010742e-16 6.009549963238066356e-16 2.086027985417762656e-15 6.479526315725455095e-15 1.777400862743992126e-14 4.241345607057102510e-14 8.661427817824448088e-14 1.489998826524127626e-13 2.135330340920606194e-13 2.546563317199343619e-13 2.546563317194837646e-13 2.135330340908607935e-13 1.489998826508502122e-13 8.661427817672026277e-14 4.241345606933115032e-14 1.777400862655513487e-14 6.479526315156029262e-15 2.086027985084842843e-15 6.009549961431173550e-16 1.566812151021827722e-16 3.732712689023967151e-17 8.192666728393471120e-18 1.668262478293116525e-18 3.170748072794261415e-19 5.654399019758684256e-20 9.504246282687508574e-21 1.511798440956000108e-21 2.283771543802465461e-22 3.286720726314636194e-23 4.519084677652246019e-24 5.951416330616015088e-25 7.524402798928015632e-26 9.150643670788251867e-27 1.059676641520862197e-27 0.000000000000000000e+00
0.000000000000000000e+00 8.665465204536238818e-27 7.524419189431481681e-26 6.221833731531583952e-25 4.948277302463261068e-24 3.777735357481646300e-23 2.762175551116733602e-22 1.929344217321501041e-21 1.283757391040107342e-20 8.111583895087279324e-20 4.850036903349080675e-19 2.733182143127205358e-18 1.445120083791164363e-17 7.131635813604536732e-17 3.265207321553422282e-16 1.377297004560897600e-15 5.308583977777275580e-15 1.851722220637253945e-14 5.779483616942677354e-14 1.592761446718716126e-13 3.817230631543100266e-13 7.824719766954592638e-13 1.349960738319480984e-12 1.938037030227860624e-12 2.312793626306448934e-12 2.312793626306144396e-12 1.938037030227024557e-12 1.349960738318308875e-12 7.824719766941762857e-13 3.817230631531279721e-13 1.592761446709148064e-13 5.779483616873316916e-14 1.851722220592836974e-14 5.308583977519804003e-15 1.377297004426186387e-15 3.265207320909780808e-16 7.131635810783163379e-17 1.445120082648424770e-17 2.733182138829135620e-18 4.850036888248815390e-19 8.111583845335104220e-20 1.283757375589688102e-20 1.929344171955686680e-21 2.762175424641187809e-22 3.777735021828025945e-23 4.948276451587170661e-24 6.221831666812861946e-25 7.524414387973590568e-26 8.665454798543290417e-27 0.000000000000000000e+00
0.000000000000000000e+00 6.816540214511952114e-26 5.951422993056281833e-25 4.948277302463262537e-24 3.956671402575268088e-23 3.036668113069923623e-22 2.231801981755517946e-21 1.566757391173449108e-20 1.047643075783793675e-19 6.651632634075353766e-19 3.995935528895681503e-18 2.262340358749476313e-17 1.201661931223791904e-16 5.957150175536268181e-16 2.739821362457655296e-15 1.160913311164210588e-14 4.494835065499670085e-14 1.574968632801528064e-13 4.937729683870463572e-13 1.366707187110332027e-12 3.288805071438001130e-12 6.765500451139717617e-12 1.170406658554478523e-11 1.683018000557642082e-11 2.009647453016166203e-11 2.009647453016133568e-11 1.683018000557570673e-11 1.170406658554437648e-11 6.765500451140237028e-12 3.288805071439375187e-12 1.366707187112162488e-12 4.937729683888479388e-13 1.574968632815273429e-13 4.494835065589371143e-14 1.160913311214654140e-14 2.739821362709769325e-15 5.957150176669377138e-16 1.201661931687876063e-16 2.262340360496759153e-17 3.995935534994627088e-18 6.651632653926690815e-19 1.047643081847594698e-19 1.566757408625987328e-20 2.231802029325340956e-21 3.036668236227360605e-22 3.956671706660335840e-23 4.948278020190768402e-24 5.951424615837467380e-25 6.816543678888179554e-26 0.000000000000000000e+00
0.000000000000000000e+00 5.148115304142543092e-25 4.519087262660148308e-24 3.777735357481646888e-23 3.036668113069924093e-22 2.342569754289343204e-21 1.730273249389647005e-20 1.220561662561423631e-19 8.199850875259774718e-19 5.229902098059173000e-18 3.155723565439227945e-17 1.794331713296794477e-16 9.570825865501920356e-16 4.764274503109290116e-15 2.200149837277213705e-14 9.360384648328149897e-14 3.638917156986346833e-13 1.280256924968052856e-12 4.030055026587466882e-12 1.119897955173717758e-11 2.704960839781966800e-11 5.582709546609236390e-11 9.682219301349132948e-11 1.394356439883941177e-10 1.665810796131851275e-10 1.665810796131872213e-10 1.394356439883984345e-10 9.682219301349316479e-11 5.582709546608745252e-11 2.704960839780860769e-11 1.119897955172284410e-11 4.030055026573479936e-12 1.280256924957425928e-12 3.638917156916804895e-13 9.360384647936453321e-14 2.200149837080669642e-14 4.764274502222407722e-15 9.570825861853012685e-16 1.794331711916227003e-16 3.155723560596594505e-17 5.229902082215765305e-18 8.199850826629199102e-19 1.220561648497259545e-19 1.730273210892290523e-20 2.342569654235735830e-21 3.036667865292658986e-22 3.777734771388934519e-23 4.519085936270773260e-24 5.148112478940250584e-25 0.000000000000000000e+00
0.000000000000000000e+00 3.724295551436337072e-24 3.286721681599153406e-23 2.762175551116736423e-22 2.231801981755517946e-21 1.730273249389645500e-20 1.284169175164196110e-19 9.100634872232834695e-19 6.141018525540506687e-18 3.933413577878106627e-17 2.383083265744510717e-16 1.360304578022088461e-15 7.283068084679139291e-15 3.638681413793969662e-14 1.686348740320618092e-13 7.199761473802216879e-13 2.808805083315633378e-12 9.916904932014598927e-12 3.132718852240936229e-11 8.735737528142287046e-11 2.116991980264753297e-10 4.382020382842138785e-10 7.616948707313777581e-10 1.098363748271048669e-09 1.312729730211865265e-09 1.312729730211857407e-09 1.098363748271029644e-09 7.616948707313693829e-10 4.382020382842392626e-10 2.116991980265333357e-10 8.735737528150257706e-11 3.132718852249084604e-11 9.916904932078185205e-12 2.808805083358369293e-12 7.199761474046825859e-13 1.686348740445161179e-13 3.638681414361911018e-14 7.283068087036468668e-15 1.360304578920290220e-15 2.383083268913160363e-16 3.933413588293803855e-17 6.141018557630143420e-18 9.100634965317161953e-19 1.284169200699433426e-19 1.730273315857230505e-20 2.231802146484099268e-21 2.762175940806013125e-22 3.286722562922107968e-23 3.724297426530652195e-24 0.000000000000000000e+00
0.000000000000000000e+00 2.574217818459300643e-23 2.283771879275894051e-22 1.929344217321499913e-21 1.566757391173450010e-20 1.220561662561423872e-19 9.100634872232836621e-19 6.477781808085177729e-18 4.389325740553127697e-17 2.822450959084933346e-16 1.716302448393661526e-15 9.830877478443432849e-15 5.280621155538371058e-14 2.646401726154304694e-13 1.230111383950345333e-12 5.267023442718610059e-12 2.060652649914484897e-11 7.296236496652406622e-11 2.311504509076821521e-10 6.464317984802756183e-10 1.570901083056635722e-09 3.259741609161678600e-09 5.676995985590453869e-09 8.194986879892467560e-09 9.797180834297561503e-09 9.797180834297437426e-09 8.194986879892120144e-09 5.676995985589955079e-09 3.259741609161070209e-09 1.570901083055992382e-09 6.464317984796418946e-10 2.311504509071319478e-10 7.296236496612903578e-11 2.060652649888983177e-11 5.267023442576064382e-12 1.230111383878415152e-12 2.646401725827719813e-13 5.280621154183098556e-14 9.830877473273094903e-15 1.716302446565928592e-15 2.822450953063532418e-16 4.389325721964758767e-17 6.477781754076889751e-18 9.100634723924742731e-19 1.220561623941805384e-19 1.566757295497128414e-20 1.929343991239711497e-21 2.283771368984018127e-22 2.574216735548925844e-23 0.000000000000000000e+00
0.000000000000000000e+00 1.695208037212097070e-22 1.511798552614376979e-21 1.283757391040108696e-20 1.047643075783794277e-19 8.199850875259776644e-19 6.141018525540505917e-18 4.389325740553128930e-17 2.985700599403438013e-16 1.926735141981083267e-15 1.175454825398876353e-14 6.752947766977745739e-14 3.637103991342207398e-13 1.827218994172118575e-12 8.512515149046053342e-12 3.652559683706207287e-11 1.431938515518056002e-10 5.080460755315693277e-10 1.612876878988627643e-09 4.520138499342795494e-09 1.100759212311543057e-08 2.288553605481279068e-08 3.991500815851715338e-08 5.766354742395461854e-08 6.894638527735234358e-08 6.894638527735149655e-08 5.766354742395275242e-08 3.991500815851598209e-08 2.288553605481375021e-08 1.100759212311827277e-08 4.520138499346391248e-09 1.612876878991891077e-09 5.080460755338900863e-10 1.431938515532692705e-10 3.652559683785678018e-11 8.512515149438035170e-12 1.827218994346498588e-12 3.637103992055247789e-13 6.752947769666795860e-14 1.175454826341452486e-14 1.926735145066262652e-15 2.985700608877942461e-16 4.389325767956702315e-17 6.141018600460823187e-18 8.199851069451532715e-19 1.047643123640417732e-19 1.283757503432078677e-20 1.511798804443887651e-21 1.695208567185403745e-22 0.000000000000000000e+00
0.000000000000000000e+00 1.060241788587137484e-21 9.504246634036909490e-21 8.111583895087279324e-20 6.651632634075354729e-19 5.229902098059174540e-18 3.933413577878106010e-17 2.822450959084934332e-16 1.926735141981082478e-15 1.247339619996021163e-14 7.631157597531135369e-14 4.394748325029197367e-13 2.371877542792967968e-12 1.193646303580195365e-11 5.568847571593586650e-11 2.392384630083614944e-10 9.389134746850233628e-10 3.334678927131269700e-09 1.059793403650528912e-08 2.973596289274652481e-08 7.250456270445739604e-08 1.509227843261304138e-07 2.634673078330550388e-07 3.807697643163139508e-07 4.552464776067776456e-07 4.552464776068136975e-07 3.807697643164079714e-07 2.634673078331685412e-07 1.509227843262249639e-07 7.250456270451888534e-08 2.973596289277688234e-08 1.059793403651490758e-08 3.334678927131628283e-09 9.389134746825697383e-10 2.392384630061994510e-10 5.568847571459964023e-11 1.193646303513686651e-11 2.371877542502919186e-12 4.394748323896492062e-13 7.631157593485215461e-14 1.247339618660468449e-14 1.926735137871652009e-15 2.822450947229616611e-16 3.933413545660165057e-17 5.229902015290327591e-18 6.651632432471594674e-19 8.111583428499319120e-20 9.504245607188750763e-21 1.060241577046372738e-21 0.000000000000000000e+00
0.000000000000000000e+00 6.275510153373962358e-21 5.654399123980617919e-20 4.850036903349084527e-19 3.995935528895678421e-18 3.155723565439226712e-17 2.383083265744511210e-16 1.716302448393660934e-15 1.175454825398876827e-14 7.631157597531139155e-14 4.679641330518673789e-13 2.699983790906820232e-12 1.459195488599261947e-11 7.350035398592208615e-11 3.430763189948097202e-10 1.474077945075112536e-09 5.784654592929968287e-09 2.054103710387236863e-08 6.527067995655113380e-08 1.831332086263523727e-07 4.465981758572235339e-07 9.298695661825273565e-07 1.623589072792156400e-06 2.346226131826089747e-06 2.804286442660756145e-06 2.804286442660909458e-06 2.346226131826431525e-06 1.623589072792435920e-06 9.298695661825647318e-07 4.465981758570618565e-07 1.831332086261622402e-07 6.527067995642091572e-08 2.054103710380504275e-08 5.784654592903975791e-09 1.474077945067524188e-09 3.430763189938216012e-10 7.350035398637152956e-11 1.459195488645480018e-11 2.699983791155600860e-12 4.679641331576027101e-13 7.631157601398722225e-14 1.175454826665565771e-14 1.716302452181887161e-15 2.383083276216834970e-16 3.155723592401605601e-17 3.995935593860534860e-18 4.850037050202648715e-19 5.654399435347749903e-20 6.275510761820022450e-21 0.000000000000000000e+00
0.000000000000000000e+00 3.501158111542844405e-20 3.170748101865072294e-19 2.733182143127204588e-18 2.262340358749476622e-17 1.794331713296793738e-16 1.360304578022089447e-15 9.830877478443428116e-15 6.752947766977747001e-14 4.394748325029198882e-13 2.699983790906819020e-12 1.559729854156840843e-11 8.434678467297942805e-11 4.248554306075716357e-10 1.981917568117234612e-09 8.506261733816178320e-09 3.333135385095859342e-08 1.181573583454828276e-07 3.748080042115227268e-07 1.049980274547650129e-06 2.557305537036137950e-06 5.319557100678800860e-06 9.281115166184753261e-06 1.340215986436060000e-05 1.600883997813959178e-05 1.600883997813305269e-05 1.340215986434345775e-05 9.281115166163723127e-06 5.319557100660484619e-06 2.557305537023195287e-06 1.049980274539962881e-06 3.748080042076864616e-07 1.181573583438496290e-07 3.333135385034583788e-08 8.506261733611422994e-09 1.981917568053804748e-09 4.248554305891351240e-10 8.434678466770809035e-11 1.559729854006536956e-11 2.699983790471630334e-12 4.394748323768843513e-13 6.752947763393555585e-14 9.830877468655806828e-15 1.360304575496859309e-15 1.794331707221215569e-16 2.262340345288139355e-17 2.733182116160329655e-18 3.170748054750748101e-19 3.501158046935035758e-20 0.000000000000000000e+00
0.000000000000000000e+00 1.832771325730552203e-19 1.668262485897857370e-18 1.445120083791164363e-17 1.201661931223791411e-16 9.570825865501924301e-16 7.283068084679129825e-15 5.280621155538374844e-14 3.637103991342206893e-13 2.371877542792969179e-12 1.459195488599262593e-11 8.434678467297940220e-11 4.560452486297506317e-10 2.294803154557759537e-09 1.068578841936540581e-08 4.574649820059871479e-08 1.786936144861100656e-07 6.312196336866458317e-07 1.994955431090745354e-06 5.569002504593747374e-06 1.352165419478124912e-05 2.805532264294800467e-05 4.885012988534673543e-05 7.042956593572547407e-05 8.404178181952401438e-05 8.404178181951183066e-05 7.042956593570332924e-05 4.885012988534256803e-05 2.805532264297963289e-05 1.352165419483599794e-05 5.569002504643890031e-06 1.994955431124101511e-06 6.312196337046658224e-07 1.786936144944013800e-07 4.574649820392040081e-08 1.068578842055136774e-08 2.294803154939303212e-09 4.560452487421464858e-10 8.434678470351259024e-11 1.459195489372294541e-11 2.371877544625699302e-12 3.637103995429028418e-13 5.280621164097024679e-14 7.283068101371153633e-15 9.570825895097271783e-16 1.201661935700201600e-16 1.445120088349538248e-17 1.668262483216852724e-18 1.832771292306075333e-19 0.000000000000000000e+00
0.000000000000000000e+00 8.954973801037866737e-19 8.192666747010677846e-18 7.131635813604536732e-17 5.957150175536266208e-16 4.764274503109290116e-15 3.638681413793972187e-14 2.646401726154305199e-13 1.827218994172120594e-12 1.193646303580195365e-11 7.350035398592212492e-11 4.248554306075718425e-10 2.294803154557759537e-09 1.152363096458801680e-08 5.349198023036700181e-08 2.280482598884467883e-07 8.862726247485563646e-07 3.112653515125758884e-06 9.777456767281455036e-06 2.712980766124518258e-05 6.550855674391366332e-05 1.352849473530330171e-04 2.346898577361311469e-04 3.374478519867829323e-04 4.020370385687599478e-04 4.020370385698206228e-04 3.374478519895527436e-04 2.346898577394700559e-04 1.352849473558531083e-04 6.550855674582866251e-05 2.712980766233413831e-05 9.777456767798815983e-06 3.112653515333872338e-06 8.862726248204352628e-07 2.280482599098963625e-07 5.349198023584823142e-08 1.152363096575703477e-08 2.294803154746311222e-09 4.248554306210936606e-10 7.350035398073724052e-11 1.193646303277031086e-11 1.827218993151340136e-12 2.646401723435164010e-13 3.638681407674752901e-14 4.764274491499817445e-15 5.957150158395444837e-16 7.131635801661763180e-17 8.192666786391547925e-18 8.954974030753209002e-19 0.000000000000000000e+00
0.000000000000000000e+00 4.059344540800792247e-18 3.732712693282538454e-17 3.265207321553423268e-16 2.739821362457655296e-15 2.200149837277213705e-14 1.686348740320618597e-13 1.230111383950345131e-12 8.512515149046054957e-12 5.568847571593586650e-11 3.430763189948097719e-10 1.981917568117235439e-09 1.068578841936540912e-08 5.349198023036700181e-08 2.471783891961275671e-07 1.047481934431457230e-06 4.041080320955747001e-06 1.407295021296820186e-05 4.380237497710226427e-05 1.204155606762948120e-04 2.882300184273005350e-04 5.907529369792117189e-04 1.018703744895920697e-03 1.458517103124582978e-03 1.733682161706099744e-03 1.733682161701833408e-03 1.458517103112128531e-03 1.018703744877951780e-03 5.907529369594121272e-04 2.882300184095504649e-04 1.204155606638654234e-04 4.380237497002083843e-05 1.407295020954199594e-05 4.041080319513546353e-06 1.047481933894394507e-06 2.471783890168148744e-07 5.349198017607468467e-08 1.068578840432668821e-08 1.981917564276156503e-09 3.430763180845610456e-10 5.568847551456287581e-11 8.512515107223000240e-12 1.230111375741211467e-12 1.686348724964338438e-13 2.200149809561561148e-14 2.739821313311683615e-15 3.265207233775520405e-16 3.732712531146041151e-17 4.059344230282477149e-18 0.000000000000000000e+00
0.000000000000000000e+00 1.695260929494367292e-17 1.566812151930010742e-16 1.377297004560897205e-15 1.160913311164210430e-14 9.360384648328149897e-14 7.199761473802213850e-13 5.267023442718610866e-12 3.652559683706207933e-11 2.392384630083614427e-10 1.474077945075112122e-09 8.506261733816173357e-09 4.574649820059868832e-08 2.280482598884466825e-07 1.047481934431457018e-06 4.403918172678902569e-06 1.682299030495925475e-05 5.790828967910737027e-05 1.779249341803154465e-04 4.825798575285807123e-04 1.140182862473913686e-03 2.310188922572232063e-03 3.947339396029785584e-03 5.615433018041549561e-03 6.652641622180868394e-03 6.652641622083037796e-03 5.615433017792346125e-03 3.947339395744454797e-03 2.310188922354771898e-03 1.140182862347151370e-03 4.825798574673381431e-04 1.779249341565595740e-04 5.790828967202362696e-05 1.682299030355475554e-05 4.403918172673105475e-06 1.047481934587148662e-06 2.280482599804912647e-07 4.574649823808971652e-08 8.506261746415187914e-09 1.474077948782276100e-09 2.392384639919710080e-10 3.652559707651966095e-11 5.267023496870884702e-12 7.199761588656768988e-13 9.360384878779850663e-14 1.160913355287743673e-14 1.377297085958408461e-15 1.566812298140361137e-16 1.695261184065947772e-17 0.000000000000000000e+00
0.000000000000000000e+00 6.469185562882365388e-17 6.009549963238066356e-16 5.308583977777272425e-15 4.494835065499668823e-14 3.638917156986348348e-13 2.808805083315630551e-12 2.060652649914484897e-11 1.431938515518056261e-10 9.389134746850231560e-10 5.784654592929969115e-09 3.333135385095859342e-08 1.786936144861100127e-07 8.862726247485564704e-07 4.041080320955746154e-06 1.682299030495926153e-05 6.346129762759129508e-05 2.151478433898298764e-04 6.496062736322221875e-04 1.729103164649758084e-03 4.009616520217653378e-03 7.987786188256284017e-03 1.346334488508113547e-02 1.897214262161014270e-02 2.236895358604417891e-02 2.236895358740536785e-02 1.897214262526054213e-02 1.346334488966094249e-02 7.987786192405213481e-03 4.009616523301329054e-03 1.729103166538593092e-03 6.496062746016206856e-04 2.151478438187297119e-04 6.346129779440065112e-05 1.682299036280569953e-05 4.041080339054958976e-06 8.862726299079294434e-07 1.786936158367418195e-07 3.333135417775085941e-08 5.784654666395689309e-09 9.389134900937045224e-10 1.431938545764524629e-10 2.060652705590325901e-11 2.808805179480375387e-12 3.638917312622925654e-13 4.494835300394150273e-14 5.308584304564461991e-15 6.009550371041804749e-16 6.469185982845600351e-17 0.000000000000000000e+00
0.000000000000000000e+00 2.234229152191270286e-16 2.086027985417760289e-15 1.851722220637255207e-14 1.574968632801526802e-13 1.280256924968052654e-12 9.916904932014595696e-12 7.296236496652406622e-11 5.080460755315694311e-10 3.334678927131270114e-09 2.054103710387236532e-08 1.181573583454828409e-07 6.312196336866457259e-07 3.112653515125760155e-06 1.407295021296820186e-05 5.790828967910732961e-05 2.151478433898298764e-04 7.156417923575039784e-04 2.112353069533947584e-03 5.481828406133536745e-03 1.238328449779271118e-02 2.407477657905353341e-02 3.977347501894405030e-02 5.527380703540294565e-02 6.472076375750562827e-02 6.472076375020699435e-02 5.527380701503131766e-02 3.977347499195251629e-02 2.407477655249523271e-02 1.238328447637807375e-02 5.481828392390957622e-03 2.112353062172082126e-03 7.156417889590479826e-04 2.151478420122202885e-04 5.790828918090143549e-05 1.407295005010030358e-05 3.112653466485904939e-06 6.312196203010167770e-07 1.181573549264316626e-07 2.054103628837172831e-08 3.334678744569312284e-09 5.080460370066676180e-10 7.296235727516830920e-11 9.916903474772719069e-12 1.280256662282952867e-12 1.574968181353850055e-13 1.851721479818062733e-14 2.086026823884194782e-15 2.234227438707715859e-16 0.000000000000000000e+00
0.000000000000000000e+00 6.905381834512873726e-16 6.479526315725456673e-15 5.779483616942676092e-14 4.937729683870467611e-13 4.030055026587466882e-12 3.132718852240936875e-11 2.311504509076821780e-10 1.612876878988627436e-09 1.059793403650529078e-08 6.527067995655112057e-08 3.748080042115228326e-07 1.994955431090744930e-06 9.777456767281453342e-06 4.380237497710227104e-05 1.779249341803153652e-04 6.496062736322224043e-04 2.112353069533949752e-03 6.062015633597906371e-03 1.522159053203859386e-02 3.318156838794607266e-02 6.232143112637328342e-02 1.000155299606334952e-01 1.361973204605243237e-01 1.578805292241990121e-01 1.578805292391278481e-01 1.361973205058747971e-01 1.000155300257766222e-01 6.232143119694974476e-02 3.318156844878639156e-02 1.522159057136622008e-02 6.062015654925372206e-03 2.112353079467876697e-03 6.496062776842155204e-04 1.779249356558320141e-04 4.380237546377229471e-05 9.777456914341565368e-06 1.994955472191612197e-06 3.748080149205893957e-07 6.527068257519770800e-08 1.059793464077185383e-08 1.612877011180255249e-09 2.311504784276552484e-10 3.132719399138789853e-11 4.030056066667701094e-12 4.937731580599860180e-13 5.779486939070586765e-14 6.479531908980468522e-15 6.905390737806740126e-16 0.000000000000000000e+00
0.000000000000000000e+00 1.885158427605948295e-15 1.777400862743991810e-14 1.592761446718716378e-13 1.366707187110332027e-12 1.119897955173718082e-11 8.735737528142289631e-11 6.464317984802761353e-10 4.520138499342795494e-09 2.973596289274652812e-08 1.831332086263523462e-07 1.049980274547649493e-06 5.569002504593748221e-06 2.712980766124520291e-05 1.204155606762948526e-04 4.825798575285807665e-04 1.729103164649758084e-03 5.481828406133536745e-03 1.522159053203859386e-02 3.669671782678754490e-02 7.636203947190317587e-02 1.367973857152821326e-01 2.106848792975244689e-01 2.786086907600423546e-01 3.182963515456385117e-01 3.182963515594482429e-01 2.786086907848783212e-01 2.106848793170807976e-01 1.367973857208243382e-01 7.636203947200130571e-02 3.669671783245485874e-02 1.522159053652070299e-02 5.481828409141836084e-03 1.729103166278883087e-03 4.825798582600304438e-04 1.204155609597310503e-04 2.712980775806384028e-05 5.569002534122844810e-06 1.049980282655541615e-06 1.831332106387457160e-07 2.973596334406489286e-08 4.520138590185057458e-09 6.464318145891044720e-10 8.735737767952402705e-11 1.119897980660140847e-11 1.366707187958785076e-12 1.592761352687102069e-13 1.777400518018738400e-14 1.885157551315540828e-15 0.000000000000000000e+00
0.000000000000000000e+00 4.478539867391219257e-15 4.241345607057103772e-14 3.817230631543099256e-13 3.288805071438002341e-12 2.704960839781967446e-11 2.116991980264753297e-10 1.570901083056636136e-09 1.100759212311543223e-08 7.250456270445734310e-08 4.465981758572234280e-07 2.557305537036138797e-06 1.352165419478125081e-05 6.550855674391370398e-05 2.882300184273005892e-04 1.140182862473913686e-03 4.009616520217654245e-03 1.238328449779271291e-02 3.318156838794605878e-02 7.636203947190317587e-02 1.501797050803985178e-01 2.531374724033397250e-01 3.688708110750829605e-01 4.684372406627346219e-01 5.243771986341262403e-01 5.243771985660420354e-01 4.684372404775746790e-01 3.688708108151579901e-01 2.531374721169856179e-01 1.501797048200751994e-01 7.636203928776075234e-02 3.318156828605609704e-02 1.238328444786992652e-02 4.009616498746384171e-03 1.140182854126414345e-03 2.882300154347760667e-04 6.550855574386914727e-05 1.352165388123128865e-05 2.557305444524261207e-06 4.465981501474378913e-07 7.250455597291109604e-08 1.100759046203881577e-08 1.570900696479780536e-09 2.116991130795213975e-10 2.704959074733883485e-11 3.288801597925441117e-12 3.817224146618327872e-13 4.241334107379289889e-14 4.478520832704170117e-15 0.000000000000000000e+00
0.000000000000000000e+00 9.110644548799984039e-15 8.661427817824451874e-14 7.824719766954597687e-13 6.765500451139716809e-12 5.582709546609239622e-11 4.382020382842140336e-10 3.259741609161679014e-09 2.288553605481278075e-08 1.509227843261303609e-07 9.298695661825275683e-07 5.319557100678799166e-06 2.805532264294802162e-05 1.352849473530330984e-04 5.907529369792118273e-04 2.310188922572231195e-03 7.987786188256285752e-03 2.407477657905356463e-02 6.232143112637333199e-02 1.367973857152821326e-01 2.531374724033397805e-01 3.979542944614349320e-01 5.428302991899190966e-01 6.560028221849781849e-01 7.159306256697072213e-01 7.159306255722979184e-01 6.560028219527037630e-01 5.428302989256104105e-01 3.979542942363332170e-01 2.531374722164237978e-01 1.367973855511384063e-01 6.232143101429132165e-02 2.407477652253061859e-02 7.987786165288520909e-03 2.310188915814537832e-03 5.907529359504261552e-04 1.352849476532015985e-04 2.805532297872765705e-05 5.319557277186238608e-06 9.298696371521935643e-07 1.509228085313685163e-07 2.288554336298906804e-08 3.259743608277046382e-09 4.382025410783410701e-10 5.582721294323875942e-11 6.765526148890646947e-12 7.824772716001376914e-13 8.661531023576500306e-14 9.110831642903208776e-15 0.000000000000000000e+00
0.000000000000000000e+00 1.562643970792102731e-14 1.489998826524129645e-13 1.349960738319481590e-12 1.170406658554478361e-11 9.682219301349127778e-11 7.616948707313774479e-10 5.676995985590452215e-09 3.991500815851715338e-08 2.634673078330551976e-07 1.623589072792156400e-06 9.281115166184746484e-06 4.885012988534674899e-05 2.346898577361310656e-04 1.018703744895920913e-03 3.947339396029786451e-03 1.346334488508113894e-02 3.977347501894404336e-02 1.000155299606334952e-01 2.106848792975244133e-01 3.688708110750827940e-01 5.428302991899187635e-01 6.945656269128941407e-01 7.997352573724693103e-01 8.512639841408931041e-01 8.512639842605368434e-01 7.997352577216320091e-01 6.945656274615048531e-01 5.428302998938878687e-01 3.688708117705431500e-01 2.106848797774164284e-01 1.000155301966271504e-01 3.977347510202491887e-02 1.346334490000528246e-02 3.947339390336093538e-03 1.018703737800855059e-03 2.346898534629990871e-04 4.885012792133913847e-05 9.281114404032257673e-06 1.623588812182689416e-06 2.634672274413545795e-07 3.991498544561815288e-08 5.676990045054042554e-09 7.616934206699382491e-10 9.682186055594073149e-11 1.170399461594547294e-11 1.349945963381742231e-12 1.489969976573129602e-13 1.562591317532241707e-14 0.000000000000000000e+00
0.000000000000000000e+00 2.235389426288117884e-14 2.135330340920608466e-13 1.938037030227861432e-12 1.683018000557642405e-11 1.394356439883940660e-10 1.098363748271048462e-09 8.194986879892462597e-09 5.766354742395460530e-08 3.807697643163140567e-07 2.346226131826089747e-06 1.340215986436061017e-05 7.042956593572547407e-05 3.374478519867828781e-04 1.458517103124582761e-03 5.615433018041549561e-03 1.897214262161015311e-02 5.527380703540295953e-02 1.361973204605243237e-01 2.786086907600422991e-01 4.684372406627350660e-01 6.560028221849780738e-01 7.997352573724691993e-01 8.876895011858659812e-01 9.270978379582426321e-01 9.270978385053216808e-01 8.876895026598430327e-01 7.997352594201211362e-01 6.560028245126113822e-01 4.684372429169329499e-01 2.786086925334346209e-01 1.361973215740851784e-01 5.527380759513825237e-02 1.897214285545275117e-02 5.615433096731429694e-03 1.458517123292493506e-03 3.374478549443152091e-04 7.042956541838803978e-05 1.340215924007173579e-05 2.346225822029917149e-06 3.807696474088996273e-07 5.766350985683093970e-08 8.194976135277397514e-09 1.098360948897855052e-09 1.394349700051864385e-10 1.683002856366387049e-11 1.938005039708951597e-12 2.135266495488876671e-13 2.235271114313666724e-14 0.000000000000000000e+00
0.000000000000000000e+00 2.664033073588028536e-14 2.546563317199343619e-13 2.312793626306448126e-12 2.009647453016166203e-11 1.665810796131851534e-10 1.312729730211865886e-09 9.797180834297563157e-09 6.894638527735231711e-08 4.552464776067775927e-07 2.804286442660755722e-06 1.600883997813958839e-05 8.404178181952405504e-05 4.020370385687598936e-04 1.733682161706099093e-03 6.652641622180869262e-03 2.236895358604416503e-02 6.472076375750560051e-02 1.578805292241989289e-01 3.182963515456385672e-01 5.243771986341256852e-01 7.159306256697067772e-01 8.512639841408924379e-01 9.270978379582418549e-01 9.587307277922060278e-01 9.587307287552810919e-01 9.270978405595313721e-01 8.512639877438386016e-01 7.159306297028098509e-01 5.243772025902345701e-01 3.182963549168633111e-01 1.578805316769124611e-01 6.472076527012673997e-02 2.236895439684213893e-02 6.652642005991930320e-03 1.733682323654001231e-03 4.020371002898565516e-04 8.404180327098998413e-05 1.600884683532342905e-05 2.804288473598233105e-06 4.552470384738273775e-07 6.894653049574031710e-08 9.797216255413384515e-09 1.312737903671933642e-09 1.665828704696478943e-10 2.009684834068364429e-11 2.312868175711030172e-12 2.546705617667144197e-13 2.664288577655422569e-14 0.000000000000000000e+00
0.000000000000000000e+00 2.664033073552332264e-14 2.546563317194839665e-13 2.312793626306141972e-12 2.009647453016134215e-11 1.665810796131870921e-10 1.312729730211857614e-09 9.797180834297442389e-09 6.894638527735148332e-08 4.552464776068136445e-07 2.804286442660908611e-06 1.600883997813305946e-05 8.404178181951183066e-05 4.020370385698205686e-04 1.733682161701834059e-03 6.652641622083037796e-03 2.236895358740536785e-02 6.472076375020695271e-02 1.578805292391276538e-01 3.182963515594482429e-01 5.243771985660417023e-01 7.159306255722980294e-01 8.512639842605366214e-01 9.270978385053215698e-01 9.587307287552806478e-01 9.587307299808559558e-01 9.270978418706380397e-01 8.512639890216894267e-01 7.159306309400919055e-01 5.243772039176903821e-01 3.182963563915369165e-01 1.578805331398107359e-01 6.472076648382242559e-02 2.236895523605192740e-02 6.652642497604987007e-03 1.733682572397379990e-03 4.020372109115398604e-04 8.404184715571477705e-05 1.600886255795311256e-05 2.804293613362719417e-06 4.552485848733655626e-07 6.894696186008682947e-08 9.797328518237839090e-09 1.312765309991205830e-09 1.665891762490640107e-10 2.009822143219252968e-11 2.313152175243251419e-12 2.547264922291559560e-13 2.665318320217761262e-14 0.000000000000000000e+00
0.000000000000000000e+00 2.235389426193167430e-14 2.135330340908606926e-13 1.938037030227024557e-12 1.683018000557570026e-11 1.394356439883983828e-10 1.098363748271030264e-09 8.194986879892126762e-09 5.766354742395277889e-08 3.807697643164079714e-07 2.346226131826431948e-06 1.340215986434345436e-05 7.042956593570328858e-05 3.374478519895527978e-04 1.458517103112128531e-03 5.615433017792345258e-03 1.897214262526055253e-02 5.527380701503131766e-02 1.361973205058747416e-01 2.786086907848783767e-01 4.684372404775745125e-01 6.560028219527037630e-01 7.997352577216314540e-01 8.876895026598422556e-01 9.270978405595300398e-01 9.270978418706383728e-01 8.876895063323341217e-01 7.997352631080302254e-01 6.560028281395542393e-01 4.684372467437760701e-01 2.786086966854486313e-01 1.361973256439039104e-01 5.527381096239819547e-02 1.897214518742840889e-02 5.615434467259834000e-03 1.458517819350945268e-03 3.374481656696168719e-04 7.042968913483821012e-05 1.340220371646481242e-05 2.346240408485010346e-06 3.807740494088260218e-07 5.766474132800486713e-08 8.195297507162221553e-09 1.098439610745004048e-09 1.394531147739280382e-10 1.683398930029670969e-11 1.938826200279772392e-12 2.136887432336544171e-13 2.238261859509882010e-14 0.000000000000000000e+00
0.000000000000000000e+00 1.562643970668478760e-14 1.489998826508502122e-13 1.349960738318307664e-12 1.170406658554437487e-11 9.682219301349315186e-11 7.616948707313689693e-10 5.676995985589954252e-09 3.991500815851599533e-08 2.634673078331683824e-07 1.623589072792436767e-06 9.281115166163724821e-06 4.885012988534256803e-05 2.346898577394701914e-04 1.018703744877951130e-03 3.947339395744455665e-03 1.346334488966094249e-02 3.977347499195250241e-02 1.000155300257766638e-01 2.106848793170807144e-01 3.688708108151579346e-01 5.428302989256105215e-01 6.945656274615048531e-01 7.997352594201205811e-01 8.512639877438384906e-01 8.512639890216892047e-01 7.997352631080302254e-01 6.945656330909961707e-01 5.428303055250032205e-01 3.688708175978283044e-01 2.106848859156910669e-01 1.000155361084078265e-01 3.977347996298796068e-02 1.346334826627889475e-02 3.947341374346696914e-03 1.018704749580891331e-03 2.346903072278487025e-04 4.885030946186594465e-05 9.281179984528704829e-06 1.623610422843649593e-06 2.634737798519499335e-07 3.991682690552434104e-08 5.677472754705723268e-09 7.618120894803037035e-10 9.684935054521669423e-11 1.171002033051676357e-11 1.351200349203959767e-12 1.492455971878748850e-13 1.567195103959064745e-14 0.000000000000000000e+00
0.000000000000000000e+00 9.110644547590534054e-15 8.661427817672025015e-14 7.824719766941761847e-13 6.765500451140228950e-12 5.582709546608745252e-11 4.382020382842392109e-10 3.259741609161069795e-09 2.288553605481376013e-08 1.509227843262249374e-07 9.298695661825645201e-07 5.319557100660485466e-06 2.805532264297962272e-05 1.352849473558530812e-04 5.907529369594121272e-04 2.310188922354771898e-03 7.987786192405211746e-03 2.407477655249522577e-02 6.232143119694977945e-02 1.367973857208243382e-01 2.531374721169857289e-01 3.979542942363337166e-01 5.428302998938885349e-01 6.560028245126126034e-01 7.159306297028100730e-01 7.159306309400920165e-01 6.560028281395546834e-01 5.428303055250032205e-01 3.979543009187202496e-01 2.531374791104469835e-01 1.367973927309669435e-01 6.232143786777547684e-02 2.407478213445336107e-02 7.987790048518831135e-03 2.310191207154569173e-03 5.907541070944808282e-04 1.352854744038123932e-04 2.805553440305164837e-05 5.319633917131381551e-06 9.298949826643657300e-07 1.509305214103171587e-07 2.288771894320554022e-08 3.260316011033532373e-09 4.383437800098431323e-10 5.586005191297131882e-11 6.772750732744843011e-12 7.839867078950755286e-13 8.691553752412591205e-14 9.166617205435387670e-15 0.000000000000000000e+00
0.000000000000000000e+00 4.478539866400034463e-15 4.241345606933111877e-14 3.817230631531278207e-13 3.288805071439373975e-12 2.704960839780859477e-11 2.116991980265332840e-10 1.570901083055992382e-09 1.100759212311826780e-08 7.250456270451880593e-08 4.465981758570620153e-07 2.557305537023194440e-06 1.352165419483599963e-05 6.550855674582870317e-05 2.882300184095503023e-04 1.140182862347151153e-03 4.009616523301328186e-03 1.238328447637807028e-02 3.318156844878639156e-02 7.636203947200130571e-02 1.501797048200755047e-01 2.531374722164238533e-01 3.688708117705432610e-01 4.684372429169332830e-01 5.243772025902349032e-01 5.243772039176900490e-01 4.684372467437762921e-01 3.688708175978283044e-01 2.531374791104469835e-01 1.501797120882390202e-01 7.636204676790722679e-02 3.318157529104096004e-02 1.238329008938251867e-02 4.009620356044805815e-03 1.140185112058989415e-03 2.882311636789798332e-04 6.550907066350485889e-05 1.352186025349621456e-05 2.557380225068129418e-06 4.466228915651044001e-07 7.251209295164756189e-08 1.100971967344419590e-08 1.571461962730135993e-09 2.118379075686173712e-10 2.708193964651529994e-11 3.295936975693385017e-12 3.832173397983689764e-13 4.271154111387158144e-14 4.534084257068720406e-15 0.000000000000000000e+00
0.000000000000000000e+00 1.885158426886108775e-15 1.777400862655512856e-14 1.592761446709146801e-13 1.366707187112162690e-12 1.119897955172284733e-11 8.735737528150257706e-11 6.464317984796415844e-10 4.520138499346389594e-09 2.973596289277686249e-08 1.831332086261623726e-07 1.049980274539963305e-06 5.569002504643890878e-06 2.712980766233414847e-05 1.204155606638654776e-04 4.825798574673382515e-04 1.729103166538593309e-03 5.481828392390956754e-03 1.522159057136621314e-02 3.669671783245483793e-02 7.636203928776080785e-02 1.367973855511384895e-01 2.106848797774164561e-01 2.786086925334345654e-01 3.182963549168634221e-01 3.182963563915368055e-01 2.786086966854484093e-01 2.106848859156909559e-01 1.367973927309669713e-01 7.636204676790719903e-02 3.669672508472424793e-02 1.522159702013901710e-02 5.481833424652814840e-03 1.729106493630191846e-03 4.825817646376116842e-04 1.204165160566038020e-04 2.713023170627315575e-05 5.569171290750904674e-06 1.050041167964781164e-06 1.831533044863122041e-07 2.974207774642479639e-08 4.521865842851219913e-09 6.468874789723806723e-10 8.747021926390847173e-11 1.122533103157780645e-11 1.372533336584215860e-12 1.605000505218494635e-13 1.801886687408251201e-14 1.930917667284199066e-15 0.000000000000000000e+00
0.000000000000000000e+00 6.905381829751215625e-16 6.479526315156030839e-15 5.779483616873314392e-14 4.937729683888481408e-13 4.030055026573479936e-12 3.132718852249083958e-11 2.311504509071319219e-10 1.612876878991889630e-09 1.059793403651490758e-08 6.527067995642091572e-08 3.748080042076865146e-07 1.994955431124101511e-06 9.777456767798819372e-06 4.380237497002083843e-05 1.779249341565597095e-04 6.496062746016210109e-04 2.112353062172079958e-03 6.062015654925367869e-03 1.522159053652069605e-02 3.318156828605609010e-02 6.232143101429129389e-02 1.000155301966271365e-01 1.361973215740852616e-01 1.578805316769123501e-01 1.578805331398106804e-01 1.361973256439038826e-01 1.000155361084078959e-01 6.232143786777544908e-02 3.318157529104095310e-02 1.522159702013901710e-02 6.062021069627988173e-03 2.112357047559963383e-03 6.496088037950744232e-04 1.779263402272196243e-04 4.380306427552159193e-05 9.777758091262184144e-06 1.995074108779558153e-06 3.748505142457663019e-07 6.528464407861027997e-08 1.060217149666265675e-08 1.614072360508070212e-09 2.314657764996874724e-10 3.140533267233841003e-11 4.048329616583916453e-12 4.978214620058194913e-13 5.864739920567326926e-14 6.650574062077246256e-15 7.225968084204339610e-16 0.000000000000000000e+00
0.000000000000000000e+00 2.234229149324779019e-16 2.086027985084843238e-15 1.851722220592836027e-14 1.574968632815274944e-13 1.280256924957425120e-12 9.916904932078186821e-12 7.296236496612907455e-11 5.080460755338899829e-10 3.334678927131626215e-09 2.054103710380503613e-08 1.181573583438496290e-07 6.312196337046659283e-07 3.112653515333874032e-06 1.407295020954199764e-05 5.790828967202364051e-05 2.151478438187297119e-04 7.156417889590474405e-04 2.112353079467874963e-03 5.481828409141836951e-03 1.238328444786992652e-02 2.407477652253062206e-02 3.977347510202493275e-02 5.527380759513826625e-02 6.472076527012673997e-02 6.472076648382234232e-02 5.527381096239818159e-02 3.977347996298796762e-02 2.407478213445336107e-02 1.238329008938251867e-02 5.481833424652809636e-03 2.112357047559964250e-03 7.156445594732359491e-04 2.151495325997990985e-04 5.790919942426242680e-05 1.407338594683841127e-05 3.112840788359382335e-06 6.312924986779703516e-07 1.181832359919501191e-07 2.054948852740137964e-08 3.337234132750249864e-09 5.087654942746827331e-10 7.315198190483449360e-11 9.963909199325716981e-12 1.291261323214367121e-12 1.599390350974798842e-13 1.903269503166415052e-14 2.189728248693123036e-15 2.429148270604222543e-16 0.000000000000000000e+00
0.000000000000000000e+00 6.469185546847144161e-17 6.009549961431176508e-16 5.308583977519800058e-15 4.494835065589374299e-14 3.638917156916805400e-13 2.808805083358370100e-12 2.060652649888984470e-11 1.431938515532692188e-10 9.389134746825695315e-10 5.784654592903979100e-09 3.333135385034585773e-08 1.786936144944013800e-07 8.862726248204356863e-07 4.041080319513546353e-06 1.682299030355475554e-05 6.346129779440063757e-05 2.151478420122202343e-04 6.496062776842146530e-04 1.729103166278883304e-03 4.009616498746382436e-03 7.987786165288522644e-03 1.346334490000528072e-02 1.897214285545275117e-02 2.236895439684213199e-02 2.236895523605189964e-02 1.897214518742839848e-02 1.346334826627888955e-02 7.987790048518829400e-03 4.009620356044804081e-03 1.729106493630190545e-03 6.496088037950750738e-04 2.151495325997990985e-04 6.346229291923394960e-05 1.682351120812538623e-05 4.041324326382702299e-06 8.863757430680826981e-07 1.787332379047751858e-07 3.334529920010222751e-08 5.789180305424910349e-09 9.402760699362862604e-10 1.435765394707347693e-10 2.070727779610233882e-11 2.833779415632754044e-12 3.697434977211584066e-13 4.624904264003971495e-14 5.583712235619593994e-15 6.564491009582877289e-16 7.515206926411754653e-17 0.000000000000000000e+00
0.000000000000000000e+00 1.695260921222628527e-17 1.566812151021829448e-16 1.377297004426186781e-15 1.160913311214654614e-14 9.360384647936448272e-14 7.199761474046828888e-13 5.267023442576065998e-12 3.652559683785677372e-11 2.392384630061995544e-10 1.474077945067524395e-09 8.506261733611422994e-09 4.574649820392040081e-08 2.280482599098963890e-07 1.047481933894393872e-06 4.403918172673107169e-06 1.682299036280570292e-05 5.790828918090142871e-05 1.779249356558319870e-04 4.825798582600303896e-04 1.140182854126414128e-03 2.310188915814537832e-03 3.947339390336095273e-03 5.615433096731428826e-03 6.652642005991927718e-03 6.652642497604972262e-03 5.615434467259830531e-03 3.947341374346694312e-03 2.310191207154567872e-03 1.140185112058988981e-03 4.825817646376115758e-04 1.779263402272195430e-04 5.790919942426242002e-05 1.682351120812538623e-05 4.404184246402412580e-06 1.047604134305841255e-06 2.280991071897816238e-07 4.576580575750150686e-08 8.512997196595497278e-09 1.476249992985755469e-09 2.398896028724599635e-10 3.670798339476384414e-11 5.314977124356219621e-12 7.318601909800013242e-13 9.639027430115533207e-14 1.222935207313913968e-14 1.508753721383727142e-15 1.832633046217536111e-16 2.197685266810376118e-17 0.000000000000000000e+00
0.000000000000000000e+00 4.059344501186829177e-18 3.732712689023970232e-17 3.265207320909782287e-16 2.739821362709771691e-15 2.200149837080667433e-14 1.686348740445162189e-13 1.230111383878415354e-12 8.512515149438031939e-12 5.568847571459962730e-11 3.430763189938216012e-10 1.981917568053803921e-09 1.068578842055136774e-08 5.349198023584824466e-08 2.471783890168149273e-07 1.047481934587149085e-06 4.041080339054961517e-06 1.407295005010031374e-05 4.380237546377228794e-05 1.204155609597311316e-04 2.882300154347759041e-04 5.907529359504263720e-04 1.018703737800855493e-03 1.458517123292492421e-03 1.733682323654001014e-03 1.733682572397376520e-03 1.458517819350944400e-03 1.018704749580890681e-03 5.907541070944808282e-04 2.882311636789798332e-04 1.204165160566037884e-04 4.380306427552159193e-05 1.407338594683841297e-05 4.041324326382700605e-06 1.047604134305840831e-06 2.472335845917259427e-07 5.351463797145783866e-08 1.069430063025507674e-08 1.984862990622246193e-09 3.440204983569205581e-10 5.597035041488224295e-11 8.591261993230531007e-12 1.250787652580439218e-12 1.737573913694083201e-13 2.320326120907570397e-14 3.007668908822337973e-15 3.834014390507971649e-16 4.885721032653049863e-17 6.244459150847798988e-18 0.000000000000000000e+00
0.000000000000000000e+00 8.954973625147361074e-19 8.192666728393478823e-18 7.131635810783159681e-17 5.957150176669381082e-16 4.764274502222405355e-15 3.638681414361911649e-14 2.646401725827720318e-13 1.827218994346497780e-12 1.193646303513686489e-11 7.350035398637152956e-11 4.248554305891346587e-10 2.294803154939300730e-09 1.152363096575703477e-08 5.349198017607468467e-08 2.280482599804912382e-07 8.862726299079298669e-07 3.112653466485904092e-06 9.777456914341563674e-06 2.712980775806384366e-05 6.550855574386913371e-05 1.352849476532016527e-04 2.346898534629991413e-04 3.374478549443148839e-04 4.020371002898564432e-04 4.020372109115394267e-04 3.374481656696170346e-04 2.346903072278484585e-04 1.352854744038123661e-04 6.550907066350485889e-05 2.713023170627315914e-05 9.777758091262185838e-06 3.112840788359380641e-06 8.863757430680829099e-07 2.280991071897815973e-07 5.351463797145785190e-08 1.153282704675402423e-08 2.298226474580975062e-09 4.260315458058078501e-10 7.387536019917996480e-11 1.204799688216828193e-11 1.858303219871638643e-12 2.727916995289689712e-13 3.840582364061122036e-14 5.238216613365884067e-15 7.014830195615061045e-16 9.382004216909058117e-17 1.276525671045238146e-17 1.764348022894810367e-18 0.000000000000000000e+00
0.000000000000000000e+00 1.832771253101586829e-19 1.668262478293117873e-18 1.445120082648422921e-17 1.201661931687876803e-16 9.570825861853010713e-16 7.283068087036470246e-15 5.280621154183100449e-14 3.637103992055246274e-13 2.371877542502919186e-12 1.459195488645480018e-11 8.434678466770802572e-11 4.560452487421461756e-10 2.294803154746309567e-09 1.068578840432668325e-08 4.574649823808970329e-08 1.786936158367418724e-07 6.312196203010167770e-07 1.994955472191611774e-06 5.569002534122844810e-06 1.352165388123129035e-05 2.805532297872765366e-05 4.885012792133918590e-05 7.042956541838803978e-05 8.404180327098994348e-05 8.404184715571473639e-05 7.042968913483826433e-05 4.885030946186591754e-05 2.805553440305165854e-05 1.352186025349621456e-05 5.569171290750908062e-06 1.995074108779558153e-06 6.312924986779702457e-07 1.787332379047752652e-07 4.576580575750150025e-08 1.069430063025507840e-08 2.298226474580975062e-09 4.573100008391974744e-10 8.477870294021681162e-11 1.472904906363316675e-11 2.412521021319489035e-12 3.750145509191411809e-13 5.576761497930055380e-14 8.016476925904859169e-15 1.129356025282510023e-15 1.586628126248583008e-16 2.265749478800638517e-17 3.339709473468017784e-18 5.017033479969651397e-19 0.000000000000000000e+00
0.000000000000000000e+00 3.501157832023372066e-20 3.170748072794261897e-19 2.733182138829132924e-18 2.262340360496759769e-17 1.794331711916225770e-16 1.360304578920290615e-15 9.830877473273098059e-15 6.752947769666792074e-14 4.394748323896491557e-13 2.699983791155600860e-12 1.559729854006536633e-11 8.434678470351253854e-11 4.248554306210937123e-10 1.981917564276156503e-09 8.506261746415187914e-09 3.333135417775086603e-08 1.181573549264317023e-07 3.748080149205894486e-07 1.049980282655542673e-06 2.557305444524262901e-06 5.319557277186240302e-06 9.281114404032272919e-06 1.340215924007174087e-05 1.600884683532343244e-05 1.600886255795310579e-05 1.340220371646481750e-05 9.281179984528704829e-06 5.319633917131381551e-06 2.557380225068129841e-06 1.050041167964781799e-06 3.748505142457663019e-07 1.181832359919501589e-07 3.334529920010225398e-08 8.512997196595497278e-09 1.984862990622247434e-09 4.260315458058077984e-10 8.477870294021679870e-11 1.574409174771905311e-11 2.746406810511918639e-12 4.532021634424233345e-13 7.134140735353598641e-14 1.082881557578021728e-14 1.607474585672079150e-15 2.375384374450810772e-16 3.562612424263100799e-17 5.510379938534351143e-18 8.840983267541520039e-19 1.433183415705719250e-19 0.000000000000000000e+00
0.000000000000000000e+00 6.275509147376553907e-21 5.654399019758685460e-20 4.850036888248811538e-19 3.995935534994633251e-18 3.155723560596593272e-17 2.383083268913159870e-16 1.716302446565930170e-15 1.175454826341452012e-14 7.631157593485215461e-14 4.679641331576026091e-13 2.699983790471630334e-12 1.459195489372293572e-11 7.350035398073724052e-11 3.430763180845610456e-10 1.474077948782276307e-09 5.784654666395691791e-09 2.054103628837174485e-08 6.527068257519770800e-08 1.831332106387457160e-07 4.465981501474382090e-07 9.298696371521944113e-07 1.623588812182692593e-06 2.346225822029917572e-06 2.804288473598233529e-06 2.804293613362718993e-06 2.346240408485009923e-06 1.623610422843650229e-06 9.298949826643660476e-07 4.466228915651042943e-07 1.831533044863122306e-07 6.528464407861027997e-08 2.054948852740138957e-08 5.789180305424914485e-09 1.476249992985755882e-09 3.440204983569205581e-10 7.387536019917993896e-11 1.472904906363316352e-11 2.746406810511918639e-12 4.826047517702654646e-13 8.063262280481325119e-14 1.295316783729899411e-14 2.029994244839902358e-15 3.160328565068021388e-16 4.984709934715161120e-17 8.095174376798219091e-18 1.362337102927001690e-18 2.361144409721052343e-19 4.066657346429168533e-20 0.000000000000000000e+00
0.000000000000000000e+00 1.060241448924402098e-21 9.504246282687510078e-21 8.111583845335101813e-20 6.651632653926692741e-19 5.229902082215765305e-18 3.933413588293802623e-17 2.822450953063535377e-16 1.926735145066261075e-15 1.247339618660468449e-14 7.631157601398724749e-14 4.394748323768844523e-13 2.371877544625699302e-12 1.193646303277031247e-11 5.568847551456290812e-11 2.392384639919712148e-10 9.389134900937049360e-10 3.334678744569315179e-09 1.059793464077184886e-08 2.973596334406489617e-08 7.250455597291114898e-08 1.509228085313687016e-07 2.634672274413550030e-07 3.807696474088998391e-07 4.552470384738274834e-07 4.552485848733652449e-07 3.807740494088258630e-07 2.634737798519500923e-07 1.509305214103171852e-07 7.251209295164756189e-08 2.974207774642480632e-08 1.060217149666265675e-08 3.337234132750251105e-09 9.402760699362870876e-10 2.398896028724601186e-10 5.597035041488226879e-11 1.204799688216828516e-11 2.412521021319489035e-12 4.532021634424233345e-13 8.063262280481326381e-14 1.374717544722540610e-14 2.279880048804772657e-15 3.746759120106491713e-16 6.225180617217374017e-17 1.062945234410711946e-17 1.877435812929848368e-18 3.411357713925951659e-19 6.286157805862394102e-20 1.130712431970361461e-20 0.000000000000000000e+00
0.000000000000000000e+00 1.695206957572897061e-22 1.511798440956000108e-21 1.283757375589688253e-20 1.047643081847594698e-19 8.199850826629198139e-19 6.141018557630144961e-18 4.389325721964761232e-17 2.985700608877941968e-16 1.926735137871652009e-15 1.175454826665565613e-14 6.752947763393559372e-14 3.637103995429029428e-13 1.827218993151339733e-12 8.512515107223005087e-12 3.652559707651969327e-11 1.431938545764524888e-10 5.080460370066678248e-10 1.612877011180255042e-09 4.520138590185055803e-09 1.100759046203881742e-08 2.288554336298905812e-08 3.991498544561822568e-08 5.766350985683100588e-08 6.894653049574040975e-08 6.894696186008681624e-08 5.766474132800482742e-08 3.991682690552435428e-08 2.288771894320553360e-08 1.100971967344419590e-08 4.521865842851222395e-09 1.614072360508071866e-09 5.087654942746832501e-10 1.435765394707350020e-10 3.670798339476387645e-11 8.591261993230539085e-12 1.858303219871639854e-12 3.750145509191413829e-13 7.134140735353604952e-14 1.295316783729900042e-14 2.279880048804772262e-15 3.964766153862749163e-16 6.953238636428846162e-17 1.250460068469313895e-17 2.321526854252056576e-18 4.425322880658574444e-19 8.545461440195827710e-20 1.645340167065504204e-20 3.047083095377716305e-21 0.000000000000000000e+00
0.000000000000000000e+00 2.574214577607498716e-23 2.283771543802465461e-22 1.929344171955687433e-21 1.566757408625987629e-20 1.220561648497260027e-19 9.100634965317161953e-19 6.477781754076887440e-18 4.389325767956704780e-17 2.822450947229616118e-16 1.716302452181886964e-15 9.830877468655813139e-15 5.280621164097027834e-14 2.646401723435164515e-13 1.230111375741212275e-12 5.267023496870889549e-12 2.060652705590325901e-11 7.296235727516836090e-11 2.311504784276553260e-10 6.464318145891044720e-10 1.570900696479780329e-09 3.259743608277044314e-09 5.676990045054049171e-09 8.194976135277405785e-09 9.797216255413401059e-09 9.797328518237842399e-09 8.195297507162219899e-09 5.677472754705728232e-09 3.260316011033532787e-09 1.571461962730135165e-09 6.468874789723809825e-10 2.314657764996877567e-10 7.315198190483460992e-11 2.070727779610237113e-11 5.314977124356223660e-12 1.250787652580439218e-12 2.727916995289689712e-13 5.576761497930057905e-14 1.082881557578022043e-14 2.029994244839903542e-15 3.746759120106492206e-16 6.953238636428843697e-17 1.319838584877988010e-17 2.580392229390117229e-18 5.168838927683018684e-19 1.046746900733899080e-19 2.111327860819814925e-20 4.186896305775144791e-21 7.903611708810746358e-22 0.000000000000000000e+00
0.000000000000000000e+00 3.724286334711185755e-24 3.286720726314635018e-23 2.762175424641191100e-22 2.231802029325341709e-21 1.730273210892289921e-20 1.284169200699434149e-19 9.100634723924738879e-19 6.141018600460828579e-18 3.933413545660166290e-17 2.383083276216834970e-16 1.360304575496860689e-15 7.283068101371155211e-15 3.638681407674754163e-14 1.686348724964339953e-13 7.199761588656769998e-13 2.808805179480375387e-12 9.916903474772723916e-12 3.132719399138790499e-11 8.735737767952406582e-11 2.116991130795213458e-10 4.382025410783406048e-10 7.616934206699389729e-10 1.098360948897855466e-09 1.312737903671936124e-09 1.312765309991207071e-09 1.098439610745005082e-09 7.618120894803048409e-10 4.383437800098433391e-10 2.118379075686173712e-10 8.747021926390845880e-11 3.140533267233843588e-11 9.963909199325734753e-12 2.833779415632758083e-12 7.318601909800016271e-13 1.737573913694082948e-13 3.840582364061120774e-14 8.016476925904857592e-15 1.607474585672078953e-15 3.160328565068022867e-16 6.225180617217375250e-17 1.250460068469314665e-17 2.580392229390118384e-18 5.442719304098716719e-19 1.158042308426609846e-19 2.449052166514068703e-20 5.086757517482257273e-21 1.028504002683121253e-21 1.966388833831265675e-22 0.000000000000000000e+00
0.000000000000000000e+00 5.148090401052471740e-25 4.519084677652240877e-24 3.777735021828028296e-23 3.036668236227363426e-22 2.342569654235734702e-21 1.730273315857230806e-20 1.220561623941803699e-19 8.199851069451543307e-19 5.229902015290329902e-18 3.155723592401604984e-17 1.794331707221218034e-16 9.570825895097271783e-16 4.764274491499817445e-15 2.200149809561562094e-14 9.360384878779851926e-14 3.638917312622929189e-13 1.280256662282952867e-12 4.030056066667700286e-12 1.119897980660141494e-11 2.704959074733884131e-11 5.582721294323869480e-11 9.682186055594075734e-11 1.394349700051866195e-10 1.665828704696481270e-10 1.665891762490641658e-10 1.394531147739281416e-10 9.684935054521683640e-11 5.586005191297137052e-11 2.708193964651528701e-11 1.122533103157780645e-11 4.048329616583919685e-12 1.291261323214369140e-12 3.697434977211591134e-13 9.639027430115534469e-14 2.320326120907569766e-14 5.238216613365879334e-15 1.129356025282509629e-15 2.375384374450810772e-16 4.984709934715161736e-17 1.062945234410712255e-17 2.321526854252057731e-18 5.168838927683024462e-19 1.158042308426610328e-19 2.572910270813670825e-20 5.602404921718119885e-21 1.186306897793959069e-21 2.429964309831698073e-22 4.687476521169453650e-23 0.000000000000000000e+00
0.000000000000000000e+00 6.816476111456779456e-26 5.951416330615997639e-25 4.948276451587174335e-24 3.956671706660338191e-23 3.036667865292655694e-22 2.231802146484101525e-21 1.566757295497126909e-20 1.047643123640419658e-19 6.651632432471599489e-19 3.995935593860534860e-18 2.262340345288141820e-17 1.201661935700202093e-16 5.957150158395442865e-16 2.739821313311685193e-15 1.160913355287743831e-14 4.494835300394154690e-14 1.574968181353849550e-13 4.937731580599856141e-13 1.366707187958784874e-12 3.288801597925441117e-12 6.765526148890640484e-12 1.170399461594547133e-11 1.683002856366388665e-11 2.009684834068367660e-11 2.009822143219254583e-11 1.683398930029671292e-11 1.171002033051677326e-11 6.772750732744843819e-12 3.295936975693382190e-12 1.372533336584216668e-12 4.978214620058196933e-13 1.599390350974801872e-13 4.624904264003984117e-14 1.222935207313914441e-14 3.007668908822336001e-15 7.014830195615057101e-16 1.586628126248582762e-16 3.562612424263100183e-17 8.095174376798220632e-18 1.877435812929848753e-18 4.425322880658579259e-19 1.046746900733900524e-19 2.449052166514069605e-20 5.602404921718119885e-21 1.243607598011859814e-21 2.667603878939981811e-22 5.514443989108917933e-23 1.070987576591709271e-23 0.000000000000000000e+00
0.000000000000000000e+00 8.665307637020634562e-27 7.524402798927984637e-26 6.221831666812868375e-25 4.948278020190771341e-24 3.777734771388928054e-23 2.762175940806016887e-22 1.929343991239709240e-21 1.283757503432080934e-20 8.111583428499321527e-20 4.850037050202647752e-19 2.733182116160331195e-18 1.445120088349539172e-17 7.131635801661759482e-17 3.265207233775524843e-16 1.377297085958408658e-15 5.308584304564469879e-15 1.851721479818062733e-14 5.779486939070580454e-14 1.592761352687102069e-13 3.817224146618326357e-13 7.824772716001370856e-13 1.349945963381742231e-12 1.938005039708952405e-12 2.312868175711031788e-12 2.313152175243253439e-12 1.938826200279772392e-12 1.351200349203960373e-12 7.839867078950752257e-13 3.832173397983688249e-13 1.605000505218494635e-13 5.864739920567328188e-14 1.903269503166416945e-14 5.583712235619605038e-15 1.508753721383727930e-15 3.834014390507972142e-16 9.382004216909058117e-17 2.265749478800638517e-17 5.510379938534351913e-18 1.362337102927001883e-18 3.411357713925952622e-19 8.545461440195831321e-20 2.111327860819816430e-20 5.086757517482258025e-21 1.186306897793959445e-21 2.667603878939983221e-22 5.774736645017638402e-23 1.202146301232537517e-23 2.347996216264257497e-24 0.000000000000000000e+00
0.000000000000000000e+00 1.059647931398582418e-27 9.150643670788205950e-27 7.524414387973598603e-26 5.951424615837470135e-25 4.519085936270765913e-24 3.286722562922113846e-23 2.283771368984016247e-22 1.511798804443890848e-21 9.504245607188743240e-21 5.654399435347752311e-20 3.170748054750748582e-19 1.668262483216854458e-18 8.192666786391546385e-18 3.732712531146048547e-17 1.566812298140360890e-16 6.009550371041809680e-16 2.086026823884195177e-15 6.479531908980464578e-15 1.777400518018736191e-14 4.241334107379289889e-14 8.661531023576492733e-14 1.489969976573130107e-13 2.135266495488876671e-13 2.546705617667145711e-13 2.547264922291560570e-13 2.136887432336542909e-13 1.492455971878748345e-13 8.691553752412583632e-14 4.271154111387158144e-14 1.801886687408251516e-14 6.650574062077248622e-15 2.189728248693124219e-15 6.564491009582885178e-16 1.832633046217538083e-16 4.885721032653052328e-17 1.276525671045238763e-17 3.339709473468018939e-18 8.840983267541525817e-19 2.361144409721053306e-19 6.286157805862396510e-20 1.645340167065505708e-20 4.186896305775147800e-21 1.028504002683121817e-21 2.429964309831698544e-22 5.514443989108921459e-23 1.202146301232537076e-23 2.517303829045839256e-24 4.942124747910277706e-25 0.000000000000000000e+00
0.000000000000000000e+00 1.233804694037562882e-28 1.059676641520855740e-27 8.665454798543303331e-27 6.816543678888186442e-26 5.148112478940242319e-25 3.724297426530660277e-24 2.574216735548924668e-23 1.695208567185407506e-22 1.060241577046371798e-21 6.275510761820028469e-21 3.501158046935035156e-20 1.832771292306078703e-19 8.954974030753201298e-19 4.059344230282484852e-18 1.695261184065948080e-17 6.469185982845604049e-17 2.234227438707715859e-16 6.905390737806734210e-16 1.885157551315539645e-15 4.478520832704170117e-15 9.110831642903204043e-15 1.562591317532242022e-14 2.235271114313667987e-14 2.664288577655423831e-14 2.665318320217763156e-14 2.238261859509881063e-14 1.567195103959062221e-14 9.166617205435375048e-15 4.534084257068720406e-15 1.930917667284199460e-15 7.225968084204341582e-16 2.429148270604224515e-16 7.515206926411762049e-17 2.197685266810378583e-17 6.244459150847805921e-18 1.764348022894813063e-18 5.017033479969656211e-19 1.433183415705719972e-19 4.066657346429169135e-20 1.130712431970362514e-20 3.047083095377719691e-21 7.903611708810752001e-22 1.966388833831267321e-22 4.687476521169457177e-23 1.070987576591709418e-23 2.347996216264256763e-24 4.942124747910274032e-25 9.752826274035684926e-26 0.000000000000000000e+00
0.000000000000000000e+00 0.000000000000000000e+00 0.000000000000000000e+00 0.000000000000000000e+00 0.000000000000000000e+00 0.000000000000000000e+00 0.000000000000000000e+00 0.000000000000000000e+00 0.000000000000000000e+00 0.000000000000000000e+00 0.000000000000000000e+00 0.000000000000000000e+00 0.000000000000000000e+00 0.000000000000000000e+00 0.000000000000000000e+00 0.000000000000000000e+00 0.000000000000000000e+00 0.000000000000000000e+00 0.000000000000000000e+00 0.000000000000000000e+00 0.000000000000000000e+00 0.000000000000000000e+00 0.000000000000000000e+00 0.000000000000000000e+00 0.000000000000000000e+00 0.000000000000000000e+00 0.000000000000000000e+00 0.000000000000000000e+00 0.000000000000000000e+00 0.000000000000000000e+00 0.000000000000000000e+00 0.000000000000000000e+00 0.000000000000000000e+00 0.000000000000000000e+00 0.000000000000000000e+00 0.000000000000000000e+00 0.000000000000000000e+00 0.000000000000000000e+00 0.000000000000000000e+00 0.000000000000000000e+00 0.000000000000000000e+00 0.000000000000000000e+00 0.000000000000000000e+00 0.000000000000000000e+00 0.000000000000000000e+00 0.000000000000000000e+00 0.000000000000000000e+00 0.000000000000000000e+00 0.000000000000000000e+00 0.000000000000000000e+00
