0.000000000000000000e+00 0.000000000000000000e+00 0.000000000000000000e+00 0.000000000000000000e+00 0.000000000000000000e+00 0.000000000000000000e+00 0.000000000000000000e+00 0.000000000000000000e+00 0.000000000000000000e+00 0.000000000000000000e+00 0.000000000000000000e+00 0.000000000000000000e+00 0.000000000000000000e+00 0.000000000000000000e+00 0.000000000000000000e+00 0.000000000000000000e+00 0.000000000000000000e+00 0.000000000000000000e+00 0.000000000000000000e+00 0.000000000000000000e+00 0.000000000000000000e+00 0.000000000000000000e+00 0.000000000000000000e+00 0.000000000000000000e+00 0.000000000000000000e+00 0.000000000000000000e+00 0.000000000000000000e+00 0.000000000000000000e+00 0.000000000000000000e+00 0.000000000000000000e+00 0.000000000000000000e+00 0.000000000000000000e+00 0.000000000000000000e+00 0.000000000000000000e+00 0.000000000000000000e+00 0.000000000000000000e+00 0.000000000000000000e+00 0.000000000000000000e+00 0.000000000000000000e+00 0.000000000000000000e+00 0.000000000000000000e+00 0.000000000000000000e+00 0.000000000000000000e+00 0.000000000000000000e+00 0.000000000000000000e+00 0.000000000000000000e+00 0.000000000000000000e+00 0.000000000000000000e+00 0.000000000000000000e+00 0.000000000000000000e+00
0.000000000000000000e+00 1.902538665315746618e-32 1.979077446432891199e-31 1.970323045421446355e-30 1.890347139106557797e-29 1.743848392461062264e-28 1.543331994845628940e-27 1.306904072150699404e-26 1.055861636529587545e-25 8.111959442007190025e-25 5.904662667758002586e-24 4.054925194914203757e-23 2.614477345937999885e-22 1.573845341300064787e-21 8.787438456705263775e-21 4.515629708368455004e-20 2.116002841613851341e-19 8.941804464874278173e-19 3.361879614324233212e-18 1.106204705326995763e-17 3.122418040156402122e-17 7.383029372491154108e-17 1.424861054529481153e-16 2.195594016773504035e-16 2.692765221601467849e-16 2.692765215222719341e-16 2.195593999770321389e-16 1.424861032771537762e-16 7.383029160906027693e-17 3.122417867783487324e-17 1.106204578222740289e-17 3.361878746111217118e-18 8.941799367336009248e-19 2.115999979310439688e-19 4.515615706024993821e-20 8.787374287669889499e-21 1.573818845814174157e-21 2.614375723961517412e-22 4.054566156727806676e-23 5.903478637744803691e-24 8.108316072731440533e-25 1.054806202518854517e-25 1.304026365915207271e-26 1.535886120785607089e-27 1.725591606298831636e-28 1.847594217272804675e-29 1.874911057544058031e-30 1.774975920460408440e-31 1.496837626425123779e-32 0.000000000000000000e+00
0.000000000000000000e+00 1.979077446432968270e-31 2.073590252665356541e-30 2.080471995986415116e-29 2.011193137232078041e-28 1.869531329132952834e-27 1.667128785789547322e-26 1.422459677810832993e-25 1.157931166140787365e-24 8.963617004710173047e-24 6.574157500832950869e-23 4.549128885112788931e-22 2.955629072760520159e-21 1.792969364082634060e-20 1.008904845839361014e-19 5.225371648826431925e-19 2.468065188531714445e-18 1.051295488577898049e-17 3.984094990045412216e-17 1.321186408932708748e-16 3.756950653918645564e-16 8.942603400153871247e-16 1.734995786882858889e-15 2.682076038543268461e-15 3.292445633793303221e-15 3.292445633047116535e-15 2.682076036593808965e-15 1.734995784723133252e-15 8.942603386486731818e-16 3.756950648928222238e-16 1.321186410575570008e-16 3.984095037005106286e-17 1.051295528409950498e-17 2.468065470064880177e-18 5.225373152956944448e-19 1.008905568832805274e-19 1.792972372880981283e-20 2.955640504707288649e-21 4.549168320263397008e-22 6.574283707099180286e-23 8.963991000939673733e-24 1.158035547726990750e-24 1.422732228922117098e-25 1.667807449451867432e-26 1.871123663469605034e-27 2.014790747565123828e-28 2.088179079019557697e-29 2.089590776139241950e-30 2.010959595009920117e-31 0.000000000000000000e+00
0.000000000000000000e+00 1.970323045421333550e-30 2.080471995986454632e-29 2.103491975131901082e-28 2.049177991753354265e-27 1.919430817673071518e-26 1.724682495407595756e-25 1.482723228100397542e-24 1.216101098664752210e-23 9.484764957779035583e-23 7.008671356873552271e-22 4.886286460477819080e-21 3.198649633463160043e-20 1.955127340600073291e-19 1.108574926213789586e-18 5.785984732331236734e-18 2.754195925858452511e-17 1.182400784111131797e-16 4.516161150807668725e-16 1.509208742324211571e-15 4.323297162403149950e-15 1.035905652962672106e-14 2.020459823096970462e-14 3.133355017226287638e-14 3.849794492556284916e-14 3.849794492604822581e-14 3.133355017347138604e-14 2.020459823082401147e-14 1.035905652552347368e-14 4.323297155781221953e-15 1.509208734391795297e-15 4.516161075912443271e-16 1.182400733428709438e-16 2.754195604102565450e-17 5.785983091966380090e-18 1.108574148434162567e-18 1.955124115307635518e-19 3.198637271887681867e-20 4.886243255526953531e-21 7.008530848312480728e-22 9.484340100227024991e-23 1.215980322158776957e-23 1.482400627855041770e-24 1.723864753785710154e-25 1.917469350935191972e-26 2.044680057381874286e-27 2.093678611901239646e-28 2.059911605138681316e-29 1.929722315226368195e-30 0.000000000000000000e+00
0.000000000000000000e+00 1.890347139106664857e-29 2.011193137232034320e-28 2.049177991753367180e-27 2.011518985441464703e-26 1.898447397008663303e-25 1.718635921786546015e-24 1.488522697781183859e-23 1.229867849136180136e-22 9.662427156658081486e-22 7.191992575267442264e-21 5.050530785268695624e-20 3.330191045316476553e-19 2.050369350790221675e-18 1.171108978971233729e-17 6.157640108957761741e-17 2.953048728155676301e-16 1.277346867791280885e-15 4.915764904261439957e-15 1.655046044877589007e-14 4.775114362860905132e-14 1.151598172778857958e-13 2.257780862823497031e-13 3.512320446336606070e-13 4.318883706764538743e-13 4.318883706713663904e-13 3.512320446198868179e-13 2.257780862741545111e-13 1.151598172937521742e-13 4.775114366113500444e-14 1.655046049237564855e-14 4.915764947452417810e-15 1.277346897276994451e-15 2.953048920312023410e-16 6.157641086501058492e-17 1.171109448628640930e-17 2.050371296521553156e-18 3.330198542302665529e-19 5.050556993171542139e-20 7.192077909519392788e-21 9.662685155303695696e-22 1.229941108009781282e-22 1.488718127523331947e-23 1.719129800986173840e-24 1.899628533064873336e-25 2.014213901011093714e-26 2.055027483351108188e-27 2.023359967157177703e-28 1.914209057868550823e-29 0.000000000000000000e+00
0.000000000000000000e+00 1.743848392460985809e-28 1.869531329132985478e-27 1.919430817673058317e-26 1.898447397008666976e-25 1.805138726750705882e-24 1.646235809756175913e-23 1.436205031196702169e-22 1.195173675063118469e-21 9.456535701939308783e-21 7.088192689283604991e-20 5.012317788548189739e-19 3.327905679478621231e-18 2.063152559700030196e-17 1.186600172730412034e-16 6.282790417477327746e-16 3.034400725657648518e-15 1.321933490886089204e-14 5.124019369789591648e-14 1.737512318856812534e-13 5.047680040189155060e-13 1.224983021852285172e-12 2.413773525742694431e-12 3.766297450519029539e-12 4.634512462979168217e-12 4.634512463004953796e-12 3.766297450594155957e-12 2.413773525794621825e-12 1.224983021777843764e-12 5.047680038565426377e-13 1.737512316542015445e-13 5.124019346301547233e-14 1.321933474867547662e-14 3.034400618811185087e-15 6.282789877850539121e-16 1.186599909704621250e-16 2.063151473913931904e-17 3.327901468442996013e-18 5.012303079969978448e-19 7.088144706497549437e-20 9.456390699489729630e-21 1.195132536140989870e-21 1.436095459947658803e-22 1.645959757278345861e-23 1.804480859872140479e-24 1.896954639877255623e-25 1.916210643918059580e-26 1.862889776696250631e-27 1.730944986077731631e-28 0.000000000000000000e+00
0.000000000000000000e+00 1.543331994845673961e-27 1.667128785789527520e-26 1.724682495407603103e-25 1.718635921786543076e-24 1.646235809756176501e-23 1.512210998881480700e-22 1.328670498350722508e-21 1.113405649637935915e-20 8.869906680916023782e-20 6.693209384995207201e-19 4.764355350708284778e-18 3.183966435724501710e-17 1.986734302528676430e-16 1.150056386563109598e-15 6.128952160770796714e-15 2.979570640822107903e-14 1.306695801249231673e-13 5.099072343214368384e-13 1.740694255488753276e-12 5.090023446132962268e-12 1.242666866997337977e-11 2.460456937905834163e-11 3.850129909176052483e-11 4.740581653988887183e-11 4.740581653986927152e-11 3.850129909164328490e-11 2.460456937905153032e-11 1.242666867048809290e-11 5.090023446973938379e-12 1.740694256652385766e-12 5.099072354927226673e-13 1.306695809128780058e-13 2.979570694480743482e-14 6.128952428005139473e-15 1.150056519010335962e-15 1.986734844986556189e-16 3.183968556271106032e-17 4.764362731478416402e-18 6.693233503349528402e-19 8.869979374714347027e-20 1.113426226125731336e-20 1.328725076690208324e-21 1.512347721898455628e-22 1.646559317907868290e-23 1.719362961630904100e-24 1.726232820728353540e-25 1.670279131814263960e-26 1.549345196266655877e-27 0.000000000000000000e+00
0.000000000000000000e+00 1.306904072150677593e-26 1.422459677810840799e-25 1.482723228100394052e-24 1.488522697781185329e-23 1.436205031196701698e-22 1.328670498350722884e-21 1.175508918714589660e-20 9.917144728785439467e-20 7.952383974188737600e-19 6.039220343337144786e-18 4.325616588203430787e-17 2.908368247570858035e-16 1.825627486907076470e-15 1.063056858685981271e-14 5.698810418666139636e-14 2.786957999550530157e-13 1.229606153867558126e-12 4.827680215388988879e-12 1.658231556631813104e-11 4.878300180827322084e-11 1.197657248575899471e-10 2.382119489049141455e-10 3.737475165803883971e-10 4.604115357959682742e-10 4.604115357954190262e-10 3.737475165791632392e-10 2.382119489027932544e-10 1.197657248533085119e-10 4.878300180300773157e-11 1.658231556011187245e-11 4.827680209656497179e-12 1.229606150189073623e-12 2.786957974596812473e-13 5.698810298211202942e-14 1.063056798262644914e-14 1.825627243870076807e-15 2.908367290612124862e-16 4.325613288783328825e-17 6.039209557926058756e-18 7.952351688585585028e-19 9.917053818035386657e-20 1.175485015167978126e-20 1.328611256318196703e-21 1.436066793301170752e-22 1.488217569526565177e-23 1.482087216532147418e-24 1.421204712350170894e-25 1.304597175095067124e-26 0.000000000000000000e+00
0.000000000000000000e+00 1.055861636529594891e-25 1.157931166140786079e-24 1.216101098664753532e-23 1.229867849136180136e-22 1.195173675063119222e-21 1.113405649637935614e-20 9.917144728785444282e-20 8.421109345138468595e-19 6.795101007353995984e-18 5.191454092493608138e-17 3.739928161237335181e-16 2.528588832584977820e-15 1.595791195589393742e-14 9.341105102127191494e-14 5.033541423325157968e-13 2.474387618348744661e-12 1.097438770573928922e-11 4.331889420683255731e-11 1.496063201910316847e-10 4.425133936648059818e-10 1.091931301808398771e-09 2.180857927270509467e-09 3.429903128667894693e-09 4.226622691168497067e-09 4.226622691136240332e-09 3.429903128583937929e-09 2.180857927180323619e-09 1.091931301757432037e-09 4.425133936511585357e-10 1.496063202017423553e-10 4.331889422511609874e-11 1.097438771909783929e-11 2.474387628266420890e-12 5.033541470746549059e-13 9.341105347523463261e-14 1.595791292120575108e-14 2.528589217059308848e-15 3.739929464430514222e-16 5.191458348219251651e-17 6.795113565997582168e-18 8.421144335564197309e-19 9.917235109603486757e-20 1.113427584223905708e-20 1.195223426721653692e-21 1.229973643380050445e-22 1.216310754380129979e-23 1.158316847286149923e-24 1.056501778564520518e-25 0.000000000000000000e+00
0.000000000000000000e+00 8.111959442007174413e-25 8.963617004710175985e-24 9.484764957779037934e-23 9.662427156658079605e-22 9.456535701939311792e-21 8.869906680916033412e-20 7.952383974188734711e-19 6.795101007353998295e-18 5.515711663920099580e-17 4.237719854665493677e-16 3.069039671585908540e-15 2.085344853865771051e-14 1.322251594370136968e-13 7.774544441635673091e-13 4.207466698577942188e-12 2.077092235701316424e-11 9.251710038175481330e-11 3.667932122820322966e-10 1.272502208817365011e-09 3.781193053106250545e-09 9.371373287714210503e-09 1.878488457595316681e-08 2.960387026904750857e-08 3.648542530919854989e-08 3.648542530993798980e-08 2.960387027105350427e-08 1.878488457831780156e-08 9.371373289568828846e-09 3.781193054293341578e-09 1.272502209405981358e-09 3.667932124997848011e-10 9.251710044340962498e-11 2.077092235745135994e-11 4.207466692845338205e-12 7.774544382100276455e-13 1.322251567871066519e-13 2.085344733718882963e-14 3.069039256881058556e-15 4.237718459044870035e-16 5.515707588629532397e-17 6.795089759103673009e-18 7.952355785126588849e-19 8.869840974177762957e-20 9.456395773499242962e-21 9.662156172054693487e-22 9.484303494338463936e-23 8.962972836777486929e-24 8.111433417170114164e-25 0.000000000000000000e+00
0.000000000000000000e+00 5.904662667758008464e-24 6.574157500832950869e-23 7.008671356873552271e-22 7.191992575267446778e-21 7.088192689283609805e-20 6.693209384995203350e-19 6.039220343337154030e-18 5.191454092493608754e-17 4.237719854665492691e-16 3.272787682743516333e-15 2.381519604311592805e-14 1.625201661422914293e-13 1.034528488632048337e-12 6.104423724411089897e-12 3.314427353375478157e-11 1.641292200126180926e-10 7.332900689200354320e-10 2.916338177969570251e-09 1.015121912063693841e-08 3.026968182678218939e-08 7.528130491468705880e-08 1.513415133039704652e-07 2.388783501881355226e-07 2.943747451197344751e-07 2.943747451211119624e-07 2.388783501900888335e-07 1.513415133036363636e-07 7.528130491015780158e-08 3.026968181988352955e-08 1.015121911551090181e-08 2.916338175215611368e-09 7.332900677075866603e-10 1.641292196002318770e-10 3.314427340590121598e-11 6.104423699083024720e-12 1.034528484248243123e-12 1.625201667675835278e-13 2.381519654240215083e-14 3.272787937863839269e-15 4.237720676268366592e-16 5.191456506592396537e-17 6.039226199708109018e-18 6.693221934366417149e-19 7.088214373393934445e-20 7.192017700012930550e-21 7.008659314811509861e-22 6.573965512770250051e-23 5.903889056267147220e-24 0.000000000000000000e+00
0.000000000000000000e+00 4.054925194914204933e-23 4.549128885112787991e-22 4.886286460477822842e-21 5.050530785268698031e-20 5.012317788548187813e-19 4.764355350708290941e-18 4.325616588203427089e-17 3.739928161237337153e-16 3.069039671585908540e-15 2.381519604311592489e-14 1.740249844965371861e-13 1.191880139871726589e-12 7.609994522495621188e-12 4.501610640392232695e-11 2.449131243211002995e-10 1.214851459903731570e-09 5.435929618429755833e-09 2.165252111898269981e-08 7.550066409053123312e-08 2.255950729217158944e-07 5.623084881292042668e-07 1.132644899307733521e-06 1.789419370112090341e-06 2.204206955902698610e-06 2.204206955602861653e-06 1.789419369323868374e-06 1.132644898420231881e-06 5.623084874931967669e-07 2.255950725675663634e-07 7.550066392616110157e-08 2.165252105644075160e-08 5.435929598557985696e-09 1.214851454442633881e-09 2.449131230705817292e-10 4.501610613802553910e-11 7.609994479451943539e-12 1.191880131496103238e-12 1.740249833849332412e-13 2.381519572000826106e-14 3.069039612986734614e-15 3.739928011097320779e-16 4.325616493700954875e-17 4.764356051360927552e-18 5.012323077021766681e-19 5.050553424025927509e-20 4.886365422567589106e-21 4.549368515649937233e-22 4.055577941647611213e-23 0.000000000000000000e+00
0.000000000000000000e+00 2.614477345938000826e-22 2.955629072760518655e-21 3.198649633463163053e-20 3.330191045316475108e-19 3.327905679478623928e-18 3.183966435724499245e-17 2.908368247570860007e-16 2.528588832584977425e-15 2.085344853865771366e-14 1.625201661422914293e-13 1.191880139871726992e-12 8.186347687252937981e-12 5.237646899054245783e-11 3.102250356816890370e-10 1.688763664001393193e-09 8.376758690986269455e-09 3.746796552157356089e-08 1.491703191696444708e-07 5.199870401856414538e-07 1.553877897257553533e-06 3.875211076552826769e-06 7.810717586472689782e-06 1.234036125279900712e-05 1.518820888834782959e-05 1.518820889469809489e-05 1.234036127012004146e-05 7.810717606777863544e-06 3.875211092497253842e-06 1.553877907576225575e-06 5.199870455812795502e-07 1.491703215073145331e-07 3.746796639096576259e-08 8.376758974445353909e-09 1.688763746084587331e-09 3.102250571766282453e-10 5.237647409139104792e-11 8.186348808570627003e-12 1.191880365326203900e-12 1.625202088268220391e-13 2.085345589101927317e-14 2.528590008991909849e-15 2.908369829004882729e-16 3.183967911084720109e-17 3.327904688756885138e-18 3.330180404618673097e-19 3.198609182516910864e-20 2.955508116074935863e-21 2.614158797943771125e-22 0.000000000000000000e+00
0.000000000000000000e+00 1.573845341300063470e-21 1.792969364082637371e-20 1.955127340600071605e-19 2.050369350790223987e-18 2.063152559700029580e-17 1.986734302528677663e-16 1.825627486907077259e-15 1.595791195589394689e-14 1.322251594370137473e-13 1.034528488632048136e-12 7.609994522495619573e-12 5.237646899054245137e-11 3.354462658587849847e-10 1.986717096901006968e-09 1.080300153866631256e-08 5.347648389649014257e-08 2.385355248436309252e-07 9.467334984875691493e-07 3.290219149234447888e-06 9.807403569471314579e-06 2.441512793466987615e-05 4.915157796812061938e-05 7.756482212319834005e-05 9.533320080605604515e-05 9.533320072920516597e-05 7.756482190721220265e-05 4.915157770834052724e-05 2.441512771939705908e-05 9.807403419644198330e-06 3.290219067804988019e-06 9.467334616658544157e-07 2.385355105372852625e-07 5.347647902856552345e-08 1.080300006363305984e-08 1.986716693122710086e-09 3.354461650484785663e-10 5.237644578291581981e-11 7.609989575354562939e-12 1.034527502540887812e-12 1.322249758300927439e-13 1.595787977882860675e-14 1.825622225622729822e-15 1.986726305191757409e-16 2.063141654591199886e-17 2.050357040628695195e-18 1.955119943555457454e-19 1.792984492556324780e-20 1.573925426615352169e-21 0.000000000000000000e+00
0.000000000000000000e+00 8.787438456705269793e-21 1.008904845839360171e-19 1.108574926213790741e-18 1.171108978971233112e-17 1.186600172730412280e-16 1.150056386563109598e-15 1.063056858685981902e-14 9.341105102127199067e-14 7.774544441635670062e-13 6.104423724411093936e-12 4.501610640392232049e-11 3.102250356816890370e-10 1.986717096901006141e-09 1.174870924246781476e-08 6.369263894920977437e-08 3.138888929259202667e-07 1.392222918622875954e-06 5.490127339523846179e-06 1.895393277470261426e-05 5.615313620685637711e-05 1.390911976894809287e-04 2.789590758125047761e-04 4.389466589157757373e-04 5.383509953319393125e-04 5.383509959515558668e-04 4.389466607171584565e-04 2.789590780303017941e-04 1.390911996151069827e-04 5.615313762168889556e-05 1.895393355680326261e-05 5.490127702679847354e-06 1.392223063032754660e-06 3.138889431453610091e-07 6.369265450722927138e-08 1.174871359633128148e-08 1.986718209411412634e-09 3.102252977503502585e-10 4.501616370754747583e-11 6.104435440350795969e-12 7.774566926376431269e-13 9.341145836525753608e-14 1.063063832238069053e-14 1.150067700098823751e-15 1.186617502171402453e-16 1.171133903207469736e-17 1.108607920821853336e-18 1.008943256373104317e-19 8.787769733293312145e-21 0.000000000000000000e+00
0.000000000000000000e+00 4.515629708368450189e-20 5.225371648826433851e-19 5.785984732331237504e-18 6.157640108957761741e-17 6.282790417477330704e-16 6.128952160770793558e-15 5.698810418666144684e-14 5.033541423325157968e-13 4.207466698577946227e-12 3.314427353375476218e-11 2.449131243211002995e-10 1.688763664001392779e-09 1.080300153866631091e-08 6.369263894920978761e-08 3.435430906128724923e-07 1.680893855847505294e-06 7.387360462313502701e-06 2.882144280552655045e-05 9.837128183073698125e-05 2.882261288429916564e-04 7.071025735887029361e-04 1.407568950177122413e-03 2.202946993007728893e-03 2.693207462608675305e-03 2.693207459197659043e-03 2.202946982626710366e-03 1.407568937074305838e-03 7.071025616620134823e-04 2.882261196615549040e-04 9.837127674329998559e-05 2.882144039307084433e-05 7.387359491029372035e-06 1.680893513976358093e-06 3.435429834101313272e-07 6.369260859282787189e-08 1.080299368832234272e-08 1.688761792312802969e-09 2.449127098004307974e-10 3.314418767129539673e-11 4.207449979310904870e-12 5.033510657792219082e-13 5.698756747162486697e-14 6.128863061793495188e-15 6.282649495216551324e-16 6.157427508228873313e-17 5.785679588211544184e-18 5.224957327906586242e-19 4.515112135332410613e-20 0.000000000000000000e+00
0.000000000000000000e+00 2.116002841613852545e-19 2.468065188531715216e-18 2.754195925858452511e-17 2.953048728155675808e-16 3.034400725657649307e-15 2.979570640822106640e-14 2.786957999550528642e-13 2.474387618348746277e-12 2.077092235701315778e-11 1.641292200126180668e-10 1.214851459903731570e-09 8.376758690986274418e-09 5.347648389649014257e-08 3.138888929259201609e-07 1.680893855847504447e-06 8.140685620429126982e-06 3.530530550152783802e-05 1.355553761774808607e-04 4.545130036796484678e-04 1.307973687827829667e-03 3.157051783166548234e-03 6.203360693783974492e-03 9.620857632856749664e-03 1.170606598035760573e-02 1.170606599260462684e-02 9.620857673046039060e-03 6.203360746083420516e-03 3.157051833389422704e-03 1.307973728199269582e-03 4.545130257024262749e-04 1.355553868431012116e-04 3.530530979841045770e-05 8.140687139121342424e-06 1.680894333487701196e-06 3.138890284060200897e-07 5.347651896128815765e-08 8.376767049401925778e-09 1.214853308974220827e-09 1.641296022194943361e-10 2.077099658451425149e-11 2.474401234227108390e-12 2.786981686201340241e-13 2.979609883388358764e-14 3.034462812885015294e-15 2.953142801421618355e-16 2.754332556250530399e-17 2.468255383606792389e-18 2.116252599469928245e-19 0.000000000000000000e+00
0.000000000000000000e+00 8.941804464874280099e-19 1.051295488577898049e-17 1.182400784111132537e-16 1.277346867791280491e-15 1.321933490886089992e-14 1.306695801249231673e-13 1.229606153867558530e-12 1.097438770573928599e-11 9.251710038175481330e-11 7.332900689200354320e-10 5.435929618429754179e-09 3.746796552157356751e-08 2.385355248436307664e-07 1.392222918622875107e-06 7.387360462313505242e-06 3.530530550152785835e-05 1.504089875685805293e-04 5.647232217500557571e-04 1.844835799482044984e-03 5.164340759442469751e-03 1.214463557513630228e-02 2.335964253984172331e-02 3.569647813284077681e-02 4.312291618020374501e-02 4.312291615648062432e-02 3.569647803980924988e-02 2.335964241292346963e-02 1.214463544416351584e-02 5.164340649547225805e-03 1.844835742728389823e-03 5.647231933516538545e-04 1.504089764276527765e-04 3.530530159882346578e-05 7.387359258498351839e-06 1.392222586249403735e-06 2.385354419001371979e-07 3.746794670228954622e-08 5.435925720035853962e-09 7.332893301955168261e-10 9.251697248844758382e-11 1.097436758517019415e-11 1.229603318686739089e-12 1.306692340034031451e-13 1.321930171421689437e-14 1.277345381741227021e-15 1.182404162495050129e-16 1.051308468218418490e-17 8.942092271102220172e-19 0.000000000000000000e+00
0.000000000000000000e+00 3.361879614324233982e-18 3.984094990045412216e-17 4.516161150807662808e-16 4.915764904261443112e-15 5.124019369789592279e-14 5.099072343214368384e-13 4.827680215388989687e-12 4.331889420683253792e-11 3.667932122820323483e-10 2.916338177969569837e-09 2.165252111898269981e-08 1.491703191696443650e-07 9.467334984875689376e-07 5.490127339523843638e-06 2.882144280552655045e-05 1.355553761774808878e-04 5.647232217500553235e-04 2.058730582632500774e-03 6.485882193847119018e-03 1.743074276375592216e-02 3.936457611033113146e-02 7.316754563483325591e-02 1.091716484688850242e-01 1.304358442622048364e-01 1.304358442628202885e-01 1.091716485443849360e-01 7.316754575487384449e-02 3.936457625700735125e-02 1.743074289338052835e-02 6.485882244666736629e-03 2.058730612215329148e-03 5.647232309628556594e-04 1.355553790787523147e-04 2.882144344571534625e-05 5.490127417601745753e-06 9.467334819600199252e-07 1.491703035611931218e-07 2.165251433861379462e-08 2.916335913883364058e-09 3.667925673677573363e-10 4.331873081315952225e-11 4.827642560205275854e-12 5.098992294714886168e-13 5.123860839271490983e-14 4.915470268981000098e-15 4.515644241536072493e-16 3.983235169398359500e-17 3.360538626958984843e-18 0.000000000000000000e+00
0.000000000000000000e+00 1.106204705326995454e-17 1.321186408932709241e-16 1.509208742324212162e-15 1.655046044877588061e-14 1.737512318856812787e-13 1.740694255488752468e-12 1.658231556631812458e-11 1.496063201910317364e-10 1.272502208817364804e-09 1.015121912063694503e-08 7.550066409053124635e-08 5.199870401856416656e-07 3.290219149234447888e-06 1.895393277470260409e-05 9.837128183073698125e-05 4.545130036796483594e-04 1.844835799482044767e-03 6.485882193847119018e-03 1.948163609077700059e-02 4.942432105658074032e-02 1.049931136110171387e-01 1.848675632899856036e-01 2.654228222990662744e-01 3.116288206245950154e-01 3.116288207140759381e-01 2.654228224473330067e-01 1.848675634642639176e-01 1.049931137611441190e-01 4.942432118752834030e-02 1.948163620895301124e-02 6.485882235764474021e-03 1.844835827186625367e-03 4.545130149292893893e-04 9.837128691053901165e-05 1.895393481882175050e-05 3.290219907928069189e-06 5.199872965398568438e-07 7.550074293921456291e-08 1.015124129489952844e-08 1.272507943462297948e-09 1.496076924532910205e-10 1.658262121272326260e-11 1.740757968808799884e-12 1.737637235328593868e-13 1.655277416810622285e-14 1.509615204639656760e-15 1.321865803624131609e-16 1.107272201640998438e-17 0.000000000000000000e+00
0.000000000000000000e+00 3.122418040156402738e-17 3.756950653918644085e-16 4.323297162403149161e-15 4.775114362860905132e-14 5.047680040189153041e-13 5.090023446132960653e-12 4.878300180827322084e-11 4.425133936648057750e-10 3.781193053106251372e-09 3.026968182678218277e-08 2.255950729217158944e-07 1.553877897257553744e-06 9.807403569471314579e-06 5.615313620685635001e-05 2.882261288429917648e-04 1.307973687827829884e-03 5.164340759442468017e-03 1.743074276375591869e-02 4.942432105658071256e-02 1.162314661874166294e-01 2.261974019764311783e-01 3.667834824308113806e-01 4.956400271794991208e-01 5.659792375793182284e-01 5.659792375162052691e-01 4.956400269980765771e-01 3.667834821335537177e-01 2.261974016006998711e-01 1.162314658284025887e-01 4.942432086509090244e-02 1.743074269828219502e-02 5.164340709735189792e-03 1.307973665789381344e-03 2.882261162001401554e-04 5.615313034219840860e-05 9.807401138037393122e-06 1.553877012944054538e-06 2.255947866042862159e-07 3.026959827081100151e-08 3.781170832708135826e-09 4.425079576360932918e-10 4.878176857552205036e-11 5.089762233634117278e-12 5.047160465330086120e-13 4.774138972955529796e-14 4.321561502747741061e-15 3.754013134280944670e-16 3.117745929345315282e-17 0.000000000000000000e+00
0.000000000000000000e+00 7.383029372491154108e-17 8.942603400153867302e-16 1.035905652962672422e-14 1.151598172778857958e-13 1.224983021852284970e-12 1.242666866997337815e-11 1.197657248575898954e-10 1.091931301808399184e-09 9.371373287714210503e-09 7.528130491468700586e-08 5.623084881292039491e-07 3.875211076552826769e-06 2.441512793466987953e-05 1.390911976894809287e-04 7.071025735887031529e-04 3.157051783166549969e-03 1.214463557513630748e-02 3.936457611033113146e-02 1.049931136110171109e-01 2.261974019764312616e-01 3.940333196343464017e-01 5.721753804709173163e-01 7.110815874066577225e-01 7.804894640145815243e-01 7.804894637751582653e-01 7.110815868820161700e-01 5.721753798821588299e-01 3.940333190957904796e-01 2.261974014882259798e-01 1.049931132002287909e-01 3.936457591778492332e-02 1.214463553296636460e-02 3.157051783699520772e-03 7.071025872885975620e-04 1.390912067729529675e-04 2.441513235461499216e-05 3.875212802233039340e-06 5.623090679147568985e-07 7.528147755645831531e-08 9.371419741159264644e-09 1.091942751236986674e-09 1.197683360822941694e-10 1.242722413075718069e-11 1.225093942346033412e-12 1.151807222256981322e-13 1.036279192119244230e-14 8.948953540828279645e-16 7.393179622178118552e-17 0.000000000000000000e+00
0.000000000000000000e+00 1.424861054529479921e-16 1.734995786882859678e-15 2.020459823096970146e-14 2.257780862823496526e-13 2.413773525742694835e-12 2.460456937905834810e-11 2.382119489049140938e-10 2.180857927270509881e-09 1.878488457595316020e-08 1.513415133039703858e-07 1.132644899307732463e-06 7.810717586472686394e-06 4.915157796812057872e-05 2.789590758125046134e-04 1.407568950177122847e-03 6.203360693783972757e-03 2.335964253984173372e-02 7.316754563483322815e-02 1.848675632899856314e-01 3.667834824308113251e-01 5.721753804709177604e-01 7.453725269383697505e-01 8.569217909565850499e-01 9.067419601308497334e-01 9.067419601084724112e-01 8.569217909409607703e-01 7.453725270256265079e-01 5.721753807627903976e-01 3.667834827627868277e-01 1.848675633548988451e-01 7.316754553948932871e-02 2.335964246831500127e-02 6.203360645724441576e-03 1.407568927866179173e-03 2.789590676273399363e-04 4.915157533334873601e-05 7.810716867270178855e-06 1.132644726298833436e-06 1.513414769426274557e-07 1.878487797097079449e-08 2.180856934493357613e-09 2.382118432466021940e-10 2.460456876292910452e-11 2.413777176461938966e-12 2.257793968334125692e-13 2.020493070971128224e-14 1.735067206073877455e-15 1.424995382451303839e-16 0.000000000000000000e+00
0.000000000000000000e+00 2.195594016773504035e-16 2.682076038543269645e-15 3.133355017226286376e-14 3.512320446336609099e-13 3.766297450519027116e-12 3.850129909176053129e-11 3.737475165803885005e-10 3.429903128667893452e-09 2.960387026904751519e-08 2.388783501881355756e-07 1.789419370112088859e-06 1.234036125279900712e-05 7.756482212319828584e-05 4.389466589157755205e-04 2.202946993007727592e-03 9.620857632856753133e-03 3.569647813284080456e-02 1.091716484688849687e-01 2.654228222990662189e-01 4.956400271794988988e-01 7.110815874066572784e-01 8.569217909565847169e-01 9.339965184301352030e-01 9.641590107137304466e-01 9.641590112049543970e-01 9.339965196750381615e-01 8.569217925031136218e-01 7.110815891976594028e-01 4.956400289589612540e-01 2.654228235279150749e-01 1.091716489953130365e-01 3.569647820646009578e-02 9.620857589620722058e-03 2.202946930176612281e-03 4.389466217546577503e-04 7.756480493767770111e-05 1.234035468728786848e-05 1.789417185799644787e-06 2.388777017282115399e-07 2.960369558561704026e-08 3.429859904125184821e-09 3.737376000724283003e-10 3.849917407645993355e-11 3.765869505553607936e-12 3.511506383739270584e-13 3.131885870698988792e-14 2.679552253076478166e-15 2.191517181132418385e-16 0.000000000000000000e+00
0.000000000000000000e+00 2.692765221601467849e-16 3.292445633793301248e-15 3.849794492556288071e-14 4.318883706764540763e-13 4.634512462979167410e-12 4.740581653988888475e-11 4.604115357959685326e-10 4.226622691168495412e-09 3.648542530919855650e-08 2.943747451197343692e-07 2.204206955902698187e-06 1.518820888834783637e-05 9.533320080605604515e-05 5.383509953319392041e-04 2.693207462608673570e-03 1.170606598035760226e-02 4.312291618020370337e-02 1.304358442622047254e-01 3.116288206245950154e-01 5.659792375793181174e-01 7.804894640145810802e-01 9.067419601308495114e-01 9.641590107137292254e-01 9.840614124993678491e-01 9.840614134001818281e-01 9.641590130298667294e-01 9.067419630798820851e-01 7.804894672333455574e-01 5.659792407661182745e-01 3.116288232599044861e-01 1.304358459731465580e-01 4.312291703066716692e-02 1.170606635620728697e-02 2.693207598254360961e-03 5.383510373108887090e-04 9.533321198546255320e-05 1.518821135721339907e-05 2.204207387380026639e-06 2.943747895514052298e-07 3.648542007470385275e-08 4.226617989912061158e-09 4.604098101529479150e-10 4.740532878976447278e-11 4.634393590272713106e-12 4.318622844568189825e-13 3.849267485855655798e-14 3.291452678468173505e-15 2.691036875498283016e-16 0.000000000000000000e+00
0.000000000000000000e+00 2.692765215222721313e-16 3.292445633047114563e-15 3.849794492604824474e-14 4.318883706713660875e-13 4.634512463004949757e-12 4.740581653986927799e-11 4.604115357954186126e-10 4.226622691136237850e-09 3.648542530993798980e-08 2.943747451211116977e-07 2.204206955602862500e-06 1.518820889469810167e-05 9.533320072920516597e-05 5.383509959515554331e-04 2.693207459197659043e-03 1.170606599260462510e-02 4.312291615648061738e-02 1.304358442628202330e-01 3.116288207140756605e-01 5.659792375162046030e-01 7.804894637751577102e-01 9.067419601084725223e-01 9.641590112049543970e-01 9.840614134001823832e-01 9.840614144773851546e-01 9.641590141478123543e-01 9.067419640444844831e-01 7.804894680359332204e-01 5.659792417280932186e-01 3.116288245161049075e-01 1.304358472740251851e-01 4.312291806503641689e-02 1.170606701168249233e-02 2.693207942150341230e-03 5.383511912464317324e-04 9.533327214156122925e-05 1.518823224935578359e-05 2.204213927083008190e-06 2.943766556262774822e-07 3.648591000951215125e-08 4.226737267052268955e-09 4.604369143857734929e-10 4.741110999634286843e-11 4.635556677231793261e-12 4.320839308562157925e-13 3.853283387672745344e-14 3.298390180461853908e-15 2.702320604026105743e-16 0.000000000000000000e+00
0.000000000000000000e+00 2.195593999770321142e-16 2.682076036593810938e-15 3.133355017347138604e-14 3.512320446198870199e-13 3.766297450594155149e-12 3.850129909164328490e-11 3.737475165791630324e-10 3.429903128583936688e-09 2.960387027105349104e-08 2.388783501900886747e-07 1.789419369323868374e-06 1.234036127012003807e-05 7.756482190721227042e-05 4.389466607171585650e-04 2.202946982626711233e-03 9.620857673046040795e-03 3.569647803980924988e-02 1.091716485443849360e-01 2.654228224473330067e-01 4.956400269980762996e-01 7.110815868820158370e-01 8.569217909409606593e-01 9.339965196750374954e-01 9.641590130298676176e-01 9.641590141478119103e-01 9.339965226540188903e-01 8.569217952995907828e-01 7.110815917048116663e-01 4.956400317558059543e-01 2.654228269603268742e-01 1.091716525111122577e-01 3.569648102389077343e-02 9.620859396238192265e-03 2.202947888918907905e-03 4.389470552158613670e-04 7.756497577022222268e-05 1.234041444386826597e-05 1.789436005539916828e-06 2.388831002868114451e-07 2.960511956389512581e-08 3.430208023722726509e-09 3.738170068042512678e-10 3.851617106730799626e-11 3.769300469633875374e-12 3.518065688163946543e-13 3.143807509377553952e-14 2.700210278821658053e-15 2.225215638486083323e-16 0.000000000000000000e+00
0.000000000000000000e+00 1.424861032771536776e-16 1.734995784723133646e-15 2.020459823082400832e-14 2.257780862741543849e-13 2.413773525794621825e-12 2.460456937905152709e-11 2.382119489027930476e-10 2.180857927180322792e-09 1.878488457831779164e-08 1.513415133036363107e-07 1.132644898420231669e-06 7.810717606777868626e-06 4.915157770834054080e-05 2.789590780303017941e-04 1.407568937074306706e-03 6.203360746083422250e-03 2.335964241292345575e-02 7.316754575487388612e-02 1.848675634642639731e-01 3.667834821335534401e-01 5.721753798821588299e-01 7.453725270256265079e-01 8.569217925031138439e-01 9.067419630798821961e-01 9.067419640444844831e-01 8.569217952995910048e-01 7.453725316277307611e-01 5.721753851129245394e-01 3.667834872422588988e-01 1.848675683695837901e-01 7.316755048277949480e-02 2.335964639555504832e-02 6.203363171282148120e-03 1.407570277779908365e-03 2.789596832733385809e-04 4.915182019874534482e-05 7.810803310606105620e-06 1.132672198090689829e-06 1.513494273607925205e-07 1.878699320450643289e-08 2.181378407329336052e-09 2.383317708483935236e-10 2.463044546070816981e-11 2.419041595518703668e-12 2.267935831743931429e-13 2.039064907697721625e-14 1.767486329400440983e-15 1.478247112970011400e-16 0.000000000000000000e+00
0.000000000000000000e+00 7.383029160906021530e-17 8.942603386486725902e-16 1.035905652552347211e-14 1.151598172937521489e-13 1.224983021777843158e-12 1.242666867048809614e-11 1.197657248533083827e-10 1.091931301757431831e-09 9.371373289568828846e-09 7.528130491015776187e-08 5.623084874931969787e-07 3.875211092497252148e-06 2.441512771939704552e-05 1.390911996151069285e-04 7.071025616620136992e-04 3.157051833389424439e-03 1.214463544416350890e-02 3.936457625700735125e-02 1.049931137611440635e-01 2.261974016006997323e-01 3.940333190957906462e-01 5.721753807627911748e-01 7.110815891976601799e-01 7.804894672333458905e-01 7.804894680359333314e-01 7.110815917048117774e-01 5.721753851129246504e-01 3.940333240809456572e-01 2.261974065700633474e-01 1.049931188567359841e-01 3.936458151685320872e-02 1.214464001660283017e-02 3.157054692126235948e-03 7.071041550883289638e-04 1.390919276135465631e-04 2.441542128683030360e-05 3.875315559805607305e-06 5.623419572654405877e-07 7.529106125531479377e-08 9.373986464544185929e-09 1.092579611186481489e-09 1.199157186316974980e-10 1.245921906488024873e-11 1.231641893469222339e-12 1.164495360615311065e-13 1.059646419884534691e-14 9.359134381111140058e-16 8.070466759410488891e-17 0.000000000000000000e+00
0.000000000000000000e+00 3.122417867783486708e-17 3.756950648928225196e-16 4.323297155781222742e-15 4.775114366113500444e-14 5.047680038565423348e-13 5.090023446973936764e-12 4.878300180300771218e-11 4.425133936511583289e-10 3.781193054293340751e-09 3.026968181988352955e-08 2.255950725675663105e-07 1.553877907576227057e-06 9.807403419644193247e-06 5.615313762168889556e-05 2.882261196615549582e-04 1.307973728199270233e-03 5.164340649547223203e-03 1.743074289338052488e-02 4.942432118752831255e-02 1.162314658284025609e-01 2.261974014882261463e-01 3.667834827627868277e-01 4.956400289589613650e-01 5.659792407661182745e-01 5.659792417280933297e-01 4.956400317558056212e-01 3.667834872422588988e-01 2.261974065700634029e-01 1.162314710496636788e-01 4.942432667826082704e-02 1.743074836924544263e-02 5.164345190224934636e-03 1.307976544946718150e-03 2.882276589647512588e-04 5.615383720209768934e-05 9.807683983399093287e-06 1.553977564169870976e-06 2.256269873595470550e-07 3.027899329371419715e-08 3.783691662375719115e-09 4.431348637575391087e-10 4.892723238472785270e-11 5.121433659038539955e-12 5.112184520129913074e-13 4.900564800504854436e-14 4.555222991046731002e-15 4.165690862737758727e-16 3.799965833205971846e-17 0.000000000000000000e+00
0.000000000000000000e+00 1.106204578222739981e-17 1.321186410575570748e-16 1.509208734391794509e-15 1.655046049237564224e-14 1.737512316542014688e-13 1.740694256652385160e-12 1.658231556011187891e-11 1.496063202017423036e-10 1.272502209405981565e-09 1.015121911551090512e-08 7.550066392616114127e-08 5.199870455812797620e-07 3.290219067804988019e-06 1.895393355680326599e-05 9.837127674329998559e-05 4.545130257024262749e-04 1.844835742728390474e-03 6.485882244666732292e-03 1.948163620895299736e-02 4.942432086509089550e-02 1.049931132002288880e-01 1.848675633548989006e-01 2.654228235279150194e-01 3.116288232599045971e-01 3.116288245161045189e-01 2.654228269603265966e-01 1.848675683695837346e-01 1.049931188567360535e-01 4.942432667826082704e-02 1.948164193888455090e-02 6.485887389461919388e-03 1.844839652835162476e-03 4.545153707115745642e-04 9.837251397691021263e-05 1.895448666879828692e-05 3.290438097331066111e-06 5.200642929021000062e-07 7.552529970599637212e-08 1.015839383772820455e-08 1.274427188372144543e-09 1.500856515288486436e-10 1.669379040502740659e-11 1.765039578349623539e-12 1.787678441984015611e-13 1.752987511229967555e-14 1.691042366784931244e-15 1.643089880190992311e-16 1.642217719123916353e-17 0.000000000000000000e+00
0.000000000000000000e+00 3.361878746111217504e-18 3.984095037005106902e-17 4.516161075912442285e-16 4.915764947452417021e-15 5.124019346301544078e-14 5.099072354927225663e-13 4.827680209656501218e-12 4.331889422511608582e-11 3.667932124997848528e-10 2.916338175215613022e-09 2.165252105644076814e-08 1.491703215073145066e-07 9.467334616658545215e-07 5.490127702679849895e-06 2.882144039307084772e-05 1.355553868431012929e-04 5.647231933516535293e-04 2.058730612215327847e-03 6.485882235764465348e-03 1.743074269828219156e-02 3.936457591778494414e-02 7.316754553948932871e-02 1.091716489953130503e-01 1.304358459731464193e-01 1.304358472740250741e-01 1.091716525111122577e-01 7.316755048277950868e-02 3.936458151685321566e-02 1.743074836924544263e-02 6.485887389461916785e-03 2.058734785872341159e-03 5.647260996623711159e-04 1.355570546772813284e-04 2.882228575058231771e-05 5.490497320502132787e-06 9.468774369205819653e-07 1.492205818247427975e-07 2.166844698242028721e-08 2.920959780717460548e-09 3.680313802940482996e-10 4.362724549455692392e-11 4.899488044249369137e-12 5.256255262574123696e-13 5.448894711289987652e-14 5.552331612163152591e-15 5.702819990585997282e-16 6.094238594481545189e-17 6.891522432462098530e-18 0.000000000000000000e+00
0.000000000000000000e+00 8.941799367336003470e-19 1.051295528409950344e-17 1.182400733428709191e-16 1.277346897276994451e-15 1.321933474867547189e-14 1.306695809128779805e-13 1.229606150189074633e-12 1.097438771909783606e-11 9.251710044340966376e-11 7.332900677075866603e-10 5.435929598557989005e-09 3.746796639096576921e-08 2.385355105372855272e-07 1.392223063032754660e-06 7.387359491029377117e-06 3.530530979841047125e-05 1.504089764276527223e-04 5.647232309628556594e-04 1.844835827186624500e-03 5.164340709735188925e-03 1.214463553296636980e-02 2.335964246831500474e-02 3.569647820646010272e-02 4.312291703066715304e-02 4.312291806503636138e-02 3.569648102389076649e-02 2.335964639555504138e-02 1.214464001660283191e-02 5.164345190224934636e-03 1.844839652835162259e-03 5.647260996623710075e-04 1.504108374858734208e-04 3.530633311459700649e-05 7.387858749153927270e-06 1.392436260547693442e-06 2.386171027465925989e-07 3.749611975694298813e-08 5.444782291383563340e-09 7.358472226798486912e-10 9.320059217561925015e-11 1.114450625410392897e-11 1.269254110545706255e-12 1.393643977443092560e-13 1.502129205982067575e-14 1.631618851747238242e-15 1.845409517348153872e-16 2.235408472553401643e-17 2.883741172774924100e-18 0.000000000000000000e+00
0.000000000000000000e+00 2.115999979310437762e-19 2.468065470064880947e-18 2.754195604102563293e-17 2.953048920312025875e-16 3.034400618811183510e-15 2.979570694480741589e-14 2.786957974596814492e-13 2.474387628266421293e-12 2.077092235745136964e-11 1.641292196002319028e-10 1.214851454442634295e-09 8.376758974445355563e-09 5.347647902856556977e-08 3.138889431453611149e-07 1.680893513976358729e-06 8.140687139121340730e-06 3.530530159882345901e-05 1.355553790787522876e-04 4.545130149292891182e-04 1.307973665789381344e-03 3.157051783699522073e-03 6.203360645724442443e-03 9.620857589620727263e-03 1.170606635620728350e-02 1.170606701168248366e-02 9.620859396238188796e-03 6.203363171282144650e-03 3.157054692126234647e-03 1.307976544946718150e-03 4.545153707115741305e-04 1.355570546772812742e-04 3.530633311459699972e-05 8.141234174879386810e-06 1.681151777745228669e-06 3.139968111570809946e-07 5.351706569628320435e-08 8.390599933844674127e-09 1.219168912523372096e-09 1.653700357701123307e-10 2.110165127419785875e-11 2.556622225045968843e-12 2.978692239662873013e-13 3.400686699880447901e-14 3.909259771715314916e-15 4.678478954114284171e-16 5.995369596487463756e-17 8.281116016594502340e-18 1.192604035671416423e-18 0.000000000000000000e+00
0.000000000000000000e+00 4.515615706024986599e-20 5.225373152956950226e-19 5.785983091966376238e-18 6.157641086501060957e-17 6.282789877850537148e-16 6.128952428005137895e-15 5.698810298211204204e-14 5.033541470746549059e-13 4.207466692845338205e-12 3.314427340590120952e-11 2.449131230705818843e-10 1.688763746084587331e-09 1.080300006363306977e-08 6.369265450722928462e-08 3.435429834101314331e-07 1.680894333487701620e-06 7.387359258498349298e-06 2.882144344571537336e-05 9.837128691053902520e-05 2.882261162001402096e-04 7.071025872885972367e-04 1.407568927866179606e-03 2.202946930176614884e-03 2.693207598254360093e-03 2.693207942150338628e-03 2.202947888918908338e-03 1.407570277779907715e-03 7.071041550883289638e-04 2.882276589647515298e-04 9.837251397691015842e-05 2.882228575058230755e-05 7.387858749153928964e-06 1.681151777745228881e-06 3.436613345709607328e-07 6.374114299879709814e-08 1.082096949288351699e-08 1.694825131337482443e-09 2.467893900978809588e-10 3.368079878246527285e-11 4.350059141237133801e-12 5.387672555290619795e-13 6.524646486228846212e-14 7.945161813702064650e-15 1.006431687393210872e-15 1.363785757146271905e-16 1.988770862421111901e-17 3.062006064534229017e-18 4.755484053036573461e-19 0.000000000000000000e+00
0.000000000000000000e+00 8.787374287669874453e-21 1.008905568832805996e-19 1.108574148434161797e-18 1.171109448628641238e-17 1.186599909704621496e-16 1.150056519010335568e-15 1.063056798262645703e-14 9.341105347523467048e-14 7.774544382100278475e-13 6.104423699083023913e-12 4.501610613802557787e-11 3.102250571766282453e-10 1.986716693122711741e-09 1.174871359633127652e-08 6.369260859282791159e-08 3.138890284060201427e-07 1.392222586249402465e-06 5.490127417601746600e-06 1.895393481882175389e-05 5.615313034219844248e-05 1.390912067729530217e-04 2.789590676273403158e-04 4.389466217546581298e-04 5.383510373108884922e-04 5.383511912464309735e-04 4.389470552158612586e-04 2.789596832733385267e-04 1.390919276135466444e-04 5.615383720209774355e-05 1.895448666879828015e-05 5.490497320502130246e-06 1.392436260547693442e-06 3.139968111570809946e-07 6.374114299879711137e-08 1.176828566932690871e-08 1.993877316779552816e-09 3.126174682870863836e-10 4.575157572438136702e-11 6.313766513567415664e-12 8.329407059270446235e-13 1.071753994292891612e-13 1.384090626448553430e-14 1.856948461682645647e-15 2.661523252831627276e-16 4.096952252871524847e-17 6.643474650153177780e-18 1.101582447219923625e-18 1.790950225821671488e-19 0.000000000000000000e+00
0.000000000000000000e+00 1.573818845814171524e-21 1.792972372880982788e-20 1.955124115307633352e-19 2.050371296521554697e-18 2.063151473913930980e-17 1.986734844986556189e-16 1.825627243870077991e-15 1.595791292120575108e-14 1.322251567871067529e-13 1.034528484248243324e-12 7.609994479451948386e-12 5.237647409139106084e-11 3.354461650484787731e-10 1.986718209411411393e-09 1.080299368832234933e-08 5.347651896128815103e-08 2.385354419001371979e-07 9.467334819600201369e-07 3.290219907928070036e-06 9.807401138037406674e-06 2.441513235461500233e-05 4.915157533334881055e-05 7.756480493767778242e-05 9.533321198546255320e-05 9.533327214156117504e-05 7.756497577022223623e-05 4.915182019874535837e-05 2.441542128683032732e-05 9.807683983399096675e-06 3.290438097331064840e-06 9.468774369205813301e-07 2.386171027465926518e-07 5.351706569628323744e-08 1.082096949288352361e-08 1.993877316779554470e-09 3.380383370842927219e-10 5.323569140063176820e-11 7.872599703199438509e-12 1.108982302223502382e-12 1.519135661547102220e-13 2.083745537634890563e-14 2.963996406938821213e-15 4.496453583340109325e-16 7.310558718906935197e-17 1.248883227682475073e-17 2.176880178469283571e-18 3.775484941627672310e-19 6.302877099771769191e-20 0.000000000000000000e+00
0.000000000000000000e+00 2.614375723961513180e-22 2.955640504707290906e-21 3.198637271887680062e-20 3.330198542302667936e-19 3.327901468442994087e-18 3.183968556271106032e-17 2.908367290612124862e-16 2.528589217059308453e-15 2.085344733718884856e-14 1.625201667675834521e-13 1.191880131496104449e-12 8.186348808570623772e-12 5.237644578291585858e-11 3.102252977503500517e-10 1.688761792312803382e-09 8.376767049401929087e-09 3.746794670228954622e-08 1.491703035611931748e-07 5.199872965398570556e-07 1.553877012944056656e-06 3.875212802233038493e-06 7.810716867270187325e-06 1.234035468728788542e-05 1.518821135721339907e-05 1.518823224935577851e-05 1.234041444386827614e-05 7.810803310606117479e-06 3.875315559805608999e-06 1.553977564169870976e-06 5.200642929021000062e-07 1.492205818247427710e-07 3.749611975694298813e-08 8.390599933844675781e-09 1.694825131337483064e-09 3.126174682870866421e-10 5.323569140063180051e-11 8.469387206530068417e-12 1.277987093010601939e-12 1.868573624041257236e-13 2.727781207570578934e-14 4.119887551853455148e-15 6.622509888329102500e-16 1.138355916751845864e-16 2.050850006678705186e-17 3.760256434621411041e-18 6.847176343818044641e-19 1.218834942995399542e-19 2.066765274116735354e-20 0.000000000000000000e+00
0.000000000000000000e+00 4.054566156727797860e-23 4.549168320263402650e-22 4.886243255526948264e-21 5.050556993171546352e-20 5.012303079969974596e-19 4.764362731478414861e-18 4.325613288783330674e-17 3.739929464430512250e-16 3.069039256881058556e-15 2.381519654240214452e-14 1.740249833849332917e-13 1.191880365326203698e-12 7.609989575354567785e-12 4.501616370754745645e-11 2.449127098004307457e-10 1.214853308974220827e-09 5.435925720035855617e-09 2.165251433861379793e-08 7.550074293921458938e-08 2.255947866042865336e-07 5.623090679147571102e-07 1.132644726298834707e-06 1.789417185799647751e-06 2.204207387380026639e-06 2.204213927083008614e-06 1.789436005539917675e-06 1.132672198090691946e-06 5.623419572654409054e-07 2.256269873595472138e-07 7.552529970599643829e-08 2.166844698242029382e-08 5.444782291383563340e-09 1.219168912523372303e-09 2.467893900978809071e-10 4.575157572438140580e-11 7.872599703199443356e-12 1.277987093010601939e-12 2.001318076947904520e-13 3.117766387320714749e-14 5.010358902038135577e-15 8.547944004783957508e-16 1.555633500764694356e-16 2.959678633790000551e-17 5.716115860200184901e-18 1.093770443095971449e-18 2.042567691078027797e-19 3.692080295073686266e-20 6.323022877089458215e-21 0.000000000000000000e+00
0.000000000000000000e+00 5.903478637744802957e-24 6.574283707099189690e-23 7.008530848312475086e-22 7.192077909519400311e-21 7.088144706497550641e-20 6.693233503349523587e-19 6.039209557926061837e-18 5.191458348219246104e-17 4.237718459044873980e-16 3.272787937863836902e-15 2.381519572000827368e-14 1.625202088268219887e-13 1.034527502540888822e-12 6.104435440350794354e-12 3.314418767129539673e-11 1.641296022194944912e-10 7.332893301955171363e-10 2.916335913883365712e-09 1.015124129489953175e-08 3.026959827081102136e-08 7.528147755645831531e-08 1.513414769426276145e-07 2.388777017282119105e-07 2.943747895514051769e-07 2.943766556262775351e-07 2.388831002868114981e-07 1.513494273607926529e-07 7.529106125531484671e-08 3.027899329371423685e-08 1.015839383772821282e-08 2.920959780717461789e-09 7.358472226798491048e-10 1.653700357701123824e-10 3.368079878246525346e-11 6.313766513567418088e-12 1.108982302223502584e-12 1.868573624041257236e-13 3.117766387320716011e-14 5.346375450866842118e-15 9.702907340333058861e-16 1.873209511661137453e-16 3.770378936753586899e-17 7.683471774934639342e-18 1.547464142905764003e-18 3.034733480666841177e-19 5.751832908352723531e-20 1.049873355018687324e-20 1.810741061885878050e-21 0.000000000000000000e+00
0.000000000000000000e+00 8.108316072731486451e-25 8.963991000939660509e-24 9.484340100227030869e-23 9.662685155303695696e-22 9.456390699489743172e-21 8.869979374714331379e-20 7.952351688585597547e-19 6.795113565997572923e-18 5.515707588629541025e-17 4.237720676268362155e-16 3.069039612986738164e-15 2.085345589101925424e-14 1.322249758300928449e-13 7.774566926376434298e-13 4.207449979310900831e-12 2.077099658451428057e-11 9.251697248844763551e-11 3.667925673677576982e-10 1.272507943462298362e-09 3.781170832708138308e-09 9.371419741159259680e-09 1.878487797097079449e-08 2.960369558561706342e-08 3.648542007470385275e-08 3.648591000951215125e-08 2.960511956389513573e-08 1.878699320450644612e-08 9.373986464544192546e-09 3.783691662375722423e-09 1.274427188372144957e-09 3.680313802940486615e-10 9.320059217561935355e-11 2.110165127419785875e-11 4.350059141237132186e-12 8.329407059270447245e-13 1.519135661547102220e-13 2.727781207570579249e-14 5.010358902038137154e-15 9.702907340333058861e-16 1.992337527132491939e-16 4.252414468119028809e-17 9.163242233634469304e-18 1.946260608721299743e-18 4.015408647752770401e-19 7.988762890316216371e-20 1.528416345638557928e-20 2.809301270502281545e-21 4.872911601270647205e-22 0.000000000000000000e+00
0.000000000000000000e+00 1.054806202518874951e-25 1.158035547726980465e-24 1.215980322158784157e-23 1.229941108009777521e-22 1.195132536140992879e-21 1.113426226125728327e-20 9.917053818035410732e-20 8.421144335564179976e-19 6.795089759103681483e-18 5.191456506592390374e-17 3.739928011097324230e-16 2.528590008991905905e-15 1.595787977882862884e-14 9.341145836525751083e-14 5.033510657792217063e-13 2.474401234227111218e-12 1.097436758517020061e-11 4.331873081315954810e-11 1.496076924532909430e-10 4.425079576360936019e-10 1.091942751236986467e-09 2.180856934493357613e-09 3.429859904125185648e-09 4.226617989912060331e-09 4.226737267052268955e-09 3.430208023722725268e-09 2.181378407329336466e-09 1.092579611186482316e-09 4.431348637575393155e-10 1.500856515288487729e-10 4.362724549455698208e-11 1.114450625410394028e-11 2.556622225045970863e-12 5.387672555290619795e-13 1.071753994292891864e-13 2.083745537634890563e-14 4.119887551853455148e-15 8.547944004783960467e-16 1.873209511661137207e-16 4.252414468119031890e-17 9.715149105815241861e-18 2.181359136533251517e-18 4.744771996164350441e-19 9.928044078867518447e-20 1.993258748171708172e-20 3.839156314535623567e-21 7.096571121333647644e-22 1.237239216858335165e-22 0.000000000000000000e+00
0.000000000000000000e+00 1.304026365915265530e-26 1.422732228922082201e-25 1.482400627855064178e-24 1.488718127523319310e-23 1.436095459947667032e-22 1.328725076690203058e-21 1.175485015167981136e-20 9.917235109603469905e-20 7.952355785126594627e-19 6.039226199708097463e-18 4.325616493700961038e-17 2.908369829004879771e-16 1.825622225622732188e-15 1.063063832238068737e-14 5.698756747162482910e-14 2.786981686201341756e-13 1.229603318686739897e-12 4.827642560205275854e-12 1.658262121272325291e-11 4.878176857552210206e-11 1.197683360822941436e-10 2.382118432466021423e-10 3.737376000724283520e-10 4.604098101529477082e-10 4.604369143857731310e-10 3.738170068042511127e-10 2.383317708483934719e-10 1.199157186316974980e-10 4.892723238472785270e-11 1.669379040502742274e-11 4.899488044249373984e-12 1.269254110545707265e-12 2.978692239662877052e-13 6.524646486228851260e-14 1.384090626448554219e-14 2.963996406938823185e-15 6.622509888329109403e-16 1.555633500764695589e-16 3.770378936753589364e-17 9.163242233634477008e-18 2.181359136533252673e-18 5.015305742337673738e-19 1.106210951728652649e-19 2.335376359343622481e-20 4.719336538683309060e-21 9.139561674455459366e-22 1.698088664505906117e-22 2.975155722204969800e-23 0.000000000000000000e+00
0.000000000000000000e+00 1.535886120785748968e-27 1.667807449451779041e-26 1.723864753785765714e-25 1.719129800986142249e-24 1.645959757278364375e-23 1.512347721898445989e-22 1.328611256318201405e-21 1.113427584223903000e-20 8.869840974177774994e-20 6.693221934366403668e-19 4.764356051360930633e-18 3.183967911084719493e-17 1.986726305191759381e-16 1.150067700098823751e-15 6.128863061793491244e-15 2.979609883388359395e-14 1.306692340034032208e-13 5.098992294714886168e-13 1.740757968808799278e-12 5.089762233634121317e-12 1.242722413075718230e-11 2.460456876292910129e-11 3.849917407645993355e-11 4.740532878976443401e-11 4.741110999634282965e-11 3.851617106730797041e-11 2.463044546070815042e-11 1.245921906488024388e-11 5.121433659038539955e-12 1.765039578349626367e-12 5.256255262574128744e-13 1.393643977443094327e-13 3.400686699880454212e-14 7.945161813702070961e-15 1.856948461682647225e-15 4.496453583340112283e-16 1.138355916751847836e-16 2.959678633790001784e-17 7.683471774934643964e-18 1.946260608721300128e-18 4.744771996164352367e-19 1.106210951728652890e-19 2.461624796580338668e-20 5.230222012950987933e-21 1.062577221066349699e-21 2.068088392616708247e-22 3.861669996002052506e-23 6.800014403049744529e-24 0.000000000000000000e+00
0.000000000000000000e+00 1.725591606299141267e-28 1.871123663469408449e-27 1.917469350935311359e-26 1.899628533064807214e-25 1.804480859872175743e-24 1.646559317907850658e-23 1.436066793301177570e-22 1.195223426721651247e-21 9.456395773499261018e-21 7.088214373393926019e-20 5.012323077021770533e-19 3.327904688756885908e-18 2.063141654591202967e-17 1.186617502171403686e-16 6.282649495216547380e-16 3.034462812885015688e-15 1.321930171421690384e-14 5.123860839271489090e-14 1.737637235328594373e-13 5.047160465330087129e-13 1.225093942346033816e-12 2.413777176461938158e-12 3.765869505553607936e-12 4.634393590272708259e-12 4.635556677231794068e-12 3.769300469633872142e-12 2.419041595518702861e-12 1.231641893469221329e-12 5.112184520129914084e-13 1.787678441984017630e-13 5.448894711289990808e-14 1.502129205982068837e-14 3.909259771715319649e-15 1.006431687393211267e-15 2.661523252831630728e-16 7.310558718906943825e-17 2.050850006678707035e-17 5.716115860200188752e-18 1.547464142905765158e-18 4.015408647752770401e-19 9.928044078867519650e-20 2.335376359343623384e-20 5.230222012950989437e-21 1.117160273669724108e-21 2.280800606709539435e-22 4.460980164632352949e-23 8.372698690790676272e-24 1.482201792368421014e-24 0.000000000000000000e+00
0.000000000000000000e+00 1.847594217273436380e-29 2.014790747564727877e-28 2.044680057382111409e-27 2.014213901010968875e-26 1.896954639877318301e-25 1.719362961630876917e-24 1.488217569526576050e-23 1.229973643380047624e-22 9.662156172054704772e-22 7.192017700012929045e-21 5.050553424025926907e-20 3.330180404618675986e-19 2.050357040628696736e-18 1.171133903207471123e-17 6.157427508228872080e-17 2.953142801421618848e-16 1.277345381741227416e-15 4.915470268980999309e-15 1.655277416810623547e-14 4.774138972955527272e-14 1.151807222256981574e-13 2.257793968334125440e-13 3.511506383739269575e-13 4.318622844568186796e-13 4.320839308562156915e-13 3.518065688163944523e-13 2.267935831743930924e-13 1.164495360615310560e-13 4.900564800504854436e-14 1.752987511229968817e-14 5.552331612163153379e-15 1.631618851747238637e-15 4.678478954114287130e-16 1.363785757146272398e-16 4.096952252871528545e-17 1.248883227682475998e-17 3.760256434621415663e-18 1.093770443095972219e-18 3.034733480666841177e-19 7.988762890316217574e-20 1.993258748171709075e-20 4.719336538683312821e-21 1.062577221066351016e-21 2.280800606709539905e-22 4.679282002542891754e-23 9.198827462816099823e-24 1.735931569481714556e-24 3.090840709025656010e-25 0.000000000000000000e+00
0.000000000000000000e+00 1.874911057545281715e-30 2.088179079018809123e-29 2.093678611901675954e-28 2.055027483350888285e-27 1.916210643918162895e-26 1.726232820728314969e-25 1.482087216532160643e-24 1.216310754380127775e-23 9.484303494338467462e-23 7.008659314811518325e-22 4.886365422567584592e-21 3.198609182516915679e-20 1.955119943555458176e-19 1.108607920821854877e-18 5.785679588211541103e-18 2.754332556250530399e-17 1.182404162495050129e-16 4.515644241536070521e-16 1.509615204639658140e-15 4.321561502747735539e-15 1.036279192119245335e-14 2.020493070971127593e-14 3.131885870698988161e-14 3.849267485855652642e-14 3.853283387672741557e-14 3.143807509377553952e-14 2.039064907697720994e-14 1.059646419884534849e-14 4.555222991046728636e-15 1.691042366784932230e-15 5.702819990586000241e-16 1.845409517348154119e-16 5.995369596487464989e-17 1.988770862421112825e-17 6.643474650153183173e-18 2.176880178469285497e-18 6.847176343818047530e-19 2.042567691078028760e-19 5.751832908352721124e-20 1.528416345638558530e-20 3.839156314535627329e-21 9.139561674455463128e-22 2.068088392616708952e-22 4.460980164632350598e-23 9.198827462816095415e-24 1.818220767857604939e-24 3.451574305722940841e-25 6.184980294101014979e-26 0.000000000000000000e+00
0.000000000000000000e+00 1.774975920462676791e-31 2.089590776137900207e-30 2.059911605139440540e-29 2.023359967156816729e-28 1.862889776696408115e-27 1.670279131814215173e-26 1.421204712350183751e-25 1.158316847286152311e-24 8.962972836777464888e-24 6.573965512770278263e-23 4.549368515649925008e-22 2.955508116074943763e-21 1.792984492556322974e-20 1.008943256373106363e-19 5.224957327906583353e-19 2.468255383606792389e-18 1.051308468218418028e-17 3.983235169398356418e-17 1.321865803624132842e-16 3.754013134280937274e-16 8.948953540828283590e-16 1.735067206073876469e-15 2.679552253076476983e-15 3.291452678468171533e-15 3.298390180461848780e-15 2.700210278821660420e-15 1.767486329400441378e-15 9.359134381111142031e-16 4.165690862737756262e-16 1.643089880190992311e-16 6.094238594481547654e-17 2.235408472553401643e-17 8.281116016594500799e-18 3.062006064534230172e-18 1.101582447219924203e-18 3.775484941627673273e-19 1.218834942995399782e-19 3.692080295073688071e-20 1.049873355018687474e-20 2.809301270502281921e-21 7.096571121333650465e-22 1.698088664505906117e-22 3.861669996002053093e-23 8.372698690790674803e-24 1.735931569481713821e-24 3.451574305722940382e-25 6.595234481360121514e-26 1.190387591377514541e-26 0.000000000000000000e+00
0.000000000000000000e+00 1.496837626429274031e-32 2.010959595007557177e-31 1.929722315227658090e-30 1.914209057867971246e-29 1.730944986077966825e-28 1.549345196266597763e-27 1.304597175095075446e-26 1.056501778564530849e-25 8.111433417170048043e-25 5.903889056267195709e-24 4.055577941647587704e-23 2.614158797943781940e-22 1.573925426615348784e-21 8.787769733293331705e-21 4.515112135332405798e-20 2.116252599469928726e-19 8.942092271102218246e-19 3.360538626958981762e-18 1.107272201640999979e-17 3.117745929345308503e-17 7.393179622178118552e-17 1.424995382451303099e-16 2.191517181132417646e-16 2.691036875498283509e-16 2.702320604026101306e-16 2.225215638486085296e-16 1.478247112970012879e-16 8.070466759410491356e-17 3.799965833205970614e-17 1.642217719123916353e-17 6.891522432462104693e-18 2.883741172774924486e-18 1.192604035671416230e-18 4.755484053036576350e-19 1.790950225821673414e-19 6.302877099771772802e-20 2.066765274116735354e-20 6.323022877089458968e-21 1.810741061885878050e-21 4.872911601270645324e-22 1.237239216858335870e-22 2.975155722204971564e-23 6.800014403049745999e-24 1.482201792368421014e-24 3.090840709025656010e-25 6.184980294101014979e-26 1.190387591377514541e-26 2.166886536634889355e-27 0.000000000000000000e+00
0.000000000000000000e+00 0.000000000000000000e+00 0.000000000000000000e+00 0.000000000000000000e+00 0.000000000000000000e+00 0.000000000000000000e+00 0.000000000000000000e+00 0.000000000000000000e+00 0.000000000000000000e+00 0.000000000000000000e+00 0.000000000000000000e+00 0.000000000000000000e+00 0.000000000000000000e+00 0.000000000000000000e+00 0.000000000000000000e+00 0.000000000000000000e+00 0.000000000000000000e+00 0.000000000000000000e+00 0.000000000000000000e+00 0.000000000000000000e+00 0.000000000000000000e+00 0.000000000000000000e+00 0.000000000000000000e+00 0.000000000000000000e+00 0.000000000000000000e+00 0.000000000000000000e+00 0.000000000000000000e+00 0.000000000000000000e+00 0.000000000000000000e+00 0.000000000000000000e+00 0.000000000000000000e+00 0.000000000000000000e+00 0.000000000000000000e+00 0.000000000000000000e+00 0.000000000000000000e+00 0.000000000000000000e+00 0.000000000000000000e+00 0.000000000000000000e+00 0.000000000000000000e+00 0.000000000000000000e+00 0.000000000000000000e+00 0.000000000000000000e+00 0.000000000000000000e+00 0.000000000000000000e+00 0.000000000000000000e+00 0.000000000000000000e+00 0.000000000000000000e+00 0.000000000000000000e+00 0.000000000000000000e+00 0.000000000000000000e+00
