0.000000000000000000e+00 0.000000000000000000e+00 0.000000000000000000e+00 0.000000000000000000e+00 0.000000000000000000e+00 0.000000000000000000e+00 0.000000000000000000e+00 0.000000000000000000e+00 0.000000000000000000e+00 0.000000000000000000e+00 0.000000000000000000e+00 0.000000000000000000e+00 0.000000000000000000e+00 0.000000000000000000e+00 0.000000000000000000e+00 0.000000000000000000e+00 0.000000000000000000e+00 0.000000000000000000e+00 0.000000000000000000e+00 0.000000000000000000e+00 0.000000000000000000e+00 0.000000000000000000e+00 0.000000000000000000e+00 0.000000000000000000e+00 0.000000000000000000e+00 0.000000000000000000e+00 0.000000000000000000e+00 0.000000000000000000e+00 0.000000000000000000e+00 0.000000000000000000e+00 0.000000000000000000e+00 0.000000000000000000e+00 0.000000000000000000e+00 0.000000000000000000e+00 0.000000000000000000e+00 0.000000000000000000e+00 0.000000000000000000e+00 0.000000000000000000e+00 0.000000000000000000e+00 0.000000000000000000e+00 0.000000000000000000e+00 0.000000000000000000e+00 0.000000000000000000e+00 0.000000000000000000e+00 0.000000000000000000e+00 0.000000000000000000e+00 0.000000000000000000e+00 0.000000000000000000e+00 0.000000000000000000e+00 0.000000000000000000e+00
0.000000000000000000e+00 7.328845537772858050e-34 8.314168201384106612e-33 8.802606797339090304e-32 9.074355860130953931e-31 8.960777410475913837e-30 8.511091704865734764e-29 7.734029309728834698e-28 6.711654778450466409e-27 5.541557216202987689e-26 4.337802476501113644e-25 3.205234318932692816e-24 2.224761983432209700e-23 1.442286557715648520e-22 8.674755149122739090e-22 4.802214147388975125e-21 2.423616342564748843e-20 1.102292706865014228e-19 4.454297266361205952e-19 1.571396657634212957e-18 4.735432080011265044e-18 1.186974207581075057e-17 2.400361089239966212e-17 3.808564690476655790e-17 4.714786042722389615e-17 4.714785967180536849e-17 3.808564488478389555e-17 2.400360829356338144e-17 1.186973944634284687e-17 4.735429873556045680e-18 1.571394952786500244e-18 4.454284978923179343e-19 1.102285542069287295e-19 2.423574909486418682e-20 4.802017015311550539e-21 8.673853733509413504e-22 1.441925809200892711e-22 2.223406519000304931e-23 3.200595381883121830e-24 4.322927661801404195e-25 5.497264756081143262e-26 6.587161803572967558e-27 7.405924630817033606e-28 7.687438163412602855e-29 7.010240510158866975e-30 4.640536719764359934e-31 -7.505777265755030009e-33 -1.153299869929535431e-32 -3.097667858672455025e-33 0.000000000000000000e+00
0.000000000000000000e+00 8.314168201385224641e-33 9.261016830674888190e-32 9.977001866642851750e-31 1.032928101902260424e-29 1.030528443228074937e-28 9.863938471090729422e-28 9.042347313912995871e-27 7.912974355532534393e-26 6.589598537492940306e-25 5.202388320272562240e-24 3.877352409768312912e-23 2.714727331362185670e-22 1.775434133505709130e-21 1.077363652404759176e-20 6.017955030982246784e-20 3.064910120474601799e-19 1.406796537925223986e-18 5.737166791960353028e-18 2.042369922590645093e-17 6.208389059717697906e-17 1.568504156995407477e-16 3.192204437653782096e-16 5.084683449199458620e-16 6.300553928374770302e-16 6.300553918362873098e-16 5.084683422236734236e-16 3.192204410457718572e-16 1.568504148835818294e-16 6.208389128442999891e-17 2.042370098613439957e-17 5.737168847621137226e-18 1.406797941286368298e-18 3.064919462551900455e-19 6.018001054039825763e-20 1.077385467890690825e-20 1.775521439185647034e-21 2.715055214299785675e-22 3.878460337665503642e-23 5.205892962078909004e-24 6.599843546621564905e-25 7.941259585784635424e-26 9.115321469159190000e-27 1.004376237277209158e-27 1.072157330838095857e-28 1.125907125616331450e-29 1.193466357169013472e-30 1.326476619160403045e-31 1.600888078613351196e-32 0.000000000000000000e+00
0.000000000000000000e+00 8.802606797337424072e-32 9.977001866643482335e-31 1.080454104811613420e-29 1.129883055217274489e-28 1.136203218905920270e-27 1.097100873881271243e-26 1.014190208607006935e-25 8.951051736045895096e-25 7.517399475574147670e-24 5.985521229148982925e-23 4.499199877909311638e-22 3.177261603104918382e-21 2.095987993791170607e-20 1.283058233472471656e-19 7.230681209267329783e-19 3.715721212193334427e-18 1.721040558660036606e-17 7.082816072920467499e-17 2.544198833995817458e-16 7.801164549468246521e-16 1.986546227390543769e-15 4.069005252521891574e-15 6.506608929365088880e-15 8.069757313046334785e-15 8.069757314562383450e-15 6.506608933918058759e-15 4.069005254852441490e-15 1.986546219647104451e-15 7.801164414951703699e-16 2.544198660810544670e-16 7.082814379403189659e-17 1.721039469434764845e-17 3.715714086336422147e-18 7.230646848863271464e-19 1.283041835806069686e-19 2.095922754292666972e-20 3.177014644997677601e-21 4.498363580911711292e-22 5.982860048104352431e-23 7.509577601679937309e-24 8.929371813472911618e-25 1.008562872446220406e-25 1.083211235114646946e-26 1.103885446949930612e-27 1.057785948420266745e-28 9.282456937859780967e-30 6.878420468280762408e-31 2.885007827573318340e-32 0.000000000000000000e+00
0.000000000000000000e+00 9.074355860132660012e-31 1.032928101902193442e-29 1.129883055217293995e-28 1.190904379986152720e-27 1.208049833210587656e-26 1.176205949782890830e-25 1.096495107025528083e-24 9.758241413422609289e-24 8.263683122599924448e-23 6.634470852217221410e-22 5.028559131946218240e-21 3.580764630994641821e-20 2.382051890080243624e-19 1.470558421855479498e-18 8.358607392883415494e-18 4.332775216509920763e-17 2.024551599737896517e-16 8.405896473378487360e-16 3.046110511170253082e-15 9.419914402865933699e-15 2.417521366008823051e-14 4.983284051110034313e-14 7.999317990121605151e-14 9.929258488242004917e-14 9.929258487316009694e-14 7.999317987144008644e-14 4.983284049011060354e-14 2.417521369508637589e-14 9.419914469880751493e-15 3.046110604821080036e-15 8.405897417084335631e-16 2.024552203820237542e-16 4.332779289889575941e-17 8.358626754651767924e-18 1.470567853266170222e-18 2.382089066754877067e-19 3.580906745456371355e-20 5.029038434809636933e-21 6.636000158532380401e-22 8.268169355458973205e-23 9.770658052310923118e-24 1.099710814938063854e-24 1.184108697032514397e-25 1.226365858204697914e-26 1.231474888425749499e-27 1.214971763866535563e-28 1.204379608974894537e-29 1.231692612326915523e-30 0.000000000000000000e+00
0.000000000000000000e+00 8.960777410474780186e-30 1.030528443228123365e-28 1.136203218905904127e-27 1.208049833210592248e-26 1.235632512455061251e-25 1.213148430859932728e-24 1.140266518293274135e-23 1.023104707309989619e-22 8.734520638365945722e-22 7.069205905016800430e-21 5.401221551421831641e-20 3.877107834958025932e-19 2.600020596601501391e-18 1.618181082611899624e-17 9.273343799075519100e-17 4.847029746087982802e-16 2.284003636069000178e-15 9.564186589014888976e-15 3.495427084080581801e-14 1.089914809321016718e-13 2.818548546927778011e-13 5.846253780507414171e-13 9.419988262544561062e-13 1.170127236108156542e-12 1.170127236142278752e-12 9.419988263827232233e-13 5.846253781439642279e-13 2.818548545101805586e-13 1.089914805999420310e-13 3.495427035912379625e-14 9.564186099587411177e-15 2.284003327020783004e-15 4.847027600752316562e-16 9.273333820990102732e-17 1.618176102519856871e-17 2.600001258519266560e-18 3.877032951334266848e-19 5.400970926032970432e-20 7.068403085880416039e-21 8.732175605975964840e-22 1.022456770355489749e-22 1.138595785929371804e-23 1.209066057351658726e-24 1.226234065479561978e-25 1.187435013254094089e-26 1.093430571677123040e-27 9.456148256951195757e-29 7.381512324839784318e-30 0.000000000000000000e+00
0.000000000000000000e+00 8.511091704866318826e-29 9.863938471090483690e-28 1.097100873881282579e-26 1.176205949782884402e-25 1.213148430859935850e-24 1.200863224916497045e-23 1.137898579738028007e-22 1.029157830214153693e-21 8.855710577712623485e-21 7.223284348126809848e-20 5.561665277807541094e-19 4.022971708059365272e-18 2.718541968822648824e-17 1.704967965485296871e-16 9.846549523525216961e-16 5.187125288199796143e-15 2.463802174745152571e-14 1.040073680809347281e-13 3.832110173314073349e-13 1.204426343540445887e-12 3.137725656051737890e-12 6.547857965419995995e-12 1.058900141842107578e-11 1.316162787875100388e-11 1.316162787836080405e-11 1.058900141717834353e-11 6.547857964219744002e-12 3.137725656364362482e-12 1.204426344766634314e-12 3.832110194776391621e-13 1.040073703445251397e-13 2.463802316485831878e-14 5.187126309761430529e-15 9.846554140486707727e-16 1.704970343866337273e-16 2.718550994400347173e-17 4.023007285133569024e-18 5.561782727805396587e-19 7.223662648164307228e-20 8.856805999663395885e-21 1.029459604185038110e-21 1.138669939796123597e-22 1.202730263957239820e-23 1.217392605579362837e-24 1.185362327963284225e-25 1.115716138087586682e-26 1.022371645036991196e-27 9.158011485282580160e-29 0.000000000000000000e+00
0.000000000000000000e+00 7.734029309728597934e-28 9.042347313913110665e-27 1.014190208606998210e-25 1.096495107025534328e-24 1.140266518293269140e-23 1.137898579738029888e-22 1.086826726061107336e-21 9.906514545081650562e-21 8.589633174039702481e-20 7.058872806417522593e-19 5.475148828336188928e-18 3.989169837003674060e-17 2.715090046586502522e-16 1.715007561168477616e-15 9.975783333820092808e-15 5.293440924374420795e-14 2.532908248776039223e-13 1.077306330890875865e-12 3.999546459280984070e-12 1.266517649906057239e-11 3.322740767739565879e-11 6.974361039183536521e-11 1.131797740051321023e-10 1.407468072370026812e-10 1.407468072464179353e-10 1.131797740317472977e-10 6.974361042191485761e-11 3.322740769517023858e-11 1.266517650605254432e-11 3.999546456285033635e-12 1.077306323867717050e-12 2.532908199167852496e-13 5.293440513209500820e-14 9.975781505232351373e-15 1.715006557521833169e-15 2.715086341752903930e-16 3.989154770891244796e-17 5.475100120333071524e-18 7.058714335066549570e-19 8.589181349813808596e-20 9.905275340258510099e-21 1.086515105218050307e-21 1.137156559261845927e-22 1.138620126057240594e-23 1.093051994654478181e-24 1.007478016792021063e-25 8.919865464548570327e-27 7.531218668631709151e-28 0.000000000000000000e+00
0.000000000000000000e+00 6.711654778450528111e-27 7.912974355532473552e-26 8.951051736045959381e-25 9.758241413422546106e-24 1.023104707309993968e-22 1.029157830214152188e-21 9.906514545081655076e-21 9.098513303359126805e-20 7.947324158931618710e-19 6.577842449517656627e-18 5.137565331647849653e-17 3.768572949516341176e-16 2.581950270225549954e-15 1.641559867969826839e-14 9.610607090609252183e-14 5.133012836195292198e-13 2.472472448433217397e-12 1.058754162630699956e-11 3.957938736886516323e-11 1.262030491595960304e-10 3.332706422424336858e-10 7.033565235232584072e-10 1.145103721250149216e-09 1.424493647835526660e-09 1.424493647808144914e-09 1.145103721148231259e-09 7.033565233785840010e-10 3.332706421036190789e-10 1.262030490409291392e-10 3.957938731649633280e-11 1.058754161969868919e-11 2.472472452499316998e-12 5.133012943575925171e-13 9.610607593946741461e-14 1.641560209016181979e-14 2.581951506906247473e-15 3.768578396827223809e-16 5.137582516848304078e-17 6.577899911948737310e-18 7.947484124170489775e-19 9.098950519696147470e-20 9.907581714245714371e-21 1.029404522072624043e-21 1.023625164857252384e-22 9.768400496671501797e-24 8.968827880371308846e-25 7.940151985027926061e-26 6.743068178777849824e-27 0.000000000000000000e+00
0.000000000000000000e+00 5.541557216202973914e-26 6.589598537492978877e-25 7.517399475574094773e-24 8.263683122599974994e-23 8.734520638365913749e-22 8.855710577712644550e-21 8.589633174039694055e-20 7.947324158931621599e-19 6.991050125821109060e-18 5.825700430865680379e-17 4.579692568778090947e-16 3.380249238496592231e-15 2.329724786846033683e-14 1.489751993861616248e-13 8.771144353757028706e-13 4.711007098785321297e-12 2.282126104763759907e-11 9.829634778279500922e-11 3.696795915528004475e-10 1.185989703092495229e-09 3.150396735788562685e-09 6.681915740285301693e-09 1.091018434753143807e-08 1.357401920765505280e-08 1.357401920322444845e-08 1.091018433592189365e-08 6.681915727542364327e-09 3.150396727261326908e-09 1.185989698830659088e-09 3.696795897163215036e-10 9.829634710275310309e-11 2.282126083498124121e-11 4.711007014245586190e-12 8.771144110545604530e-13 1.489751866574454967e-13 2.329724404482165033e-14 3.380247488751332693e-15 4.579687488739824614e-16 5.825682788679261583e-17 6.991003644141986402e-18 7.947197752452161331e-19 8.589344408108778687e-20 8.855086090389896108e-21 8.733373785055970622e-22 8.261920038163370637e-23 7.515763278597938027e-24 6.591265162057116822e-25 5.556412388131322956e-26 0.000000000000000000e+00
0.000000000000000000e+00 4.337802476501117318e-25 5.202388320272541669e-24 5.985521229149019365e-23 6.634470852217186616e-22 7.069205905016827513e-21 7.223284348126791793e-20 7.058872806417535112e-19 6.577842449517648153e-18 5.825700430865681612e-17 4.885698589463393884e-16 3.863780164033196344e-15 2.867790645914473481e-14 1.986833680331113493e-13 1.276692000597880966e-12 7.551548861217003508e-12 4.074196372192614669e-11 1.982509903221568665e-10 8.578637876846794875e-10 3.241975481728068118e-09 1.045337957395234847e-08 2.790678691485279180e-08 5.944398378826622885e-08 9.729800229421730065e-08 1.210415129495701860e-07 1.210415130868966466e-07 9.729800267019970141e-08 5.944398421787765378e-08 2.790678723084448773e-08 1.045337976429219420e-08 3.241975574895246098e-09 8.578638254550263187e-10 1.982510034381810201e-10 4.074196779519548122e-11 7.551549964636252140e-12 1.276692292323586605e-12 1.986834341715003225e-13 2.867792297702617330e-14 3.863783587366402055e-15 4.885707035853755173e-16 5.825717290634887162e-17 6.577880254278616191e-18 7.058938742656052993e-19 7.223389083887307122e-20 7.069273635660609837e-21 6.634210132428471696e-22 5.983901277004389797e-23 5.196616673483721826e-24 4.320937518064301865e-25 0.000000000000000000e+00
0.000000000000000000e+00 3.205234318932698326e-24 3.877352409768324667e-23 4.499199877909297532e-22 5.028559131946237801e-21 5.401221551421814789e-20 5.561665277807557464e-19 5.475148828336182765e-18 5.137565331647856433e-17 4.579692568778094891e-16 3.863780164033196344e-15 3.072299926726555430e-14 2.291523472176724225e-13 1.594506316746968347e-12 1.028531373585569465e-11 6.104464977711101326e-11 3.303715007638140075e-10 1.612384716096517426e-09 6.998320960349458600e-09 2.653471102622096324e-08 8.586774436822459422e-08 2.301023928225274608e-07 4.917827155791784470e-07 8.064225597118532743e-07 1.002793582066377491e-06 1.002793579725759277e-06 8.064225531071593961e-07 4.917827078678353879e-07 2.301023868617214270e-07 8.586774047978035411e-08 2.653470903930438571e-08 6.998320117377556217e-09 1.612384408943042850e-09 3.303714025184998531e-10 6.104462187840956409e-11 1.028530651159739280e-11 1.594504628211878670e-12 2.291519745940747632e-13 3.072292490175296981e-14 3.863765701481791644e-15 4.579667454813987378e-16 5.137522622281206203e-17 5.475088128975147206e-18 5.561593519447206292e-19 5.401207429765821743e-20 5.028806222011119450e-21 4.500318927784406911e-22 3.880856761698103207e-23 3.214657392705767951e-24 0.000000000000000000e+00
0.000000000000000000e+00 2.224761983432208525e-23 2.714727331362182849e-22 3.177261603104925153e-21 3.580764630994633997e-20 3.877107834958034599e-19 4.022971708059359880e-18 3.989169837003675909e-17 3.768572949516339697e-16 3.380249238496593020e-15 2.867790645914474743e-14 2.291523472176724730e-13 1.716295334737649329e-12 1.198315651423531790e-11 7.750239353011753555e-11 4.608943002644946440e-10 2.497892821792051326e-09 1.220419380214606901e-08 5.302409654075324807e-08 2.012931904287511395e-07 6.524843616090050628e-07 1.752138163985312530e-06 3.752372560537352459e-06 6.159015032294587182e-06 7.652487917198006766e-06 7.652487944435459104e-06 6.159015111586101163e-06 3.752372654789666339e-06 1.752138239875489055e-06 6.524844140396581894e-07 2.012932177677437756e-07 5.302410848375151459e-08 1.220419827278306452e-08 2.497894286125109879e-09 4.608947272851129682e-10 7.750250621243822090e-11 1.198318360146894140e-11 1.716301364371274241e-12 2.291535855745923161e-13 2.867814610667291119e-14 3.380292206120124451e-15 3.768646108722895847e-16 3.989283925396979207e-17 4.023136283447887479e-18 3.877306248598776571e-19 3.580923510434522482e-20 3.177134599830072133e-21 2.713699170634507154e-22 2.221395502785865310e-23 0.000000000000000000e+00
0.000000000000000000e+00 1.442286557715649931e-22 1.775434133505710634e-21 2.095987993791168500e-20 2.382051890080248920e-19 2.600020596601499080e-18 2.718541968822651905e-17 2.715090046586500057e-16 2.581950270225552321e-15 2.329724786846033368e-14 1.986833680331114503e-13 1.594506316746969357e-12 1.198315651423531790e-11 8.386584931795154649e-11 5.431324050729560133e-10 3.230889582577649872e-09 1.749963273846961091e-08 8.538924456125980306e-08 3.703938138245372191e-07 1.403987749581267203e-06 4.546498823091793040e-06 1.220576553916491109e-05 2.614491941452460529e-05 4.290193317288756310e-05 5.323249208002005001e-05 5.323249185060467280e-05 4.290193247969116086e-05 2.614491857609728577e-05 1.220576483706722934e-05 4.546498313891709411e-06 1.403987482135916745e-06 3.703936942316528996e-07 8.538919904583667682e-08 1.749961759313499159e-08 3.230885093356627005e-09 5.431312027918991091e-10 8.386555541473547633e-11 1.198309019961389134e-11 1.594492442586164958e-12 1.986806478881054722e-13 2.329674864767854565e-14 2.581863568266621988e-15 2.714948678309168562e-16 2.718323911357070499e-17 2.599708940785903700e-18 2.381645083687453701e-19 2.095542250290318649e-20 1.775128607426832279e-21 1.442588803701034816e-22 0.000000000000000000e+00
0.000000000000000000e+00 8.674755149122740971e-22 1.077363652404758574e-20 1.283058233472473100e-19 1.470558421855477764e-18 1.618181082611901472e-17 1.704967965485295638e-16 1.715007561168478799e-15 1.641559867969826523e-14 1.489751993861617763e-13 1.276692000597881168e-12 1.028531373585570112e-11 7.750239353011756140e-11 5.431324050729561167e-10 3.517048144193509943e-09 2.088819536490716452e-08 1.127961168472769691e-07 5.480632460725590338e-07 2.365441919434645173e-06 8.919880942284020775e-06 2.875098449232514351e-05 7.691171020861756560e-05 1.643436657154021647e-04 2.691312192855717790e-04 3.332362166156787285e-04 3.332362180266935881e-04 2.691312237653140939e-04 1.643436712340621566e-04 7.691171502351942010e-05 2.875098814205271771e-05 8.919882850994098381e-06 2.365442792153584491e-06 5.480635810247448156e-07 1.127962294601704049e-07 2.088822907698582373e-08 3.517057255489872619e-09 5.431346535223097888e-10 7.750290521078030953e-11 1.028542184070670606e-11 1.276713374437443118e-12 1.489791668855600036e-13 1.641629510558790789e-14 1.715123126388763178e-15 1.705150324796790071e-16 1.618453330932047114e-17 1.470943069316724149e-18 1.283563797396531843e-19 1.077966170257480051e-20 8.680618804703924787e-22 0.000000000000000000e+00
0.000000000000000000e+00 4.802214147388978887e-21 6.017955030982249192e-20 7.230681209267321117e-19 8.358607392883426279e-18 9.273343799075512937e-17 9.846549523525226822e-16 9.975783333820088075e-15 9.610607090609261019e-14 8.771144353757028706e-13 7.551548861217006739e-12 6.104464977711100034e-11 4.608943002644945923e-10 3.230889582577649872e-09 2.088819536490716121e-08 1.236029699305154476e-07 6.635883013951488168e-07 3.199210895877675670e-06 1.367899696611847284e-05 5.106255565038211723e-05 1.629854148803445014e-04 4.323851373918441866e-04 9.181054397169327932e-04 1.496595121735561388e-03 1.847251825697956897e-03 1.847251819532835532e-03 1.496595100647064554e-03 9.181054131866718407e-04 4.323851131580896978e-04 1.629853957251994206e-04 5.106254582040144283e-05 1.367899235478649617e-05 3.199209129275102096e-06 6.635877037740372962e-07 1.236027904237617998e-07 2.088814674092473792e-08 3.230877565994853145e-09 4.608915656014185080e-10 6.104407250470615226e-11 7.551435020408948416e-12 8.770933666857591468e-13 9.610238956855658582e-14 9.975174724669308596e-15 9.845592607714583413e-16 9.271913835030722951e-17 8.356570805825083095e-18 7.227933200843121290e-19 6.014463837316810550e-20 4.798189322157932763e-21 0.000000000000000000e+00
0.000000000000000000e+00 2.423616342564747640e-20 3.064910120474600354e-19 3.715721212193335968e-18 4.332775216509918915e-17 4.847029746087982802e-16 5.187125288199795354e-15 5.293440924374425844e-14 5.133012836195290179e-13 4.711007098785324528e-12 4.074196372192612084e-11 3.303715007638142143e-10 2.497892821792050085e-09 1.749963273846961422e-08 1.127961168472770220e-07 6.635883013951488168e-07 3.531094366330752448e-06 1.681998337491776691e-05 7.085706851628824040e-05 2.601107174330124952e-04 8.162263255966010871e-04 2.132429833622233664e-03 4.473418208560278261e-03 7.230252193640069637e-03 8.882516703931800026e-03 8.882516721437222484e-03 7.230252262351829877e-03 4.473418297349663827e-03 2.132429919379933651e-03 8.162263962283474155e-04 2.601107520997299628e-04 7.085708541276184054e-05 1.681998970762474602e-05 3.531096513966589859e-06 6.635889402169123210e-07 1.127962877467743244e-07 1.749967422702190933e-08 2.497902031216512579e-09 3.303733813151188736e-10 4.074231871755921927e-11 4.711069209210545434e-12 5.133113802048470477e-13 5.293593151970384271e-14 5.187337801769314035e-15 4.847301255427738397e-16 4.333087028226448092e-17 3.716024423993230679e-18 3.065115751174176974e-19 2.423577467262032784e-20 0.000000000000000000e+00
0.000000000000000000e+00 1.102292706865015672e-19 1.406796537925224179e-18 1.721040558660036298e-17 2.024551599737897750e-16 2.284003636068999389e-15 2.463802174745152887e-14 2.532908248776039223e-13 2.472472448433217397e-12 2.282126104763759907e-11 1.982509903221569441e-10 1.612384716096517633e-09 1.220419380214607066e-08 8.538924456125980306e-08 5.480632460725589279e-07 3.199210895877675247e-06 1.681998337491776013e-05 7.878845541091960615e-05 3.248384658264249418e-04 1.162459752776333257e-03 3.549575111642626259e-03 9.037071297936533770e-03 1.856259077788100648e-02 2.956546657091512625e-02 3.606454014185304924e-02 3.606454011879818566e-02 2.956546643570154981e-02 1.856259059554472499e-02 9.037071107065402370e-03 3.549574947590399595e-03 1.162459680876577360e-03 3.248384276181834666e-04 7.878844228748230563e-05 1.681997893148608745e-05 3.199209658786757972e-06 5.480629417240578716e-07 8.538918020883862241e-08 1.220418248693873035e-08 1.612383240604301271e-09 1.982509273930435655e-10 2.282130168858643617e-11 2.472490635072582819e-12 2.532960311658861948e-13 2.463924854256085948e-14 2.284259310634623898e-15 2.025037488255249292e-16 1.721897987709481572e-17 1.408216074067400931e-18 1.104485470553734209e-19 0.000000000000000000e+00
0.000000000000000000e+00 4.454297266361202100e-19 5.737166791960354569e-18 7.082816072920467499e-17 8.405896473378485388e-16 9.564186589014890553e-15 1.040073680809347155e-13 1.077306330890876875e-12 1.058754162630700117e-11 9.829634778279503507e-11 8.578637876846794875e-10 6.998320960349455291e-09 5.302409654075322822e-08 3.703938138245371662e-07 2.365441919434642632e-06 1.367899696611847114e-05 7.085706851628822685e-05 3.248384658264249960e-04 1.300872401250669852e-03 4.488351428156162233e-03 1.314604341769794356e-02 3.210182844541197705e-02 6.364764826235126682e-02 9.889905124929229685e-02 1.193090283627681603e-01 1.193090283349033942e-01 9.889905133526655234e-02 6.364764839719749823e-02 3.210182862131649023e-02 1.314604357757788097e-02 4.488351464155252227e-03 1.300872435576148510e-03 3.248384708254153127e-04 7.085707015262955784e-05 1.367899673717565869e-05 2.365441636311942425e-06 3.703936610921048959e-07 5.302403619938842285e-08 6.998301094745906799e-09 8.578580680226583064e-10 9.829487034274828143e-11 1.058719361083650012e-11 1.077230702023474261e-12 1.039920729254370498e-13 9.561287546034523287e-15 8.400717618239632037e-16 7.074053970112873637e-17 5.723074064776916857e-18 4.432966545990907597e-19 0.000000000000000000e+00
0.000000000000000000e+00 1.571396657634213150e-18 2.042369922590646634e-17 2.544198833995815979e-16 3.046110511170253476e-15 3.495427084080581170e-14 3.832110173314073853e-13 3.999546459280982455e-12 3.957938736886516969e-11 3.696795915528006026e-10 3.241975481728068118e-09 2.653471102622096324e-08 2.012931904287512719e-07 1.403987749581266779e-06 8.919880942284020775e-06 5.106255565038209690e-05 2.601107174330126578e-04 1.162459752776333257e-03 4.488351428156163968e-03 1.474298584615740121e-02 4.063946858459536321e-02 9.295348294243151177e-02 1.738481181892741478e-01 2.591057007374213406e-01 3.069995070028988526e-01 3.069995071413196830e-01 2.591057009281973467e-01 1.738481184274026925e-01 9.295348315104388914e-02 4.063946877144720971e-02 1.474298601745071928e-02 4.488351467512282159e-03 1.162459793676135899e-03 2.601107316887281353e-04 5.106256331140578136e-05 8.919884049051559724e-06 1.403988929928114323e-06 2.012935873013275900e-07 2.653483112211089492e-08 3.242008450072651664e-09 3.696878741734925441e-10 3.958130726726245555e-11 3.999960019199866360e-12 3.832943211607402406e-13 3.497004795412051782e-14 3.048933391053527492e-15 2.548990369596310059e-16 2.050111516070897447e-17 1.583178357400218290e-18 0.000000000000000000e+00
0.000000000000000000e+00 4.735432080011271207e-18 6.208389059717694208e-17 7.801164549468244549e-16 9.419914402865940010e-15 1.089914809321015835e-13 1.204426343540445887e-12 1.266517649906056916e-11 1.262030491595960563e-10 1.185989703092495849e-09 1.045337957395233358e-08 8.586774436822458099e-08 6.524843616090049569e-07 4.546498823091790498e-06 2.875098449232514351e-05 1.629854148803445285e-04 8.162263255966013039e-04 3.549575111642625826e-03 1.314604341769794182e-02 4.063946858459534933e-02 1.031827612896161483e-01 2.140567880966423864e-01 3.646768550237783901e-01 5.070928863615418170e-01 5.830208152135785138e-01 5.830208151622702228e-01 5.070928862107592083e-01 3.646768547344433342e-01 2.140567877015659981e-01 1.031827608987404415e-01 4.063946841456961279e-02 1.314604338308823610e-02 3.549575048651127090e-03 8.162263003116106228e-04 1.629853966260971852e-04 2.875097628807121350e-05 4.546495434922526203e-06 6.524831726140282079e-07 8.586737402542580222e-08 1.045327595501981551e-08 1.185963314044597386e-09 1.261968680883539167e-10 1.266383365285940127e-11 1.204153841303294736e-12 1.089395210482889452e-13 9.410557741272713506e-15 7.785182928392710191e-16 6.182407024864125963e-17 4.695642319817025522e-18 0.000000000000000000e+00
0.000000000000000000e+00 1.186974207581075982e-17 1.568504156995406984e-16 1.986546227390544953e-15 2.417521366008822735e-14 2.818548546927778516e-13 3.137725656051737082e-12 3.322740767739566525e-11 3.332706422424336858e-10 3.150396735788561857e-09 2.790678691485280834e-08 2.301023928225273285e-07 1.752138163985311048e-06 1.220576553916490771e-05 7.691171020861756560e-05 4.323851373918441324e-04 2.132429833622234098e-03 9.037071297936528566e-03 3.210182844541199093e-02 9.295348294243151177e-02 2.140567880966423864e-01 3.904006981694672640e-01 5.829839710225954708e-01 7.322429122276041813e-01 8.041284484225300622e-01 8.041284481235366766e-01 7.322429116136907057e-01 5.829839703565790066e-01 3.904006975605802121e-01 2.140567875317550550e-01 9.295348246218888832e-02 3.210182826139173357e-02 9.037071286660564029e-03 2.132429848886573803e-03 4.323851614108697246e-04 7.691172256412825026e-05 1.220577102208084782e-05 1.752140122598886159e-06 2.301030078020737666e-07 2.790695896579074786e-08 3.150440436334701935e-09 3.332808403113948091e-10 3.322961466043501274e-11 3.138171904829756168e-12 2.819396775681787806e-13 2.419044875456650307e-14 1.989143261697356136e-15 1.572720203819636605e-16 1.193426957755175386e-17 0.000000000000000000e+00
0.000000000000000000e+00 2.400361089239963747e-17 3.192204437653782589e-16 4.069005252521887629e-15 4.983284051110033682e-14 5.846253780507414171e-13 6.547857965419995188e-12 6.974361039183539106e-11 7.033565235232586140e-10 6.681915740285300866e-09 5.944398378826624209e-08 4.917827155791784470e-07 3.752372560537349071e-06 2.614491941452460190e-05 1.643436657154020563e-04 9.181054397169325764e-04 4.473418208560278261e-03 1.856259077788100648e-02 6.364764826235119743e-02 1.738481181892741201e-01 3.646768550237783901e-01 5.829839710225953597e-01 7.639508676480415428e-01 8.761262564236560468e-01 9.238067155006710607e-01 9.238067154316710328e-01 8.761262562876410698e-01 7.639508676028853307e-01 5.829839712151176911e-01 3.646768552799075080e-01 1.738481181353495053e-01 6.364764808061079693e-02 1.856259070074444545e-02 4.473418161739075964e-03 9.181054246072514920e-04 1.643436620377531862e-04 2.614491881827308220e-05 3.752372616652921838e-06 4.917827906842609912e-07 5.944401816810328225e-08 6.681927265084248779e-09 7.033597755203058796e-10 6.974442153441893950e-11 6.548041480723635535e-12 5.846636403828902690e-13 4.984027270769073465e-14 4.070361043966869053e-15 3.194540864949414571e-16 2.404124106555825897e-17 0.000000000000000000e+00
0.000000000000000000e+00 3.808564690476655173e-17 5.084683449199457634e-16 6.506608929365086514e-15 7.999317990121606413e-14 9.419988262544557023e-13 1.058900141842108062e-11 1.131797740051321153e-10 1.145103721250149009e-09 1.091018434753143807e-08 9.729800229421732712e-08 8.064225597118529567e-07 6.159015032294589723e-06 4.290193317288755633e-05 2.691312192855716706e-04 1.496595121735559437e-03 7.230252193640067902e-03 2.956546657091513319e-02 9.889905124929228297e-02 2.591057007374213961e-01 5.070928863615417059e-01 7.322429122276037372e-01 8.761262564236553807e-01 9.473079106125773530e-01 9.734629180603949772e-01 9.734629185422221109e-01 9.473079118076611627e-01 8.761262577989573641e-01 7.322429138530501813e-01 5.070928880177980602e-01 2.591057018106287524e-01 9.889905160007120277e-02 2.956546649845504318e-02 7.230252088469637378e-03 1.496595028020162883e-03 2.691311736934822677e-04 4.290191387334621437e-05 6.159008248504957086e-06 8.064204466525095750e-07 9.729741207420899323e-08 1.091003411887571634e-08 1.145068499849041393e-09 1.131721024553089605e-10 1.058743819637447075e-11 9.416990906190456488e-13 7.993883334070701809e-14 6.497251523920651458e-15 5.069333020217796338e-16 3.784823088309591108e-17 0.000000000000000000e+00
0.000000000000000000e+00 4.714786042722393312e-17 6.300553928374765371e-16 8.069757313046333207e-15 9.929258488241997344e-14 1.170127236108156542e-12 1.316162787875100550e-11 1.407468072370026295e-10 1.424493647835527280e-09 1.357401920765504618e-08 1.210415129495701595e-07 1.002793582066377279e-06 7.652487917198003378e-06 5.323249208002002968e-05 3.332362166156786743e-04 1.847251825697954512e-03 8.882516703931798291e-03 3.606454014185302842e-02 1.193090283627680631e-01 3.069995070028989081e-01 5.830208152135785138e-01 8.041284484225300622e-01 9.238067155006702835e-01 9.734629180603948662e-01 9.893106551664087034e-01 9.893106560495679158e-01 9.734629202708154905e-01 9.238067182000542221e-01 8.041284513487320096e-01 5.830208181470331041e-01 3.069995094143068703e-01 1.193090298450309172e-01 3.606454080108355970e-02 8.882516978075842562e-03 1.847251908072505052e-03 3.332362371846646419e-04 5.323249564399016649e-05 7.652488006280404231e-06 1.002793358751127430e-06 1.210413950052303840e-07 1.357397781743257583e-08 1.424481680220558678e-09 1.407437709917155107e-10 1.316093105778051491e-11 1.169980006777636452e-12 9.926361187019950550e-14 8.064402585920008419e-15 6.291203921607366450e-16 4.699523323737237422e-17 0.000000000000000000e+00
0.000000000000000000e+00 4.714785967180538698e-17 6.300553918362871126e-16 8.069757314562388183e-15 9.929258487316007170e-14 1.170127236142278752e-12 1.316162787836079920e-11 1.407468072464178836e-10 1.424493647808143673e-09 1.357401920322444514e-08 1.210415130868965672e-07 1.002793579725759066e-06 7.652487944435464186e-06 5.323249185060467957e-05 3.332362180266934255e-04 1.847251819532833798e-03 8.882516721437219015e-03 3.606454011879817872e-02 1.193090283349033248e-01 3.069995071413192944e-01 5.830208151622697788e-01 8.041284481235365655e-01 9.238067154316709217e-01 9.734629185422218889e-01 9.893106560495689150e-01 9.893106570478035211e-01 9.734629213442773654e-01 9.238067190671614970e-01 8.041284519913133311e-01 5.830208189888262948e-01 3.069995106068011403e-01 1.193090310891429667e-01 3.606454176585707078e-02 8.882517566787520927e-03 1.847252203923042046e-03 3.332363637440910464e-04 5.323254286534612200e-05 7.652503659970138849e-06 1.002798035890964442e-06 1.210426691798456594e-07 1.357429729902344228e-08 1.424555986458725868e-09 1.407599082980156349e-10 1.316422192403931991e-11 1.170613259184412579e-12 9.937908327751632769e-14 8.084429899015179264e-15 6.324338290770096710e-16 4.751250285916274334e-17 0.000000000000000000e+00
0.000000000000000000e+00 3.808564488478388322e-17 5.084683422236734236e-16 6.506608933918059548e-15 7.999317987144009906e-14 9.419988263827236272e-13 1.058900141717834192e-11 1.131797740317472589e-10 1.145103721148230638e-09 1.091018433592188704e-08 9.729800267019966170e-08 8.064225531071590785e-07 6.159015111586104551e-06 4.290193247969117441e-05 2.691312237653142566e-04 1.496595100647064554e-03 7.230252262351829010e-03 2.956546643570154287e-02 9.889905133526655234e-02 2.591057009281973467e-01 5.070928862107590973e-01 7.322429116136907057e-01 8.761262562876406257e-01 9.473079118076604965e-01 9.734629202708156015e-01 9.734629213442764772e-01 9.473079145203960882e-01 8.761262602727464266e-01 7.322429159470086324e-01 5.070928904455818120e-01 2.591057049935604484e-01 9.889905491567038687e-02 2.956546911588504509e-02 7.230253716735199690e-03 1.496595860027150711e-03 2.691315344711834386e-04 4.290204995788594232e-05 6.159053755953797315e-06 8.064341404815296395e-07 9.730116447948927591e-08 1.091097961040400247e-08 1.145289335765031345e-09 1.132202409498119549e-10 1.059728821922792254e-11 9.436004648324972628e-13 8.028658218575836701e-14 6.557741162215689133e-15 5.169700495846491415e-16 3.941949903523516043e-17 0.000000000000000000e+00
0.000000000000000000e+00 2.400360829356337836e-17 3.192204410457715614e-16 4.069005254852443856e-15 4.983284049011056567e-14 5.846253781439644298e-13 6.547857964219739963e-12 6.974361042191484469e-11 7.033565233785836908e-10 6.681915727542363500e-09 5.944398421787761408e-08 4.917827078678354938e-07 3.752372654789664222e-06 2.614491857609729255e-05 1.643436712340622108e-04 9.181054131866721660e-04 4.473418297349663827e-03 1.856259059554473539e-02 6.364764839719745659e-02 1.738481184274026925e-01 3.646768547344431122e-01 5.829839703565791176e-01 7.639508676028852197e-01 8.761262577989578082e-01 9.238067182000546662e-01 9.238067190671612749e-01 8.761262602727464266e-01 7.639508719034828754e-01 5.829839751703939088e-01 3.646768593228974509e-01 1.738481227692001141e-01 6.364765266950517253e-02 1.856259428427212838e-02 4.473420398562205462e-03 9.181065772922694570e-04 1.643441670323208062e-04 2.614511137853955085e-05 3.752437717206544517e-06 4.918025931217212609e-07 5.944950231850666881e-08 6.683323528622169641e-09 7.036892287132864974e-10 6.981695507332448609e-11 6.563028645858242639e-12 5.875844619505643195e-13 5.037951392200060308e-14 4.165030088983196691e-15 3.353052211825754589e-16 2.654423919071933146e-17 0.000000000000000000e+00
0.000000000000000000e+00 1.186973944634284533e-17 1.568504148835817308e-16 1.986546219647104845e-15 2.417521369508636011e-14 2.818548545101804072e-13 3.137725656364361271e-12 3.322740769517021919e-11 3.332706421036190789e-10 3.150396727261326495e-09 2.790678723084446126e-08 2.301023868617213740e-07 1.752138239875488631e-06 1.220576483706722595e-05 7.691171502351942010e-05 4.323851131580896436e-04 2.132429919379933217e-03 9.037071107065404105e-03 3.210182862131649023e-02 9.295348315104381975e-02 2.140567877015657483e-01 3.904006975605802676e-01 5.829839712151184683e-01 7.322429138530509585e-01 8.041284513487321206e-01 8.041284519913131090e-01 7.322429159470082993e-01 5.829839751703940198e-01 3.904007019946169610e-01 2.140567919997864443e-01 9.295348759771088210e-02 3.210183341888792757e-02 9.037075374201212000e-03 2.132432434472085990e-03 4.323865097037024661e-04 7.691231962594594778e-05 1.220600094910260412e-05 1.752218576568610225e-06 2.301270808246942853e-07 2.791368128740605970e-08 3.152165565044400032e-09 3.336910071942955039e-10 3.332058592885463819e-11 3.157103300788340922e-12 2.856548251620720238e-13 2.488097646436752338e-14 2.111171247885170527e-15 1.778355122857938841e-16 1.520093151726745009e-17 0.000000000000000000e+00
0.000000000000000000e+00 4.735429873556045680e-18 6.208389128443001123e-17 7.801164414951703699e-16 9.419914469880746760e-15 1.089914805999420689e-13 1.204426344766633708e-12 1.266517650605254432e-11 1.262030490409290616e-10 1.185989698830657847e-09 1.045337976429218758e-08 8.586774047978035411e-08 6.524844140396582953e-07 4.546498313891709411e-06 2.875098814205271093e-05 1.629853957251995290e-04 8.162263962283478492e-04 3.549574947590397860e-03 1.314604357757787577e-02 4.063946877144718195e-02 1.031827608987404277e-01 2.140567875317552771e-01 3.646768552799076746e-01 5.070928880177980602e-01 5.830208181470331041e-01 5.830208189888260728e-01 5.070928904455814790e-01 3.646768593228974509e-01 2.140567919997864443e-01 1.031827654232357339e-01 4.063947367004544509e-02 1.314604860855520148e-02 3.549579144613812434e-03 8.162288705593877128e-04 1.629867300297904720e-04 2.875156498921219031e-05 4.546721821937016944e-06 6.525604003715501916e-07 8.589108636256945429e-08 1.045990651159998949e-08 1.187668134315678814e-09 1.266031594410017556e-10 1.275419026013862185e-11 1.223014158423802611e-12 1.126528552271462265e-13 1.010316130209792789e-14 9.013636873275739822e-16 8.260475985664762394e-17 8.009314329923463211e-18 0.000000000000000000e+00
0.000000000000000000e+00 1.571394952786500437e-18 2.042370098613439340e-17 2.544198660810545163e-16 3.046110604821080824e-15 3.495427035912378363e-14 3.832110194776393135e-13 3.999546456285032019e-12 3.957938731649634572e-11 3.696795897163212968e-10 3.241975574895244857e-09 2.653470903930439894e-08 2.012932177677439079e-07 1.403987482135916745e-06 8.919882850994098381e-06 5.106254582040143606e-05 2.601107520997299628e-04 1.162459680876576926e-03 4.488351464155251359e-03 1.474298601745071581e-02 4.063946841456961279e-02 9.295348246218894384e-02 1.738481181353494776e-01 2.591057018106286414e-01 3.069995094143070369e-01 3.069995106068008073e-01 2.591057049935600043e-01 1.738481227692001141e-01 9.295348759771090985e-02 4.063947367004546590e-02 1.474299125194170577e-02 4.488356175808118700e-03 1.162463223296166578e-03 2.601127817134273393e-04 5.106359375977165130e-05 8.920329838712480903e-06 1.404158184495739345e-06 2.013508901678281292e-07 2.655235728578800297e-08 3.246903122205971030e-09 3.709472636784585266e-10 3.988209426572852369e-11 4.067071858185337291e-12 3.973603129324755746e-13 3.775262609511657924e-14 3.570663367742454929e-15 3.479592881063772797e-16 3.633672364373458176e-17 4.123256548670069988e-18 0.000000000000000000e+00
0.000000000000000000e+00 4.454284978923183195e-19 5.737168847621134914e-18 7.082814379403190892e-17 8.405897417084337603e-16 9.564186099587408021e-15 1.040073703445251650e-13 1.077306323867716848e-12 1.058754161969868919e-11 9.829634710275310309e-11 8.578638254550261119e-10 6.998320117377560353e-09 5.302410848375153444e-08 3.703936942316530584e-07 2.365442792153585338e-06 1.367899235478649786e-05 7.085708541276184054e-05 3.248384276181834666e-04 1.300872435576147425e-03 4.488351467512278689e-03 1.314604338308823610e-02 3.210182826139174744e-02 6.364764808061076917e-02 9.889905160007116114e-02 1.193090298450308895e-01 1.193090310891428835e-01 9.889905491567037299e-02 6.364765266950518641e-02 3.210183341888794145e-02 1.314604860855519801e-02 4.488356175808118700e-03 1.300876197178158205e-03 3.248409900173677414e-04 7.085849459993422876e-05 1.367968716941086182e-05 2.365733300045725540e-06 3.705026942262366975e-07 5.306058805514872253e-08 7.009414424151004419e-09 8.609521363961229940e-10 9.909013964355027757e-11 1.077722919140776040e-11 1.119703545828240389e-12 1.129172788356764151e-13 1.133280360412394473e-14 1.173531475469405855e-15 1.304801623501438138e-16 1.593702501214427881e-17 2.089581109677343161e-18 0.000000000000000000e+00
0.000000000000000000e+00 1.102285542069289220e-19 1.406797941286366372e-18 1.721039469434765462e-17 2.024552203820236556e-16 2.284003327020782610e-15 2.463802316485832194e-14 2.532908199167851991e-13 2.472472452499316190e-12 2.282126083498126060e-11 1.982510034381809167e-10 1.612384408943042850e-09 1.220419827278306949e-08 8.538919904583670329e-08 5.480635810247451333e-07 3.199209129275103790e-06 1.681998970762474941e-05 7.878844228748230563e-05 3.248384708254150417e-04 1.162459793676135032e-03 3.549575048651124488e-03 9.037071286660558825e-03 1.856259070074444198e-02 2.956546649845502583e-02 3.606454080108358051e-02 3.606454176585704302e-02 2.956546911588503468e-02 1.856259428427212491e-02 9.037075374201208530e-03 3.549579144613812000e-03 1.162463223296166578e-03 3.248409900173677956e-04 7.879003100929977900e-05 1.682082855328283582e-05 3.199605700582511084e-06 5.482257977453010939e-07 8.544895688764469522e-08 1.222398036385621196e-08 1.618356809509148791e-09 1.999068133203034357e-10 2.324611080514232120e-11 2.573999296288292904e-12 2.760150456972891705e-13 2.942542741671645824e-14 3.237465428313331531e-15 3.826626025598194355e-16 4.964426220597002025e-17 6.980229715982128134e-18 1.013215586333188292e-18 0.000000000000000000e+00
0.000000000000000000e+00 2.423574909486422594e-20 3.064919462551896603e-19 3.715714086336424459e-18 4.332779289889578407e-17 4.847027600752312618e-16 5.187126309761431318e-15 5.293440513209500189e-14 5.133012943575925171e-13 4.711007014245589421e-12 4.074196779519549414e-11 3.303714025184999048e-10 2.497894286125110292e-09 1.749961759313500151e-08 1.127962294601704843e-07 6.635877037740374021e-07 3.531096513966588588e-06 1.681997893148610100e-05 7.085707015262951718e-05 2.601107316887279184e-04 8.162263003116102976e-04 2.132429848886572069e-03 4.473418161739075964e-03 7.230252088469638246e-03 8.882516978075844297e-03 8.882517566787512253e-03 7.230253716735198823e-03 4.473420398562203727e-03 2.132432434472086424e-03 8.162288705593881465e-04 2.601127817134271224e-04 7.085849459993421521e-05 1.682082855328283582e-05 3.531529808711095711e-06 6.637854661322057568e-07 1.128754562694563706e-07 1.752830316900242288e-08 2.507285758682162386e-09 3.331853510435920305e-10 4.151861621163016434e-11 4.909840341889694234e-12 5.607973174141662789e-13 6.357591431075180742e-14 7.433796688552695065e-15 9.335076253915318727e-16 1.284719618794322760e-16 1.910659024255874001e-17 2.963991256332345393e-18 4.569394589924349146e-19 0.000000000000000000e+00
0.000000000000000000e+00 4.802017015311558062e-21 6.018001054039819745e-20 7.230646848863271464e-19 8.358626754651771005e-18 9.273333820990094104e-17 9.846554140486713643e-16 9.975781505232356106e-15 9.610607593946747772e-14 8.771144110545604530e-13 7.551549964636252140e-12 6.104462187840955117e-11 4.608947272851129165e-10 3.230885093356628246e-09 2.088822907698583696e-08 1.236027904237618263e-07 6.635889402169123210e-07 3.199209658786760513e-06 1.367899673717565531e-05 5.106256331140576104e-05 1.629853966260972394e-04 4.323851614108697246e-04 9.181054246072518172e-04 1.496595028020164400e-03 1.847251908072505269e-03 1.847252203923040311e-03 1.496595860027150927e-03 9.181065772922690233e-04 4.323865097037026288e-04 1.629867300297905804e-04 5.106359375977161742e-05 1.367968716941085504e-05 3.199605700582510660e-06 6.637854661322059685e-07 1.236900206971080735e-07 2.092254624771108860e-08 3.243122764578306712e-09 4.648602839432274089e-10 6.222427974084456763e-11 7.875688218717845292e-12 9.599061793369024076e-13 1.158710139862921185e-13 1.440760646398588744e-14 1.922098409362684505e-15 2.805279449883444026e-16 4.411237274984488421e-17 7.212914117561212493e-18 1.185984289431611084e-18 1.889993065049255845e-19 0.000000000000000000e+00
0.000000000000000000e+00 8.673853733509426669e-22 1.077385467890690073e-20 1.283041835806069204e-19 1.470567853266170800e-18 1.618176102519855330e-17 1.704970343866337766e-16 1.715006557521833958e-15 1.641560209016182295e-14 1.489751866574454714e-13 1.276692292323586605e-12 1.028530651159738957e-11 7.750250621243822090e-11 5.431312027918992125e-10 3.517057255489874687e-09 2.088814674092475116e-08 1.127962877467742450e-07 5.480629417240581892e-07 2.365441636311942425e-06 8.919884049051554642e-06 2.875097628807122367e-05 7.691172256412827737e-05 1.643436620377535114e-04 2.691311736934825930e-04 3.332362371846646419e-04 3.332363637440908838e-04 2.691315344711834386e-04 1.643441670323208604e-04 7.691231962594598844e-05 2.875156498921222419e-05 8.920329838712482597e-06 2.365733300045725117e-06 5.482257977453009880e-07 1.128754562694563706e-07 2.092254624771108860e-08 3.530390285344871630e-09 5.478259473132401436e-10 7.901028619390048407e-11 1.073098147852519661e-11 1.398658482610240509e-12 1.800613172308750008e-13 2.383260969534353532e-14 3.379309823371932804e-15 5.231722764965392116e-16 8.702147713925875186e-17 1.500363197883743401e-17 2.594652440564509070e-18 4.405529287693734598e-19 7.151856332751596045e-20 0.000000000000000000e+00
0.000000000000000000e+00 1.441925809200894591e-22 1.775521439185646282e-21 2.095922754292663059e-20 2.382089066754879475e-19 2.600001258519263864e-18 2.718550994400348097e-17 2.715086341752903437e-16 2.581951506906249051e-15 2.329724404482164718e-14 1.986834341715003225e-13 1.594504628211878670e-12 1.198318360146893655e-11 8.386555541473546340e-11 5.431346535223100990e-10 3.230877565994853145e-09 1.749967422702191264e-08 8.538918020883867535e-08 3.703936610921048430e-07 1.403988929928114746e-06 4.546495434922527897e-06 1.220577102208085799e-05 2.614491881827312624e-05 4.290191387334625503e-05 5.323249564399015293e-05 5.323254286534613556e-05 4.290204995788594910e-05 2.614511137853956101e-05 1.220600094910262276e-05 4.546721821937020332e-06 1.404158184495739769e-06 3.705026942262364857e-07 8.544895688764465551e-08 1.752830316900241295e-08 3.243122764578306712e-09 5.478259473132404538e-10 8.550087628121924605e-11 1.250456003720812945e-11 1.747801821537888788e-12 2.404947645163895539e-13 3.393535410388925974e-14 5.119254181446496126e-15 8.413200924323690959e-16 1.481499900592411645e-16 2.696159002816529423e-17 4.907763402489613304e-18 8.753217042777664252e-19 1.513153964695988633e-19 2.484147107361498736e-20 0.000000000000000000e+00
0.000000000000000000e+00 2.223406519000305225e-23 2.715055214299784734e-22 3.177014644997673087e-21 3.580906745456373762e-20 3.877032951334264440e-19 4.023007285133571335e-18 3.989154770891246645e-17 3.768578396827223316e-16 3.380247488751331904e-15 2.867792297702616699e-14 2.291519745940749146e-13 1.716301364371274443e-12 1.198309019961389618e-11 7.750290521078036123e-11 4.608915656014181462e-10 2.497902031216512993e-09 1.220418248693873200e-08 5.302403619938840300e-08 2.012935873013276959e-07 6.524831726140285255e-07 1.752140122598887218e-06 3.752372616652926496e-06 6.159008248504962169e-06 7.652488006280405925e-06 7.652503659970133766e-06 6.159053755953796468e-06 3.752437717206546635e-06 1.752218576568612978e-06 6.525604003715510386e-07 2.013508901678283410e-07 5.306058805514874900e-08 1.222398036385620865e-08 2.507285758682161559e-09 4.648602839432272538e-10 7.901028619390047114e-11 1.250456003720812945e-11 1.881623297215635439e-12 2.775627775167448928e-13 4.184827716444572404e-14 6.727192455262076074e-15 1.175133488008439776e-15 2.193469737342705644e-16 4.219233728372694139e-17 8.095429949782778849e-18 1.518141936883498534e-18 2.754524447051977324e-19 4.813770305327504089e-20 7.964062560439829499e-21 0.000000000000000000e+00
0.000000000000000000e+00 3.200595381883118157e-24 3.878460337665498940e-23 4.498363580911713173e-22 5.029038434809633171e-21 5.400970926032972237e-20 5.561782727805393698e-19 5.475100120333079228e-18 5.137582516848298531e-17 4.579687488739828558e-16 3.863783587366399688e-15 3.072292490175299506e-14 2.291535855745924171e-13 1.594492442586164756e-12 1.028542184070671414e-11 6.104407250470610056e-11 3.303733813151190287e-10 1.612383240604301892e-09 6.998301094745905972e-09 2.653483112211090153e-08 8.586737402542585516e-08 2.301030078020737666e-07 4.917827906842613089e-07 8.064204466525099986e-07 1.002793358751127218e-06 1.002798035890963595e-06 8.064341404815294277e-07 4.918025931217213668e-07 2.301270808246946029e-07 8.589108636256956017e-08 2.655235728578804599e-08 7.009414424151012691e-09 1.618356809509149825e-09 3.331853510435919271e-10 6.222427974084449008e-11 1.073098147852519500e-11 1.747801821537887778e-12 2.775627775167448423e-13 4.485815424620383748e-14 7.702975080181062990e-15 1.433063473348125486e-15 2.840447392274851912e-16 5.784898774296028724e-17 1.171930812090888472e-17 2.314542731617368669e-18 4.412496487838197861e-19 8.089065238453635411e-20 1.424262834341695229e-20 2.370748702410269890e-21 0.000000000000000000e+00
0.000000000000000000e+00 4.322927661801391338e-25 5.205892962078903126e-24 5.982860048104368888e-23 6.636000158532362533e-22 7.068403085880435600e-21 7.223662648164290376e-20 7.058714335066568829e-19 6.577899911948716509e-18 5.825682788679277607e-17 4.885707035853746298e-16 3.863765701481794799e-15 2.867814610667291119e-14 1.986806478881052450e-13 1.276713374437444329e-12 7.551435020408940338e-12 4.074231871755925804e-11 1.982509273930436172e-10 8.578580680226583064e-10 3.242008450072652077e-09 1.045327595501981055e-08 2.790695896579075117e-08 5.944401816810331534e-08 9.729741207420905940e-08 1.210413950052302781e-07 1.210426691798455800e-07 9.730116447948926267e-08 5.944950231850668867e-08 2.791368128740609610e-08 1.045990651160000107e-08 3.246903122205973925e-09 8.609521363961238212e-10 1.999068133203036425e-10 4.151861621163017080e-11 7.875688218717835599e-12 1.398658482610239903e-12 2.404947645163894529e-13 4.184827716444573666e-14 7.702975080181067723e-15 1.530529610524662232e-15 3.229274895881475659e-16 6.978983514111648121e-17 1.495874771043039166e-17 3.117293274018051807e-18 6.255232141077447623e-19 1.204285230750803354e-19 2.223372784666504267e-20 3.938044833961094162e-21 6.590375489968936570e-22 0.000000000000000000e+00
0.000000000000000000e+00 5.497264756081103084e-26 6.599843546621558477e-25 7.509577601679978451e-24 8.268169355458929712e-23 8.732175605976013740e-22 8.856805999663352251e-21 8.589181349813848318e-20 7.947484124170452219e-19 6.991003644142018757e-18 5.825717290634869906e-17 4.579667454813994280e-16 3.380292206120122479e-15 2.329674864767852356e-14 1.489791668855601298e-13 8.770933666857576322e-13 4.711069209210551897e-12 2.282130168858644910e-11 9.829487034274825558e-11 3.696878741734924407e-10 1.185963314044596765e-09 3.150440436334703589e-09 6.681927265084254570e-09 1.091003411887572626e-08 1.357397781743256591e-08 1.357429729902343400e-08 1.091097961040400082e-08 6.683323528622172123e-09 3.152165565044404168e-09 1.187668134315679848e-09 3.709472636784589402e-10 9.909013964355038096e-11 2.324611080514235351e-11 4.909840341889699888e-12 9.599061793369018018e-13 1.800613172308750766e-13 3.393535410388924712e-14 6.727192455262072918e-15 1.433063473348125092e-15 3.229274895881475166e-16 7.427356274540904043e-17 1.688722504348034206e-17 3.721890649626393540e-18 7.877282150203806176e-19 1.595674141936198476e-19 3.092738818605576096e-20 5.741959251298648011e-21 1.022398017437213672e-21 1.719785452493905570e-22 0.000000000000000000e+00
0.000000000000000000e+00 6.587161803572842719e-27 7.941259585784654939e-26 8.929371813472972230e-25 9.770658052310837895e-24 1.022456770355499153e-22 1.029459604185029082e-21 9.905275340258592853e-21 9.098950519696076451e-20 7.947197752452213331e-19 6.577880254278586916e-18 5.137522622281216064e-17 3.768646108722894368e-16 2.581863568266620410e-15 1.641629510558792998e-14 9.610238956855640911e-14 5.133113802048472496e-13 2.472490635072584435e-12 1.058719361083649689e-11 3.958130726726244263e-11 1.261968680883539167e-10 3.332808403113947057e-10 7.033597755203063966e-10 1.145068499849040980e-09 1.424481680220557851e-09 1.424555986458724834e-09 1.145289335765030518e-09 7.036892287132864974e-10 3.336910071942958141e-10 1.266031594410018849e-10 3.988209426572860123e-11 1.077722919140778302e-11 2.573999296288297751e-12 5.607973174141671876e-13 1.158710139862921438e-13 2.383260969534354163e-14 5.119254181446493759e-15 1.175133488008439579e-15 2.840447392274849447e-16 6.978983514111645655e-17 1.688722504348034823e-17 3.947530934798129640e-18 8.834296660284673590e-19 1.887045431851789977e-19 3.847259224406856077e-20 7.496698962391090770e-21 1.398842876400476370e-21 2.503428038263772120e-22 4.232712444865867968e-23 0.000000000000000000e+00
0.000000000000000000e+00 7.405924630816664112e-28 9.115321469159330623e-27 1.008562872446224195e-25 1.099710814938051916e-24 1.138595785929387086e-23 1.138669939796108316e-22 1.086515105218064789e-21 9.907581714245601523e-21 8.589344408108854521e-20 7.058938742656012549e-19 5.475088128975158762e-18 3.989283925396977358e-17 2.714948678309167083e-16 1.715123126388767122e-15 9.975174724669289663e-15 5.293593151970390582e-14 2.532960311658863463e-13 1.077230702023473858e-12 3.999960019199866360e-12 1.266383365285940450e-11 3.322961466043500628e-11 6.974442153441899120e-11 1.131721024553089217e-10 1.407437709917154590e-10 1.407599082980154539e-10 1.132202409498118774e-10 6.981695507332448609e-11 3.332058592885465112e-11 1.275419026013862993e-11 4.067071858185345369e-12 1.119703545828242610e-12 2.760150456972897763e-13 6.357591431075192102e-14 1.440760646398589375e-14 3.379309823371932804e-15 8.413200924323699834e-16 2.193469737342706383e-16 5.784898774296028724e-17 1.495874771043038550e-17 3.721890649626393540e-18 8.834296660284671664e-19 1.995171262924801946e-19 4.288776235950666580e-20 8.789196967490500221e-21 1.720950524930555361e-21 3.226949460262002417e-22 5.804849240496555910e-23 9.867006073900110908e-24 0.000000000000000000e+00
0.000000000000000000e+00 7.687438163411575983e-29 1.004376237277262250e-27 1.083211235114635610e-26 1.184108697032504524e-25 1.209066057351680216e-24 1.202730263957216310e-23 1.137156559261868497e-22 1.029404522072607868e-21 8.855086090390001432e-21 7.223389083887251752e-20 5.561593519447226514e-19 4.023136283447884397e-18 2.718323911357069575e-17 1.705150324796794509e-16 9.845592607714569608e-16 5.187337801769319557e-15 2.463924854256087841e-14 1.039920729254370498e-13 3.832943211607403416e-13 1.204153841303295139e-12 3.138171904829754956e-12 6.548041480723638766e-12 1.058743819637446429e-11 1.316093105778050683e-11 1.316422192403930537e-11 1.059728821922791931e-11 6.563028645858241831e-12 3.157103300788341730e-12 1.223014158423803419e-12 3.973603129324761804e-13 1.129172788356766044e-13 2.942542741671651503e-14 7.433796688552702954e-15 1.922098409362686083e-15 5.231722764965395074e-16 1.481499900592413863e-16 4.219233728372695372e-17 1.171930812090888318e-17 3.117293274018052962e-18 7.877282150203810028e-19 1.887045431851789495e-19 4.288776235950664774e-20 9.266341122313688382e-21 1.908016253854695753e-21 3.753805385246749332e-22 7.074098750821594928e-23 1.279389792765335745e-23 2.187033916074744440e-24 0.000000000000000000e+00
0.000000000000000000e+00 7.010240510156274573e-30 1.072157330838255493e-28 1.103885446949862632e-27 1.226365858204711832e-26 1.226234065479580116e-25 1.217392605579333449e-24 1.138620126057270569e-23 1.023625164857230755e-22 8.733373785056115442e-22 7.069273635660545137e-21 5.401207429765847623e-20 3.877306248598773682e-19 2.599708940785902544e-18 1.618453330932052045e-17 9.271913835030713090e-17 4.847301255427739383e-16 2.284259310634627842e-15 9.561287546034515399e-15 3.497004795412055568e-14 1.089395210482889325e-13 2.819396775681786796e-13 5.846636403828903700e-13 9.416990906190446391e-13 1.169980006777635241e-12 1.170613259184411367e-12 9.436004648324972628e-13 5.875844619505641175e-13 2.856548251620720238e-13 1.126528552271462012e-13 3.775262609511662341e-14 1.133280360412395736e-14 3.237465428313334292e-15 9.335076253915324644e-16 2.805279449883444026e-16 8.702147713925881349e-17 2.696159002816533737e-17 8.095429949782788093e-18 2.314542731617369054e-18 6.255232141077449549e-19 1.595674141936199439e-19 3.847259224406856077e-20 8.789196967490500221e-21 1.908016253854695753e-21 3.947368411472437336e-22 7.804422092575188894e-23 1.478553605596983578e-23 2.689458722150746174e-24 4.625869821371726781e-25 0.000000000000000000e+00
0.000000000000000000e+00 4.640536719758334350e-31 1.125907125616746795e-29 1.057785948420046797e-28 1.231474888425845819e-27 1.187435013254081892e-26 1.185362327963261266e-25 1.093051994654513446e-24 9.768400496671238780e-24 8.261920038163550487e-23 6.634210132428397404e-22 5.028806222011151048e-21 3.580923510434518269e-20 2.381645083687451775e-19 1.470943069316728386e-18 8.356570805825073851e-18 4.333087028226448092e-17 2.025037488255252990e-16 8.400717618239617246e-16 3.048933391053533408e-15 9.410557741272704039e-15 2.419044875456648414e-14 4.984027270769075358e-14 7.993883334070692974e-14 9.926361187019934142e-14 9.937908327751617623e-14 8.028658218575835439e-14 5.037951392200062832e-14 2.488097646436753285e-14 1.010316130209792315e-14 3.570663367742460451e-15 1.173531475469407038e-15 3.826626025598193861e-16 1.284719618794322760e-16 4.411237274984487805e-17 1.500363197883745250e-17 4.907763402489619467e-18 1.518141936883500074e-18 4.412496487838200750e-19 1.204285230750803835e-19 3.092738818605578504e-20 7.496698962391093779e-21 1.720950524930554985e-21 3.753805385246748861e-22 7.804422092575188894e-23 1.551160169080175719e-23 2.955499349101618876e-24 5.409836938350129147e-25 9.368961692877375932e-26 0.000000000000000000e+00
0.000000000000000000e+00 -7.505777265885005916e-33 1.193466357169978967e-30 9.282456937854128129e-30 1.214971763866835104e-28 1.093430571677020801e-27 1.115716138087598161e-26 1.007478016792051943e-25 8.968827880371031503e-25 7.515763278598143738e-24 5.983901277004308688e-23 4.500318927784440765e-22 3.177134599830066867e-21 2.095542250290317144e-20 1.283563797396534973e-19 7.227933200843115513e-19 3.716024423993228368e-18 1.721897987709486502e-17 7.074053970112856381e-17 2.548990369596315975e-16 7.785182928392700331e-16 1.989143261697354164e-15 4.070361043966871420e-15 6.497251523920641203e-15 8.064402585919997375e-15 8.084429899015166642e-15 6.557741162215693078e-15 4.165030088983203791e-15 2.111171247885173288e-15 9.013636873275741794e-16 3.479592881063777727e-16 1.304801623501438877e-16 4.964426220597000176e-17 1.910659024255873693e-17 7.212914117561214033e-18 2.594652440564510610e-18 8.753217042777673881e-19 2.754524447051980694e-19 8.089065238453643837e-20 2.223372784666506072e-20 5.741959251298651020e-21 1.398842876400476370e-21 3.226949460262001007e-22 7.074098750821590226e-23 1.478553605596982696e-23 2.955499349101618876e-24 5.666663079095257939e-25 1.044518699769613421e-25 1.823115604324521563e-26 0.000000000000000000e+00
0.000000000000000000e+00 -1.153299869932150413e-32 1.326476619162439307e-31 6.878420468268158604e-31 1.204379608975617187e-29 9.456148256948164468e-29 1.022371645037091282e-27 8.919865464548644944e-27 7.940151985027706804e-26 6.591265162057326207e-25 5.196616673483642480e-24 3.880856761698138472e-23 2.713699170634501511e-22 1.775128607426830774e-21 1.077966170257483211e-20 6.014463837316803328e-20 3.065115751174175048e-19 1.408216074067405554e-18 5.723074064776899909e-18 2.050111516070902377e-17 6.182407024864116102e-17 1.572720203819634633e-16 3.194540864949418022e-16 5.069333020217790422e-16 6.291203921607356589e-16 6.324338290770086850e-16 5.169700495846496345e-16 3.353052211825762478e-16 1.778355122857941307e-16 8.260475985664767324e-17 3.633672364373461258e-17 1.593702501214428805e-17 6.980229715982123512e-18 2.963991256332345007e-18 1.185984289431611661e-18 4.405529287693733635e-19 1.513153964695989596e-19 4.813770305327507098e-20 1.424262834341696132e-20 3.938044833961095667e-21 1.022398017437214424e-21 2.503428038263772590e-22 5.804849240496554734e-23 1.279389792765335451e-23 2.689458722150746909e-24 5.409836938350128228e-25 1.044518699769613191e-25 1.940630331133941143e-26 3.417978946108656278e-27 0.000000000000000000e+00
0.000000000000000000e+00 -3.097667858677477941e-33 1.600888078617375550e-32 2.885007827547434277e-32 1.231692612328457127e-30 7.381512324832716168e-30 9.158011485285419751e-29 7.531218668631187196e-28 6.743068178777818256e-27 5.556412388131506627e-26 4.320937518064232989e-25 3.214657392705798440e-24 2.221395502785862077e-23 1.442588803701032230e-22 8.680618804703962403e-22 4.798189322157921478e-21 2.423577467262032182e-20 1.104485470553737820e-19 4.432966545990891227e-19 1.583178357400222719e-18 4.695642319817018589e-18 1.193426957755173845e-17 2.404124106555828670e-17 3.784823088309588643e-17 4.699523323737228178e-17 4.751250285916268171e-17 3.941949903523519125e-17 2.654423919071942699e-17 1.520093151726748707e-17 8.009314329923472455e-18 4.123256548670071529e-18 2.089581109677343932e-18 1.013215586333187522e-18 4.569394589924350109e-19 1.889993065049257049e-19 7.151856332751600860e-20 2.484147107361499940e-20 7.964062560439827995e-21 2.370748702410269890e-21 6.590375489968936570e-22 1.719785452493906745e-22 4.232712444865870907e-23 9.867006073900115316e-24 2.187033916074743705e-24 4.625869821371726781e-25 9.368961692877373636e-26 1.823115604324520702e-26 3.417978946108655560e-27 6.086245271575332288e-28 0.000000000000000000e+00
0.000000000000000000e+00 0.000000000000000000e+00 0.000000000000000000e+00 0.000000000000000000e+00 0.000000000000000000e+00 0.000000000000000000e+00 0.000000000000000000e+00 0.000000000000000000e+00 0.000000000000000000e+00 0.000000000000000000e+00 0.000000000000000000e+00 0.000000000000000000e+00 0.000000000000000000e+00 0.000000000000000000e+00 0.000000000000000000e+00 0.000000000000000000e+00 0.000000000000000000e+00 0.000000000000000000e+00 0.000000000000000000e+00 0.000000000000000000e+00 0.000000000000000000e+00 0.000000000000000000e+00 0.000000000000000000e+00 0.000000000000000000e+00 0.000000000000000000e+00 0.000000000000000000e+00 0.000000000000000000e+00 0.000000000000000000e+00 0.000000000000000000e+00 0.000000000000000000e+00 0.000000000000000000e+00 0.000000000000000000e+00 0.000000000000000000e+00 0.000000000000000000e+00 0.000000000000000000e+00 0.000000000000000000e+00 0.000000000000000000e+00 0.000000000000000000e+00 0.000000000000000000e+00 0.000000000000000000e+00 0.000000000000000000e+00 0.000000000000000000e+00 0.000000000000000000e+00 0.000000000000000000e+00 0.000000000000000000e+00 0.000000000000000000e+00 0.000000000000000000e+00 0.000000000000000000e+00 0.000000000000000000e+00 0.000000000000000000e+00
