0.000000000000000000e+00 0.000000000000000000e+00 0.000000000000000000e+00 0.000000000000000000e+00 0.000000000000000000e+00 0.000000000000000000e+00 0.000000000000000000e+00 0.000000000000000000e+00 0.000000000000000000e+00 0.000000000000000000e+00 0.000000000000000000e+00 0.000000000000000000e+00 0.000000000000000000e+00 0.000000000000000000e+00 0.000000000000000000e+00 0.000000000000000000e+00 0.000000000000000000e+00 0.000000000000000000e+00 0.000000000000000000e+00 0.000000000000000000e+00 0.000000000000000000e+00 0.000000000000000000e+00 0.000000000000000000e+00 0.000000000000000000e+00 0.000000000000000000e+00 0.000000000000000000e+00 0.000000000000000000e+00 0.000000000000000000e+00 0.000000000000000000e+00 0.000000000000000000e+00 0.000000000000000000e+00 0.000000000000000000e+00 0.000000000000000000e+00 0.000000000000000000e+00 0.000000000000000000e+00 0.000000000000000000e+00 0.000000000000000000e+00 0.000000000000000000e+00 0.000000000000000000e+00 0.000000000000000000e+00 0.000000000000000000e+00 0.000000000000000000e+00 0.000000000000000000e+00 0.000000000000000000e+00 0.000000000000000000e+00 0.000000000000000000e+00 0.000000000000000000e+00 0.000000000000000000e+00 0.000000000000000000e+00 0.000000000000000000e+00
0.000000000000000000e+00 -3.322965597513301006e-35 2.882419802132044756e-34 6.746629901352374761e-34 1.964641468321476813e-32 1.624994394624642937e-31 1.875552746680214639e-30 1.797451372931727006e-29 1.731225445146992559e-28 1.558941252890399743e-27 1.341968016012854277e-26 1.087632700061860702e-25 8.303481743481430233e-25 5.918030921210972909e-24 3.918396844543434939e-23 2.387727363138524642e-22 1.326850020434934571e-21 6.640708907395841577e-21 2.949392657598047420e-20 1.140672888309680044e-19 3.750754363504298783e-19 1.017285039969802099e-18 2.193618369667874311e-18 3.623778167797122380e-18 4.535101456629933396e-18 4.535100550424592639e-18 3.623775768200016233e-18 2.193615238674814991e-18 1.017281474104930455e-18 3.750722742462647414e-19 1.140646122086038034e-19 2.949181421515720552e-20 6.639520886646320346e-21 1.326116246876282920e-21 2.384462862177760089e-22 3.903136134994704971e-23 5.860423878812587332e-24 8.089324890126805021e-25 1.017714437928275723e-25 1.123775492526886505e-26 9.362263287309179830e-28 3.702366477134791403e-30 -2.480669828152737922e-29 -8.519948502665510822e-30 -2.189750245080040163e-30 -4.989507528150395222e-31 -1.057128092861888809e-31 -2.119417170809566376e-32 -3.992218372553163476e-33 0.000000000000000000e+00
0.000000000000000000e+00 2.882419802139046544e-34 8.707993398048817630e-34 2.092088443343298855e-32 1.899417775729133087e-31 2.259244950577487221e-30 2.296146206152360061e-29 2.330874328889070613e-28 2.227832778307520501e-27 2.039753697401584826e-26 1.767840451759539824e-25 1.449671189118741992e-24 1.116828855967501265e-23 8.047148236527524520e-23 5.381680467559110187e-22 3.314968279951165021e-21 1.861753292370332216e-20 9.420003469408751472e-20 4.229630406894829413e-19 1.653655586340124142e-18 5.495040189036859704e-18 1.504909898411603609e-17 3.271249811158295453e-17 5.430850699339184316e-17 6.802936696497316930e-17 6.802936547034557857e-17 5.430850244805257867e-17 3.271249380541199374e-17 1.504909989920487046e-17 5.495043900102168369e-18 1.653661596417343573e-18 4.229694425467492706e-19 9.420386822300812025e-20 1.862018454010458725e-20 3.316138841948642141e-21 5.387401266634679728e-22 8.068388389518237903e-23 1.124829564973691992e-23 1.475426116230799525e-24 1.848051253806790947e-25 2.265955600650492071e-26 2.837837498095370766e-27 3.853052827210638533e-28 5.952455954990750759e-29 1.042260101716660672e-29 1.967521143254673421e-30 3.797764520459694838e-31 7.244114004906045778e-32 1.335411673486570566e-32 0.000000000000000000e+00
0.000000000000000000e+00 6.746629901286860808e-34 2.092088443345216334e-32 1.983528954005047454e-31 2.479784476824540309e-30 2.645258520087778576e-29 2.830654140642531429e-28 2.858078233649925296e-27 2.774580385120568770e-26 2.558876849119171147e-25 2.242828351122188637e-24 1.856042465946587145e-23 1.445095480056613892e-22 1.051551110017971065e-21 7.106692996680821384e-21 4.423183777812882465e-20 2.510851926997545721e-19 1.284184693297305026e-18 5.829200467801131747e-18 2.303891074444936407e-17 7.737003692146385183e-17 2.139740469698715828e-16 4.689106319246804341e-16 7.823893042337116650e-16 9.809037014839977872e-16 9.809037049661591960e-16 7.823893176637026435e-16 4.689106425641407456e-16 2.139740297170449050e-16 7.737000802032730273e-17 2.303887026476437562e-17 5.829159420573006169e-18 1.284160865470298441e-18 2.510683745383666672e-19 4.422463653622392207e-20 7.103073597934576142e-21 1.050234975842973535e-21 1.440045720463956886e-22 1.839947842077180871e-23 2.192296220344730080e-24 2.416810000551380299e-25 2.391129956851596037e-26 1.901548106311514056e-27 5.426452583201232166e-29 -2.461554469149639725e-29 -8.545660740206719746e-30 -2.022543570835050179e-30 -4.163259916240123284e-31 -7.855263422864124243e-32 0.000000000000000000e+00
0.000000000000000000e+00 1.964641468326607153e-32 1.899417775727470797e-31 2.479784476824989426e-30 2.772933203906293516e-29 3.118254344945934846e-28 3.316584028073490559e-27 3.401897886903093930e-26 3.325608895356619740e-25 3.101405917729568007e-24 2.742474896315317682e-23 2.293079074997347585e-22 1.802387617668900247e-21 1.324920553153814690e-20 9.043789036731858505e-20 5.687027384237439459e-19 3.261938182779660965e-18 1.686069940481397956e-17 7.735648539553022882e-17 3.090250131494156641e-16 1.048682308884144901e-15 2.928594627376894785e-15 6.470123256546302776e-15 1.084982614582363364e-14 1.361332304894840379e-14 1.361332302730192486e-14 1.084982605968663344e-14 6.470123175937617716e-15 2.928594697373381581e-15 1.048682440872306284e-15 3.090252202117253240e-16 7.735670134318114114e-17 1.686082254960524182e-17 3.262029260703069113e-18 5.687402815656928843e-19 9.045759029498792459e-20 1.325614729507821536e-20 1.805123815175236484e-21 2.301635758490112947e-22 2.769648208009411910e-23 3.177036239926605180e-24 3.529880077268718052e-25 3.908156060793959714e-26 4.519877706010545141e-27 5.785102908433536846e-28 8.461735213297148156e-29 1.381768435098001560e-29 2.382179118155299573e-30 4.101168618992237431e-31 0.000000000000000000e+00
0.000000000000000000e+00 1.624994394621890918e-31 2.259244950578590043e-30 2.645258520087490469e-29 3.118254344945990449e-28 3.484818140079832630e-27 3.765488023613304947e-26 3.888744877312148499e-25 3.843720686466092184e-24 3.615614685020976278e-23 3.229640197749207723e-22 2.725281508653417494e-21 2.163198902357908318e-20 1.605367133504808327e-19 1.106630972400519320e-18 7.027893886581869272e-18 4.071910087081299693e-17 2.126427266777688408e-16 9.858095631366160939e-16 3.979533888284552039e-15 1.364414416414276232e-14 3.847174483136602523e-14 8.568379399963673821e-14 1.444018671280956569e-13 1.813045825685602923e-13 1.813045827208678003e-13 1.444018677197256343e-13 8.568379463425023175e-14 3.847174470080097523e-14 1.364414370815771889e-14 3.979532963102163620e-15 9.858085449873518032e-16 2.126421551046045057e-16 4.071865137164170598e-17 7.027717350437301710e-18 1.106532856634414845e-18 1.605036279925065968e-19 2.161843558765266207e-20 2.721165989290111304e-21 3.216332464173772327e-22 3.579218953850474274e-23 3.745156169124480527e-24 3.647468113369277950e-25 3.196616507394194913e-26 2.240983325103352736e-27 5.104754838047502046e-29 -2.447444602632837958e-29 -7.309568724124619382e-30 -1.483378489881234678e-30 0.000000000000000000e+00
0.000000000000000000e+00 1.875552746681458642e-30 2.296146206151938550e-29 2.830654140642650259e-28 3.316584028073503473e-27 3.765488023613290024e-26 4.096345835832878378e-25 4.277151727116662315e-24 4.263631936979855592e-23 4.050673667141505937e-22 3.650641156119905382e-21 3.109929045343300439e-20 2.491145352027696822e-19 1.866146133576563216e-18 1.298460336697674603e-17 8.324957361489984130e-17 4.870200701021838753e-16 2.568489562628053554e-15 1.202750882033972994e-14 4.904715812331713207e-14 1.698546770851726057e-13 4.834747636763368424e-13 1.085396163080902737e-12 1.838216666377736186e-12 2.309278477733795129e-12 2.309278479444888908e-12 1.838216669745957479e-12 1.085396166401228536e-12 4.834747676988723384e-13 1.698546800589082386e-13 4.904716244016007839e-14 1.202751329719904352e-14 2.568491961169788518e-15 4.870220813994158697e-16 8.325031159255460453e-17 1.298504660702634701e-17 1.866286410226942087e-18 2.491753621229325968e-19 3.111693002856013103e-20 3.656514881195809775e-21 4.066260194423400314e-22 4.306107030087314040e-23 4.378769175572771360e-24 4.333163658130385182e-25 4.270014428466598631e-26 4.343832939805121472e-27 4.755086128104030062e-28 5.713598517159028813e-29 7.281857463742809662e-30 0.000000000000000000e+00
0.000000000000000000e+00 1.797451372931352018e-29 2.330874328889144153e-28 2.858078233649959016e-27 3.401897886903045717e-26 3.888744877312184314e-25 4.277151727116645417e-24 4.503754779499729920e-23 4.533979952662009024e-22 4.345358860579459776e-21 3.952704550245326015e-20 3.397030465531677571e-19 2.745623013062780656e-18 2.075012840890038688e-17 1.456716643143862252e-16 9.423776313007107142e-16 5.563571758531238298e-15 2.961620740999706915e-14 1.400109934634013748e-13 5.765021526932080328e-13 2.015810252157117212e-12 5.790607506242098239e-12 1.310138094427836525e-11 2.229506061633435985e-11 2.802021423043261271e-11 2.802021408585187832e-11 2.229506022535315831e-11 1.310138051221243554e-11 5.790607207005850728e-12 2.015810087741798586e-12 5.765020674677918964e-13 1.400109508770516864e-13 2.961619055339745081e-14 5.563561443177943277e-15 9.423743790971074439e-16 1.456697329218659821e-16 2.074958247705769022e-17 2.745372146316927923e-18 3.396359254441956010e-19 3.950372246235240419e-20 4.339503272705531605e-21 4.517829632824224455e-22 4.466796824608525250e-23 4.192634763674616577e-24 3.718099684260795147e-25 3.074438886835322532e-26 2.303899562894918180e-27 1.489192014433516521e-28 8.395681015504732747e-30 0.000000000000000000e+00
0.000000000000000000e+00 1.731225445146946372e-28 2.227832778307587584e-27 2.774580385120489561e-26 3.325608895356678055e-25 3.843720686466049572e-24 4.263631936979879102e-23 4.533979952661999620e-22 4.604243905411653533e-21 4.453275091200207903e-20 4.085836521907077995e-19 3.541993122548052166e-18 2.886953870953440410e-17 2.200171010583503875e-16 1.557460283865064846e-15 1.015993134704724863e-14 6.049037701649805195e-14 3.247929193204964731e-13 1.549105054748388523e-12 6.436515595488379232e-12 2.271191888409266513e-11 6.581527633728461250e-11 1.500286676669875330e-10 2.564890523748302835e-10 3.224351846468366134e-10 3.224351888469622374e-10 2.564890642265961383e-10 1.500286810499392255e-10 6.581528581830700416e-11 2.271192450026306383e-11 6.436518278465994947e-12 1.549106136203637376e-12 3.247932897967767316e-13 6.049050643906532598e-14 1.015996604257169841e-14 1.557473111238889363e-15 2.200200884874573113e-16 2.887069852090249051e-17 3.542254973593196696e-18 4.086732794121178769e-19 4.455262812596070173e-20 4.609725756911059554e-21 4.545302413579859555e-22 4.288421010683300420e-23 3.887287482905148363e-24 3.395955123642842527e-25 2.850609543010338887e-26 2.232277733516857062e-27 1.391021152021837786e-28 0.000000000000000000e+00
0.000000000000000000e+00 1.558941252890515076e-27 2.039753697401482372e-26 2.558876849119239105e-25 3.101405917729515477e-24 3.615614685021011543e-23 4.050673667141483367e-22 4.345358860579469557e-21 4.453275091200205496e-20 4.344120778665510612e-19 4.019710878135328595e-18 3.513109862985343005e-17 2.886307929518562464e-16 2.216767857951763994e-15 1.581204879653668098e-14 1.039299870892845278e-13 6.234940262907887927e-13 3.373720852496228305e-12 1.621957171005796200e-11 6.794810937203768548e-11 2.417773319183364927e-10 7.063664536768420359e-10 1.621615020140854977e-09 2.784361045142488572e-09 3.500436294624944005e-09 3.500436215020436898e-09 2.784360813355358251e-09 1.621614754650739461e-09 7.063662594067959011e-10 2.417772093381968281e-10 6.794805001933022283e-11 1.621954770753613941e-11 3.373712541145938319e-12 6.234914423642343034e-13 1.039292934884672035e-13 1.581186330007494802e-14 2.216727140719631412e-15 2.886204014810843489e-16 3.512911680249378719e-17 4.019206705780132652e-18 4.343229008372403450e-19 4.451169082688000063e-20 4.341979462413391617e-21 4.044431109606944217e-22 3.609223593140659454e-23 3.100789691594780968e-24 2.594554034385254077e-25 2.185937545489915612e-26 2.011142761058750209e-27 0.000000000000000000e+00
0.000000000000000000e+00 1.341968016012742639e-26 1.767840451759609849e-25 2.242828351122139781e-24 2.742474896315350596e-23 3.229640197749183743e-22 3.650641156119922685e-21 3.952704550245319395e-20 4.085836521907073662e-19 4.019710878135331677e-18 3.749521355371793880e-17 3.302444311085705605e-16 2.733273531837461062e-15 2.114087323863435489e-14 1.518212083843782825e-13 1.004492373815673507e-12 6.065522688573805365e-12 3.303732243563056114e-11 1.599133955823699658e-10 6.746888699578019035e-10 2.418458506381977060e-09 7.117587240744290224e-09 1.644571700183444468e-08 2.834910086836041636e-08 3.563289203577346790e-08 3.563289314203708333e-08 2.834910419725169711e-08 1.644572086166476370e-08 7.117590154469460824e-09 2.418460444396824610e-09 6.746898187741983601e-10 1.599137877524023628e-10 3.303746088097742538e-11 6.065565640789128083e-12 1.004504164615348002e-12 1.518241939581394487e-13 2.114154516727507548e-14 2.733421157278532764e-15 3.302725582742154299e-16 3.750082134379692908e-17 4.020631410758408382e-18 4.087502794949751036e-19 3.954951791082963734e-20 3.653753273439406503e-21 3.230961817894465527e-22 2.736831570071485688e-23 2.210802285866546387e-24 1.666543160352153475e-25 1.066758585292004824e-26 0.000000000000000000e+00
0.000000000000000000e+00 1.087632700061930038e-25 1.449671189118700666e-24 1.856042465946615945e-23 2.293079074997329718e-22 2.725281508653432164e-21 3.109929045343293216e-20 3.397030465531675645e-19 3.541993122548059100e-18 3.513109862985338074e-17 3.302444311085710042e-16 2.929773111066334159e-15 2.441236699480556558e-14 1.900032592285601647e-13 1.372418473001875407e-12 9.129684701884316442e-12 5.541522574124546887e-11 3.033827319300343145e-10 1.476242099271818751e-09 6.263297479723923937e-09 2.258569489818876718e-08 6.688046270004378193e-08 1.553950869520622968e-07 2.687700828008387583e-07 3.376546317886450338e-07 3.376546200364543257e-07 2.687700460522456791e-07 1.553950438448158054e-07 6.688042912619305473e-08 2.258567148711894569e-08 6.263285988439082797e-09 1.476237241741241629e-09 3.033809932458130444e-10 5.541468057247722579e-11 9.129532661459151221e-12 1.372379975813544896e-12 1.899944207753019318e-13 2.441046735328803824e-14 2.929401700915045836e-15 3.301743065835423839e-16 3.511921640815238472e-17 3.539999014033465866e-18 3.394147027846478032e-19 3.105883344309041628e-20 2.721249099249423638e-21 2.291378974791120877e-22 1.865639977178841192e-23 1.489560186911264248e-24 1.203689470863479723e-25 0.000000000000000000e+00
0.000000000000000000e+00 8.303481743481066564e-25 1.116828855967526391e-23 1.445095480056602372e-22 1.802387617668909651e-21 2.163198902357905308e-20 2.491145352027697785e-19 2.745623013062784893e-18 2.886953870953434864e-17 2.886307929518567394e-16 2.733273531837460273e-15 2.441236699480557505e-14 2.046516669407238055e-13 1.601365937428136613e-12 1.162087671264788214e-11 7.761744402176952973e-11 4.727931459428376547e-10 2.596875438695596336e-09 1.267757781124287562e-08 5.397949587872324778e-08 1.954454931340282756e-07 5.813645868984740244e-07 1.356605788305005225e-06 2.352298492708075018e-06 2.952510171096367624e-06 2.952510267808654072e-06 2.352298809955079763e-06 1.356606164787109156e-06 5.813648899178421083e-07 1.954457139798237911e-07 5.397960359389796504e-08 1.267762443008852155e-08 2.596892250192288895e-09 4.727984712224807863e-10 7.761894487208998995e-11 1.162125922650273197e-11 1.601454799059886364e-12 2.046707909459354777e-13 2.441616435383735978e-14 2.733986234874239761e-15 2.887544670460449065e-16 2.889015656929634705e-17 2.748767490468742225e-18 2.495755227436925497e-19 2.169100286713931537e-20 1.809047209867673326e-21 1.449364042706784593e-22 1.112021316995034198e-23 7.995698152935088741e-25 0.000000000000000000e+00
0.000000000000000000e+00 5.918030921211179355e-24 8.047148236527419901e-23 1.051551110017978776e-21 1.324920553153812283e-20 1.605367133504808086e-19 1.866146133576566683e-18 2.075012840890034990e-17 2.200171010583508559e-16 2.216767857951762417e-15 2.114087323863435804e-14 1.900032592285602404e-13 1.601365937428137623e-12 1.258546223795556654e-11 9.163997545482218191e-11 6.135478106848343897e-10 3.743087547222768174e-09 2.057823562631561600e-08 1.005252939584551941e-07 4.283773632283405395e-07 1.553243203403407411e-06 4.630262165879206888e-06 1.083137006728982091e-05 1.880583360222393109e-05 2.357065217042527517e-05 2.357065155708033921e-05 1.880583145763491015e-05 1.083136749155205975e-05 4.630260016933871787e-06 1.553241569218227376e-06 4.283765793692205035e-07 1.005249452747526669e-07 2.057810992446651789e-08 3.743047369918282707e-09 6.135364191791659402e-10 9.163705809183286879e-11 1.258478042673075857e-11 1.601218831811199888e-12 1.899738562388886752e-13 2.113535651244455391e-14 2.215801495730465438e-15 2.198560787195818469e-16 2.072507224328949082e-17 1.862413355211146497e-18 1.600243813719768812e-19 1.318317294866255228e-20 1.044266595595284482e-21 7.985888601397944970e-23 5.920975339675638139e-24 0.000000000000000000e+00
0.000000000000000000e+00 3.918396844543344426e-23 5.381680467559170373e-22 7.106692996680789787e-21 9.043789036731874154e-20 1.106630972400520475e-18 1.298460336697672446e-17 1.456716643143863731e-16 1.557460283865064058e-15 1.581204879653667782e-14 1.518212083843783583e-13 1.372418473001876417e-12 1.162087671264788376e-11 9.163997545482218191e-11 6.685942403927568643e-10 4.478779514312807843e-09 2.730054184079071480e-08 1.497860105647742775e-07 7.296869259948846463e-07 3.100513026620267649e-06 1.121628452905842470e-05 3.339650137094873537e-05 7.810704935200954240e-05 1.355496073314196924e-04 1.695310274694048706e-04 1.695310303914792911e-04 1.355496185452043675e-04 7.810706299396292694e-05 3.339651322538165731e-05 1.121629392730320240e-05 3.100517397939464260e-06 7.296889415893889119e-07 1.497867284298063112e-07 2.730077343858791732e-08 4.478845174346288891e-09 6.686110627145549940e-10 9.164390391550074543e-11 1.162172134737792738e-11 1.372586650678352317e-12 1.518525059293324465e-13 1.581749395145373561e-14 1.558356080384249275e-15 1.458099583836304434e-16 1.300494617039523580e-17 1.109425555428189572e-18 9.080181151663484251e-20 7.149548218612406007e-21 5.426276168583405591e-22 3.949941747209278886e-23 0.000000000000000000e+00
0.000000000000000000e+00 2.387727363138563198e-22 3.314968279951137938e-21 4.423183777812897511e-20 5.687027384237433682e-19 7.027893886581867731e-18 8.324957361489993991e-17 9.423776313007105169e-16 1.015993134704724863e-14 1.039299870892845909e-13 1.004492373815673305e-12 9.129684701884318058e-12 7.761744402176956851e-11 6.135478106848346999e-10 4.478779514312806188e-09 2.995710115048097889e-08 1.819412229599489365e-07 9.926199557858344986e-07 4.800896968195463939e-06 2.023805260854778920e-05 7.266019530480269763e-05 2.150305596051003021e-04 5.008050784505387086e-04 8.663941344592445597e-04 1.080197840119586066e-03 1.080197830305379110e-03 8.663940904252459985e-04 5.008050241129845042e-04 2.150305100476200581e-04 7.266015434622439889e-05 2.023803455690550239e-05 4.800888181125616962e-06 9.926169324194033265e-07 1.819402340949829413e-07 2.995682439887924814e-08 4.478709234326812437e-09 6.135316548052284136e-10 7.761404745458790497e-11 9.129028349743980920e-12 1.004375140005845951e-12 1.039106410647477977e-13 1.015696748572415569e-14 9.419605416880597140e-16 8.319551720577902344e-17 7.021692451752435006e-18 5.680923412871469955e-19 4.419251633657802435e-20 3.316264468154525951e-21 2.399771864378585009e-22 0.000000000000000000e+00
0.000000000000000000e+00 1.326850020434919901e-21 1.861753292370344253e-20 2.510851926997536091e-19 3.261938182779666743e-18 4.071910087081297844e-17 4.870200701021837767e-16 5.563571758531238298e-15 6.049037701649807720e-14 6.234940262907882878e-13 6.065522688573808596e-12 5.541522574124546887e-11 4.727931459428379649e-10 3.743087547222766519e-09 2.730054184079073465e-08 1.819412229599488571e-07 1.097575672544657361e-06 5.928781376683459963e-06 2.830891674500112337e-05 1.175800060971172594e-04 4.157992208551012508e-04 1.214072734948980865e-03 2.798573525946045342e-03 4.806435510201348578e-03 5.964897834519694922e-03 5.964897853778460511e-03 4.806435632371454207e-03 2.798573679256084051e-03 1.214072883749723643e-03 4.157993492117150543e-04 1.175800571853481138e-04 2.830894422476057845e-05 5.928790021026346963e-06 1.097578589153731850e-06 1.819419966020164259e-07 2.730073093782040755e-08 3.743127870286952988e-09 4.728007183213741171e-10 5.541644530481499323e-11 6.065680254383416467e-12 6.235061954730319176e-13 6.048926531853912046e-14 5.562799504114721043e-15 4.867991075153297415e-16 4.066961412037403943e-17 3.252334256518492337e-18 2.493854019110431507e-19 1.833904439430906280e-20 1.284270548401140853e-21 0.000000000000000000e+00
0.000000000000000000e+00 6.640708907395888221e-21 9.420003469408712953e-20 1.284184693297308300e-18 1.686069940481397339e-17 2.126427266777689641e-16 2.568489562628052765e-15 2.961620740999706284e-14 3.247929193204964226e-13 3.373720852496230729e-12 3.303732243563055467e-11 3.033827319300343145e-10 2.596875438695596336e-09 2.057823562631562592e-08 1.497860105647742245e-07 9.926199557858344986e-07 5.928781376683457422e-06 3.155419703755024652e-05 1.477078859796206558e-04 5.989234227172378529e-04 2.063407627629553973e-03 5.877680844851271985e-03 1.328034074082044304e-02 2.249210737851168804e-02 2.771961925035153207e-02 2.771961924928076360e-02 2.249210717147904701e-02 1.328034047529113096e-02 5.877680561085834622e-03 2.063407371011141255e-03 5.989233436132406288e-04 1.477078305387819412e-04 3.155418417926628312e-05 5.928776476446945931e-06 9.926189943758779716e-07 1.497858354222154565e-07 2.057822701732141706e-08 2.596882586362066686e-09 3.033865604863858224e-10 3.303861282854247159e-11 3.374074099988146765e-12 3.248772997274794114e-13 2.963439382712861102e-14 2.572089183485586348e-15 2.133056609625243209e-16 1.697516715075604092e-17 1.302859665531421866e-18 9.709016374194224624e-20 7.062274933189972655e-21 0.000000000000000000e+00
0.000000000000000000e+00 2.949392657598035383e-20 4.229630406894838080e-19 5.829200467801130976e-18 7.735648539553024115e-17 9.858095631366160939e-16 1.202750882033973309e-14 1.400109934634012990e-13 1.549105054748389129e-12 1.621957171005794584e-11 1.599133955823700434e-10 1.476242099271818958e-09 1.267757781124287893e-08 1.005252939584551677e-07 7.296869259948845405e-07 4.800896968195463092e-06 2.830891674500112676e-05 1.477078859796207100e-04 6.724237976587904824e-04 2.630207762117077203e-03 8.690265101511706128e-03 2.372772063423946379e-02 5.171705430022317806e-02 8.540050933715188919e-02 1.041062148959782524e-01 1.041062147903429186e-01 8.540050944827246027e-02 5.171705444752282971e-02 2.372772084984981628e-02 8.690265311731793993e-03 2.630207750615533996e-03 6.724238511256471840e-04 1.477078781002705158e-04 2.830891720768723295e-05 4.800894800247933154e-06 7.296859956027464169e-07 1.005248903607339878e-07 1.267744036396515351e-08 1.476200896496154750e-09 1.599023968150355060e-10 1.621690947345719861e-11 1.548513681776478384e-12 1.398892883475525002e-13 1.200412943217032889e-14 9.815904549783283721e-16 7.663755862762942593e-17 5.712982844586966205e-18 4.050786506584164271e-19 2.689555208624731851e-20 0.000000000000000000e+00
0.000000000000000000e+00 1.140672888309683174e-19 1.653655586340123565e-18 2.303891074444935483e-17 3.090250131494159599e-16 3.979533888284551250e-15 4.904715812331715100e-14 5.765021526932082348e-13 6.436515595488377616e-12 6.794810937203769840e-11 6.746888699578022137e-10 6.263297479723923937e-09 5.397949587872322793e-08 4.283773632283404337e-07 3.100513026620266378e-06 2.023805260854777904e-05 1.175800060971172729e-04 5.989234227172380697e-04 2.630207762117077637e-03 9.785855619875293010e-03 3.034434841822437195e-02 7.725716311533621650e-02 1.580993398746003697e-01 2.494402147424425453e-01 2.985959804261495432e-01 2.985959806609437273e-01 2.494402149662094392e-01 1.580993401960057443e-01 7.725716339498846230e-02 3.034434867614879683e-02 9.785855872202549322e-03 2.630207769328796706e-03 5.989234943740407401e-04 1.175800219303776078e-04 2.023806574631604354e-05 3.100517812346904491e-06 4.283792429781209623e-07 5.398010067478381754e-08 6.263473940677629932e-09 6.747351753619145767e-10 6.795920838007324394e-11 6.438967297382038826e-12 5.770052318859906738e-13 4.914369939604048852e-14 3.996959409192743131e-15 3.119979933918394072e-16 2.352040952138378278e-17 1.727939711980791585e-18 1.248911330882943127e-19 0.000000000000000000e+00
0.000000000000000000e+00 3.750754363504299746e-19 5.495040189036858934e-18 7.737003692146387649e-17 1.048682308884144704e-15 1.364414416414276390e-14 1.698546770851727572e-13 2.015810252157117212e-12 2.271191888409265866e-11 2.417773319183365444e-10 2.418458506381978714e-09 2.258569489818876718e-08 1.954454931340281962e-07 1.553243203403407411e-06 1.121628452905841793e-05 7.266019530480272474e-05 4.157992208551014135e-04 2.063407627629553539e-03 8.690265101511706128e-03 3.034434841822436155e-02 8.604447700069756122e-02 1.962299172257212232e-01 3.605010071654055070e-01 5.239723045505253474e-01 6.072696223422729966e-01 6.072696223093130286e-01 5.239723044651978245e-01 3.605010068943509949e-01 1.962299168118858128e-01 8.604447656325267535e-02 3.034434829398307762e-02 8.690265121222361111e-03 2.063407523150791959e-03 4.157991927146173299e-04 7.266016548962247925e-05 1.121627316661853728e-05 1.553238469918503373e-06 1.954439542300264130e-07 2.258523955673179716e-08 2.418338438908202887e-09 2.417484472894148387e-10 2.270552455183149881e-11 2.014496076275749294e-12 1.696021457926699201e-13 1.359850438248811264e-14 1.040885108258288139e-15 7.610537302615326387e-17 5.299614393240026840e-18 3.465466302223985414e-19 0.000000000000000000e+00
0.000000000000000000e+00 1.017285039969801521e-18 1.504909898411604841e-17 2.139740469698715828e-16 2.928594627376893997e-15 3.847174483136605047e-14 4.834747636763371453e-13 5.790607506242097432e-12 6.581527633728467712e-11 7.063664536768420359e-10 7.117587240744293532e-09 6.688046270004379517e-08 5.813645868984739185e-07 4.630262165879205194e-06 3.339650137094874214e-05 2.150305596051001124e-04 1.214072734948980648e-03 5.877680844851275455e-03 2.372772063423945685e-02 7.725716311533624425e-02 1.962299172257212232e-01 3.835698289707308306e-01 5.976020379768486324e-01 7.608927666534771594e-01 8.346329455061601843e-01 8.346329451184933967e-01 7.608927659409702171e-01 5.976020372462135244e-01 3.835698283049351343e-01 1.962299165870030893e-01 7.725716255273641642e-02 2.372772048837804015e-02 5.877680886301132022e-03 1.214072766178670489e-03 2.150305974571533371e-04 3.339651623711870982e-05 4.630268532496599473e-06 5.813666082906482927e-07 6.688105744076722284e-08 7.117741453779812477e-09 7.064030730565530152e-10 6.582327602890095664e-11 5.792231679804306201e-12 4.837833490083123282e-13 3.852693382084856896e-14 2.937932277403606305e-15 2.154750083434325666e-16 1.527910867403221623e-17 1.050616786960684811e-18 0.000000000000000000e+00
0.000000000000000000e+00 2.193618369667873156e-18 3.271249811158294220e-17 4.689106319246805327e-16 6.470123256546299620e-15 8.568379399963672559e-14 1.085396163080902737e-12 1.310138094427836687e-11 1.500286676669874296e-10 1.621615020140855804e-09 1.644571700183444137e-08 1.553950869520623233e-07 1.356605788305005014e-06 1.083137006728982430e-05 7.810704935200943398e-05 5.008050784505388171e-04 2.798573525946046209e-03 1.328034074082044304e-02 5.171705430022314337e-02 1.580993398746001755e-01 3.605010071654054515e-01 5.976020379768486324e-01 7.885708118471413952e-01 8.997045761212659754e-01 9.433016001835672348e-01 9.433016000642813204e-01 8.997045758350842304e-01 7.885708116618767027e-01 5.976020380744826443e-01 3.605010073628003298e-01 1.580993396862676870e-01 5.171705402352971132e-02 1.328034069701331324e-02 2.798573487956165437e-03 5.008050788850435713e-04 7.810705227206405363e-05 1.083137208071021310e-05 1.356606708057915076e-06 1.553954013480788144e-07 1.644581159096760129e-08 1.621639918114455289e-09 1.500346169502056600e-10 1.310268400982421608e-11 1.085660860591902873e-12 8.573405892338172604e-14 6.479104638515606608e-15 4.704287761120786729e-16 3.295627794825655402e-17 2.230472085077825861e-18 0.000000000000000000e+00
0.000000000000000000e+00 3.623778167797116988e-18 5.430850699339186781e-17 7.823893042337112706e-16 1.084982614582362732e-14 1.444018671280956821e-13 1.838216666377735378e-12 2.229506061633435985e-11 2.564890523748302835e-10 2.784361045142489399e-09 2.834910086836041636e-08 2.687700828008386525e-07 2.352298492708074171e-06 1.880583360222392092e-05 1.355496073314196653e-04 8.663941344592438008e-04 4.806435510201346843e-03 2.249210737851169151e-02 8.540050933715190307e-02 2.494402147424425176e-01 5.239723045505251253e-01 7.608927666534769374e-01 8.997045761212653092e-01 9.619759858266603292e-01 9.827862410098996415e-01 9.827862414817374326e-01 9.619759869896967741e-01 8.997045772759717508e-01 7.608927680818927675e-01 5.239723060762061513e-01 2.494402156390872483e-01 8.540050949138182357e-02 2.249210712997404271e-02 4.806435352600619236e-03 8.663940089362256059e-04 1.355495571963340749e-04 1.880581333219494557e-05 2.352292051498403481e-06 2.687681993740391836e-07 2.834861087029091625e-08 2.784244107482208420e-09 2.564633174026608020e-10 2.228978986112283395e-11 1.837205410643797195e-12 1.442190923564616077e-13 1.081855644672559563e-14 7.773045054469352659e-16 5.352000418720913262e-17 3.508157949481730538e-18 0.000000000000000000e+00
0.000000000000000000e+00 4.535101456629935708e-18 6.802936696497319395e-17 9.809037014839977872e-16 1.361332304894840694e-14 1.813045825685602418e-13 2.309278477733794725e-12 2.802021423043259978e-11 3.224351846468366134e-10 3.500436294624944419e-09 3.563289203577345466e-08 3.376546317886448749e-07 2.952510171096368895e-06 2.357065217042525145e-05 1.695310274694048977e-04 1.080197840119585416e-03 5.964897834519691452e-03 2.771961925035153207e-02 1.041062148959782385e-01 2.985959804261492656e-01 6.072696223422727746e-01 8.346329455061596292e-01 9.433016001835664577e-01 9.827862410098987533e-01 9.939580368195068960e-01 9.939580376901914205e-01 9.827862430659726201e-01 9.433016025496183676e-01 8.346329480547102220e-01 6.072696249574156546e-01 2.985959825770010956e-01 1.041062161004371878e-01 2.771961970270318473e-02 5.964898014804532328e-03 1.080197874028089892e-03 1.695310318076894578e-04 2.357065049056153466e-05 2.952508870906060440e-06 3.376540986159912629e-07 3.563271578756948469e-08 3.500387069524715796e-09 3.224228851408806339e-10 2.801742348508976854e-11 2.308694129320244674e-12 1.811905918866744667e-13 1.359244737047074160e-14 9.772930568527841903e-16 6.743686221556784628e-17 4.443680156125788500e-18 0.000000000000000000e+00
0.000000000000000000e+00 4.535100550424591099e-18 6.802936547034559090e-17 9.809037049661593932e-16 1.361332302730194380e-14 1.813045827208677246e-13 2.309278479444888504e-12 2.802021408585186217e-11 3.224351888469620823e-10 3.500436215020436898e-09 3.563289314203705024e-08 3.376546200364542728e-07 2.952510267808652801e-06 2.357065155708035616e-05 1.695310303914791827e-04 1.080197830305379110e-03 5.964897853778459644e-03 2.771961924928075666e-02 1.041062147903429602e-01 2.985959806609435052e-01 6.072696223093124734e-01 8.346329451184932857e-01 9.433016000642812093e-01 9.827862414817373216e-01 9.939580376901925307e-01 9.939580385367715598e-01 9.827862441242077862e-01 9.433016033104040243e-01 8.346329484913155294e-01 6.072696256629562805e-01 2.985959837015068064e-01 1.041062172684154158e-01 2.771962057075302507e-02 5.964898516367258575e-03 1.080198111761848353e-03 1.695311276267385506e-04 2.357068417721882927e-05 2.952519398059352827e-06 3.376570657208186472e-07 3.563347882161095305e-08 3.500567797951124661e-09 3.224626194088240755e-10 2.802558576343002234e-11 2.310269559555282821e-12 1.814776899701192106e-13 1.364205370868959495e-14 9.854500488961136650e-16 6.871710469783653226e-17 4.633776099514232458e-18 0.000000000000000000e+00
0.000000000000000000e+00 3.623775768200017773e-18 5.430850244805255401e-17 7.823893176637019533e-16 1.084982605968663660e-14 1.444018677197255081e-13 1.838216669745959498e-12 2.229506022535315508e-11 2.564890642265960866e-10 2.784360813355359078e-09 2.834910419725167395e-08 2.687700460522455203e-07 2.352298809955078493e-06 1.880583145763491354e-05 1.355496185452043946e-04 8.663940904252462154e-04 4.806435632371449870e-03 2.249210717147905048e-02 8.540050944827252966e-02 2.494402149662092449e-01 5.239723044651978245e-01 7.608927659409698840e-01 8.997045758350840083e-01 9.619759869896965521e-01 9.827862430659733972e-01 9.827862441242077862e-01 9.619759893364625558e-01 8.997045793319670137e-01 7.608927696406704300e-01 5.239723080336391448e-01 2.494402185047680520e-01 8.540051254411711035e-02 2.249210948862002263e-02 4.806436761948984678e-03 8.663946946577358874e-04 1.355498391019960562e-04 1.880591391991804311e-05 2.352323835090372987e-06 2.687772320708290735e-07 2.835094824454614785e-08 2.784800345615136922e-09 2.565860568297022087e-10 2.231507643972181221e-11 1.842097792906111122e-12 1.451125198878769406e-13 1.097322531122231895e-14 8.027851438582106750e-16 5.752685054445384543e-17 4.104272881578391731e-18 0.000000000000000000e+00
0.000000000000000000e+00 2.193615238674814221e-18 3.271249380541197526e-17 4.689106425641405484e-16 6.470123175937616927e-15 8.568379463425019389e-14 1.085396166401228536e-12 1.310138051221243877e-11 1.500286810499391479e-10 1.621614754650739047e-09 1.644572086166473723e-08 1.553950438448157525e-07 1.356606164787107462e-06 1.083136749155205805e-05 7.810706299396292694e-05 5.008050241129846127e-04 2.798573679256084485e-03 1.328034047529113096e-02 5.171705444752283665e-02 1.580993401960057443e-01 3.605010068943509394e-01 5.976020372462129693e-01 7.885708116618763697e-01 8.997045772759719728e-01 9.433016025496180346e-01 9.433016033104035802e-01 8.997045793319665696e-01 7.885708156260150536e-01 5.976020415738091396e-01 3.605010108859236784e-01 1.580993438442639121e-01 5.171705814547224167e-02 1.328034383234023841e-02 2.798575366980780160e-03 5.008060019046318501e-04 7.810743631829123292e-05 1.083151089554392538e-05 1.356651153388721011e-06 1.554082003828857278e-07 1.644916725548419932e-08 1.622448891802460608e-09 1.502154203214870717e-10 1.314040522090825236e-11 1.093050362781498569e-12 8.710015899810444206e-14 6.718484191825636634e-15 5.103396607485961508e-16 3.930689695090502422e-17 3.186053255765047148e-18 0.000000000000000000e+00
0.000000000000000000e+00 1.017281474104929492e-18 1.504909989920486430e-17 2.139740297170450529e-16 2.928594697373378031e-15 3.847174470080099416e-14 4.834747676988719345e-13 5.790607207005852344e-12 6.581528581830693953e-11 7.063662594067960045e-10 7.117590154469456688e-09 6.688042912619306797e-08 5.813648899178421083e-07 4.630260016933870093e-06 3.339651322538164375e-05 2.150305100476201665e-04 1.214072883749722775e-03 5.877680561085833755e-03 2.372772084984980934e-02 7.725716339498846230e-02 1.962299168118857018e-01 3.835698283049349677e-01 5.976020380744831995e-01 7.608927680818934336e-01 8.346329480547104440e-01 8.346329484913154184e-01 7.608927696406694308e-01 5.976020415738090286e-01 3.835698320693511354e-01 1.962299202979347068e-01 7.725716703825230569e-02 2.372772508083038565e-02 5.877684470773479435e-03 1.214074958503108363e-03 2.150316926665683304e-04 3.339697862135070723e-05 4.630437856591357596e-06 5.814214723696688095e-07 6.689703278753493472e-08 7.121973705617338775e-09 7.074334805357012924e-10 6.605574375376395891e-11 5.841170298519091856e-12 4.934536859845757250e-13 4.032969071559273101e-14 3.256390168472304214e-15 2.689881412111999237e-16 2.385920510230785998e-17 2.350907271634275237e-18 0.000000000000000000e+00
0.000000000000000000e+00 3.750722742462639229e-19 5.495043900102173762e-18 7.737000802032724110e-17 1.048682440872305692e-15 1.364414370815772047e-14 1.698546800589081376e-13 2.015810087741798182e-12 2.271192450026306706e-11 2.417772093381968281e-10 2.418460444396824610e-09 2.258567148711893908e-08 1.954457139798238440e-07 1.553241569218227588e-06 1.121629392730320071e-05 7.266015434622443954e-05 4.157993492117150001e-04 2.063407371011140821e-03 8.690265311731797462e-03 3.034434867614878295e-02 8.604447656325266147e-02 1.962299165870031448e-01 3.605010073628004963e-01 5.239723060762061513e-01 6.072696249574156546e-01 6.072696256629559475e-01 5.239723080336387007e-01 3.605010108859235674e-01 1.962299202979347346e-01 8.604448022747772373e-02 3.034435286396150108e-02 8.690269795334420316e-03 2.063411146485901772e-03 4.158013957417012758e-04 7.266126151357482079e-05 1.121673471776779148e-05 1.553407272081330134e-06 1.954986336486348962e-07 2.260116936011664577e-08 2.422563561436330162e-09 2.427788790277502485e-10 2.293850133150076115e-11 2.063667115146365026e-12 1.793464631301974914e-13 1.542082318070227771e-14 1.363902517764324882e-15 1.305828419222624070e-16 1.406791140988061209e-17 1.680468541025362729e-18 0.000000000000000000e+00
0.000000000000000000e+00 1.140646122086034182e-19 1.653661596417347232e-18 2.303887026476434481e-17 3.090252202117253733e-16 3.979532963102162042e-15 4.904716244016009733e-14 5.765020674677918964e-13 6.436518278465996562e-12 6.794805001933024868e-11 6.746898187741981533e-10 6.263285988439081143e-09 5.397960359389795843e-08 4.283765793692204505e-07 3.100517397939464260e-06 2.023803455690549900e-05 1.175800571853481273e-04 5.989233436132401951e-04 2.630207750615533129e-03 9.785855872202544117e-03 3.034434829398308109e-02 7.725716255273637478e-02 1.580993396862676870e-01 2.494402156390872483e-01 2.985959825770010401e-01 2.985959837015065843e-01 2.494402185047679132e-01 1.580993438442638843e-01 7.725716703825234732e-02 3.034435286396150455e-02 9.785860505929864367e-03 2.630211920996870702e-03 5.989264333103360219e-04 1.175817082348103279e-04 2.023887451075440520e-05 3.100850669405988736e-06 4.284992981950928107e-07 5.401868988058332570e-08 6.274677608256518740e-09 6.777056957113034473e-10 6.868502568575700175e-11 6.603651471459120588e-12 6.119283611061760933e-13 5.610386473462423836e-14 5.306917912090659919e-15 5.458010638730914101e-16 6.323969727467884131e-17 8.169366635539214198e-18 1.112215190593531081e-18 0.000000000000000000e+00
0.000000000000000000e+00 2.949181421515704302e-20 4.229694425467507151e-19 5.829159420572992302e-18 7.735670134318120277e-17 9.858085449873512116e-16 1.202751329719904668e-14 1.400109508770517116e-13 1.549106136203637982e-12 1.621954770753615234e-11 1.599137877524022335e-10 1.476237241741242043e-09 1.267762443008852486e-08 1.005249452747526404e-07 7.296889415893893354e-07 4.800888181125620350e-06 2.830894422476057845e-05 1.477078305387819141e-04 6.724238511256468587e-04 2.630207769328794971e-03 8.690265121222357642e-03 2.372772048837804015e-02 5.171705402352969050e-02 8.540050949138182357e-02 1.041062161004371739e-01 1.041062172684153325e-01 8.540051254411708259e-02 5.171705814547222779e-02 2.372772508083038911e-02 8.690269795334422051e-03 2.630211920996870702e-03 6.724271034189512096e-04 1.477099811685403949e-04 2.831005722705306086e-05 4.801422307438934188e-06 7.298982069779030796e-07 1.006003347418533538e-07 1.270147578385797749e-08 1.483143714002654288e-09 1.617387927216578564e-10 1.666541875165833797e-11 1.650383051634847987e-12 1.615383906499078514e-13 1.633186910977671551e-14 1.799141451322497322e-15 2.231805166201735374e-16 3.072622157885052107e-17 4.482290634917899590e-18 6.550942116406518289e-19 0.000000000000000000e+00
0.000000000000000000e+00 6.639520886646274455e-21 9.420386822300852951e-20 1.284160865470294975e-18 1.686082254960525723e-17 2.126421551046045057e-16 2.568491961169788913e-15 2.961619055339740663e-14 3.247932897967769335e-13 3.373712541145936300e-12 3.303746088097742538e-11 3.033809932458129410e-10 2.596892250192289308e-09 2.057810992446650797e-08 1.497867284298064170e-07 9.926169324194041736e-07 5.928790021026348657e-06 3.155418417926628312e-05 1.477078781002705429e-04 5.989234943740404148e-04 2.063407523150791525e-03 5.877680886301128553e-03 1.328034069701330110e-02 2.249210712997404618e-02 2.771961970270318473e-02 2.771962057075299385e-02 2.249210948862001222e-02 1.328034383234023667e-02 5.877684470773475965e-03 2.063411146485900904e-03 5.989264333103358050e-04 1.477099811685404220e-04 3.155546084333937226e-05 5.929428001333825603e-06 9.929082207008420653e-07 1.498989670097904540e-07 2.061770345594017787e-08 2.609309384177861890e-09 3.069504692498184096e-10 3.397782945331052637e-11 3.603219692892366472e-12 3.769699094450407574e-13 4.073159840007397281e-14 4.798346530616149468e-15 6.357381483625194023e-16 9.308465685924850673e-17 1.436798468941582785e-17 2.239793128394775758e-18 3.392627879122202122e-19 0.000000000000000000e+00
0.000000000000000000e+00 1.326116246876271635e-21 1.862018454010468054e-20 2.510683745383658968e-19 3.262029260703072194e-18 4.071865137164172447e-17 4.870220813994157711e-16 5.563561443177936177e-15 6.049050643906541433e-14 6.234914423642338995e-13 6.065565640789128891e-12 5.541468057247725164e-11 4.727984712224809931e-10 3.743047369918281052e-09 2.730077343858793387e-08 1.819402340949830207e-07 1.097578589153732062e-06 5.928776476446948472e-06 2.830891720768722957e-05 1.175800219303775265e-04 4.157991927146173299e-04 1.214072766178670923e-03 2.798573487956165437e-03 4.806435352600621838e-03 5.964898014804529726e-03 5.964898516367255106e-03 4.806436761948983810e-03 2.798575366980779293e-03 1.214074958503107930e-03 4.158013957417012758e-04 1.175817082348103686e-04 2.831005722705307441e-05 5.929428001333827297e-06 1.097894289232517995e-06 1.820787436655126943e-07 2.735324246607849738e-08 3.761210562601731692e-09 4.784418870310619388e-10 5.702512588727241409e-11 6.488330925299301461e-12 7.265202359500891629e-13 8.392286138542768770e-14 1.056450451838711823e-14 1.493204300185437830e-15 2.323649851888735476e-16 3.794558921296225519e-17 6.235052422870933182e-18 1.005410700146751428e-18 1.551860418928487076e-19 0.000000000000000000e+00
0.000000000000000000e+00 2.384462862177736108e-22 3.316138841948656435e-21 4.422463653622375356e-20 5.687402815656936547e-19 7.027717350437295547e-18 8.325031159255456755e-17 9.423743790971066550e-16 1.015996604257170788e-14 1.039292934884671656e-13 1.004504164615348406e-12 9.129532661459152837e-12 7.761894487208997703e-11 6.135364191791660436e-10 4.478845174346289718e-09 2.995682439887925476e-08 1.819419966020164259e-07 9.926189943758786069e-07 4.800894800247934848e-06 2.023806574631604693e-05 7.266016548962249280e-05 2.150305974571534184e-04 5.008050788850437881e-04 8.663940089362259312e-04 1.080197874028089025e-03 1.080198111761847485e-03 8.663946946577355621e-04 5.008060019046317417e-04 2.150316926665683576e-04 7.266126151357483434e-05 2.023887451075441536e-05 4.801422307438936729e-06 9.929082207008424888e-07 1.820787436655126943e-07 3.001501410511654946e-08 4.500552636579048898e-09 6.209314738639009294e-10 7.989645008962849218e-11 9.775063873412220723e-12 1.173363598415185781e-12 1.450159838894715632e-13 1.950635754012909211e-14 2.940214967293710505e-15 4.862914286103578133e-16 8.406986816355464239e-17 1.457182059138932764e-17 2.472082869358816576e-18 4.058485503314960853e-19 6.335287092319834418e-20 0.000000000000000000e+00
0.000000000000000000e+00 3.903136134994677347e-23 5.387401266634693834e-22 7.103073597934535517e-21 9.045759029498817737e-20 1.106532856634411956e-18 1.298504660702636704e-17 1.456697329218657109e-16 1.557473111238889757e-15 1.581186330007494802e-14 1.518241939581394740e-13 1.372379975813545906e-12 1.162125922650272874e-11 9.163705809183284294e-11 6.686110627145553042e-10 4.478709234326814092e-09 2.730073093782040424e-08 1.497858354222155359e-07 7.296859956027468404e-07 3.100517812346906185e-06 1.121627316661853389e-05 3.339651623711874370e-05 7.810705227206410784e-05 1.355495571963341291e-04 1.695310318076893765e-04 1.695311276267384964e-04 1.355498391019960020e-04 7.810743631829123292e-05 3.339697862135071401e-05 1.121673471776779487e-05 3.100850669405990430e-06 7.298982069779036090e-07 1.498989670097905599e-07 2.735324246607850730e-08 4.500552636579048898e-09 6.766566081176241777e-10 9.434261825679825327e-11 1.244813401915394231e-11 1.605380674558213414e-12 2.125793140232882076e-13 3.057413989975025796e-14 4.916291480325121716e-15 8.647068990674717165e-16 1.584131001376742519e-16 2.900086654100158757e-17 5.181571352420509945e-18 8.940060190737374209e-19 1.483580469724067571e-19 2.334293608613839565e-20 0.000000000000000000e+00
0.000000000000000000e+00 5.860423878812601291e-24 8.068388389518230850e-23 1.050234975842966388e-21 1.325614729507828006e-20 1.605036279925057542e-19 1.866286410226946324e-18 2.074958247705765016e-17 2.200200884874572620e-16 2.216727140719631807e-15 2.114154516727507548e-14 1.899944207753019318e-13 1.601454799059886162e-12 1.258478042673075210e-11 9.164390391550075836e-11 6.135316548052282068e-10 3.743127870286952988e-09 2.057822701732143361e-08 1.005248903607340142e-07 4.283792429781210682e-07 1.553238469918503796e-06 4.630268532496602862e-06 1.083137208071021819e-05 1.880581333219495235e-05 2.357065049056152449e-05 2.357068417721881233e-05 1.880591391991803633e-05 1.083151089554392708e-05 4.630437856591359290e-06 1.553407272081330981e-06 4.284992981950931813e-07 1.006003347418534596e-07 2.061770345594018779e-08 3.761210562601733346e-09 6.209314738639012396e-10 9.434261825679829204e-11 1.348326601464974980e-11 1.874350942786591389e-12 2.665328290109570287e-13 4.104827809988586449e-14 7.048829252803494053e-15 1.319896427276784966e-15 2.565733532846591696e-16 4.968394840081649347e-17 9.363277951107524341e-18 1.699725533308243452e-18 2.962125022099853752e-19 4.952859693010526618e-20 7.843305635018193332e-21 0.000000000000000000e+00
0.000000000000000000e+00 8.089324890127012570e-25 1.124829564973681559e-23 1.440045720463949598e-22 1.805123815175248145e-21 2.161843558765252966e-20 2.491753621229333671e-19 2.745372146316924456e-18 2.887069852090249051e-17 2.886204014810843982e-16 2.733421157278533947e-15 2.441046735328803824e-14 2.046707909459354777e-13 1.601218831811198878e-12 1.162172134737792899e-11 7.761404745458782742e-11 4.728007183213743239e-10 2.596882586362067513e-09 1.267744036396515351e-08 5.398010067478382416e-08 1.954439542300264659e-07 5.813666082906482927e-07 1.356606708057914652e-06 2.352292051498405175e-06 2.952508870906060016e-06 2.952519398059349862e-06 2.352323835090372564e-06 1.356651153388721434e-06 5.814214723696690213e-07 1.954986336486350286e-07 5.401868988058337864e-08 1.270147578385799404e-08 2.609309384177866026e-09 4.784418870310624558e-10 7.989645008962854388e-11 1.244813401915394554e-11 1.874350942786590985e-12 2.872457865379145342e-13 4.749075085674592538e-14 8.725836686206370679e-15 1.742531848081828304e-15 3.600506317493737902e-16 7.387809338550380135e-17 1.471069572791787582e-17 2.814279190679053377e-18 5.156515371619544468e-19 9.049167553253802747e-20 1.522421763911842823e-20 2.424907985746704223e-21 0.000000000000000000e+00
0.000000000000000000e+00 1.017714437928354586e-25 1.475426116230758199e-24 1.839947842077185573e-23 2.301635758490127053e-22 2.721165989290093249e-21 3.111693002856025742e-20 3.396359254441951195e-19 3.542254973593195925e-18 3.512911680249377486e-17 3.302725582742158736e-16 2.929401700915044258e-15 2.441616435383736293e-14 1.899738562388883976e-13 1.372586650678353529e-12 9.129028349743976073e-12 5.541644530481500615e-11 3.033865604863860292e-10 1.476200896496154957e-09 6.263473940677629105e-09 2.258523955673180709e-08 6.688105744076720961e-08 1.553954013480787879e-07 2.687681993740393954e-07 3.376540986159911570e-07 3.376570657208183295e-07 2.687772320708291794e-07 1.554082003828858866e-07 6.689703278753497442e-08 2.260116936011666232e-08 6.274677608256526185e-09 1.483143714002656769e-09 3.069504692498188749e-10 5.702512588727245932e-11 9.775063873412228801e-12 1.605380674558213818e-12 2.665328290109570791e-13 4.749075085674593800e-14 9.364911719893165990e-15 1.999673749730370622e-15 4.402346564513310650e-16 9.592628554865865495e-17 2.022281578379802401e-17 4.084802570254010451e-18 7.882674598528992242e-19 1.453625211104435773e-19 2.565486313842577676e-20 4.340261798292788456e-21 6.951595450270999137e-22 0.000000000000000000e+00
0.000000000000000000e+00 1.123775492527099305e-26 1.848051253806675005e-25 2.192296220344781141e-24 2.769648208009412498e-23 3.216332464173756340e-22 3.656514881195827831e-21 3.950372246235231993e-20 4.086732794121181657e-19 4.019206705780130341e-18 3.750082134379699071e-17 3.301743065835418909e-16 2.733986234874241339e-15 2.113535651244451920e-14 1.518525059293326232e-13 1.004375140005845749e-12 6.065680254383415659e-12 3.303861282854249744e-11 1.599023968150355060e-10 6.747351753619143699e-10 2.418338438908203301e-09 7.117741453779816613e-09 1.644581159096758806e-08 2.834861087029093941e-08 3.563271578756947146e-08 3.563347882161093320e-08 2.835094824454615778e-08 1.644916725548421917e-08 7.121973705617342911e-09 2.422563561436331403e-09 6.777056957113045846e-10 1.617387927216581666e-10 3.397782945331056514e-11 6.488330925299303076e-12 1.173363598415186791e-12 2.125793140232882834e-13 4.104827809988587712e-14 8.725836686206369102e-15 1.999673749730370622e-15 4.705756075766021889e-16 1.091984209007862215e-16 2.443404515572889180e-17 5.222627968396027766e-18 1.063591685688235120e-18 2.064745837521472830e-19 3.827562190161409053e-20 6.790280466059850839e-21 1.154970192779740780e-21 1.860085786200542211e-22 0.000000000000000000e+00
0.000000000000000000e+00 9.362263287313755462e-28 2.265955600650232348e-26 2.416810000551525859e-25 3.177036239926568813e-24 3.579218953850472511e-23 4.066260194423417711e-22 4.339503272705516559e-21 4.455262812596079200e-20 4.343229008372394784e-19 4.020631410758419937e-18 3.511921640815229844e-17 2.887544670460455474e-16 2.215801495730462283e-15 1.581749395145376086e-14 1.039106410647478229e-13 6.235061954730319176e-13 3.374074099988148784e-12 1.621690947345720184e-11 6.795920838007323102e-11 2.417484472894150455e-10 7.064030730565533254e-10 1.621639918114454461e-09 2.784244107482208834e-09 3.500387069524712487e-09 3.500567797951119698e-09 2.784800345615137749e-09 1.622448891802461849e-09 7.074334805357017060e-10 2.427788790277505070e-10 6.868502568575711807e-11 1.666541875165837351e-11 3.603219692892371319e-12 7.265202359500895668e-13 1.450159838894716137e-13 3.057413989975026427e-14 7.048829252803497208e-15 1.742531848081828502e-15 4.402346564513310157e-16 1.091984209007862215e-16 2.601666711829333538e-17 5.900707269696145467e-18 1.271212103900034301e-18 2.603438666459790283e-19 5.078871390476808329e-20 9.460718609968713301e-21 1.686894779951008526e-21 2.884814809531778682e-22 4.672221326012050448e-23 0.000000000000000000e+00
0.000000000000000000e+00 3.702366477217564702e-30 2.837837498094892217e-27 2.391129956851890484e-26 3.529880077268611982e-25 3.745156169124509179e-24 4.306107030087321681e-23 4.517829632824204707e-22 4.609725756911082123e-21 4.451169082687980202e-20 4.087502794949773666e-19 3.539999014033451229e-18 2.889015656929645182e-17 2.198560787195813292e-16 1.558356080384253417e-15 1.015696748572415726e-14 6.048926531853913309e-14 3.248772997274795124e-13 1.548513681776478586e-12 6.438967297382035595e-12 2.270552455183152143e-11 6.582327602890098249e-11 1.500346169502055307e-10 2.564633174026606986e-10 3.224228851408801686e-10 3.224626194088236103e-10 2.565860568297021570e-10 1.502154203214871751e-10 6.605574375376398476e-11 2.293850133150078377e-11 6.603651471459131089e-12 1.650383051634852026e-12 3.769699094450415147e-13 8.392286138542778868e-14 1.950635754012911420e-14 4.916291480325124871e-15 1.319896427276786544e-15 3.600506317493737902e-16 9.592628554865870425e-17 2.443404515572890104e-17 5.900707269696147778e-18 1.348744620065366284e-18 2.921530496667253491e-19 6.011357133741688286e-20 1.178114097542069406e-20 2.205115605844918847e-21 3.952155431011298099e-22 6.796469986302592518e-23 1.107232897181294981e-23 0.000000000000000000e+00
0.000000000000000000e+00 -2.480669828151446205e-29 3.853052827209912997e-28 1.901548106311980049e-27 3.908156060793768007e-26 3.647468113369346827e-25 4.378769175572764013e-24 4.466796824608500564e-23 4.545302413579898111e-22 4.341979462413354753e-21 3.954951791083001651e-20 3.394147027846452514e-19 2.748767490468758403e-18 2.072507224328940454e-17 1.458099583836310104e-16 9.419605416880591224e-16 5.562799504114724987e-15 2.963439382712862364e-14 1.398892883475524750e-13 5.770052318859900680e-13 2.014496076275751314e-12 5.792231679804307817e-12 1.310268400982421123e-11 2.228978986112282102e-11 2.801742348508972330e-11 2.802558576342997387e-11 2.231507643972180251e-11 1.314040522090825721e-11 5.841170298519091048e-12 2.063667115146366238e-12 6.119283611061770021e-13 1.615383906499081038e-13 4.073159840007402330e-14 1.056450451838712139e-14 2.940214967293711688e-15 8.647068990674722096e-16 2.565733532846594654e-16 7.387809338550383833e-17 2.022281578379802401e-17 5.222627968396030847e-18 1.271212103900034686e-18 2.921530496667251565e-19 6.357567514311256998e-20 1.313990493832204613e-20 2.587158457736794252e-21 4.866597413788793203e-22 8.769338639753505027e-23 1.516920268519574061e-23 2.486784328213654882e-24 0.000000000000000000e+00
0.000000000000000000e+00 -8.519948502663767607e-30 5.952455954989905496e-29 5.426452583206882201e-29 4.519877706010308378e-27 3.196616507394294210e-26 4.333163658130369570e-25 4.192634763674584985e-24 4.288421010683363309e-23 4.044431109606882622e-22 3.653753273439465936e-21 3.105883344309004313e-20 2.495755227436949571e-19 1.862413355211135712e-18 1.300494617039530051e-17 8.319551720577893715e-17 4.867991075153300373e-16 2.572089183485587137e-15 1.200412943217033205e-14 4.914369939604043804e-14 1.696021457926700210e-13 4.837833490083124292e-13 1.085660860591903478e-12 1.837205410643797599e-12 2.308694129320240635e-12 2.310269559555279186e-12 1.842097792906109506e-12 1.093050362781498165e-12 4.934536859845754221e-13 1.793464631301974409e-13 5.610386473462432671e-14 1.633186910977672814e-14 4.798346530616149468e-15 1.493204300185438421e-15 4.862914286103577147e-16 1.584131001376743505e-16 4.968394840081654894e-17 1.471069572791788814e-17 4.084802570254014303e-18 1.063591685688235890e-18 2.603438666459792209e-19 6.011357133741688286e-20 1.313990493832204312e-20 2.728255190193126120e-21 5.397990439542190143e-22 1.020749756406000679e-22 1.849911407993953852e-23 3.220176268121671314e-24 5.315231838237788292e-25 0.000000000000000000e+00
0.000000000000000000e+00 -2.189750245079844331e-30 1.042260101716609385e-29 -2.461554469149239794e-29 5.785102908433430123e-28 2.240983325103430940e-27 4.270014428466595187e-26 3.718099684260758872e-25 3.887287482905243872e-24 3.609223593140568941e-23 3.230961817894555805e-22 2.721249099249372105e-21 2.169100286713963435e-20 1.600243813719754608e-19 1.109425555428196313e-18 7.021692451752421140e-18 4.066961412037406408e-17 2.133056609625244195e-16 9.815904549783283721e-16 3.996959409192739976e-15 1.359850438248811895e-14 3.852693382084856265e-14 8.573405892338182701e-14 1.442190923564616834e-13 1.811905918866742142e-13 1.814776899701188572e-13 1.451125198878768648e-13 8.710015899810442944e-14 4.032969071559270577e-14 1.542082318070227139e-14 5.306917912090664652e-15 1.799141451322497716e-15 6.357381483625189093e-16 2.323649851888735970e-16 8.406986816355461774e-17 2.900086654100159990e-17 9.363277951107536667e-18 2.814279190679057999e-18 7.882674598528999945e-19 2.064745837521474515e-19 5.078871390476808329e-20 1.178114097542069857e-20 2.587158457736795004e-21 5.397990439542190143e-22 1.073607367732062849e-22 2.041695547729566567e-23 3.723234587364384054e-24 6.525912295497858080e-25 1.085424409838925292e-25 0.000000000000000000e+00
0.000000000000000000e+00 -4.989507528150254216e-31 1.967521143254761702e-30 -8.545660740207053255e-30 8.461735213297556214e-29 5.104754838046894443e-29 4.343832939805179587e-27 3.074438886835289816e-26 3.395955123642978902e-25 3.100789691594663785e-24 2.736831570071612642e-23 2.291378974791051288e-22 1.809047209867716208e-21 1.318317294866237022e-20 9.080181151663562492e-20 5.680923412871453584e-19 3.252334256518494649e-18 1.697516715075605941e-17 7.663755862762937663e-17 3.119979933918393086e-16 1.040885108258289125e-15 2.937932277403603544e-15 6.479104638515620019e-15 1.081855644672560194e-14 1.359244737047073056e-14 1.364205370868957286e-14 1.097322531122231264e-14 6.718484191825639789e-15 3.256390168472304214e-15 1.363902517764324093e-15 5.458010638730914101e-16 2.231805166201733895e-16 9.308465685924839579e-17 3.794558921296226136e-17 1.457182059138932148e-17 5.181571352420509945e-18 1.699725533308244223e-18 5.156515371619548320e-19 1.453625211104437699e-19 3.827562190161412063e-20 9.460718609968720824e-21 2.205115605844920351e-21 4.866597413788790382e-22 1.020749756406000914e-22 2.041695547729566860e-23 3.906791853401342911e-24 7.173398765321172750e-25 1.267046401122403032e-25 2.125928104058527800e-26 0.000000000000000000e+00
0.000000000000000000e+00 -1.057128092861899100e-31 3.797764520460118730e-31 -2.022543570835269132e-30 1.381768435098163550e-29 -2.447444602633259749e-29 4.755086128104243508e-28 2.303899562894903113e-27 2.850609543010520837e-26 2.594554034385108977e-25 2.210802285866717568e-24 1.865639977178747740e-23 1.449364042706841487e-22 1.044266595595261913e-21 7.149548218612493276e-21 4.419251633657783175e-20 2.493854019110431989e-19 1.302859665531424755e-18 5.712982844586955420e-18 2.352040952138378895e-17 7.610537302615338713e-17 2.154750083434322461e-16 4.704287761120800534e-16 7.773045054469357589e-16 9.772930568527841903e-16 9.854500488961122845e-16 8.027851438582107736e-16 5.103396607485965452e-16 2.689881412112001209e-16 1.305828419222623331e-16 6.323969727467880433e-17 3.072622157885050258e-17 1.436798468941582169e-17 6.235052422870932411e-18 2.472082869358815035e-18 8.940060190737374209e-19 2.962125022099854234e-19 9.049167553253805154e-20 2.565486313842578880e-20 6.790280466059853848e-21 1.686894779951009466e-21 3.952155431011299040e-22 8.769338639753505027e-23 1.849911407993953852e-23 3.723234587364383319e-24 7.173398765321178260e-25 1.327317615938456336e-25 2.365211126339383103e-26 4.009404592945434591e-27 0.000000000000000000e+00
0.000000000000000000e+00 -2.119417170809644378e-32 7.244114004907149301e-32 -4.163259916240714457e-31 2.382179118155688784e-30 -7.309568724125743223e-30 5.713598517159523191e-29 1.489192014433540736e-28 2.232277733517079835e-27 2.185937545489749161e-26 1.666543160352374798e-25 1.489560186911141004e-24 1.112021316995107225e-23 7.985888601397661676e-23 5.426276168583504333e-22 3.316264468154507519e-21 1.833904439430904174e-20 9.709016374194271569e-20 4.050786506584146938e-19 1.727939711980793703e-18 5.299614393240039166e-18 1.527910867403217001e-17 3.295627794825668344e-17 5.352000418720915727e-17 6.743686221556783395e-17 6.871710469783647063e-17 5.752685054445388241e-17 3.930689695090508585e-17 2.385920510230788155e-17 1.406791140988059668e-17 8.169366635539204953e-18 4.482290634917898049e-18 2.239793128394774988e-18 1.005410700146751236e-18 4.058485503314960853e-19 1.483580469724067571e-19 4.952859693010525415e-20 1.522421763911843124e-20 4.340261798292791465e-21 1.154970192779741344e-21 2.884814809531780092e-22 6.796469986302593693e-23 1.516920268519574649e-23 3.220176268121670579e-24 6.525912295497856243e-25 1.267046401122403032e-25 2.365211126339383390e-26 4.258184237621477034e-27 7.307115044294519169e-28 0.000000000000000000e+00
0.000000000000000000e+00 -3.992218372553429641e-33 1.335411673486822636e-32 -7.855263422865475183e-32 4.101168618993051060e-31 -1.483378489881487962e-30 7.281857463743801781e-30 8.395681015505412377e-30 1.391021152022087105e-28 2.011142761058565103e-27 1.066758585292278035e-26 1.203689470863319011e-25 7.995698152936008014e-25 5.920975339675281817e-24 3.949941747209390558e-23 2.399771864378565731e-22 1.284270548401136339e-21 7.062274933190034345e-21 2.689555208624709582e-20 1.248911330882946016e-19 3.465466302223996006e-19 1.050616786960679996e-18 2.230472085077836261e-18 3.508157949481729768e-18 4.443680156125787729e-18 4.633776099514229376e-18 4.104272881578400206e-18 3.186053255765053311e-18 2.350907271634278319e-18 1.680468541025361573e-18 1.112215190593530503e-18 6.550942116406518289e-19 3.392627879122203567e-19 1.551860418928487076e-19 6.335287092319838029e-20 2.334293608613840769e-20 7.843305635018191827e-21 2.424907985746703094e-21 6.951595450270999137e-22 1.860085786200542917e-22 4.672221326012053975e-23 1.107232897181295715e-23 2.486784328213656719e-24 5.315231838237791047e-25 1.085424409838926211e-25 2.125928104058528374e-26 4.009404592945434591e-27 7.307115044294517376e-28 1.273208444793236238e-28 0.000000000000000000e+00
0.000000000000000000e+00 0.000000000000000000e+00 0.000000000000000000e+00 0.000000000000000000e+00 0.000000000000000000e+00 0.000000000000000000e+00 0.000000000000000000e+00 0.000000000000000000e+00 0.000000000000000000e+00 0.000000000000000000e+00 0.000000000000000000e+00 0.000000000000000000e+00 0.000000000000000000e+00 0.000000000000000000e+00 0.000000000000000000e+00 0.000000000000000000e+00 0.000000000000000000e+00 0.000000000000000000e+00 0.000000000000000000e+00 0.000000000000000000e+00 0.000000000000000000e+00 0.000000000000000000e+00 0.000000000000000000e+00 0.000000000000000000e+00 0.000000000000000000e+00 0.000000000000000000e+00 0.000000000000000000e+00 0.000000000000000000e+00 0.000000000000000000e+00 0.000000000000000000e+00 0.000000000000000000e+00 0.000000000000000000e+00 0.000000000000000000e+00 0.000000000000000000e+00 0.000000000000000000e+00 0.000000000000000000e+00 0.000000000000000000e+00 0.000000000000000000e+00 0.000000000000000000e+00 0.000000000000000000e+00 0.000000000000000000e+00 0.000000000000000000e+00 0.000000000000000000e+00 0.000000000000000000e+00 0.000000000000000000e+00 0.000000000000000000e+00 0.000000000000000000e+00 0.000000000000000000e+00 0.000000000000000000e+00 0.000000000000000000e+00
