0.000000000000000000e+00 0.000000000000000000e+00 0.000000000000000000e+00 0.000000000000000000e+00 0.000000000000000000e+00 0.000000000000000000e+00 0.000000000000000000e+00 0.000000000000000000e+00 0.000000000000000000e+00 0.000000000000000000e+00 0.000000000000000000e+00 0.000000000000000000e+00 0.000000000000000000e+00 0.000000000000000000e+00 0.000000000000000000e+00 0.000000000000000000e+00 0.000000000000000000e+00 0.000000000000000000e+00 0.000000000000000000e+00 0.000000000000000000e+00 0.000000000000000000e+00 0.000000000000000000e+00 0.000000000000000000e+00 0.000000000000000000e+00 0.000000000000000000e+00 0.000000000000000000e+00 0.000000000000000000e+00 0.000000000000000000e+00 0.000000000000000000e+00 0.000000000000000000e+00 0.000000000000000000e+00 0.000000000000000000e+00 0.000000000000000000e+00 0.000000000000000000e+00 0.000000000000000000e+00 0.000000000000000000e+00 0.000000000000000000e+00 0.000000000000000000e+00 0.000000000000000000e+00 0.000000000000000000e+00 0.000000000000000000e+00 0.000000000000000000e+00 0.000000000000000000e+00 0.000000000000000000e+00 0.000000000000000000e+00 0.000000000000000000e+00 0.000000000000000000e+00 0.000000000000000000e+00 0.000000000000000000e+00 0.000000000000000000e+00
0.000000000000000000e+00 3.293412984969249865e-30 3.067313906056224640e-29 2.726749263849603657e-28 2.333294087420629170e-27 1.918053867248446997e-26 1.511152891602635484e-25 1.138131690617626839e-24 8.170834579883752063e-24 5.573573838085863884e-23 3.599320835605083456e-22 2.191494774188727094e-21 1.252135218130660867e-20 6.677296073770058329e-20 3.302615042505997589e-19 1.503932942949052030e-18 6.250961173333285803e-18 2.347182856973637111e-17 7.865240060777268816e-17 2.318053593896820930e-16 5.907104454521113772e-16 1.276808356770582164e-15 2.295729266673800796e-15 3.383722913957672914e-15 4.082545561625837648e-15 4.082545561163545436e-15 3.383722912730113444e-15 2.295729265093840198e-15 1.276808355246609983e-15 5.907104442208950430e-16 2.318053585032165127e-16 7.865240002340056563e-17 2.347182822332363528e-17 6.250960981376036987e-18 1.503932846090897209e-18 3.302614589069653974e-19 6.677294119421463628e-20 1.252134436680773644e-20 2.191491871623622210e-21 3.599310770119057506e-22 5.573541146945950117e-23 8.170734693884666788e-24 1.138102892982114655e-24 1.511074243133523940e-25 1.917849877898012315e-26 2.332789964339633439e-27 2.725559712241326553e-28 3.064630716061558335e-29 3.287822683863832158e-30 0.000000000000000000e+00
0.000000000000000000e+00 3.067313906056224640e-29 2.874800012421657757e-28 2.571977888595716200e-27 2.214838619415675088e-26 1.832150255836776015e-25 1.452494355261625628e-24 1.100738918216641270e-23 7.951092803158234803e-23 5.456943446229306186e-22 3.545545208886602849e-21 2.171934570554730515e-20 1.248545588736239120e-19 6.698992245349330499e-19 3.333770645733441490e-18 1.527530748531597604e-17 6.388560354726075451e-17 2.413770540060559447e-16 8.138131960648969648e-16 2.412797814850482143e-15 6.182930156482252721e-15 1.342997243438192624e-14 2.423974030179478366e-14 3.581040337097054746e-14 4.324114302056613061e-14 4.324114302004290757e-14 3.581040336959589107e-14 2.423974030008486454e-14 1.342997243284306056e-14 6.182930155347247539e-15 2.412797814126090501e-15 8.138131956520832921e-16 2.413770537904230842e-16 6.388560344015873644e-17 1.527530743499309368e-17 3.333770623041877580e-18 6.698992148474389851e-19 1.248545549643238367e-19 2.171934422171232857e-20 3.545544680517264987e-21 5.456941677466790496e-22 7.951087241568347191e-23 1.100737268053506515e-23 1.452489735127157853e-24 1.832137991540141705e-25 2.214807740993854862e-26 2.571903862629658852e-27 2.874631231489864142e-28 3.066964529471064568e-29 0.000000000000000000e+00
0.000000000000000000e+00 2.726749263849603208e-28 2.571977888595715841e-27 2.315934239903906968e-26 2.007101341774777447e-25 1.670797093988933198e-24 1.332846360097796608e-23 1.016300139587468341e-22 7.385979499295553472e-22 5.099760236988688492e-21 3.333365378319917648e-20 2.054154600346809825e-19 1.187876979505513005e-18 6.411490098406332290e-18 3.209787600825960962e-17 1.479567324246489074e-16 6.225361889109357604e-16 2.366343189541139262e-15 8.026126565395335227e-15 2.393503538374431661e-14 6.167223112018969865e-14 1.346083973120434085e-13 2.438725560347361020e-13 3.611043297698544243e-13 4.363691372250488242e-13 4.363691372248705037e-13 3.611043297693061345e-13 2.438725560336953609e-13 1.346083973104093179e-13 6.167223111826215173e-14 2.393503538183332631e-14 8.026126563772739853e-15 2.366343188421198562e-15 6.225361882217339213e-16 1.479567320572927527e-16 3.209787583172455067e-17 6.411490021918435157e-18 1.187876949159155836e-18 2.054154489467869698e-19 3.333365001868421301e-20 5.099759044134203763e-21 7.385975946342824538e-22 1.016299142255122646e-22 1.332843705312531141e-23 1.670790382844441158e-24 2.007085145194925722e-25 2.315896888668583815e-26 2.571895324363788322e-27 2.726577571861708908e-28 0.000000000000000000e+00
0.000000000000000000e+00 2.333294087420630246e-27 2.214838619415675088e-26 2.007101341774777447e-25 1.750411580516603301e-24 1.466153439439095425e-23 1.176730816537295764e-22 9.026459084326151654e-22 6.598738295227172499e-21 4.582709910326927060e-20 3.012609856619480772e-19 1.867045385045029439e-18 1.085769887634846988e-17 5.893348427970825707e-17 2.967003102745046255e-16 1.375386229793745157e-15 5.819908276402279790e-15 2.224844294335721151e-14 7.589060668793898591e-14 2.275745553099724068e-13 5.894626342075478273e-13 1.292577657505220116e-12 2.350294912804452633e-12 3.487666204106869396e-12 4.217548955327074383e-12 4.217548955325998402e-12 3.487666204104433898e-12 2.350294912803504283e-12 1.292577657508626581e-12 5.894626342145359485e-13 2.275745553188820669e-13 7.589060669657441274e-14 2.224844294967657743e-14 5.819908280468057852e-15 1.375386232004898411e-15 2.967003113536523416e-16 5.893348475065096983e-17 1.085769906396169511e-17 1.867045453666509240e-18 3.012610089327752356e-19 4.582710645803795062e-20 6.598740476523617650e-21 9.026465175684515814e-22 1.176732427277473927e-22 1.466157480983328070e-23 1.750421248657402864e-24 2.007123420365081536e-25 2.214886890952420708e-26 2.333393684424367787e-27 0.000000000000000000e+00
0.000000000000000000e+00 1.918053867248445562e-26 1.832150255836776704e-25 1.670797093988934668e-24 1.466153439439094838e-23 1.235518135200123967e-22 9.975187997716610013e-22 7.696243632307175573e-21 5.658270833121759981e-20 3.951420850350684236e-19 2.611760216403096203e-18 1.627283377098707304e-17 9.513311554635610039e-17 5.190636477235637047e-16 2.626832463679913139e-15 1.224047009891829565e-14 5.206674968623843580e-14 2.000911784102362829e-13 6.861211083334351580e-13 2.068165651042329941e-12 5.383423726769358542e-12 1.185677516329367245e-11 2.163335349823784125e-11 3.216769335864417810e-11 3.892360693847481118e-11 3.892360693847927666e-11 3.216769335865420767e-11 2.163335349823876860e-11 1.185677516326939664e-11 5.383423726724737641e-12 2.068165650985864363e-12 6.861211082785929420e-13 2.000911783701796931e-13 5.206674966021673550e-14 1.224047008474946554e-14 2.626832456718397483e-15 5.190636446757484200e-16 9.513311432684651138e-17 1.627283332342584931e-17 2.611760064162777605e-18 3.951420367886659017e-19 5.658269399400057125e-20 7.696239621823680714e-21 9.975177384552760594e-22 1.235515471229121877e-22 1.466147070827818828e-23 1.670782568298299489e-24 1.832118571278000435e-25 1.917988709552254506e-26 0.000000000000000000e+00
0.000000000000000000e+00 1.511152891602636402e-25 1.452494355261626547e-24 1.332846360097795138e-23 1.176730816537297410e-22 9.975187997716610013e-22 8.100218859436517994e-21 6.284710678195100482e-20 4.645659840827131068e-19 3.261383137011162814e-18 2.166696778164864837e-17 1.356695666657112307e-16 7.969907789023462155e-16 4.369233765566663553e-15 2.221550456802000227e-14 1.040047968117425097e-13 4.444819379527081116e-13 1.716229430036176190e-12 5.913066678540300776e-12 1.790791564214779074e-11 4.682567723497715172e-11 1.035515802419982553e-10 1.895381860390631120e-10 2.823580511716490121e-10 3.418356599320082169e-10 3.418356599319759052e-10 2.823580511715709469e-10 1.895381860390297404e-10 1.035515802421111008e-10 4.682567723521232304e-11 1.790791564246033899e-11 5.913066678848810064e-12 1.716229430261704883e-12 4.444819381008738096e-13 1.040047968923375632e-13 2.221550460786864510e-14 4.369233783031805758e-15 7.969907859135447259e-16 1.356695692431682006e-16 2.166696865987657644e-17 3.261383415638035933e-18 4.645660669202212883e-19 6.284712995307960703e-20 8.100224985819004538e-21 9.975203351925991112e-22 1.176734477838351806e-22 1.332854682922756439e-23 1.452512428108650505e-24 1.511189862972670049e-25 0.000000000000000000e+00
0.000000000000000000e+00 1.138131690617627390e-24 1.100738918216640829e-23 1.016300139587469517e-22 9.026459084326146011e-22 7.696243632307186106e-21 6.284710678195100482e-20 4.902453400706638194e-19 3.642680564023406574e-18 2.569958094372889688e-17 1.715457555399462221e-16 1.079032492288829477e-15 6.366457913378083141e-15 3.504923749560928343e-14 1.789420919763727146e-13 8.411396526150501096e-13 3.609309391818815139e-12 1.399312744321767707e-11 4.841074070869606109e-11 1.472200243502670431e-10 3.864982752295072863e-10 8.578270376332117619e-10 1.574638592215451461e-09 2.349599858607464631e-09 2.845647773495967793e-09 2.845647773496484781e-09 2.349599858608807145e-09 1.574638592216804315e-09 8.578270376336779815e-10 3.864982752290619013e-10 1.472200243491140567e-10 4.841074070734177902e-11 1.399312744216749859e-11 3.609309391095917444e-12 8.411396522166572276e-13 1.789420917760672235e-13 3.504923740741197734e-14 6.366457877758328777e-15 1.079032479168283092e-15 1.715457510622138040e-16 2.569957952303734380e-17 3.642680142032018235e-18 4.902452222640544006e-19 6.284707573375252354e-20 7.696235884773117717e-21 9.026440718144887104e-22 1.016295995314967945e-22 1.100730001943183865e-23 1.138113649120599162e-24 0.000000000000000000e+00
0.000000000000000000e+00 8.170834579883744716e-24 7.951092803158243031e-23 7.385979499295545949e-22 6.598738295227185289e-21 5.658270833121753962e-20 4.645659840827133957e-19 3.642680564023405804e-18 2.719922200419471020e-17 1.927825239360510824e-16 1.292425483264402277e-15 8.162533375240934602e-15 4.834400102037956956e-14 2.671044601944193746e-13 1.368349037796444053e-12 6.453334966498734026e-12 2.778120944718056963e-11 1.080587980656718500e-10 3.750869238152841089e-10 1.144528329073386055e-09 3.014818291947984876e-09 6.712015506691790200e-09 1.235068590451233312e-08 1.845387668271300028e-08 2.235516892052076272e-08 2.235516892052062044e-08 1.845387668271184223e-08 1.235068590451029660e-08 6.712015506690336844e-09 3.014818291947831847e-09 1.144528329076057848e-09 3.750869238195955811e-10 1.080587980693901819e-10 2.778120945000430575e-11 6.453334968110926811e-12 1.368349038640580051e-12 2.671044605722409857e-13 4.834400117552916675e-14 8.162533432809576929e-15 1.292425503016366261e-15 1.927825302108041313e-16 2.719922386585347575e-17 3.642681081766261662e-18 4.645661196690763639e-19 5.658274186038741968e-20 6.598746148010581441e-21 7.385996945749851409e-22 7.951129607088949525e-23 8.170907265629663036e-24 0.000000000000000000e+00
0.000000000000000000e+00 5.573573838085870937e-23 5.456943446229300543e-22 5.099760236988696768e-21 4.582709910326921643e-20 3.951420850350690014e-19 3.261383137011160888e-18 2.569958094372889996e-17 1.927825239360511070e-16 1.372248400546218586e-15 9.235644610157824528e-15 5.853633943283401143e-14 3.478001953815711503e-13 1.927150860478420278e-12 9.898310276994234526e-12 4.679405162371659318e-11 2.019065303398557924e-10 7.871250037438448972e-10 2.738593594955851447e-09 8.376832158659581547e-09 2.212063426498826461e-08 4.936477263792629987e-08 9.100635361745171892e-08 1.361095188607724745e-07 1.648914324840014513e-07 1.648914324839035661e-07 1.361095188605197676e-07 9.100635361715464858e-08 4.936477263768318156e-08 2.212063426482646477e-08 8.376832158560225575e-09 2.738593594898857462e-09 7.871250037143370900e-10 2.019065303239179090e-10 4.679405161615578756e-11 9.898310273392134377e-12 1.927150858959099923e-12 3.478001947724634483e-13 5.853633921081226510e-14 9.235644534621504045e-15 1.372248376758623847e-15 1.927825169397682061e-16 2.569957902031327406e-17 3.261382640901193723e-18 3.951419648132797322e-19 4.582707169401387459e-20 5.099754360814646290e-21 5.456931624668325994e-22 5.573551927540890708e-23 0.000000000000000000e+00
0.000000000000000000e+00 3.599320835605075933e-22 3.545545208886609620e-21 3.333365378319914037e-20 3.012609856619484624e-19 2.611760216403095818e-18 2.166696778164866378e-17 1.715457555399461728e-16 1.292425483264402080e-15 9.235644610157829262e-15 6.237351472944318416e-14 3.965086507668867210e-13 2.361820619607824949e-12 1.311378216374295592e-11 6.746744701179387043e-11 3.193773939186355887e-10 1.379589728652952323e-09 5.383827706139236174e-09 1.875176809305600268e-08 5.742819672861801857e-08 1.518607890605420386e-07 3.393790287411222042e-07 6.263831036794266811e-07 9.372682108789271189e-07 1.135236609169849244e-06 1.135236609170084084e-06 9.372682108796982365e-07 6.263831036806846309e-07 3.393790287427102851e-07 1.518607890621231314e-07 5.742819672979561274e-08 1.875176809375433171e-08 5.383827706486618944e-09 1.379589728810883229e-09 3.193773939816649419e-10 6.746744703614573163e-11 1.311378217232638457e-11 2.361820622565246055e-12 3.965086517203377364e-13 6.237351502518254320e-14 9.235644696564965408e-15 1.292425507179475165e-15 1.715457617573431421e-16 2.166696929721019780e-17 2.611760560645171858e-18 3.012610579683024188e-19 3.333366761453895138e-20 3.545547546146852296e-21 3.599324022359144597e-22 0.000000000000000000e+00
0.000000000000000000e+00 2.191494774188732736e-21 2.171934570554726603e-20 2.054154600346813918e-19 1.867045385045028283e-18 1.627283377098709153e-17 1.356695666657112307e-16 1.079032492288829083e-15 8.162533375240934602e-15 5.853633943283403667e-14 3.965086507668866200e-13 2.526618337723177047e-12 1.507650869188045852e-11 8.380756132549825954e-11 4.314211856871195483e-10 2.042432390058992499e-09 8.819984822151649329e-09 3.440280441877801661e-08 1.197633948928926196e-07 3.666570931344684578e-07 9.695183981831679377e-07 2.167090461148075748e-06 4.000494688528042314e-06 5.984988857712281019e-06 7.245392469294221777e-06 7.245392469316652904e-06 5.984988857769996150e-06 4.000494688594068532e-06 2.167090461197876203e-06 9.695183982119947982e-07 3.666570931481844094e-07 1.197633948981165630e-07 3.440280442031573875e-08 8.819984822436316920e-09 2.042432390055407499e-09 4.314211856485532345e-10 8.380756130375654092e-11 1.507650868259325911e-11 2.526618334495113996e-12 3.965086497521535068e-13 5.853633914622702372e-14 8.162533300583430411e-15 1.079032474529085392e-15 1.356695628330539420e-16 1.627283304493734077e-17 1.867045273975689663e-18 2.054154507851052536e-19 2.171934767475854077e-20 2.191496115680430665e-21 0.000000000000000000e+00
0.000000000000000000e+00 1.252135218130658761e-20 1.248545588736241287e-19 1.187876979505511465e-18 1.085769887634848529e-17 9.513311554635605109e-17 7.969907789023465114e-16 6.366457913378083930e-15 4.834400102037957587e-14 3.478001953815711503e-13 2.361820619607825757e-12 1.507650869188046175e-11 9.005030547125419462e-11 5.006533495232943197e-10 2.575592625543908274e-09 1.217660114166750350e-08 5.247916730141719036e-08 2.042114055123313868e-07 7.091185662978642438e-07 2.165863401853125227e-06 5.715792919815197021e-06 1.275738570942253621e-05 2.352438916215706944e-05 3.515748093909350447e-05 4.252195752101059554e-05 4.252195752077937588e-05 3.515748093845769444e-05 2.352438916134792259e-05 1.275738570867605963e-05 5.715792919244221428e-06 2.165863401501689987e-06 7.091185661205939063e-07 2.042114054362577961e-07 5.247916727306793067e-08 1.217660113231900600e-08 2.575592622804929631e-09 5.006533487975321507e-10 9.005030529851706583e-11 1.507650865436489676e-11 2.361820612279206266e-12 3.478001940741178822e-13 4.834400080759516986e-14 6.366457879370094668e-15 7.969907726404498984e-16 9.513311395035065121e-17 1.085769836591059311e-17 1.187876811093490383e-18 1.248545066429659751e-19 1.252133743083937794e-20 0.000000000000000000e+00
0.000000000000000000e+00 6.677296073770067959e-20 6.698992245349322796e-19 6.411490098406339223e-18 5.893348427970823242e-17 5.190636477235638033e-16 4.369233765566665131e-15 3.504923749560930236e-14 2.671044601944193242e-13 1.927150860478419470e-12 1.311378216374296400e-11 8.380756132549827247e-11 5.006533495232942163e-10 2.780978750616773638e-09 1.427818831799039846e-08 6.729745166325626372e-08 2.888881327199306655e-07 1.118887585531359395e-06 3.865733695939578963e-06 1.174842469683061898e-05 3.086569342893753104e-05 6.863677978137926335e-05 1.262030011918530376e-04 1.881949190617539821e-04 2.272799007493555190e-04 2.272799007471995559e-04 1.881949190565174212e-04 1.262030011865141550e-04 6.863677977844262045e-05 3.086569342830489907e-05 1.174842469709993480e-05 3.865733696345228124e-06 1.118887585812817432e-06 2.888881328629320616e-07 6.729745172278798918e-08 1.427818833925047876e-08 2.780978757340996802e-09 5.006533514322504670e-10 8.380756182095146449e-11 1.311378228205973327e-11 1.927150886860659291e-12 2.671044657320469313e-13 3.504923860928346443e-14 4.369233984158307773e-15 5.190636907703001162e-16 5.893349301496793342e-17 6.411491958399995812e-18 6.698996387501557340e-19 6.677305414189905767e-20 0.000000000000000000e+00
0.000000000000000000e+00 3.302615042505996626e-19 3.333770645733444571e-18 3.209787600825959730e-17 2.967003102745047734e-16 2.626832463679913139e-15 2.221550456802000542e-14 1.789420919763728660e-13 1.368349037796443649e-12 9.898310276994232911e-12 6.746744701179389628e-11 4.314211856871197551e-10 2.575592625543909101e-09 1.427818831799039846e-08 7.305595261482390768e-08 3.426463442215307606e-07 1.461614230161185144e-06 5.618688617194520893e-06 1.925291714774796353e-05 5.802165053310261855e-05 1.512384675108746494e-04 3.340507656500059223e-04 6.109766972617426467e-04 9.075990686200014271e-04 1.093648037088662886e-03 1.093648037159002020e-03 9.075990688060271011e-04 6.109766974826489477e-04 3.340507658300795432e-04 1.512384676296229494e-04 5.802165059803213241e-05 1.925291717730689601e-05 5.618688628714573857e-06 1.461614234082607606e-06 3.426463454020873778e-07 7.305595293229173720e-08 1.427818839469787257e-08 2.575592642264335757e-09 4.314211889632635418e-10 6.746744758389500096e-11 9.898310363125549950e-12 1.368349047998213201e-12 1.789420925228611680e-13 2.221550439378524392e-14 2.626832378297185848e-15 2.967002844601356609e-16 3.209786931067771947e-17 3.333769028645897237e-18 3.302611346404498028e-19 0.000000000000000000e+00
0.000000000000000000e+00 1.503932942949051645e-18 1.527530748531597604e-17 1.479567324246489567e-16 1.375386229793744762e-15 1.224047009891829092e-14 1.040047968117425349e-13 8.411396526150502106e-13 6.453334966498735641e-12 4.679405162371659318e-11 3.193773939186356404e-10 2.042432390058992499e-09 1.217660114166749522e-08 6.729745166325619755e-08 3.426463442215307606e-07 1.595982777929291430e-06 6.747164666371031672e-06 2.565772449096392403e-05 8.684767023522307883e-05 2.583762814541966943e-04 6.651247035884044539e-04 1.453045447503457498e-03 2.634516406531205775e-03 3.889551160147751603e-03 4.671471495441596559e-03 4.671471494684087920e-03 3.889551158075914110e-03 2.634516403959005510e-03 1.453045445225894811e-03 6.651247019231849508e-04 2.583762804759521365e-04 8.684766975661647678e-05 2.565772428940689463e-05 6.747164591893607423e-06 1.595982753405247517e-06 3.426463369310800142e-07 6.729744968613484136e-08 1.217660064827919106e-08 2.042432275970464269e-09 3.193773693247516381e-10 4.679404665825017887e-11 6.453334023752491103e-12 8.411394838717618680e-13 1.040047682955005661e-13 1.224046555414376160e-14 1.375385549964651205e-15 1.479566382276220829e-16 1.527529577951083740e-17 1.503931769699145298e-18 0.000000000000000000e+00
0.000000000000000000e+00 6.250961173333287343e-18 6.388560354726076684e-17 6.225361889109360562e-16 5.819908276402281368e-15 5.206674968623843580e-14 4.444819379527077582e-13 3.609309391818816350e-12 2.778120944718056640e-11 2.019065303398557924e-10 1.379589728652952116e-09 8.819984822151650984e-09 5.247916730141717050e-08 2.888881327199304537e-07 1.461614230161183661e-06 6.747164666371029978e-06 2.818896903494973730e-05 1.056333497939378842e-04 3.514746307543562464e-04 1.026293222829011923e-03 2.592898464423044891e-03 5.569175979080875395e-03 9.960466233678194267e-03 1.456645024865167726e-02 1.741057631958948734e-02 1.741057632406862662e-02 1.456645026135786232e-02 9.960466250061634011e-03 5.569175994521375836e-03 2.592898476441969809e-03 1.026293230082656873e-03 3.514746344116546689e-04 1.056333513790321769e-04 2.818896963675803709e-05 6.747164870033369080e-06 1.461614292440506130e-06 2.888881501166203968e-07 5.247917178044679511e-08 8.819985893035507541e-09 1.379589967932067763e-09 2.019065805715696999e-10 2.778121940036948427e-11 3.609311260377856847e-12 4.444822713953102576e-13 5.206680638674911205e-14 5.819917480748625620e-15 6.225376164156723173e-16 6.388581489552206900e-17 6.250990538314847936e-18 0.000000000000000000e+00
0.000000000000000000e+00 2.347182856973635878e-17 2.413770540060559940e-16 2.366343189541138473e-15 2.224844294335720835e-14 2.000911784102362576e-13 1.716229430036176593e-12 1.399312744321767223e-11 1.080587980656717595e-10 7.871250037438447938e-10 5.383827706139237829e-09 3.440280441877799014e-08 2.042114055123313338e-07 1.118887585531359183e-06 5.618688617194518351e-06 2.565772449096392064e-05 1.056333497939378571e-04 3.884535202736324197e-04 1.263259050847688122e-03 3.593945802687465840e-03 8.836630505662556798e-03 1.850280738273397257e-02 3.240852755582619704e-02 4.671421035418464596e-02 5.543959537061173698e-02 5.543959535619728124e-02 4.671421031070711188e-02 3.240852749706962799e-02 1.850280732353717233e-02 8.836630457118011678e-03 3.593945773314848220e-03 1.263259035791897958e-03 3.884535136794733359e-04 1.056333472686215701e-04 2.565772362862843889e-05 5.618688350989858345e-06 1.118887510401136383e-06 2.042113859433354268e-07 3.440279967743086445e-08 5.383826630342414816e-09 7.871247738422139488e-10 1.080587515610574122e-10 1.399311850123887462e-11 1.716227789630998389e-12 2.000908904152635622e-13 2.224839443015021825e-14 2.366335332448031187e-15 2.413758290598893646e-16 2.347164735521843973e-17 0.000000000000000000e+00
0.000000000000000000e+00 7.865240060777268816e-17 8.138131960648965703e-16 8.026126565395333649e-15 7.589060668793903640e-14 6.861211083334347541e-13 5.913066678540299160e-12 4.841074070869606756e-11 3.750869238152840572e-10 2.738593594955851447e-09 1.875176809305599606e-08 1.197633948928926725e-07 7.091185662978637144e-07 3.865733695939577269e-06 1.925291714774796692e-05 8.684767023522309238e-05 3.514746307543562464e-04 1.263259050847688122e-03 3.990363675796533560e-03 1.096453249326654125e-02 2.594863314914239855e-02 5.234001042823158145e-02 8.883385281655280241e-02 1.252633371061634970e-01 1.470906928351854159e-01 1.470906928509100875e-01 1.252633371659210848e-01 8.883385290642073495e-02 5.234001052975101320e-02 2.594863323720918505e-02 1.096453254359991587e-02 3.990363701742103905e-03 1.263259061922310245e-03 3.514746348844580517e-04 8.684767160592961918e-05 1.925291755712879558e-05 3.865733807234545567e-06 7.091185941043196462e-07 1.197634013313596436e-07 1.875176948581993632e-08 2.738593878696493291e-09 3.750869787102576451e-10 4.841075088168401879e-11 5.913068500182738565e-12 6.861214261028664441e-13 7.589066105411634393e-14 8.026135727735863373e-15 8.138147186456792028e-16 7.865264560564736649e-17 0.000000000000000000e+00
0.000000000000000000e+00 2.318053593896819451e-16 2.412797814850481354e-15 2.393503538374432292e-14 2.275745553099723563e-13 2.068165651042329941e-12 1.790791564214778428e-11 1.472200243502670689e-10 1.144528329073386882e-09 8.376832158659579892e-09 5.742819672861799872e-08 3.666570931344684578e-07 2.165863401853125227e-06 1.174842469683061220e-05 5.802165053310258467e-05 2.583762814541965317e-04 1.026293222829011273e-03 3.593945802687467574e-03 1.096453249326654125e-02 2.882916863741552191e-02 6.480163927808821334e-02 1.239229393590068479e-01 2.007366281358407833e-01 2.738246384936149358e-01 3.164420334310575900e-01 3.164420334687163550e-01 2.738246385660236815e-01 2.007366282132622970e-01 1.239229394186075334e-01 6.480163932609385447e-02 2.882916868354152076e-02 1.096453251711571909e-02 3.593945815578828730e-03 1.026293228630790469e-03 2.583762838193010090e-04 5.802165141861629971e-05 1.174842500272685919e-05 2.165863499765165234e-06 3.666571222355949266e-07 5.742820477425419756e-08 8.376834232288963372e-09 1.144528828604376668e-09 1.472201371559223094e-10 1.790793959594167329e-11 2.068170448727446765e-12 2.275754643771899007e-13 2.393519879600986889e-14 2.412825744725571640e-15 2.318098319414762678e-16 0.000000000000000000e+00
0.000000000000000000e+00 5.907104454521109828e-16 6.182930156482251143e-15 6.167223112018967340e-14 5.894626342075479283e-13 5.383423726769357734e-12 4.682567723497718403e-11 3.864982752295074414e-10 3.014818291947986117e-09 2.212063426498827784e-08 1.518607890605418797e-07 9.695183981831670906e-07 5.715792919815196174e-06 3.086569342893753781e-05 1.512384675108746494e-04 6.651247035884046708e-04 2.592898464423045325e-03 8.836630505662558532e-03 2.594863314914238120e-02 6.480163927808814395e-02 1.365419066852987251e-01 2.430565185720463262e-01 3.686008420481534098e-01 4.791579638278876674e-01 5.408598539930945526e-01 5.408598539215664358e-01 4.791579636302338852e-01 3.686008417597942954e-01 2.430565182399942736e-01 1.365419063789086729e-01 6.480163907852393157e-02 2.594863305296398262e-02 8.836630458272433722e-03 2.592898444175964403e-03 6.651246950716857651e-04 1.512384640757550561e-04 3.086569212106922086e-05 5.715792456396604682e-06 9.695182466341198924e-07 1.518607433997794935e-07 2.212062156283488278e-08 3.014815016303848776e-09 3.864974884800801249e-10 4.682550040351295385e-11 5.383386364778597907e-12 5.894551823828080360e-13 6.167082278680958383e-14 6.182677204113584044e-15 5.906679117208368308e-16 0.000000000000000000e+00
0.000000000000000000e+00 1.276808356770581967e-15 1.342997243438194044e-14 1.346083973120433580e-13 1.292577657505220318e-12 1.185677516329367245e-11 1.035515802419982811e-10 8.578270376332117619e-10 6.712015506691791855e-09 4.936477263792628664e-08 3.393790287411222042e-07 2.167090461148076595e-06 1.275738570942254129e-05 6.863677978137927690e-05 3.340507656500060307e-04 1.453045447503457498e-03 5.569175979080871926e-03 1.850280738273398992e-02 5.234001042823158839e-02 1.239229393590068756e-01 2.430565185720462706e-01 3.973289425030673283e-01 5.550492618740707762e-01 6.783884546210094957e-01 7.425595385856927910e-01 7.425595384317380532e-01 6.783884542598459522e-01 5.550492614564016547e-01 3.973289421265941423e-01 2.430565182432267712e-01 1.239229390798189806e-01 5.234001026313488125e-02 1.850280731706899218e-02 5.569175959968086786e-03 1.453045446738332122e-03 3.340507683905965001e-04 6.863678183599794557e-05 1.275738671464091247e-05 2.167090856553454974e-06 3.393791625515053653e-07 4.936481290110275806e-08 6.712026493340354158e-09 8.578297929225889768e-10 1.035522215581957104e-10 1.185691476022181427e-11 1.292606248449845900e-12 1.346139348650223383e-13 1.343099043202030677e-14 1.276983385339536065e-15 0.000000000000000000e+00
0.000000000000000000e+00 2.295729266673800402e-15 2.423974030179478681e-14 2.438725560347360515e-13 2.350294912804451825e-12 2.163335349823785418e-11 1.895381860390630603e-10 1.574638592215451047e-09 1.235068590451232485e-08 9.100635361745171892e-08 6.263831036794268929e-07 4.000494688528040620e-06 2.352438916215706267e-05 1.262030011918529834e-04 6.109766972617429719e-04 2.634516406531204908e-03 9.960466233678199471e-03 3.240852755582619704e-02 8.883385281655274690e-02 2.007366281358407278e-01 3.686008420481532988e-01 5.550492618740704431e-01 7.157092426702573729e-01 8.242220866303446858e-01 8.757283658184099595e-01 8.757283658776388036e-01 8.242220868215919261e-01 7.157092430110055803e-01 5.550492623811761339e-01 3.686008425639453745e-01 2.007366284252979638e-01 8.883385289553800968e-02 3.240852754953599951e-02 9.960466207103391145e-03 2.634516385491648092e-03 6.109766860413294847e-04 1.262029963082242985e-04 2.352438733584465272e-05 4.000494082771383153e-06 6.263829219723673894e-07 9.100630365531571023e-08 1.235067318469471114e-08 1.574635570098891890e-09 1.895375116752607408e-10 2.163321142311131289e-11 2.350266526133837887e-12 2.438671567396851915e-13 2.423876005966966789e-14 2.295561832328919181e-15 0.000000000000000000e+00
0.000000000000000000e+00 3.383722913957671337e-15 3.581040337097057270e-14 3.611043297698544748e-13 3.487666204106871819e-12 3.216769335864417810e-11 2.823580511716488570e-10 2.349599858607462976e-09 1.845387668271298043e-08 1.361095188607724745e-07 9.372682108789266954e-07 5.984988857712281019e-06 3.515748093909349092e-05 1.881949190617538466e-04 9.075990686200016439e-04 3.889551160147751169e-03 1.456645024865167379e-02 4.671421035418467371e-02 1.252633371061635248e-01 2.738246384936149358e-01 4.791579638278876119e-01 6.783884546210094957e-01 8.242220866303446858e-01 9.086822603540846144e-01 9.446810725152500199e-01 9.446810730331148820e-01 9.086822617181966599e-01 8.242220884628849165e-01 6.783884567096730711e-01 4.791579658582492129e-01 2.738246400178450113e-01 1.252633379566419347e-01 4.671421069408036864e-02 1.456645034683120947e-02 3.889551167174642391e-03 9.075990573009462504e-04 1.881949100859942579e-04 3.515747647198971392e-05 5.984987081811966967e-06 9.372676042031897757e-07 1.361093345608114471e-07 1.845382588259154405e-08 2.349586981363883248e-09 2.823550197014240290e-10 3.216702558160452341e-11 3.487527725260252996e-12 3.610771608199211421e-13 3.580534204405056110e-14 3.382841174253861974e-15 0.000000000000000000e+00
0.000000000000000000e+00 4.082545561625839226e-15 4.324114302056613692e-14 4.363691372250490766e-13 4.217548955327075999e-12 3.892360693847483703e-11 3.418356599320082169e-10 2.845647773495967793e-09 2.235516892052075941e-08 1.648914324840014249e-07 1.135236609169849456e-06 7.245392469294221777e-06 4.252195752101062943e-05 2.272799007493553835e-04 1.093648037088662886e-03 4.671471495441596559e-03 1.741057631958948040e-02 5.543959537061168841e-02 1.470906928351853327e-01 3.164420334310577010e-01 5.408598539930941085e-01 7.425595385856921249e-01 8.757283658184095154e-01 9.446810725152489097e-01 9.715113607745975433e-01 9.715113617097204113e-01 9.446810749960145026e-01 8.757283691549292426e-01 7.425595422786208655e-01 5.408598576143424097e-01 3.164420364734147340e-01 1.470906949566936905e-01 5.543959658362254683e-02 1.741057692074675714e-02 4.671471755166879507e-03 1.093648136059909882e-03 2.272799346525216009e-04 4.252196804651182894e-05 7.245395461820467096e-06 1.135237394617708375e-06 1.648916241445479767e-07 2.235521266904945645e-08 2.845657165769178667e-09 3.418375656527961946e-10 3.892397398726936047e-11 4.217616328043759551e-12 4.363809653077473631e-13 4.324313439123020596e-14 4.082863702228488245e-15 0.000000000000000000e+00
0.000000000000000000e+00 4.082545561163545436e-15 4.324114302004290757e-14 4.363691372248703523e-13 4.217548955326000018e-12 3.892360693847928959e-11 3.418356599319758018e-10 2.845647773496484781e-09 2.235516892052063037e-08 1.648914324839035661e-07 1.135236609170083449e-06 7.245392469316648669e-06 4.252195752077938943e-05 2.272799007471995559e-04 1.093648037159002237e-03 4.671471494684088788e-03 1.741057632406863009e-02 5.543959535619727430e-02 1.470906928509099210e-01 3.164420334687162439e-01 5.408598539215661027e-01 7.425595384317378311e-01 8.757283658776386925e-01 9.446810730331141048e-01 9.715113617097200782e-01 9.715113628797779066e-01 9.446810762194816080e-01 8.757283702976367268e-01 7.425595433377616406e-01 5.408598587867999852e-01 3.164420378509077425e-01 1.470906963504489962e-01 5.543959772424171539e-02 1.741057768354090443e-02 4.671472182670043452e-03 1.093648341737879764e-03 2.272800213207123727e-04 4.252200055624866807e-05 7.245406461491753183e-06 1.135240788208991079e-06 1.648925874360974046e-07 2.235546615757537583e-08 2.845719403697890029e-09 3.418519023897576174e-10 3.892708734214415785e-11 4.218256378960937570e-12 4.365059949788275744e-13 4.326640273156561500e-14 4.086924751811446790e-15 0.000000000000000000e+00
0.000000000000000000e+00 3.383722912730111077e-15 3.581040336959585951e-14 3.611043297693059325e-13 3.487666204104433090e-12 3.216769335865420767e-11 2.823580511715708952e-10 2.349599858608807972e-09 1.845387668271185215e-08 1.361095188605197676e-07 9.372682108796980248e-07 5.984988857770001233e-06 3.515748093845769444e-05 1.881949190565173941e-04 9.075990688060271011e-04 3.889551158075911941e-03 1.456645026135786579e-02 4.671421031070712576e-02 1.252633371659210293e-01 2.738246385660234039e-01 4.791579636302334411e-01 6.783884542598455081e-01 8.242220868215915930e-01 9.086822617181959938e-01 9.446810749960141695e-01 9.446810762194818301e-01 9.086822651079992097e-01 8.242220917801645896e-01 6.783884598761240614e-01 4.791579692566199644e-01 2.738246438650193681e-01 1.252633417949411132e-01 4.671421383356899604e-02 1.456645245570535423e-02 3.889552355934981255e-03 9.075996325697904214e-04 1.881951538130605648e-04 3.515756834987466628e-05 5.985018309080516101e-06 9.372772780743823688e-07 1.361120909693190711e-07 1.845455378690120344e-08 2.349766293247543406e-09 2.823964548481427234e-10 3.217605072006734714e-11 3.489388530689023818e-12 3.614416839739446160e-13 3.587336787574263975e-14 3.394744466747372267e-15 0.000000000000000000e+00
0.000000000000000000e+00 2.295729265093837832e-15 2.423974030008485822e-14 2.438725560336951590e-13 2.350294912803501456e-12 2.163335349823875568e-11 1.895381860390295595e-10 1.574638592216803281e-09 1.235068590451029329e-08 9.100635361715456917e-08 6.263831036806847368e-07 4.000494688594067685e-06 2.352438916134791920e-05 1.262030011865141550e-04 6.109766974826492730e-04 2.634516403959005510e-03 9.960466250061635746e-03 3.240852749706962105e-02 8.883385290642073495e-02 2.007366282132622415e-01 3.686008417597940734e-01 5.550492614564016547e-01 7.157092430110059134e-01 8.242220884628851385e-01 8.757283691549289095e-01 8.757283702976363937e-01 8.242220917801647007e-01 7.157092481799901540e-01 5.550492674479122757e-01 3.686008478083002693e-01 2.007366340836689023e-01 8.883385840509833153e-02 3.240853202538868799e-02 9.960469217541035106e-03 2.634518090385325716e-03 6.109775160320860552e-04 1.262033502277892317e-04 2.352452162701349538e-05 4.000540020978255266e-06 6.263972433087401232e-07 9.101040947587242087e-08 1.235176395298928223e-08 1.574905841627899480e-09 1.896003215988235179e-10 2.164696833483736624e-11 2.353118329510352354e-12 2.444287771847172324e-13 2.434411118731827057e-14 2.314085535325019483e-15 0.000000000000000000e+00
0.000000000000000000e+00 1.276808355246608208e-15 1.342997243284305741e-14 1.346083973104091664e-13 1.292577657508626177e-12 1.185677516326939018e-11 1.035515802421110232e-10 8.578270376336773612e-10 6.712015506690340153e-09 4.936477263768317495e-08 3.393790287427103380e-07 2.167090461197877050e-06 1.275738570867606471e-05 6.863677977844263400e-05 3.340507658300793806e-04 1.453045445225896329e-03 5.569175994521374101e-03 1.850280732353716193e-02 5.234001052975102708e-02 1.239229394186074362e-01 2.430565182399940238e-01 3.973289421265945309e-01 5.550492623811768000e-01 6.783884567096739593e-01 7.425595422786210875e-01 7.425595433377617516e-01 6.783884598761245055e-01 5.550492674479122757e-01 3.973289480720270106e-01 2.430565243650220086e-01 1.239229456121589551e-01 5.234001658827978215e-02 1.850281245401589475e-02 5.569179423814246341e-03 1.453047415985580897e-03 3.340517313601540014e-04 6.863719440436086858e-05 1.275754401714297423e-05 2.167144928041606150e-06 3.393961010521529564e-07 4.936969234207919811e-08 6.713328934145407790e-09 8.581540246807273293e-10 1.036279199682843409e-10 1.187357019828001320e-11 1.296074455665761583e-12 1.352999802298450050e-13 1.356024522433295527e-14 1.299802835450679609e-15 0.000000000000000000e+00
0.000000000000000000e+00 5.907104442208942542e-16 6.182930155347245172e-15 6.167223111826208863e-14 5.894626342145356455e-13 5.383423726724731986e-12 4.682567723521228427e-11 3.864982752290619013e-10 3.014818291947832261e-09 2.212063426482645485e-08 1.518607890621231050e-07 9.695183982119945864e-07 5.715792919244218887e-06 3.086569342830490585e-05 1.512384676296229765e-04 6.651247019231850592e-04 2.592898476441970676e-03 8.836630457118009943e-03 2.594863323720919199e-02 6.480163932609379895e-02 1.365419063789088394e-01 2.430565182432269933e-01 3.686008425639454855e-01 4.791579658582494905e-01 5.408598576143426317e-01 5.408598587867998742e-01 4.791579692566197979e-01 3.686008478083000472e-01 2.430565243650220364e-01 1.365419127772659891e-01 6.480164584425350538e-02 2.594863948437828652e-02 8.836635599056232374e-03 2.592901872112774678e-03 6.651266298445380034e-04 1.512394060298479881e-04 3.086609471945634406e-05 5.715945810060961525e-06 9.695709653011511551e-07 1.518772724573686331e-07 2.212539002690690469e-08 3.016090285325822309e-09 3.868156825539658453e-10 4.689998070198195004e-11 5.399819856928663348e-12 5.928874421350775284e-13 6.235190001248535139e-14 6.311416814456498595e-15 6.134687567513283178e-16 0.000000000000000000e+00
0.000000000000000000e+00 2.318053585032163648e-16 2.412797814126090106e-15 2.393503538183330107e-14 2.275745553188820164e-13 2.068165650985862747e-12 1.790791564246034546e-11 1.472200243491141084e-10 1.144528329076058055e-09 8.376832158560227229e-09 5.742819672979560613e-08 3.666570931481844623e-07 2.165863401501689987e-06 1.174842469709993480e-05 5.802165059803215274e-05 2.583762804759522449e-04 1.026293230082657307e-03 3.593945773314849088e-03 1.096453254359990720e-02 2.882916868354149995e-02 6.480163907852395933e-02 1.239229390798190500e-01 2.007366284252980471e-01 2.738246400178449558e-01 3.164420364734146229e-01 3.164420378509075205e-01 2.738246438650192016e-01 2.007366340836688190e-01 1.239229456121589690e-01 6.480164584425353314e-02 2.882917527553515227e-02 1.096453842794786054e-02 3.593950317702841735e-03 1.026296128161371815e-03 2.583778815546592506e-04 5.802241671437238763e-05 1.174874855691938164e-05 2.165985880204351481e-06 3.666990139950356902e-07 5.744130997621566312e-08 8.380612286645128874e-09 1.145539685156702232e-09 1.474726982551983787e-10 1.796717831172890088e-11 2.081275020645284794e-12 2.303207758484747226e-13 2.448180911939731607e-14 2.516526601548041818e-15 2.502435365011884031e-16 0.000000000000000000e+00
0.000000000000000000e+00 7.865240002340051633e-17 8.138131956520831934e-16 8.026126563772733542e-15 7.589060669657443798e-14 6.861211082785929420e-13 5.913066678848810064e-12 4.841074070734181780e-11 3.750869238195956844e-10 2.738593594898857462e-09 1.875176809375433171e-08 1.197633948981165365e-07 7.091185661205941181e-07 3.865733696345231512e-06 1.925291717730691633e-05 8.684766975661655810e-05 3.514746344116548857e-04 1.263259035791897307e-03 3.990363701742099568e-03 1.096453251711571389e-02 2.594863305296397568e-02 5.234001026313492289e-02 8.883385289553800968e-02 1.252633379566419625e-01 1.470906949566934407e-01 1.470906963504488296e-01 1.252633417949411687e-01 8.883385840509840092e-02 5.234001658827979603e-02 2.594863948437828305e-02 1.096453842794785881e-02 3.990368580378364505e-03 1.263262548442822862e-03 3.514767783038289721e-04 8.684881470212574154e-05 1.925345279698586657e-05 3.865956590438299099e-06 7.092019720297799622e-07 1.197917446071174983e-07 1.876059839401909977e-08 2.741133330529653849e-09 3.757659138723022789e-10 4.858045017540933239e-11 5.952924232919999969e-12 6.949561542886899441e-13 7.774631715557792074e-14 8.396748628247989695e-15 8.843687625398496412e-16 9.123863221211427636e-17 0.000000000000000000e+00
0.000000000000000000e+00 2.347182822332363220e-17 2.413770537904230842e-16 2.366343188421196196e-15 2.224844294967659320e-14 2.000911783701794912e-13 1.716229430261705489e-12 1.399312744216749859e-11 1.080587980693901819e-10 7.871250037143370900e-10 5.383827706486619772e-09 3.440280442031574537e-08 2.042114054362579814e-07 1.118887585812817855e-06 5.618688628714581480e-06 2.565772428940689802e-05 1.056333513790321633e-04 3.884535136794732817e-04 1.263259061922309811e-03 3.593945815578826562e-03 8.836630458272435457e-03 1.850280731706900259e-02 3.240852754953597176e-02 4.671421069408038945e-02 5.543959658362249826e-02 5.543959772424169458e-02 4.671421383356898216e-02 3.240853202538869493e-02 1.850281245401588434e-02 8.836635599056235843e-03 3.593950317702840434e-03 1.263262548442822212e-03 3.884558768711727388e-04 1.056347336893078472e-04 2.565843789284905701e-05 5.619014548245261515e-06 1.119020891448074791e-06 2.042606870518899080e-07 3.441941729899127744e-08 5.388974512236076284e-09 7.886006268107121530e-10 1.084527234108707683e-10 1.409157305858492473e-11 1.739371113518182518e-12 2.052298237420846471e-13 2.333036479386130911e-14 2.583062463628050348e-15 2.827737752420503513e-16 3.088254057994772919e-17 0.000000000000000000e+00
0.000000000000000000e+00 6.250960981376036216e-18 6.388560344015872411e-17 6.225361882217334282e-16 5.819908280468058640e-15 5.206674966021671026e-14 4.444819381008741630e-13 3.609309391095915021e-12 2.778120945000430252e-11 2.019065303239179607e-10 1.379589728810883022e-09 8.819984822436325192e-09 5.247916727306794391e-08 2.888881328629321675e-07 1.461614234082609300e-06 6.747164591893604882e-06 2.818896963675804725e-05 1.056333472686215024e-04 3.514746348844577264e-04 1.026293228630789601e-03 2.592898444175963969e-03 5.569175959968086786e-03 9.960466207103391145e-03 1.456645034683120600e-02 1.741057692074676408e-02 1.741057768354087668e-02 1.456645245570534902e-02 9.960469217541026432e-03 5.569179423814245473e-03 2.592901872112775979e-03 1.026296128161371382e-03 3.514767783038288095e-04 1.056347336893078472e-04 2.818975170870494023e-05 6.747556288971358994e-06 1.461789124743755558e-06 2.889584632514248405e-07 5.250484942042545932e-08 8.828567377742566783e-09 1.382233129048903366e-09 2.026616504364214061e-10 2.798240935738355929e-11 3.659565024792945022e-12 4.563025092885422777e-13 5.469540960303894733e-14 6.374582329138768909e-15 7.339532838296268556e-16 8.523764229540997055e-17 1.008654011053418542e-17 0.000000000000000000e+00
0.000000000000000000e+00 1.503932846090895861e-18 1.527530743499310908e-17 1.479567320572927527e-16 1.375386232004898608e-15 1.224047008474945923e-14 1.040047968923376137e-13 8.411396522166566218e-13 6.453334968110924388e-12 4.679405161615580695e-11 3.193773939816647868e-10 2.042432390055406671e-09 1.217660113231900269e-08 6.729745172278797595e-08 3.426463454020874307e-07 1.595982753405247941e-06 6.747164870033371621e-06 2.565772362862845244e-05 8.684767160592957852e-05 2.583762838193010632e-04 6.651246950716857651e-04 1.453045446738332122e-03 2.634516385491648526e-03 3.889551167174641957e-03 4.671471755166876905e-03 4.671472182670036513e-03 3.889552355934979520e-03 2.634518090385325282e-03 1.453047415985581547e-03 6.651266298445382202e-04 2.583778815546590880e-04 8.684881470212564667e-05 2.565843789284905023e-05 6.747556288971357299e-06 1.596173907103504002e-06 3.427300157098131339e-07 6.733058357583812261e-08 1.218856031080645093e-08 2.046395433805645823e-09 3.205908811565153538e-10 4.713939614206324105e-11 6.545159690573625213e-12 8.640591070168456475e-13 1.093977608217232529e-13 1.344131453006566228e-14 1.629294509765524774e-15 1.990947905434915850e-16 2.510642076712718349e-17 3.275897693628204223e-18 0.000000000000000000e+00
0.000000000000000000e+00 3.302614589069653492e-19 3.333770623041877966e-18 3.209787583172453219e-17 2.967003113536524402e-16 2.626832456718397089e-15 2.221550460786864825e-14 1.789420917760671730e-13 1.368349038640580051e-12 9.898310273392137608e-12 6.746744703614571870e-11 4.314211856485531828e-10 2.575592622804930045e-09 1.427818833925047711e-08 7.305595293229176367e-08 3.426463369310801201e-07 1.461614292440506553e-06 5.618688350989857498e-06 1.925291755712880574e-05 5.802165141861631326e-05 1.512384640757551645e-04 3.340507683905965001e-04 6.109766860413294847e-04 9.075990573009462504e-04 1.093648136059909449e-03 1.093648341737878680e-03 9.075996325697903129e-04 6.109775160320861636e-04 3.340517313601542183e-04 1.512394060298480152e-04 5.802241671437234697e-05 1.925345279698585980e-05 5.619014548245260668e-06 1.461789124743754287e-06 3.427300157098129222e-07 7.309197866591904220e-08 1.429226525294186210e-08 2.580621739257399043e-09 4.330749965947780145e-10 6.797109238466190928e-11 1.004112864429372249e-11 1.406246153239929528e-12 1.883941053953808771e-13 2.444027127970181966e-14 3.122814170976005132e-15 4.017751032552365345e-16 5.331451900954666145e-17 7.425124305838392874e-18 1.070117195368354025e-18 0.000000000000000000e+00
0.000000000000000000e+00 6.677294119421462424e-20 6.698992148474388888e-19 6.411490021918433616e-18 5.893348475065096983e-17 5.190636446757484200e-16 4.369233783031807336e-15 3.504923740741194579e-14 2.671044605722410866e-13 1.927150858959100731e-12 1.311378217232638780e-11 8.380756130375652800e-11 5.006533487975321507e-10 2.780978757340994734e-09 1.427818839469787422e-08 6.729744968613486783e-08 2.888881501166202909e-07 1.118887510401136807e-06 3.865733807234548955e-06 1.174842500272686088e-05 3.086569212106923441e-05 6.863678183599797268e-05 1.262029963082244341e-04 1.881949100859944205e-04 2.272799346525215195e-04 2.272800213207122914e-04 1.881951538130605648e-04 1.262033502277891774e-04 6.863719440436089568e-05 3.086609471945636439e-05 1.174874855691939011e-05 3.865956590438296558e-06 1.119020891448074156e-06 2.889584632514246817e-07 6.733058357583809614e-08 1.429226525294186872e-08 2.786419116109885580e-09 5.025800904302883151e-10 8.443697200087778542e-11 1.330454430782238516e-11 1.981073062288068804e-12 2.813869361253641816e-13 3.860918766176490605e-14 5.207452277899574444e-15 7.061561280557557891e-16 9.864494642735521753e-17 1.445012433298921413e-17 2.224716946781450359e-18 3.488469739723828980e-19 0.000000000000000000e+00
0.000000000000000000e+00 1.252134436680774848e-20 1.248545549643238849e-19 1.187876949159154873e-18 1.085769906396169973e-17 9.513311432684653603e-17 7.969907859135452190e-16 6.366457877758327199e-15 4.834400117552918568e-14 3.478001947724635493e-13 2.361820622565246863e-12 1.507650868259326881e-11 9.005030529851709168e-11 5.006533514322501568e-10 2.575592642264335757e-09 1.217660064827919106e-08 5.247917178044679511e-08 2.042113859433354797e-07 7.091185941043199639e-07 2.165863499765165234e-06 5.715792456396611458e-06 1.275738671464091586e-05 2.352438733584469676e-05 3.515747647198973425e-05 4.252196804651180184e-05 4.252200055624865452e-05 3.515756834987466628e-05 2.352452162701350216e-05 1.275754401714297084e-05 5.715945810060963220e-06 2.165985880204351058e-06 7.092019720297794328e-07 2.042606870518898286e-07 5.250484942042543285e-08 1.218856031080645423e-08 2.580621739257399870e-09 5.025800904302881084e-10 9.072786584199042350e-11 1.529664189932196234e-11 2.428274038788367752e-12 3.665350008234647750e-13 5.329914924702319635e-14 7.601035916181058189e-15 1.087823498038145680e-15 1.601296563576068038e-16 2.468022706963751276e-17 3.992929189218388705e-18 6.690269193310046525e-19 1.115616844072644611e-19 0.000000000000000000e+00
0.000000000000000000e+00 2.191491871623622586e-21 2.171934422171234061e-20 2.054154489467869217e-19 1.867045453666509625e-18 1.627283332342584622e-17 1.356695692431683732e-16 1.079032479168281909e-15 8.162533432809580085e-15 5.853633921081229034e-14 3.965086517203377364e-13 2.526618334495115207e-12 1.507650865436489999e-11 8.380756182095143864e-11 4.314211889632636969e-10 2.042432275970464682e-09 8.819985893035509195e-09 3.440279967743089754e-08 1.197634013313596171e-07 3.666571222355950325e-07 9.695182466341213747e-07 2.167090856553455821e-06 4.000494082771389082e-06 5.984987081811972049e-06 7.245395461820470484e-06 7.245406461491751489e-06 5.985018309080514407e-06 4.000540020978256960e-06 2.167144928041605727e-06 9.695709653011515786e-07 3.666990139950358490e-07 1.197917446071175248e-07 3.441941729899126420e-08 8.828567377742560165e-09 2.046395433805646650e-09 4.330749965947782213e-10 8.443697200087775957e-11 1.529664189932195911e-11 2.597833839211919589e-12 4.179408405355924133e-13 6.456657356559042496e-14 9.755882751188700355e-15 1.475978235070102614e-15 2.292443950290355552e-16 3.721458199186441766e-17 6.329599635198660523e-18 1.113326827234920214e-18 1.983824658270160776e-19 3.444790557182759616e-20 0.000000000000000000e+00
0.000000000000000000e+00 3.599310770119054215e-22 3.545544680517268749e-21 3.333365001868420097e-20 3.012610089327754763e-19 2.611760064162776064e-18 2.166696865987658261e-17 1.715457510622137300e-16 1.292425503016366656e-15 9.235644534621505623e-15 6.237351502518251796e-14 3.965086497521538097e-13 2.361820612279207478e-12 1.311378228205973489e-11 6.746744758389498804e-11 3.193773693247517415e-10 1.379589967932068590e-09 5.383826630342417297e-09 1.875176948581993632e-08 5.742820477425420417e-08 1.518607433997795994e-07 3.393791625515055241e-07 6.263829219723677071e-07 9.372676042031906227e-07 1.135237394617709010e-06 1.135240788208990020e-06 9.372772780743820512e-07 6.263972433087406526e-07 3.393961010521529564e-07 1.518772724573685802e-07 5.744130997621567635e-08 1.876059839401910639e-08 5.388974512236077111e-09 1.382233129048902332e-09 3.205908811565151470e-10 6.797109238466194805e-11 1.330454430782238677e-11 2.428274038788368559e-12 4.179408405355924133e-13 6.880944107345338096e-14 1.104411587805908508e-14 1.770041893649047220e-15 2.905657325793242884e-16 4.975152977634011297e-17 8.906978032321930477e-18 1.645607954845561220e-18 3.075643025782509320e-19 5.706980237399366408e-20 1.016459462027877944e-20 0.000000000000000000e+00
0.000000000000000000e+00 5.573541146945939538e-23 5.456941677466800840e-22 5.099759044134200753e-21 4.582710645803796867e-20 3.951420367886658054e-19 3.261383415638035548e-18 2.569957952303734996e-17 1.927825302108041559e-16 1.372248376758624833e-15 9.235644696564963830e-15 5.853633914622708683e-14 3.478001940741179832e-13 1.927150886860660503e-12 9.898310363125549950e-12 4.679404665825019826e-11 2.019065805715699067e-10 7.871247738422146726e-10 2.738593878696493291e-09 8.376834232288966681e-09 2.212062156283489932e-08 4.936481290110276467e-08 9.100630365531577640e-08 1.361093345608116060e-07 1.648916241445480561e-07 1.648925874360973517e-07 1.361120909693189652e-07 9.101040947587248704e-08 4.936969234207921135e-08 2.212539002690690138e-08 8.380612286645133837e-09 2.741133330529656744e-09 7.886006268107127734e-10 2.026616504364213544e-10 4.713939614206322813e-11 1.004112864429372572e-11 1.981073062288071228e-12 3.665350008234650275e-13 6.456657356559045021e-14 1.104411587805908508e-14 1.880108759690434338e-15 3.269152164812180587e-16 5.914780499693612389e-17 1.116406706072906521e-17 2.169768034103161077e-18 4.256764709870593097e-19 8.279875788011756755e-20 1.575899160823010604e-20 2.851815700653491044e-21 0.000000000000000000e+00
0.000000000000000000e+00 8.170734693884643278e-24 7.951087241568363648e-23 7.385975946342816074e-22 6.598740476523619907e-21 5.658269399400057125e-20 4.645660669202214809e-19 3.642680142032019006e-18 2.719922386585347266e-17 1.927825169397682554e-16 1.292425507179474967e-15 8.162533300583435144e-15 4.834400080759515724e-14 2.671044657320472342e-13 1.368349047998213201e-12 6.453334023752495950e-12 2.778121940036950042e-11 1.080587515610575415e-10 3.750869787102575417e-10 1.144528828604376668e-09 3.014815016303850431e-09 6.712026493340348367e-09 1.235067318469472107e-08 1.845382588259157052e-08 2.235521266904947299e-08 2.235546615757539569e-08 1.845455378690120013e-08 1.235176395298929546e-08 6.713328934145411099e-09 3.016090285325822723e-09 1.145539685156702852e-09 3.757659138723030027e-10 1.084527234108708459e-10 2.798240935738357221e-11 6.545159690573625213e-12 1.406246153239929528e-12 2.813869361253644340e-13 5.329914924702320897e-14 9.755882751188705088e-15 1.770041893649047023e-15 3.269152164812180094e-16 6.264628871747013236e-17 1.249181129120756797e-17 2.558679501835337380e-18 5.278138438988494701e-19 1.077171242029706419e-19 2.148307647469780252e-20 4.154623323158208241e-21 7.597206814388156775e-22 0.000000000000000000e+00
0.000000000000000000e+00 1.138102892982111716e-24 1.100737268053509160e-23 1.016299142255121588e-22 9.026465175684515814e-22 7.696239621823685228e-21 6.284712995307957092e-20 4.902452222640549783e-19 3.642681081766257810e-18 2.569957902031328639e-17 1.715457617573430435e-16 1.079032474529085983e-15 6.366457879370093091e-15 3.504923860928347705e-14 1.789420925228612185e-13 8.411394838717618680e-13 3.609311260377860886e-12 1.399311850123888270e-11 4.841075088168401233e-11 1.472201371559223611e-10 3.864974884800801249e-10 8.578297929225886666e-10 1.574635570098892924e-09 2.349586981363888211e-09 2.845657165769181148e-09 2.845719403697892510e-09 2.349766293247543406e-09 1.574905841627900928e-09 8.581540246807277428e-10 3.868156825539661038e-10 1.474726982551984045e-10 4.858045017540940993e-11 1.409157305858494089e-11 3.659565024792944214e-12 8.640591070168453446e-13 1.883941053953807761e-13 3.860918766176490605e-14 7.601035916181053456e-15 1.475978235070103009e-15 2.905657325793243377e-16 5.914780499693613622e-17 1.249181129120756797e-17 2.702766760914765414e-18 5.874548257199698286e-19 1.260251411092465069e-19 2.636372561167636354e-20 5.341241895115373684e-21 1.043852966602363605e-21 1.923035805948491964e-22 0.000000000000000000e+00
0.000000000000000000e+00 1.511074243133518200e-25 1.452489735127161159e-24 1.332843705312529377e-23 1.176732427277474162e-22 9.975177384552779402e-22 8.100224985818992501e-21 6.284707573375264391e-20 4.645661196690756898e-19 3.261382640901197190e-18 2.166696929721018547e-17 1.356695628330540159e-16 7.969907726404495040e-16 4.369233984158307773e-15 2.221550439378524708e-14 1.040047682955005409e-13 4.444822713953106615e-13 1.716227789630999601e-12 5.913068500182736949e-12 1.790793959594169914e-11 4.682550040351296677e-11 1.035522215581957104e-10 1.895375116752608442e-10 2.823550197014242875e-10 3.418375656527964530e-10 3.418519023897578759e-10 2.823964548481426717e-10 1.896003215988236471e-10 1.036279199682843280e-10 4.689998070198197589e-11 1.796717831172890734e-11 5.952924232920010471e-12 1.739371113518185345e-12 4.563025092885423786e-13 1.093977608217232402e-13 2.444027127970181966e-14 5.207452277899571288e-15 1.087823498038145088e-15 2.292443950290356045e-16 4.975152977634014995e-17 1.116406706072907137e-17 2.558679501835337765e-18 5.874548257199696360e-19 1.327755191934636943e-19 2.919336813895231718e-20 6.202775726164607958e-21 1.269743507333976905e-21 2.500249884662283655e-22 4.633223768845625170e-23 0.000000000000000000e+00
0.000000000000000000e+00 1.917849877898005141e-26 1.832137991540147215e-25 1.670790382844438954e-24 1.466157480983328364e-23 1.235515471229123287e-22 9.975203351925985469e-22 7.696235884773129754e-21 5.658274186038732338e-20 3.951419648132801655e-19 2.611760560645171088e-18 1.627283304493735310e-17 9.513311395035061423e-17 5.190636907703001162e-16 2.626832378297186242e-15 1.224046555414376317e-14 5.206680638674918778e-14 2.000908904152637642e-13 6.861214261028659392e-13 2.068170448727448785e-12 5.383386364778599523e-12 1.185691476022181589e-11 2.163321142311131935e-11 3.216702558160454926e-11 3.892397398726939278e-11 3.892708734214417724e-11 3.217605072006734068e-11 2.164696833483736947e-11 1.187357019827999543e-11 5.399819856928664155e-12 2.081275020645285601e-12 6.949561542886910548e-13 2.052298237420848743e-13 5.469540960303894102e-14 1.344131453006566070e-14 3.122814170976006709e-15 7.061561280557562822e-16 1.601296563576068531e-16 3.721458199186441766e-17 8.906978032321936640e-18 2.169768034103162618e-18 5.278138438988497590e-19 1.260251411092465069e-19 2.919336813895231718e-20 6.518961241603401414e-21 1.399382467512953441e-21 2.886000955949091744e-22 5.717058532534330914e-23 1.064909406299440353e-23 0.000000000000000000e+00
0.000000000000000000e+00 2.332789964339625906e-27 2.214807740993861176e-26 2.007085145194924574e-25 1.750421248657402496e-24 1.466147070827820297e-23 1.176734477838351101e-22 9.026440718144896508e-22 6.598746148010571661e-21 4.582707169401394079e-20 3.012610579683021299e-19 1.867045273975691203e-18 1.085769836591058387e-17 5.893349301496793342e-17 2.967002844601358088e-16 1.375385549964650811e-15 5.819917480748634298e-15 2.224839443015023403e-14 7.589066105411628082e-14 2.275754643771900017e-13 5.894551823828084399e-13 1.292606248449846304e-12 2.350266526133837887e-12 3.487527725260255823e-12 4.217616328043757936e-12 4.218256378960936762e-12 3.489388530689020587e-12 2.353118329510351950e-12 1.296074455665759362e-12 5.928874421350772255e-13 2.303207758484748741e-13 7.774631715557802171e-14 2.333036479386131857e-14 6.374582329138768120e-15 1.629294509765525563e-15 4.017751032552368304e-16 9.864494642735527916e-17 2.468022706963753433e-17 6.329599635198664375e-18 1.645607954845563532e-18 4.256764709870595023e-19 1.077171242029707021e-19 2.636372561167637558e-20 6.202775726164608711e-21 1.399382467512954570e-21 3.026277881678109578e-22 6.278522102349852305e-23 1.250382199210786135e-23 2.340585179492707921e-24 0.000000000000000000e+00
0.000000000000000000e+00 2.725559712241323862e-28 2.571903862629662439e-27 2.315896888668583815e-26 2.007123420365080388e-25 1.670782568298302060e-24 1.332854682922754970e-23 1.016295995314969121e-22 7.385996945749844826e-22 5.099754360814653813e-21 3.333366761453890323e-20 2.054154507851055184e-19 1.187876811093489998e-18 6.411491958400001204e-18 3.209786931067775029e-17 1.479566382276221569e-16 6.225376164156732047e-16 2.366335332448033948e-15 8.026135727735863373e-15 2.393519879600987520e-14 6.167082278680954596e-14 1.346139348650223131e-13 2.438671567396852420e-13 3.610771608199214955e-13 4.363809653077471611e-13 4.365059949788274735e-13 3.614416839739442626e-13 2.444287771847170809e-13 1.352999802298447526e-13 6.235190001248532614e-14 2.448180911939733500e-14 8.396748628247997584e-15 2.583062463628050348e-15 7.339532838296271514e-16 1.990947905434916590e-16 5.331451900954671691e-17 1.445012433298922954e-17 3.992929189218391017e-18 1.113326827234920214e-18 3.075643025782511728e-19 8.279875788011761570e-20 2.148307647469782359e-20 5.341241895115375189e-21 1.269743507333976529e-21 2.886000955949092214e-22 6.278522102349853481e-23 1.309514557312054265e-23 2.621303347074605824e-24 4.931476245799052532e-25 0.000000000000000000e+00
0.000000000000000000e+00 3.064630716061575712e-29 2.874631231489856519e-28 2.571895324363794779e-27 2.214886890952416691e-26 1.832118571278004797e-25 1.452512428108648668e-24 1.100730001943185776e-23 7.951129607088943648e-23 5.456931624668334457e-22 3.545547546146847782e-21 2.171934767475857388e-20 1.248545066429659992e-19 6.698996387501565044e-19 3.333769028645899163e-18 1.527529577951084664e-17 6.388581489552213063e-17 2.413758290598894632e-16 8.138147186456790056e-16 2.412825744725571640e-15 6.182677204113578522e-15 1.343099043202030362e-14 2.423876005966968051e-14 3.580534204405058004e-14 4.324313439123018071e-14 4.326640273156564025e-14 3.587336787574261450e-14 2.434411118731825163e-14 1.356024522433292845e-14 6.311416814456500962e-15 2.516526601548042607e-15 8.843687625398499371e-16 2.827737752420504006e-16 8.523764229541001985e-17 2.510642076712720198e-17 7.425124305838400578e-18 2.224716946781451900e-18 6.690269193310055192e-19 1.983824658270163665e-19 5.706980237399371223e-20 1.575899160823012108e-20 4.154623323158214259e-21 1.043852966602363982e-21 2.500249884662284595e-22 5.717058532534328563e-23 1.250382199210786135e-23 2.621303347074605457e-24 5.274525262913226993e-25 9.975769338815122349e-26 0.000000000000000000e+00
0.000000000000000000e+00 3.287822683863901522e-30 3.066964529471028695e-29 2.726577571861732674e-28 2.333393684424356307e-27 1.917988709552261681e-26 1.511189862972668442e-25 1.138113649120601734e-24 8.170907265629661567e-24 5.573551927540898936e-23 3.599324022359139895e-22 2.191496115680434050e-21 1.252133743083937041e-20 6.677305414189916601e-20 3.302611346404499472e-19 1.503931769699146454e-18 6.250990538314851788e-18 2.347164735521843665e-17 7.865264560564731718e-17 2.318098319414762678e-16 5.906679117208360419e-16 1.276983385339536262e-15 2.295561832328918392e-15 3.382841174253863552e-15 4.082863702228489034e-15 4.086924751811448368e-15 3.394744466747369900e-15 2.314085535325017906e-15 1.299802835450678229e-15 6.134687567513284164e-16 2.502435365011884031e-16 9.123863221211435032e-17 3.088254057994774151e-17 1.008654011053418850e-17 3.275897693628204608e-18 1.070117195368354603e-18 3.488469739723833795e-19 1.115616844072645574e-19 3.444790557182763829e-20 1.016459462027879148e-20 2.851815700653493677e-21 7.597206814388165238e-22 1.923035805948493375e-22 4.633223768845628696e-23 1.064909406299439912e-23 2.340585179492707554e-24 4.931476245799050695e-25 9.975769338815125793e-26 1.897883897090294233e-26 0.000000000000000000e+00
0.000000000000000000e+00 0.000000000000000000e+00 0.000000000000000000e+00 0.000000000000000000e+00 0.000000000000000000e+00 0.000000000000000000e+00 0.000000000000000000e+00 0.000000000000000000e+00 0.000000000000000000e+00 0.000000000000000000e+00 0.000000000000000000e+00 0.000000000000000000e+00 0.000000000000000000e+00 0.000000000000000000e+00 0.000000000000000000e+00 0.000000000000000000e+00 0.000000000000000000e+00 0.000000000000000000e+00 0.000000000000000000e+00 0.000000000000000000e+00 0.000000000000000000e+00 0.000000000000000000e+00 0.000000000000000000e+00 0.000000000000000000e+00 0.000000000000000000e+00 0.000000000000000000e+00 0.000000000000000000e+00 0.000000000000000000e+00 0.000000000000000000e+00 0.000000000000000000e+00 0.000000000000000000e+00 0.000000000000000000e+00 0.000000000000000000e+00 0.000000000000000000e+00 0.000000000000000000e+00 0.000000000000000000e+00 0.000000000000000000e+00 0.000000000000000000e+00 0.000000000000000000e+00 0.000000000000000000e+00 0.000000000000000000e+00 0.000000000000000000e+00 0.000000000000000000e+00 0.000000000000000000e+00 0.000000000000000000e+00 0.000000000000000000e+00 0.000000000000000000e+00 0.000000000000000000e+00 0.000000000000000000e+00 0.000000000000000000e+00
