0.000000000000000000e+00 0.000000000000000000e+00 0.000000000000000000e+00 0.000000000000000000e+00 0.000000000000000000e+00 0.000000000000000000e+00 0.000000000000000000e+00 0.000000000000000000e+00 0.000000000000000000e+00 0.000000000000000000e+00 0.000000000000000000e+00 0.000000000000000000e+00 0.000000000000000000e+00 0.000000000000000000e+00 0.000000000000000000e+00 0.000000000000000000e+00 0.000000000000000000e+00 0.000000000000000000e+00 0.000000000000000000e+00 0.000000000000000000e+00 0.000000000000000000e+00 0.000000000000000000e+00 0.000000000000000000e+00 0.000000000000000000e+00 0.000000000000000000e+00 0.000000000000000000e+00 0.000000000000000000e+00 0.000000000000000000e+00 0.000000000000000000e+00 0.000000000000000000e+00 0.000000000000000000e+00 0.000000000000000000e+00 0.000000000000000000e+00 0.000000000000000000e+00 0.000000000000000000e+00 0.000000000000000000e+00 0.000000000000000000e+00 0.000000000000000000e+00 0.000000000000000000e+00 0.000000000000000000e+00 0.000000000000000000e+00 0.000000000000000000e+00 0.000000000000000000e+00 0.000000000000000000e+00 0.000000000000000000e+00 0.000000000000000000e+00 0.000000000000000000e+00 0.000000000000000000e+00 0.000000000000000000e+00 0.000000000000000000e+00
0.000000000000000000e+00 2.610114357182945354e-29 2.321729527556147569e-28 1.968555657267754000e-27 1.606044354543526393e-26 1.258299901460660267e-25 9.445438407951723219e-25 6.775771046307559246e-24 4.631874982017177967e-23 3.007689246684373432e-22 1.848546627096879953e-21 1.070991403325527046e-20 5.822223255554632936e-20 2.954128424245469152e-19 1.390386450204954347e-18 6.026905578424075610e-18 2.385922128581000737e-17 8.541250720487828150e-17 2.732851944976165720e-16 7.708698695870288162e-16 1.886872385817376054e-15 3.938510121720920727e-15 6.891461904620074155e-15 9.984199375647488474e-15 1.196245160848372006e-14 1.196245160808354986e-14 9.984199374584274367e-15 6.891461903243261017e-15 3.938510120383565623e-15 1.886872384729434708e-15 7.708698688010653971e-16 2.732851939794167523e-16 8.541250689519126094e-17 2.385922111349629720e-17 6.026905490390822417e-18 1.390386408476996778e-18 2.954128241333223690e-19 5.822222510795331493e-20 1.070991121066394986e-20 1.848545627496357534e-21 3.007685927949003455e-22 4.631864612923207194e-23 6.775740461290264130e-24 9.445352948399934259e-25 1.258277218150405639e-25 1.605986995537955536e-26 1.968417157784609396e-27 2.321409959587474955e-28 2.609434934152388473e-29 0.000000000000000000e+00
0.000000000000000000e+00 2.321729527556144431e-28 2.077265569303427491e-27 1.771692884878469502e-26 1.453893779266587183e-25 1.145688533767403589e-24 8.649390527082595218e-24 6.239913184229910815e-23 4.289544912411468479e-22 2.800939260127966095e-21 1.731026912077591249e-20 1.008448563239450276e-19 5.512497072615385556e-19 2.812441544707914418e-18 1.331040698644031701e-17 5.801766804841622948e-17 2.309599920212582744e-16 8.313972884239838600e-16 2.674704378086581050e-15 7.584595782845800131e-15 1.865641233787716124e-14 3.910921455158176186e-14 6.865882359618242265e-14 9.967232032871840710e-14 1.195105896250803318e-13 1.195105896246078483e-13 9.967232032746830869e-14 6.865882359458434192e-14 3.910921455006863829e-14 1.865641233668786192e-14 7.584595782025469987e-15 2.674704377574814244e-15 8.313972881328120458e-16 2.309599918659982702e-16 5.801766797143479431e-17 1.331040695062492874e-17 2.812441529146619638e-18 5.512497009376149829e-19 1.008448539194885987e-19 1.731026826420739331e-20 2.800938973465565658e-21 4.289544009268079943e-22 6.239910496928757145e-23 8.649382958337274076e-24 1.145686509900729328e-24 1.453888630622624478e-25 1.771680393367094718e-26 2.077236663655185993e-27 2.321668284800882154e-28 0.000000000000000000e+00
0.000000000000000000e+00 1.968555657267757946e-27 1.771692884878469215e-26 1.520088637093163112e-25 1.254763623910947030e-24 9.945060105539329145e-24 7.550940391210140341e-23 5.478139879391477949e-22 3.786792982061124947e-21 2.486223640306240767e-20 1.544869445234222419e-19 9.048458494762597490e-19 4.972680193572858550e-18 2.550602079290941254e-17 1.213584202258555880e-16 5.318201633959754978e-16 2.128498005421019541e-15 7.703250661958761911e-15 2.491404834700884112e-14 7.101238599174032785e-14 1.755164682381818188e-13 3.694843141173808115e-13 6.507667513531283445e-13 9.465811303619996387e-13 1.135786501933000881e-12 1.135786501932735521e-12 9.465811303612576803e-13 6.507667513520198498e-13 3.694843141160474472e-13 1.755164682368443903e-13 7.101238599056612417e-14 2.491404834609403069e-14 7.703250661347634523e-15 2.128498005054818871e-15 5.318201632012828515e-16 1.213584201321149508e-16 2.550602075185049356e-17 4.972680177046747209e-18 9.048458433275169344e-19 1.544869423932048397e-19 2.486223571283838673e-20 3.786792771622043099e-21 5.478139273812710573e-22 7.550938737956992109e-23 9.945055813788940447e-24 1.254762560116596913e-24 1.520086114712702655e-25 1.771687152635357248e-26 1.968543457531766257e-27 0.000000000000000000e+00
0.000000000000000000e+00 1.606044354543525819e-26 1.453893779266587871e-25 1.254763623910947214e-24 1.041739447805620123e-23 8.303503588747922846e-23 6.339626771974414042e-22 4.624414822434407427e-21 3.213736951736493975e-20 2.121052366528970683e-19 1.324761470208617060e-18 7.798733774554662358e-18 4.307453853141236762e-17 2.220442794456698317e-16 1.061766353239321388e-15 4.676156854186657207e-15 1.880915929035866573e-14 6.841389372499097305e-14 2.223684077112119818e-13 6.368928434959666453e-13 1.581347742737807026e-12 3.342282265453013244e-12 5.904951908753596911e-12 8.605066854749330598e-12 1.033167944506821665e-11 1.033167944506764473e-11 8.605066854748051053e-12 5.904951908752980564e-12 3.342282265454324293e-12 1.581347742740811412e-12 6.368928434998519304e-13 2.223684077149885934e-13 6.841389372781769518e-14 1.880915929218653534e-14 4.676156855199690293e-15 1.061766353739806695e-15 2.220442796677427307e-16 4.307453862125326476e-17 7.798733807961419469e-18 1.324761481726157106e-18 2.121052403554409566e-19 3.213737063443060848e-20 4.624415139926396264e-21 6.339627626515938221e-22 8.303505772636497280e-23 1.041739979980986389e-23 1.254764862892445513e-24 1.453896541444715403e-25 1.606050165321928495e-26 0.000000000000000000e+00
0.000000000000000000e+00 1.258299901460661874e-25 1.145688533767403957e-24 9.945060105539327675e-24 8.303503588747925197e-23 6.655206544015884007e-22 5.108588346164349269e-21 3.746014402209972892e-20 2.616600963980248799e-19 1.735539971482369984e-18 1.089238708603933879e-17 6.442649549002757157e-17 3.575016181797015338e-16 1.851342734242000639e-15 8.893055557405069861e-15 3.934435874656996222e-14 1.589788003404359747e-13 5.808942549506077999e-13 1.896721979187139338e-12 5.456780548067180229e-12 1.360607904909517627e-11 2.886493556573571392e-11 5.114454042177595081e-11 7.465866393528553281e-11 8.968896483241539824e-11 8.968896483241826752e-11 7.465866393529182714e-11 5.114454042177795414e-11 2.886493556572577806e-11 1.360607904907478432e-11 5.456780548040893818e-12 1.896721979161382840e-12 5.808942549312500368e-13 1.589788003277812321e-13 3.934435873951896568e-14 8.893055553895170525e-15 1.851342732675787126e-15 3.575016175424917420e-16 6.442649525187109291e-17 1.089238700355425681e-17 1.735539944850922329e-18 2.616600883338724651e-19 3.746014172238000461e-20 5.108587725589551254e-21 6.655204954693751762e-22 8.303499711212353962e-23 9.945051073555136693e-24 1.145686521326180668e-24 1.258295677717299334e-25 0.000000000000000000e+00
0.000000000000000000e+00 9.445438407951723219e-25 8.649390527082596687e-24 7.550940391210147394e-23 6.339626771974414982e-22 5.108588346164349269e-21 3.941868096473934678e-20 2.905057530856252898e-19 2.039052142144018488e-18 1.358793792169811632e-17 8.566358843010508513e-17 5.088907991201586088e-16 2.835745105730696291e-15 1.474551235970944718e-14 7.111769501186873026e-14 3.158991923854983166e-13 1.281577258411357822e-12 4.701657039042375478e-12 1.541384498415499483e-11 4.452228678879156081e-11 1.114370493047440404e-10 2.372143453299799449e-10 4.214165155832761355e-10 6.161075007386859196e-10 7.404807543661239111e-10 7.404807543661231873e-10 6.161075007386873671e-10 4.214165155833066378e-10 2.372143453300688669e-10 1.114370493048801633e-10 4.452228678895524564e-11 1.541384498431188773e-11 4.701657039159026523e-12 1.281577258487929180e-12 3.158991924281730915e-13 7.111769503322791551e-14 1.474551236927398176e-14 2.835745109638958551e-15 5.088908005861916187e-16 8.566358893951683413e-17 1.358793808662762157e-17 2.039052192191826054e-18 2.905057673816048962e-19 3.941868482591863000e-20 5.108589335353529131e-21 6.339629184176924761e-22 7.550946003553785652e-23 8.649403007226101997e-24 9.445464536074067098e-25 0.000000000000000000e+00
0.000000000000000000e+00 6.775771046307562185e-24 6.239913184229914341e-23 5.478139879391479830e-22 4.624414822434410436e-21 3.746014402209969280e-20 2.905057530856253861e-19 2.151272918962061357e-18 1.516904148860916640e-17 1.015248552714177974e-16 6.426965706792046021e-16 3.832943942520700497e-15 2.143827703142101054e-14 1.118736418459099011e-13 5.414258781632846589e-13 2.413082920574862942e-12 9.822479561144869055e-12 3.615659525579631802e-11 1.189384109890864105e-10 3.447176186826977322e-10 8.656511440329009978e-10 1.848155179478102583e-09 3.290828355066612143e-09 4.817411784059241910e-09 5.791830065423922646e-09 5.791830065423983857e-09 4.817411784059356061e-09 3.290828355066555481e-09 1.848155179477640809e-09 8.656511440321081452e-10 3.447176186817348940e-10 1.189384109881813715e-10 3.615659525513731357e-11 9.822479560716121310e-12 2.413082920338740036e-12 5.414258780455074481e-13 1.118736417933975637e-13 2.143827700998852434e-14 3.832943934488955789e-15 6.426965678890344445e-16 1.015248543682224740e-16 1.516904121463519482e-17 2.151272840755665024e-18 2.905057319903965819e-19 3.746013862819988424e-20 4.624413510814641270e-21 5.478136839087388609e-22 6.239906456212672907e-23 6.775757040715226842e-24 0.000000000000000000e+00
0.000000000000000000e+00 4.631874982017186195e-23 4.289544912411464717e-22 3.786792982061133223e-21 3.213736951736490966e-20 2.616600963980252169e-19 2.039052142144016947e-18 1.516904148860916640e-17 1.074205077712950442e-16 7.218406824218138130e-16 4.586564464399377981e-15 2.744747207482377232e-14 1.540040566274389633e-13 8.060101449530970403e-13 3.911473380824016349e-12 1.747857748506280178e-11 7.132804534185626321e-11 2.632286041087888043e-10 8.681503218683068627e-10 2.522812340341507284e-09 6.351859421076419153e-09 1.359368986023151485e-08 2.425006106357062838e-08 3.553504199558829545e-08 4.273040017767269259e-08 4.273040017766875521e-08 3.553504199557820385e-08 2.425006106355927946e-08 1.359368986022382538e-08 6.351859421073422278e-09 2.522812340342235203e-09 8.681503218707750663e-10 2.632286041111726871e-10 7.132804534364890577e-11 1.747857748611075561e-11 3.911473381367545905e-12 8.060101451996352331e-13 1.540040567291986375e-13 2.744747211313623475e-14 4.586564477736736869e-15 7.218406867381347882e-16 1.074205090782469803e-16 1.516904186049681548e-17 2.039052241997919011e-18 2.616601217772690449e-19 3.213737564163564261e-20 3.786794388223809548e-21 4.289547988023805462e-22 4.631881296825589709e-23 0.000000000000000000e+00
0.000000000000000000e+00 3.007689246684370611e-22 2.800939260127970985e-21 2.486223640306237156e-20 2.121052366528973572e-19 1.735539971482369599e-18 1.358793792169812402e-17 1.015248552714177974e-16 7.218406824218138130e-16 4.868310574109570406e-15 3.103452451942767277e-14 1.862593211471953318e-13 1.047728408302762699e-12 5.495581142937126168e-12 2.672065423718853991e-11 1.196061669543117437e-10 4.888699370807301362e-10 1.806913229575381137e-09 5.968877768445471991e-09 1.737474976165184532e-08 4.382268646435229653e-08 9.394265684375788681e-08 1.678048508457111238e-07 2.460477343583564478e-07 2.958652782054018223e-07 2.958652782054048928e-07 2.460477343583700532e-07 1.678048508457393936e-07 9.394265684379715473e-08 4.382268646439204090e-08 1.737474976167669051e-08 5.968877768454278156e-09 1.806913229575854491e-09 4.888699370779404696e-10 1.196061669518135807e-10 2.672065423556448710e-11 5.495581142112785757e-12 1.047728407936232830e-12 1.862593210030040286e-13 3.103452446778906511e-14 4.868310557126415903e-15 7.218406772385717794e-16 1.015248537945799938e-16 1.358793752679729615e-17 1.735539872025643208e-18 2.121052129905838190e-19 2.486223107540158014e-20 2.800938124498715668e-21 3.007686990059389221e-22 0.000000000000000000e+00
0.000000000000000000e+00 1.848546627096882962e-21 1.731026912077589142e-20 1.544869445234223863e-19 1.324761470208616290e-18 1.089238708603934187e-17 8.566358843010507281e-17 6.426965706792046021e-16 4.586564464399378770e-15 3.103452451942769170e-14 1.983946628156736760e-13 1.193471752813637449e-12 6.725795249349649400e-12 3.532728269877399640e-11 1.719360100068507229e-10 7.701074514270128618e-10 3.148981176881382164e-09 1.164259517689775748e-08 3.847295119441826543e-08 1.120449366205256181e-07 2.827862615033112081e-07 6.066558756964577789e-07 1.084262397274256148e-06 1.590035583621942446e-06 1.911480803650038245e-06 1.911480803650817516e-06 1.590035583623951820e-06 1.084262397276621064e-06 6.066558756983721793e-07 2.827862615045417352e-07 1.120449366212043694e-07 3.847295119474312903e-08 1.164259517703426544e-08 3.148981176937035702e-09 7.701074514485164558e-10 1.719360100155618653e-10 3.532728270219345765e-11 6.725795250685407149e-12 1.193471753305181248e-12 1.983946629865382218e-13 3.103452457473305107e-14 4.586564481100314340e-15 6.426965753807641240e-16 8.566358966616225191e-17 1.089238738969182148e-17 1.324761539901333185e-18 1.544869594307752369e-19 1.731027207460057496e-20 1.848547155472270952e-21 0.000000000000000000e+00
0.000000000000000000e+00 1.070991403325525541e-20 1.008448563239451480e-19 9.048458494762599416e-19 7.798733774554666980e-18 6.442649549002752227e-17 5.088907991201585102e-16 3.832943942520702075e-15 2.744747207482376285e-14 1.862593211471954075e-13 1.193471752813637449e-12 7.191843104150196113e-12 4.057387677393207886e-11 2.132157050105566959e-10 1.037598906564981669e-09 4.644608738886130088e-09 1.897308601357025017e-08 7.006398521051785940e-08 2.312429554418996532e-07 6.727360255781576453e-07 1.696583350853795597e-06 3.637863257441166895e-06 6.499399500814307265e-06 9.526291200788840948e-06 1.144561124325135318e-05 1.144561124324905433e-05 9.526291200781678438e-06 6.499399500803108642e-06 3.637863257427710506e-06 1.696583350840873051e-06 6.727360255687281569e-07 2.312429554364191647e-07 7.006398520784392197e-08 1.897308601242785088e-08 4.644608738455415488e-09 1.037598906416340001e-09 2.132157049636273534e-10 4.057387675993740428e-11 7.191843100209947922e-12 1.193471751746350700e-12 1.862593208696377903e-13 2.744747200533464654e-14 3.832943925902517225e-15 5.088907953596244567e-16 6.442649469787889131e-17 7.798733623257920010e-18 9.048458246913182277e-19 1.008448533823365779e-19 1.070991402233111595e-20 0.000000000000000000e+00
0.000000000000000000e+00 5.822223255554638955e-20 5.512497072615383630e-19 4.972680193572856239e-18 4.307453853141236146e-17 3.575016181797014352e-16 2.835745105730697474e-15 2.143827703142101370e-14 1.540040566274389128e-13 1.047728408302762900e-12 6.725795249349651016e-12 4.057387677393208533e-11 2.289716492158115776e-10 1.202618704475184145e-09 5.844712381575721192e-09 2.610887014292324142e-08 1.063701843624942858e-07 3.916025358058996742e-07 1.288333548669463874e-06 3.736631680199126516e-06 9.398583289725155013e-06 2.011012504497463821e-05 3.586935590657676414e-05 5.250266613882703475e-05 6.301879506149974882e-05 6.301879506136164857e-05 5.250266613847257518e-05 3.586935590616760657e-05 2.011012504465836627e-05 9.398583289536439461e-06 3.736631680106018113e-06 1.288333548632161178e-06 3.916025357940772647e-07 1.063701843597668662e-07 2.610887014262846734e-08 5.844712381700433559e-09 1.202618704574744431e-09 2.289716492604330344e-10 4.057387678957745698e-11 6.725795254105053388e-12 1.047728409588989979e-12 1.540040569431273146e-13 2.143827710163264771e-14 2.835745119694667512e-15 3.575016205456280158e-16 4.307453881979224281e-17 4.972680192597343448e-18 5.512496912164505589e-19 5.822222563896442381e-20 0.000000000000000000e+00
0.000000000000000000e+00 2.954128424245470115e-19 2.812441544707915573e-18 2.550602079290941562e-17 2.220442794456698317e-16 1.851342734242001034e-15 1.474551235970944402e-14 1.118736418459099011e-13 8.060101449530969393e-13 5.495581142937128591e-12 3.532728269877402225e-11 2.132157050105566959e-10 1.202618704475184352e-09 6.306486289412078920e-09 3.056783464274454132e-08 1.360429748598985118e-07 5.516863123878119714e-07 2.020224904931878407e-06 6.608619392758787114e-06 1.905995952420429479e-05 4.769600888623450681e-05 1.016177525949348037e-04 1.806399959889119398e-04 2.637413855986337602e-04 3.160841489343940648e-04 3.160841489356663761e-04 2.637413856021311796e-04 1.806399959934564545e-04 1.016177525992783344e-04 4.769600888966544426e-05 1.905995952639545721e-05 6.608619393911007726e-06 2.020224905448474484e-06 5.516863125897409202e-07 1.360429749298172964e-07 3.056783466442609661e-08 6.306486295503475828e-09 1.202618706035154136e-09 2.132157053778475578e-10 3.532728277858294745e-11 5.495581159071460115e-12 8.060101480112471767e-13 1.118736423994026821e-13 1.474551245850181786e-14 1.851342752621343098e-15 2.220442832290342346e-16 2.550602167186096333e-17 2.812441765830524176e-18 2.954128983942101332e-19 0.000000000000000000e+00
0.000000000000000000e+00 1.390386450204954732e-18 1.331040698644031701e-17 1.213584202258555880e-16 1.061766353239321190e-15 8.893055557405069861e-15 7.111769501186875550e-14 5.414258781632851638e-13 3.911473380824017157e-12 2.672065423718854314e-11 1.719360100068507746e-10 1.037598906564982082e-09 5.844712381575722019e-09 3.056783464274452808e-08 1.475576463851250658e-07 6.530699793327490457e-07 2.630050761217189442e-06 9.553493990328031825e-06 3.097748529500707950e-05 8.854596875778292340e-05 2.197232461331532301e-04 4.647438525578418615e-04 8.214277709128187241e-04 1.194407012420375686e-03 1.428197442948247499e-03 1.428197442959117276e-03 1.194407012446858625e-03 8.214277709402161877e-04 4.647438525737988780e-04 2.197232461375992721e-04 8.854596875712284756e-05 3.097748529317927727e-05 9.553493988900447578e-06 2.630050760435872699e-06 6.530699789872847523e-07 1.475576462545559693e-07 3.056783459922251942e-08 5.844712368544027481e-09 1.037598903008104621e-09 1.719360091131646857e-10 2.672065402850443260e-11 3.911473335194552718e-12 5.414258687407387320e-13 7.111769315751672539e-14 8.893055205477111227e-15 1.061766287860052262e-15 1.213584081161690271e-16 1.331040470978401440e-17 1.390386016731597696e-18 0.000000000000000000e+00
0.000000000000000000e+00 6.026905578424074069e-18 5.801766804841621715e-17 5.318201633959753992e-16 4.676156854186654840e-15 3.934435874656995591e-14 3.158991923854982157e-13 2.413082920574862134e-12 1.747857748506280501e-11 1.196061669543117437e-10 7.701074514270128618e-10 4.644608738886127606e-09 2.610887014292323150e-08 1.360429748598985118e-07 6.530699793327491516e-07 2.868716833374249359e-06 1.144350106258041963e-05 4.109964666994568783e-05 1.315872486543094761e-04 3.711702496979435136e-04 9.093008123455929587e-04 1.901630918812705897e-03 3.330912383570508797e-03 4.812816837593043677e-03 5.735797255352330370e-03 5.735797255063453809e-03 4.812816836828591807e-03 3.330912382644468737e-03 1.901630918025510935e-03 9.093008118013832077e-04 3.711702493855090278e-04 1.315872485043155537e-04 4.109964660809914351e-05 1.144350104024106067e-05 2.868716826211219950e-06 6.530699772723001086e-07 1.360429743239266883e-07 2.610887001611307531e-08 4.644608711520235950e-09 7.701074460403579122e-10 1.196061659925846727e-10 1.747857733159020216e-11 2.413082899531746819e-12 3.158991901972380504e-13 3.934435868347814182e-14 4.676156904489263452e-15 5.318201832028599780e-16 5.801767341616024399e-17 6.026906821645781894e-18 0.000000000000000000e+00
0.000000000000000000e+00 2.385922128581001662e-17 2.309599920212583237e-16 2.128498005421018752e-15 1.880915929035865942e-14 1.589788003404359242e-13 1.281577258411357620e-12 9.822479561144869055e-12 7.132804534185619859e-11 4.888699370807302396e-10 3.148981176881381337e-09 1.897308601357024686e-08 1.063701843624942991e-07 5.516863123878119714e-07 2.630050761217189866e-06 1.144350106258041963e-05 4.509135899357402975e-05 1.595306405440689163e-04 5.019651269432674713e-04 1.389527673906825736e-03 3.340788882014885525e-03 6.868890135371997357e-03 1.186786815516933935e-02 1.698546123792892687e-02 2.014561699210324491e-02 2.014561699454401819e-02 1.698546124462178147e-02 1.186786816369751404e-02 6.868890143277213770e-03 3.340788888049699232e-03 1.389527677613119688e-03 5.019651288424243013e-04 1.595306413824787699e-04 4.509135931858637209e-05 1.144350117493257229e-05 2.630050796300483930e-06 5.516863223874727710e-07 1.063701869864478126e-07 1.897308665197256690e-08 3.148981321760131677e-09 4.888699679019885794e-10 7.132805151441495710e-11 9.822480728853166813e-12 1.281577467653071701e-12 1.589788359220457525e-13 1.880916503744634643e-14 2.128498886501706758e-15 2.309601198026039155e-16 2.385923843874553678e-17 0.000000000000000000e+00
0.000000000000000000e+00 8.541250720487821987e-17 8.313972884239836627e-16 7.703250661958754022e-15 6.841389372499096043e-14 5.808942549506074969e-13 4.701657039042376286e-12 3.615659525579629863e-11 2.632286041087889077e-10 1.806913229575380723e-09 1.164259517689776409e-08 7.006398521051784617e-08 3.916025358058996212e-07 2.020224904931877560e-06 9.553493990328035214e-06 4.109964666994567428e-05 1.595306405440688891e-04 5.537830388989365554e-04 1.703176118254276419e-03 4.595059437918209803e-03 1.075698554287096535e-02 2.157293261712766447e-02 3.651904131340826670e-02 5.153083923421092338e-02 6.069076869152522508e-02 6.069076868136850239e-02 5.153083920507611077e-02 3.651904127442498482e-02 2.157293257832262542e-02 1.075698551131387508e-02 4.595059418074216168e-03 1.703176107822097426e-03 5.537830341825639721e-04 1.595306386754367142e-04 4.109964600968713075e-05 9.553493779393521000e-06 2.020224843334917422e-06 3.916025192152650243e-07 7.006398105783061380e-08 1.164259420478950490e-08 1.806913015608333653e-09 2.632285596239108325e-10 3.615658648589727972e-11 4.701655394182629140e-12 5.808939606324284555e-13 6.841384336850018252e-14 7.703242408681972458e-15 8.313959913663484958e-16 8.541231463923781654e-17 0.000000000000000000e+00
0.000000000000000000e+00 2.732851944976165720e-16 2.674704378086579867e-15 2.491404834700884428e-14 2.223684077112120575e-13 1.896721979187139338e-12 1.541384498415499806e-11 1.189384109890864105e-10 8.681503218683067593e-10 5.968877768445471991e-09 3.847295119441825881e-08 2.312429554418997326e-07 1.288333548669462604e-06 6.608619392758783725e-06 3.097748529500708628e-05 1.315872486543094219e-04 5.019651269432676881e-04 1.703176118254276852e-03 5.090413808240381970e-03 1.327703181444781985e-02 2.995836493383018106e-02 5.796836630219719122e-02 9.521793245431271757e-02 1.315591156799733874e-01 1.533542363122429586e-01 1.533542363282079934e-01 1.315591157318837245e-01 9.521793253030660931e-02 5.796836638593539509e-02 2.995836500621168116e-02 1.327703185922334342e-02 5.090413831897921439e-03 1.703176128910461988e-03 5.019651311374383066e-04 1.315872501282074384e-04 3.097748576409395279e-05 6.608619529574859806e-06 1.288333585612550700e-06 2.312429647570585697e-07 3.847295340404235043e-08 5.968878264651989601e-09 8.681504279264675825e-10 1.189384326598189215e-10 1.541384923213016739e-11 1.896722780209230499e-12 2.223685533017941428e-13 2.491407388940671809e-14 2.674708705711666395e-15 2.732858906853647703e-16 0.000000000000000000e+00
0.000000000000000000e+00 7.708698695870284217e-16 7.584595782845801709e-15 7.101238599174030261e-14 6.368928434959667463e-13 5.456780548067180229e-12 4.452228678879159313e-11 3.447176186826978873e-10 2.522812340341508111e-09 1.737474976165185193e-08 1.120449366205256049e-07 6.727360255781574335e-07 3.736631680199126939e-06 1.905995952420429479e-05 8.854596875778289629e-05 3.711702496979434052e-04 1.389527673906825519e-03 4.595059437918210671e-03 1.327703181444781985e-02 3.319833087307889896e-02 7.134870339608045953e-02 1.313365531666081110e-01 2.065414726497968034e-01 2.766668685828861940e-01 3.176373571143287222e-01 3.176373571373181104e-01 2.766668686269628252e-01 2.065414726926589895e-01 1.313365531938782138e-01 7.134870341530584470e-02 3.319833089490138722e-02 1.327703182738902699e-02 4.595059445188867837e-03 1.389527677370068666e-03 3.711702511384811984e-04 8.854596929484305230e-05 1.905995970582531279e-05 3.736631736416817998e-06 6.727360416142457538e-07 1.120449408567868518e-07 1.737475080191835927e-08 2.522812578492605415e-09 3.447176696268943287e-10 4.452229698837875188e-11 5.456782461038724769e-12 6.368931795720376157e-13 7.101244121363831409e-14 7.584604236877586233e-15 7.708710500261252483e-16 0.000000000000000000e+00
0.000000000000000000e+00 1.886872385817376054e-15 1.865641233787715493e-14 1.755164682381818945e-13 1.581347742737807632e-12 1.360607904909517303e-11 1.114370493047440533e-10 8.656511440329016182e-10 6.351859421076418326e-09 4.382268646435226344e-08 2.827862615033110493e-07 1.696583350853795385e-06 9.398583289725153319e-06 4.769600888623455425e-05 2.197232461331532843e-04 9.093008123455926335e-04 3.340788882014885525e-03 1.075698554287096535e-02 2.995836493383015678e-02 7.134870339608045953e-02 1.444147066430943871e-01 2.489925958867231226e-01 3.688536757242792397e-01 4.729684550324590453e-01 5.313410732310467344e-01 5.313410731605063830e-01 4.729684548395031163e-01 3.688536754495799763e-01 2.489925955788425960e-01 1.444147063615818793e-01 7.134870320302381941e-02 2.995836483254991911e-02 1.075698549386299059e-02 3.340788861175674092e-03 9.093008041197435951e-04 2.197232430716418179e-04 4.769600780849629347e-05 9.398582931570405666e-06 1.696583238986665226e-06 2.827862287764976898e-07 4.382267750903249746e-08 6.351857127759036054e-09 8.656505934157795212e-10 1.114369250359027863e-10 1.360605260812016192e-11 1.581342422770068684e-12 1.755154530730064619e-13 1.865622819005465087e-14 1.886841149064003420e-15 0.000000000000000000e+00
0.000000000000000000e+00 3.938510121720923882e-15 3.910921455158178079e-14 3.694843141173808620e-13 3.342282265453014052e-12 2.886493556573572038e-11 2.372143453299799449e-10 1.848155179478102996e-09 1.359368986023151816e-08 9.394265684375782064e-08 6.066558756964575672e-07 3.637863257441166895e-06 2.011012504497463821e-05 1.016177525949348443e-04 4.647438525578418615e-04 1.901630918812705680e-03 6.868890135371998225e-03 2.157293261712768528e-02 5.796836630219721898e-02 1.313365531666081110e-01 2.489925958867230393e-01 3.978507760746606836e-01 5.480986391045289396e-01 6.655484518087583234e-01 7.273308903982830254e-01 7.273308902768051976e-01 6.655484515198861750e-01 5.480986387712873942e-01 3.978507757808648071e-01 2.489925956357391112e-01 1.313365529504127438e-01 5.796836616373135520e-02 2.157293255366851681e-02 6.868890112568796190e-03 1.901630913961216245e-03 4.647438529457499374e-04 1.016177536098357626e-04 2.011012567020587232e-05 3.637863533743359182e-06 6.066559768553956193e-07 9.394268920714862362e-08 1.359369916020969183e-08 1.848157621033197080e-09 2.372149378432510267e-10 2.886506964269078827e-11 3.342310748291316426e-12 3.694900258325549016e-13 3.911030000528000353e-14 3.938702499888594133e-15 0.000000000000000000e+00
0.000000000000000000e+00 6.891461904620069421e-15 6.865882359618242265e-14 6.507667513531286475e-13 5.904951908753599334e-12 5.114454042177594435e-11 4.214165155832760321e-10 3.290828355066611729e-09 2.425006106357061184e-08 1.678048508457112562e-07 1.084262397274255513e-06 6.499399500814303876e-06 3.586935590657675736e-05 1.806399959889119669e-04 8.214277709128189409e-04 3.330912383570510098e-03 1.186786815516934282e-02 3.651904131340823201e-02 9.521793245431270369e-02 2.065414726497968589e-01 3.688536757242789066e-01 5.480986391045288286e-01 7.036715285146597498e-01 8.103812042542033467e-01 8.620088632765687819e-01 8.620088633700687675e-01 8.103812045343821158e-01 7.036715289712601740e-01 5.480986397193803317e-01 3.688536763374122840e-01 2.065414730442906022e-01 9.521793261907715578e-02 3.651904135358979842e-02 1.186786814909276261e-02 3.330912369451203246e-03 8.214277611695155546e-04 1.806399911074723676e-04 3.586935388491837006e-05 6.499398772208356735e-06 1.084262162396237040e-06 1.678047819400902227e-07 2.425004244396818232e-08 3.290823678632123960e-09 4.214154161483490209e-10 5.114429706832607136e-11 5.904900951702434388e-12 6.507566160237301469e-13 6.865690339469456649e-14 6.891120956903912315e-15 0.000000000000000000e+00
0.000000000000000000e+00 9.984199375647496362e-15 9.967232032871844496e-14 9.465811303620004465e-13 8.605066854749333829e-12 7.465866393528553281e-11 6.161075007386859196e-10 4.817411784059239429e-09 3.553504199558828883e-08 2.460477343583565007e-07 1.590035583621942657e-06 9.526291200788839254e-06 5.250266613882702119e-05 2.637413855986336518e-04 1.194407012420375686e-03 4.812816837593044544e-03 1.698546123792892687e-02 5.153083923421093032e-02 1.315591156799734152e-01 2.766668685828860830e-01 4.729684550324594339e-01 6.655484518087582124e-01 8.103812042542031246e-01 8.970206006187417813e-01 9.350539355765962179e-01 9.350539361100801417e-01 8.970206020431764626e-01 8.103812062080000267e-01 6.655484540306743080e-01 4.729684571855354847e-01 2.766668702448646378e-01 1.315591166768912135e-01 5.153083969593030833e-02 1.698546140958585859e-02 4.812816882784203519e-03 1.194407017413374973e-03 2.637413826107913649e-04 5.250266357549980551e-05 9.526289951452802883e-06 1.590035103043763426e-06 2.460475755743524489e-07 3.553499522877072345e-08 4.817399246641015677e-09 6.161043998609307030e-10 7.465794953345163581e-11 8.604912418942421595e-12 9.465496234012216631e-13 9.966622946757229484e-14 9.983101917309072882e-15 0.000000000000000000e+00
0.000000000000000000e+00 1.196245160848373111e-14 1.195105896250804075e-13 1.135786501933000477e-12 1.033167944506821665e-11 8.968896483241542409e-11 7.404807543661240145e-10 5.791830065423923473e-09 4.273040017767266612e-08 2.958652782054018223e-07 1.911480803650038669e-06 1.144561124325135488e-05 6.301879506149974882e-05 3.160841489343939564e-04 1.428197442948247282e-03 5.735797255352330370e-03 2.014561699210323104e-02 6.069076869152521814e-02 1.533542363122428476e-01 3.176373571143286667e-01 5.313410732310464013e-01 7.273308903982821372e-01 8.620088632765680048e-01 9.350539355765954408e-01 9.646638171442656340e-01 9.646638180949027586e-01 9.350539381254209248e-01 8.620088667657243020e-01 7.273308942847588332e-01 5.313410770402754446e-01 3.176373603398801593e-01 1.533542386182264461e-01 6.069077007095050741e-02 2.014561770760356710e-02 5.735797581740094409e-03 1.428197575154835841e-03 3.160841972325755997e-04 6.301881112804466676e-05 1.144561615487115824e-05 1.911482194322591895e-06 2.958656453419283475e-07 4.273049107547172134e-08 5.791851278205849311e-09 7.404854412217386800e-10 8.968994905733927367e-11 1.033187656336994867e-11 1.135824267745951513e-12 1.195175246303980315e-13 1.196365344328306912e-14 0.000000000000000000e+00
0.000000000000000000e+00 1.196245160808354670e-14 1.195105896246078483e-13 1.135786501932735521e-12 1.033167944506764635e-11 8.968896483241825460e-11 7.404807543661228771e-10 5.791830065423986339e-09 4.273040017766876183e-08 2.958652782054048398e-07 1.911480803650816669e-06 1.144561124324905433e-05 6.301879506136167568e-05 3.160841489356661050e-04 1.428197442959118144e-03 5.735797255063453809e-03 2.014561699454402166e-02 6.069076868136844688e-02 1.533542363282078824e-01 3.176373571373179994e-01 5.313410731605061610e-01 7.273308902768050865e-01 8.620088633700686565e-01 9.350539361100791425e-01 9.646638180949025365e-01 9.646638192970726777e-01 9.350539393981551761e-01 8.620088679850725910e-01 7.273308954461246145e-01 5.313410783009743232e-01 3.176373617718987186e-01 1.533542400510244652e-01 6.069077125339263773e-02 2.014561851394861339e-02 5.735798045333855878e-03 1.428197804724071207e-03 3.160842969875391124e-04 6.301884975682969260e-05 1.144562965599718208e-05 1.911486498466737787e-06 2.958669080003497936e-07 4.273083447356818051e-08 5.791938410760282285e-09 7.405061812979091457e-10 8.969460228566991017e-11 1.033286471578229826e-11 1.136023616572337288e-12 1.195558264087118685e-13 1.197054282997572058e-14 0.000000000000000000e+00
0.000000000000000000e+00 9.984199374584271212e-15 9.967232032746837179e-14 9.465811303612568725e-13 8.605066854748052668e-12 7.465866393529178836e-11 6.161075007386876773e-10 4.817411784059358543e-09 3.553504199557822370e-08 2.460477343583701062e-07 1.590035583623951820e-06 9.526291200781685214e-06 5.250266613847254807e-05 2.637413856021311796e-04 1.194407012446858408e-03 4.812816836828590940e-03 1.698546124462178841e-02 5.153083920507613158e-02 1.315591157318836413e-01 2.766668686269627697e-01 4.729684548395030053e-01 6.655484515198857309e-01 8.103812045343815607e-01 8.970206020431754634e-01 9.350539381254199256e-01 9.350539393981551761e-01 8.970206055949656587e-01 8.103812097366367428e-01 6.655484574607052339e-01 4.729684608284370761e-01 2.766668742649233126e-01 1.315591206468783858e-01 5.153084296547984222e-02 1.698546364504617892e-02 4.812818173455250988e-03 1.194407659472043141e-03 2.637416628487540830e-04 5.250277254822395361e-05 9.526328186588824406e-06 1.590047336409941499e-06 2.460511764463603043e-07 3.553597764320710516e-08 4.817649269492688538e-09 6.161640830888484839e-10 7.467137687932277465e-11 8.607771416187639624e-12 9.471278856237360812e-13 9.977761354353013597e-14 1.000318368050735698e-14 0.000000000000000000e+00
0.000000000000000000e+00 6.891461903243253917e-15 6.865882359458430405e-14 6.507667513520197488e-13 5.904951908752973294e-12 5.114454042177793475e-11 4.214165155833060691e-10 3.290828355066557135e-09 2.425006106355926954e-08 1.678048508457393141e-07 1.084262397276621699e-06 6.499399500803110336e-06 3.586935590616762012e-05 1.806399959934565087e-04 8.214277709402161877e-04 3.330912382644468737e-03 1.186786816369751058e-02 3.651904127442498482e-02 9.521793253030662318e-02 2.065414726926589617e-01 3.688536754495797543e-01 5.480986387712875052e-01 7.036715289712601740e-01 8.103812062079999157e-01 8.620088667657234138e-01 8.620088679850723690e-01 8.103812097366367428e-01 7.036715343974231374e-01 5.480986451029130624e-01 3.688536819107732234e-01 2.065414789741998602e-01 9.521793835787013827e-02 3.651904604957918049e-02 1.186787136154105263e-02 3.330914230904284332e-03 8.214286917194334918e-04 1.806403994598652289e-04 3.586951355675825441e-05 6.499455105448011262e-06 1.084280284060576398e-06 1.678101443004145397e-07 2.425151300116478411e-08 3.291199818217403852e-09 4.215056458460394130e-10 5.116469396470240314e-11 5.909264266194487744e-12 6.516431830313447147e-13 6.882843695191281180e-14 6.922175688930523904e-15 0.000000000000000000e+00
0.000000000000000000e+00 3.938510120383560890e-15 3.910921455006861305e-14 3.694843141160469929e-13 3.342282265454323082e-12 2.886493556572575544e-11 2.372143453300686601e-10 1.848155179477640602e-09 1.359368986022383034e-08 9.394265684379715473e-08 6.066558756983719675e-07 3.637863257427711776e-06 2.011012504465837304e-05 1.016177525992783073e-04 4.647438525737987696e-04 1.901630918025511369e-03 6.868890143277207698e-03 2.157293257832261849e-02 5.796836638593542979e-02 1.313365531938782138e-01 2.489925955788424572e-01 3.978507757808651957e-01 5.480986397193809978e-01 6.655484540306751962e-01 7.273308942847590552e-01 7.273308954461247255e-01 6.655484574607054560e-01 5.480986451029130624e-01 3.978507821412863854e-01 2.489926021949716017e-01 1.313365598496878117e-01 5.796837278889151873e-02 2.157293796045460857e-02 6.868893813223025425e-03 1.901633063145327738e-03 4.647449307358259831e-04 1.016182283015844263e-04 2.011031200691513874e-05 3.637929540185192257e-06 6.066772974258555209e-07 9.394902419409255482e-08 1.359544361528368658e-08 1.848605651596270138e-09 2.373228517427126883e-10 2.888956294422651644e-11 3.347571401767672492e-12 3.705631702382812405e-13 3.931874922905293414e-14 3.976578709079357373e-15 0.000000000000000000e+00
0.000000000000000000e+00 1.886872384729432341e-15 1.865641233668784299e-14 1.755164682368442641e-13 1.581347742740810402e-12 1.360607904907478271e-11 1.114370493048801116e-10 8.656511440321085588e-10 6.351859421073418142e-09 4.382268646439202767e-08 2.827862615045415235e-07 1.696583350840873262e-06 9.398583289536441155e-06 4.769600888966545103e-05 2.197232461375993263e-04 9.093008118013833161e-04 3.340788888049698365e-03 1.075698551131387855e-02 2.995836500621169157e-02 7.134870341530588633e-02 1.444147063615820736e-01 2.489925956357393610e-01 3.688536763374123395e-01 4.729684571855359843e-01 5.313410770402758887e-01 5.313410783009743232e-01 4.729684608284372427e-01 3.688536819107730014e-01 2.489926021949716572e-01 1.444147132531518052e-01 7.134871037267888350e-02 2.995837158772191033e-02 1.075699091700969140e-02 3.340792529964345392e-03 9.093029184831966875e-04 2.197242983406192437e-04 4.769647131880700656e-05 9.398764652976171387e-06 1.696647599767066858e-06 2.828070309474754397e-07 4.382886612985662124e-08 6.353564190230042630e-09 8.660899304280908371e-10 1.115429954321949169e-10 1.363019008672850964e-11 1.586541111666346395e-12 1.765790774636525292e-13 1.886346123937591284e-14 1.924608002110580287e-15 0.000000000000000000e+00
0.000000000000000000e+00 7.708698688010649040e-16 7.584595782025469987e-15 7.101238599056606106e-14 6.368928434998518294e-13 5.456780548040891395e-12 4.452228678895524564e-11 3.447176186817351008e-10 2.522812340342234376e-09 1.737474976167669382e-08 1.120449366212043165e-07 6.727360255687286862e-07 3.736631680106019807e-06 1.905995952639546060e-05 8.854596875712288822e-05 3.711702493855090820e-04 1.389527677613120122e-03 4.595059418074214433e-03 1.327703185922332954e-02 3.319833089490137334e-02 7.134870320302387492e-02 1.313365529504127993e-01 2.065414730442906854e-01 2.766668702448644712e-01 3.176373603398801593e-01 3.176373617718986631e-01 2.766668742649233681e-01 2.065414789741998047e-01 1.313365598496877562e-01 7.134871037267889737e-02 3.319833785873721466e-02 1.327703806111512654e-02 4.595064236559851835e-03 1.389530816499290637e-03 3.711720200030274629e-04 8.854683855600202307e-05 1.906033752981035255e-05 3.736778843557591591e-06 6.727879187467839999e-07 1.120616681313562825e-07 1.737972244456887353e-08 2.524184168051837900e-09 3.450710254166172130e-10 4.460775225346404633e-11 5.476271779432380936e-12 6.411018231545504689e-13 7.187607053239097228e-14 7.753416845422295634e-15 8.017360919637432046e-16 0.000000000000000000e+00
0.000000000000000000e+00 2.732851939794165058e-16 2.674704377574815821e-15 2.491404834609402438e-14 2.223684077149885934e-13 1.896721979161383648e-12 1.541384498431189096e-11 1.189384109881814232e-10 8.681503218707747561e-10 5.968877768454276501e-09 3.847295119474311580e-08 2.312429554364192441e-07 1.288333548632161178e-06 6.608619393911007726e-06 3.097748529317929082e-05 1.315872485043157163e-04 5.019651288424247350e-04 1.703176107822095692e-03 5.090413831897918837e-03 1.327703182738901658e-02 2.995836483254991911e-02 5.796836616373136908e-02 9.521793261907712802e-02 1.315591166768912412e-01 1.533542386182262796e-01 1.533542400510243264e-01 1.315591206468784136e-01 9.521793835787023541e-02 5.796837278889149792e-02 2.995837158772189993e-02 1.327703806111512480e-02 5.090419012413211625e-03 1.703179885640090322e-03 5.019674875326999479e-04 1.315885371468585420e-04 3.097810448145488758e-05 6.608884361251083297e-06 1.288435616724824139e-06 2.312786927459695655e-07 3.848442205137065357e-08 5.972278300388641561e-09 8.690874438339503085e-10 1.191798517377456835e-10 1.547229116845970057e-11 1.910073901977704822e-12 2.252582071069432778e-13 2.550865743589382940e-14 2.791290561536683236e-15 2.946690754635945550e-16 0.000000000000000000e+00
0.000000000000000000e+00 8.541250689519121164e-17 8.313972881328124402e-16 7.703250661347628212e-15 6.841389372781773304e-14 5.808942549312497338e-13 4.701657039159027331e-12 3.615659525513732003e-11 2.632286041111727388e-10 1.806913229575854491e-09 1.164259517703426047e-08 7.006398520784393521e-08 3.916025357940775294e-07 2.020224905448474060e-06 9.553493988900456049e-06 4.109964660809912318e-05 1.595306413824787428e-04 5.537830341825633216e-04 1.703176128910460253e-03 4.595059445188863501e-03 1.075698549386299059e-02 2.157293255366852722e-02 3.651904135358978454e-02 5.153083969593033609e-02 6.069077007095045190e-02 6.069077125339256834e-02 5.153084296547983528e-02 3.651904604957918743e-02 2.157293796045460510e-02 1.075699091700968967e-02 4.595064236559846631e-03 1.703179885640090105e-03 5.537856243704475942e-04 1.595321929556468930e-04 4.110046717102790572e-05 9.553879053062630731e-06 2.020386886732074305e-06 3.916641772917290651e-07 7.008538624244129647e-08 1.164942586994686147e-08 1.808931178121117308e-09 2.637837147929991357e-10 3.629954456533106608e-11 4.736280018793903883e-12 5.888146527377642137e-13 7.013162037135289981e-14 8.057602519937880516e-15 9.010847120880879759e-16 9.823465229022036049e-17 0.000000000000000000e+00
0.000000000000000000e+00 2.385922111349628488e-17 2.309599918659981716e-16 2.128498005054817687e-15 1.880915929218654796e-14 1.589788003277812574e-13 1.281577258487929987e-12 9.822479560716122926e-12 7.132804534364890577e-11 4.888699370779405730e-10 3.148981176937035702e-09 1.897308601242785750e-08 1.063701843597668927e-07 5.516863125897409202e-07 2.630050760435874817e-06 1.144350104024105728e-05 4.509135931858635854e-05 1.595306386754367955e-04 5.019651311374378729e-04 1.389527677370067799e-03 3.340788861175672357e-03 6.868890112568798792e-03 1.186786814909276087e-02 1.698546140958585859e-02 2.014561770760355669e-02 2.014561851394859257e-02 1.698546364504617545e-02 1.186787136154104569e-02 6.868893813223021956e-03 3.340792529964344958e-03 1.389530816499290637e-03 5.019674875326998395e-04 1.595321929556468388e-04 4.509225776313421620e-05 1.144396243130122167e-05 2.630262465129721975e-06 5.517738746939176016e-07 1.064030939278221389e-07 1.898441039970422164e-08 3.152573525473213784e-09 4.899270058007230126e-10 7.161817992745309704e-11 9.897128448809195324e-12 1.299661635863109203e-12 1.631204043586380977e-13 1.970901052911524068e-14 2.314579004624166564e-15 2.676610920380870775e-16 3.063287408309906702e-17 0.000000000000000000e+00
0.000000000000000000e+00 6.026905490390827039e-18 5.801766797143480663e-17 5.318201632012824570e-16 4.676156855199691871e-15 3.934435873951894674e-14 3.158991924281732430e-13 2.413082920338740843e-12 1.747857748611076207e-11 1.196061669518136582e-10 7.701074514485161456e-10 4.644608738455413834e-09 2.610887014262845741e-08 1.360429749298172435e-07 6.530699789872847523e-07 2.868716826211221644e-06 1.144350117493257398e-05 4.109964600968715786e-05 1.315872501282074926e-04 3.711702511384812526e-04 9.093008041197435951e-04 1.901630913961216245e-03 3.330912369451203680e-03 4.812816882784200917e-03 5.735797581740093541e-03 5.735798045333845470e-03 4.812818173455247518e-03 3.330914230904283464e-03 1.901633063145326003e-03 9.093029184831962538e-04 3.711720200030275171e-04 1.315885371468584607e-04 4.110046717102790572e-05 1.144396243130121320e-05 2.868947909063420966e-06 6.531739262060681002e-07 1.360853067617577884e-07 2.612459409570488319e-08 4.649972731789203435e-09 7.717986109715136762e-10 1.201017696474388773e-10 1.761427668192092208e-11 2.447959652263268949e-12 3.243486625867218008e-13 4.128122686268720600e-14 5.097688680793019436e-15 6.191889708288038887e-16 7.529775590848990703e-17 9.225756374094890126e-18 0.000000000000000000e+00
0.000000000000000000e+00 1.390386408476997741e-18 1.331040695062493490e-17 1.213584201321149262e-16 1.061766353739807089e-15 8.893055553895164214e-15 7.111769503322794075e-14 5.414258780455077510e-13 3.911473381367545905e-12 2.672065423556449679e-11 1.719360100155618136e-10 1.037598906416339587e-09 5.844712381700434386e-09 3.056783466442608999e-08 1.475576462545560222e-07 6.530699772723003204e-07 2.630050796300484777e-06 9.553493779393526083e-06 3.097748576409395957e-05 8.854596929484305230e-05 2.197232430716418450e-04 4.647438529457500458e-04 8.214277611695156630e-04 1.194407017413373889e-03 1.428197575154835624e-03 1.428197804724068822e-03 1.194407659472043574e-03 8.214286917194330582e-04 4.647449307358260916e-04 2.197242983406191895e-04 8.854683855600202307e-05 3.097810448145486048e-05 9.553879053062622260e-06 2.630262465129720281e-06 6.531739262060676767e-07 1.476036330616690492e-07 3.058631209503789764e-08 5.851503882769515900e-09 1.039897377186359218e-09 1.726565105282566061e-10 2.693097513918802566e-11 3.968923698943534586e-12 5.561752061572506758e-13 7.469082267368719917e-14 9.712813715036858215e-15 1.240457573773516425e-15 1.584764155959442738e-16 2.067164396697179321e-17 2.757086350182075827e-18 0.000000000000000000e+00
0.000000000000000000e+00 2.954128241333224653e-19 2.812441529146620408e-18 2.550602075185049356e-17 2.220442796677427553e-16 1.851342732675787521e-15 1.474551236927397544e-14 1.118736417933975763e-13 8.060101451996352331e-13 5.495581142112784142e-12 3.532728270219345119e-11 2.132157049636271466e-10 1.202618704574743604e-09 6.306486295503473347e-09 3.056783459922252603e-08 1.360429743239267413e-07 5.516863223874727710e-07 2.020224843334916575e-06 6.608619529574860653e-06 1.905995970582531279e-05 4.769600780849630702e-05 1.016177536098357491e-04 1.806399911074725031e-04 2.637413826107911480e-04 3.160841972325754913e-04 3.160842969875390040e-04 2.637416628487542457e-04 1.806403994598650663e-04 1.016182283015844127e-04 4.769647131880701334e-05 1.906033752981035594e-05 6.608884361251078215e-06 2.020386886732072611e-06 5.517738746939172839e-07 1.360853067617576825e-07 3.058631209503789764e-08 6.313827792961210827e-09 1.205292974593050712e-09 2.141145104142323570e-10 3.560759457088208040e-11 5.577119311747845614e-12 8.282348443340082584e-13 1.175737975986893001e-13 1.612641722950915769e-14 2.168420634198036238e-15 2.912683667630102944e-16 3.991636164202220099e-17 5.677907560919070657e-18 8.289575287320022700e-19 0.000000000000000000e+00
0.000000000000000000e+00 5.822222510795332697e-20 5.512497009376148866e-19 4.972680177046744128e-18 4.307453862125325860e-17 3.575016175424917420e-16 2.835745109638958157e-15 2.143827700998854011e-14 1.540040567291985617e-13 1.047728407936233234e-12 6.725795250685403110e-12 4.057387675993740428e-11 2.289716492604329827e-10 1.202618706035154343e-09 5.844712368544025827e-09 2.610887001611308193e-08 1.063701869864477994e-07 3.916025192152651831e-07 1.288333585612550700e-06 3.736631736416818845e-06 9.398582931570410748e-06 2.011012567020586215e-05 3.586935388491841072e-05 5.250266357549982583e-05 6.301881112804465321e-05 6.301884975682967905e-05 5.250277254822398071e-05 3.586951355675826797e-05 2.011031200691513197e-05 9.398764652976171387e-06 3.736778843557592014e-06 1.288435616724823716e-06 3.916641772917290122e-07 1.064030939278221125e-07 2.612459409570486003e-08 5.851503882769515900e-09 1.205292974593050298e-09 2.299386514232176155e-10 4.089700759008527773e-11 6.826137895492501225e-12 1.076829892531049106e-12 1.619220094309216346e-13 2.346752498770845911e-14 3.327414207116722658e-15 4.705000335561704139e-16 6.778329714645912873e-17 1.012739955822896190e-17 1.578969448960311451e-18 2.501306447711991972e-19 0.000000000000000000e+00
0.000000000000000000e+00 1.070991121066395287e-20 1.008448539194886348e-19 9.048458433275163566e-19 7.798733807961422550e-18 6.442649525187109291e-17 5.088908005861916187e-16 3.832943934488956578e-15 2.744747211313623475e-14 1.862593210030040538e-13 1.193471753305181248e-12 7.191843100209947922e-12 4.057387678957745052e-11 2.132157053778475578e-10 1.037598903008104828e-09 4.644608711520239259e-09 1.897308665197256690e-08 7.006398105783066673e-08 2.312429647570584638e-07 6.727360416142463890e-07 1.696583238986666496e-06 3.637863533743357911e-06 6.499398772208368594e-06 9.526289951452806271e-06 1.144561615487116163e-05 1.144562965599717869e-05 9.526328186588826100e-06 6.499455105448012109e-06 3.637929540185190563e-06 1.696647599767066858e-06 6.727879187467839999e-07 2.312786927459696714e-07 7.008538624244129647e-08 1.898441039970422495e-08 4.649972731789199299e-09 1.039897377186359838e-09 2.141145104142323828e-10 4.089700759008528420e-11 7.299325981498474132e-12 1.226734779352841977e-12 1.958838607534868738e-13 3.006263473644728198e-14 4.502875192460136484e-15 6.712669486485167096e-16 1.017841761685483974e-16 1.598118704600750923e-17 2.615633804900342386e-18 4.428439444526614975e-19 7.475589313862902269e-20 0.000000000000000000e+00
0.000000000000000000e+00 1.848545627496357534e-21 1.731026826420740535e-20 1.544869423932046712e-19 1.324761481726158262e-18 1.089238700355425527e-17 8.566358893951689576e-17 6.426965678890347403e-16 4.586564477736737658e-15 3.103452446778907142e-14 1.983946629865382723e-13 1.193471751746350700e-12 6.725795254105053388e-12 3.532728277858294745e-11 1.719360091131646857e-10 7.701074460403582223e-10 3.148981321760133745e-09 1.164259420478951483e-08 3.847295340404232396e-08 1.120449408567868650e-07 2.827862287764978486e-07 6.066559768553959369e-07 1.084262162396238734e-06 1.590035103043765120e-06 1.911482194322593165e-06 1.911486498466736516e-06 1.590047336409941499e-06 1.084280284060577245e-06 6.066772974258555209e-07 2.828070309474753868e-07 1.120616681313563090e-07 3.848442205137068004e-08 1.164942586994685816e-08 3.152573525473214197e-09 7.717986109715131592e-10 1.726565105282565803e-10 3.560759457088205455e-11 6.826137895492500417e-12 1.226734779352842381e-12 2.086627640453300162e-13 3.400067880598028307e-14 5.391860214150001562e-15 8.489777683095574104e-16 1.356928513550589141e-16 2.241693717136153825e-17 3.853541351284603231e-18 6.844210533146870801e-19 1.235375459016939373e-19 2.179970383554634240e-20 0.000000000000000000e+00
0.000000000000000000e+00 3.007685927949002985e-22 2.800938973465567915e-21 2.486223571283835965e-20 2.121052403554409807e-19 1.735539944850922329e-18 1.358793808662762773e-17 1.015248543682225480e-16 7.218406867381353798e-16 4.868310557126415903e-15 3.103452457473307000e-14 1.862593208696378156e-13 1.047728409588989979e-12 5.495581159071460115e-12 2.672065402850444876e-11 1.196061659925847761e-10 4.888699679019885794e-10 1.806913015608335928e-09 5.968878264651987119e-09 1.737475080191835265e-08 4.382267750903252393e-08 9.394268920714870303e-08 1.678047819400903285e-07 2.460475755743527136e-07 2.958656453419286122e-07 2.958669080003494230e-07 2.460511764463601985e-07 1.678101443004147780e-07 9.394902419409251511e-08 4.382886612985660139e-08 1.737972244456888015e-08 5.972278300388648178e-09 1.808931178121119583e-09 4.899270058007232194e-10 1.201017696474389031e-10 2.693097513918805151e-11 5.577119311747845614e-12 1.076829892531049712e-12 1.958838607534869243e-13 3.400067880598028938e-14 5.724326787781882739e-15 9.541781126132567605e-16 1.610601530896445560e-16 2.804055845240310461e-17 5.069726466655675606e-18 9.451582933390749577e-19 1.788548363768919387e-19 3.375662861971081972e-20 6.132114255971057235e-21 0.000000000000000000e+00
0.000000000000000000e+00 4.631864612923210133e-23 4.289544009268081823e-22 3.786792771622039337e-21 3.213737063443062653e-20 2.616600883338724169e-19 2.039052192191826439e-18 1.516904121463519790e-17 1.074205090782470666e-16 7.218406772385717794e-16 4.586564481100317496e-15 2.744747200533465917e-14 1.540040569431273399e-13 8.060101480112472777e-13 3.911473335194552718e-12 1.747857733159021832e-11 7.132805151441500880e-11 2.632285596239110910e-10 8.681504279264676859e-10 2.522812578492605829e-09 6.351857127759038535e-09 1.359369916020968852e-08 2.425004244396821210e-08 3.553499522877076977e-08 4.273049107547176766e-08 4.273083447356816066e-08 3.553597764320710516e-08 2.425151300116481719e-08 1.359544361528368988e-08 6.353564190230042630e-09 2.524184168051839968e-09 8.690874438339517560e-10 2.637837147929994976e-10 7.161817992745317459e-11 1.761427668192093501e-11 3.968923698943537817e-12 8.282348443340092682e-13 1.619220094309219123e-13 3.006263473644730722e-14 5.391860214150003929e-15 9.541781126132567605e-16 1.704966715486299689e-16 3.134450718323608060e-17 5.970764876853148904e-18 1.170278942315786500e-18 2.323418254474363920e-19 4.595260674176465684e-20 8.930189861343453145e-21 1.652709133780795722e-21 0.000000000000000000e+00
0.000000000000000000e+00 6.775740461290267068e-24 6.239910496928759496e-23 5.478139273812704930e-22 4.624415139926400026e-21 3.746014172238001063e-20 2.905057673816048480e-19 2.151272840755667720e-18 1.516904186049681239e-17 1.015248537945800061e-16 6.426965753807645184e-16 3.832943925902518014e-15 2.143827710163264771e-14 1.118736423994027325e-13 5.414258687407389339e-13 2.413082899531748031e-12 9.822480728853171659e-12 3.615658648589729911e-11 1.189384326598189473e-10 3.447176696268944321e-10 8.656505934157795212e-10 1.848157621033195219e-09 3.290823678632126855e-09 4.817399246641018159e-09 5.791851278205856756e-09 5.791938410760282285e-09 4.817649269492690192e-09 3.291199818217408402e-09 1.848605651596271379e-09 8.660899304280906303e-10 3.450710254166172647e-10 1.191798517377458903e-10 3.629954456533110486e-11 9.897128448809203402e-12 2.447959652263270161e-12 5.561752061572505749e-13 1.175737975986893759e-13 2.346752498770848120e-14 4.502875192460138850e-15 8.489777683095576076e-16 1.610601530896445806e-16 3.134450718323608060e-17 6.304349302113821438e-18 1.301614653613541046e-18 2.716001328323393013e-19 5.633885534620205330e-20 1.146977902547236856e-20 2.271268899687004026e-21 4.255095248235531782e-22 0.000000000000000000e+00
0.000000000000000000e+00 9.445352948399937932e-25 8.649382958337274076e-24 7.550938737956982705e-23 6.339627626515948566e-22 5.108587725589548245e-21 3.941868482591866009e-20 2.905057319903967745e-19 2.039052241997918626e-18 1.358793752679730077e-17 8.566358966616225191e-17 5.088907953596246539e-16 2.835745119694667512e-15 1.474551245850182102e-14 7.111769315751673802e-14 3.158991901972380504e-13 1.281577467653072913e-12 4.701655394182629948e-12 1.541384923213017385e-11 4.452229698837879711e-11 1.114369250359028251e-10 2.372149378432508199e-10 4.214154161483490209e-10 6.161043998609311166e-10 7.404854412217399208e-10 7.405061812979093525e-10 6.161640830888490009e-10 4.215056458460398266e-10 2.373228517427127400e-10 1.115429954321948911e-10 4.460775225346402694e-11 1.547229116845971996e-11 4.736280018793912769e-12 1.299661635863110414e-12 3.243486625867217503e-13 7.469082267368716131e-14 1.612641722950914507e-14 3.327414207116723052e-15 6.712669486485170054e-16 1.356928513550589388e-16 2.804055845240312310e-17 5.970764876853152756e-18 1.301614653613540854e-18 2.860680168065750202e-19 6.235665727268781901e-20 1.331183586149115731e-20 2.761021707168093640e-21 5.535571244294911021e-22 1.045927604414046066e-22 0.000000000000000000e+00
0.000000000000000000e+00 1.258277218150405409e-25 1.145686509900729879e-24 9.945055813788927222e-24 8.303505772636514912e-23 6.655204954693744239e-22 5.108589335353535902e-21 3.746013862819986017e-20 2.616601217772689967e-19 1.735539872025644749e-18 1.089238738969181686e-17 6.442649469787894062e-17 3.575016205456279665e-16 1.851342752621343098e-15 8.893055205477112805e-15 3.934435868347816706e-14 1.589788359220459545e-13 5.808939606324285564e-13 1.896722780209230902e-12 5.456782461038731231e-12 1.360605260812016354e-11 2.886506964269077534e-11 5.114429706832605197e-11 7.465794953345173921e-11 8.968994905733941584e-11 8.969460228566992310e-11 7.467137687932280050e-11 5.116469396470246130e-11 2.888956294422651321e-11 1.363019008672850802e-11 5.476271779432381744e-12 1.910073901977706842e-12 5.888146527377654254e-13 1.631204043586382744e-13 4.128122686268719969e-14 9.712813715036847171e-15 2.168420634198035055e-15 4.705000335561704139e-16 1.017841761685484344e-16 2.241693717136155982e-17 5.069726466655680999e-18 1.170278942315787463e-18 2.716001328323395902e-19 6.235665727268781901e-20 1.398762505893540037e-20 3.041855490031661079e-21 6.387120616614369001e-22 1.291731028492348532e-22 2.456580781905136893e-23 0.000000000000000000e+00
0.000000000000000000e+00 1.605986995537953527e-26 1.453888630622626773e-25 1.254762560116593239e-24 1.041739979980989475e-23 8.303499711212339856e-23 6.339629184176934165e-22 4.624413510814636004e-21 3.213737564163565465e-20 2.121052129905840838e-19 1.324761539901333185e-18 7.798733623257926173e-18 4.307453881979223665e-17 2.220442832290342839e-16 1.061766287860053445e-15 4.676156904489264241e-15 1.880916503744636852e-14 6.841384336850018252e-14 2.223685533017941680e-13 6.368931795720378177e-13 1.581342422770068684e-12 3.342310748291316022e-12 5.904900951702434388e-12 8.604912418942428058e-12 1.033187656336996321e-11 1.033286471578229342e-11 8.607771416187638008e-12 5.909264266194492591e-12 3.347571401767668049e-12 1.586541111666346193e-12 6.411018231545504689e-13 2.252582071069433787e-13 7.013162037135300078e-14 1.970901052911526277e-14 5.097688680793021013e-15 1.240457573773516031e-15 2.912683667630103930e-16 6.778329714645915338e-17 1.598118704600751848e-17 3.853541351284607082e-18 9.451582933390759206e-19 2.323418254474365846e-19 5.633885534620207738e-20 1.331183586149116784e-20 3.041855490031662584e-21 6.696532264157660013e-22 1.418304601306107586e-22 2.887603429288044667e-23 5.521712535671584850e-24 0.000000000000000000e+00
0.000000000000000000e+00 1.968417157784603297e-27 1.771680393367100745e-26 1.520086114712696227e-25 1.254764862892450105e-24 9.945051073555107305e-24 7.550946003553800933e-23 5.478136839087381086e-22 3.786794388223810301e-21 2.486223107540161324e-20 1.544869594307751646e-19 9.048458246913191906e-19 4.972680192597344219e-18 2.550602167186096333e-17 1.213584081161691750e-16 5.318201832028600767e-16 2.128498886501710702e-15 7.703242408681974036e-15 2.491407388940671809e-14 7.101244121363828885e-14 1.755154530730064114e-13 3.694900258325548006e-13 6.507566160237300460e-13 9.465496234012222689e-13 1.135824267745952523e-12 1.136023616572337086e-12 9.471278856237354753e-13 6.516431830313448156e-13 3.705631702382806851e-13 1.765790774636525292e-13 7.187607053239095965e-14 2.550865743589384518e-14 8.057602519937882094e-15 2.314579004624168141e-15 6.191889708288037901e-16 1.584764155959443478e-16 3.991636164202225646e-17 1.012739955822896960e-17 2.615633804900342771e-18 6.844210533146873690e-19 1.788548363768920590e-19 4.595260674176469897e-20 1.146977902547237909e-20 2.761021707168095520e-21 6.387120616614370882e-22 1.418304601306108292e-22 3.024023362424640515e-23 6.191824709060556245e-24 1.190013416095357732e-24 0.000000000000000000e+00
0.000000000000000000e+00 2.321409959587464193e-28 2.077236663655197472e-27 1.771687152635346917e-26 1.453896541444722061e-25 1.145686521326176811e-24 8.649403007226119630e-24 6.239906456212667030e-23 4.289547988023808283e-22 2.800938124498719805e-21 1.731027207460055992e-20 1.008448533823366140e-19 5.512496912164507515e-19 2.812441765830522635e-18 1.331040470978402980e-17 5.801767341616026865e-17 2.309601198026043100e-16 8.313959913663482000e-16 2.674708705711666790e-15 7.584604236877579922e-15 1.865622819005464771e-14 3.911030000527995935e-14 6.865690339469457911e-14 9.966622946757233271e-14 1.195175246303980568e-13 1.195558264087118685e-13 9.977761354353009810e-14 6.882843695191276131e-14 3.931874922905287103e-14 1.886346123937591599e-14 7.753416845422301945e-15 2.791290561536683630e-15 9.010847120880881731e-16 2.676610920380871761e-16 7.529775590848989470e-17 2.067164396697180862e-17 5.677907560919079901e-18 1.578969448960312799e-18 4.428439444526617864e-19 1.235375459016940095e-19 3.375662861971084380e-20 8.930189861343463677e-21 2.271268899687005531e-21 5.535571244294914782e-22 1.291731028492349002e-22 2.887603429288045842e-23 6.191824709060554041e-24 1.274490539182213540e-24 2.461745153816065418e-25 0.000000000000000000e+00
0.000000000000000000e+00 2.609434934152378384e-29 2.321668284800899642e-28 1.968543457531752625e-27 1.606050165321939114e-26 1.258295677717294053e-25 9.445464536074094649e-25 6.775757040715218026e-24 4.631881296825590885e-23 3.007686990059393453e-22 1.848547155472269448e-21 1.070991402233112649e-20 5.822222563896442381e-20 2.954128983942101332e-19 1.390386016731599621e-18 6.026906821645782664e-18 2.385923843874555835e-17 8.541231463923780421e-17 2.732858906853647703e-16 7.708710500261248538e-16 1.886841149064003026e-15 3.938702499888590977e-15 6.891120956903916259e-15 9.983101917309082348e-15 1.196365344328306912e-14 1.197054282997573162e-14 1.000318368050735067e-14 6.922175688930516804e-15 3.976578709079352640e-15 1.924608002110580287e-15 8.017360919637438949e-16 2.946690754635947522e-16 9.823465229022037281e-17 3.063287408309908551e-17 9.225756374094891667e-18 2.757086350182077368e-18 8.289575287320034256e-19 2.501306447711993898e-19 7.475589313862907084e-20 2.179970383554636948e-20 6.132114255971060244e-21 1.652709133780797415e-21 4.255095248235534604e-22 1.045927604414046419e-22 2.456580781905136011e-23 5.521712535671583381e-24 1.190013416095356997e-24 2.461745153816064041e-25 4.780334370928838768e-26 0.000000000000000000e+00
0.000000000000000000e+00 0.000000000000000000e+00 0.000000000000000000e+00 0.000000000000000000e+00 0.000000000000000000e+00 0.000000000000000000e+00 0.000000000000000000e+00 0.000000000000000000e+00 0.000000000000000000e+00 0.000000000000000000e+00 0.000000000000000000e+00 0.000000000000000000e+00 0.000000000000000000e+00 0.000000000000000000e+00 0.000000000000000000e+00 0.000000000000000000e+00 0.000000000000000000e+00 0.000000000000000000e+00 0.000000000000000000e+00 0.000000000000000000e+00 0.000000000000000000e+00 0.000000000000000000e+00 0.000000000000000000e+00 0.000000000000000000e+00 0.000000000000000000e+00 0.000000000000000000e+00 0.000000000000000000e+00 0.000000000000000000e+00 0.000000000000000000e+00 0.000000000000000000e+00 0.000000000000000000e+00 0.000000000000000000e+00 0.000000000000000000e+00 0.000000000000000000e+00 0.000000000000000000e+00 0.000000000000000000e+00 0.000000000000000000e+00 0.000000000000000000e+00 0.000000000000000000e+00 0.000000000000000000e+00 0.000000000000000000e+00 0.000000000000000000e+00 0.000000000000000000e+00 0.000000000000000000e+00 0.000000000000000000e+00 0.000000000000000000e+00 0.000000000000000000e+00 0.000000000000000000e+00 0.000000000000000000e+00 0.000000000000000000e+00
