0.000000000000000000e+00 0.000000000000000000e+00 0.000000000000000000e+00 0.000000000000000000e+00 0.000000000000000000e+00 0.000000000000000000e+00 0.000000000000000000e+00 0.000000000000000000e+00 0.000000000000000000e+00 0.000000000000000000e+00 0.000000000000000000e+00 0.000000000000000000e+00 0.000000000000000000e+00 0.000000000000000000e+00 0.000000000000000000e+00 0.000000000000000000e+00 0.000000000000000000e+00 0.000000000000000000e+00 0.000000000000000000e+00 0.000000000000000000e+00 0.000000000000000000e+00 0.000000000000000000e+00 0.000000000000000000e+00 0.000000000000000000e+00 0.000000000000000000e+00 0.000000000000000000e+00 0.000000000000000000e+00 0.000000000000000000e+00 0.000000000000000000e+00 0.000000000000000000e+00 0.000000000000000000e+00 0.000000000000000000e+00 0.000000000000000000e+00 0.000000000000000000e+00 0.000000000000000000e+00 0.000000000000000000e+00 0.000000000000000000e+00 0.000000000000000000e+00 0.000000000000000000e+00 0.000000000000000000e+00 0.000000000000000000e+00 0.000000000000000000e+00 0.000000000000000000e+00 0.000000000000000000e+00 0.000000000000000000e+00 0.000000000000000000e+00 0.000000000000000000e+00 0.000000000000000000e+00 0.000000000000000000e+00 0.000000000000000000e+00
0.000000000000000000e+00 5.605537367355419067e-31 5.425955506985947255e-30 5.018626638083504104e-29 4.469695221418584107e-28 3.825387795656533679e-27 3.138799922011760574e-26 2.462734292697623165e-25 1.842399543691961091e-24 1.309955823687805781e-23 8.819608714124008126e-23 5.599612852219867849e-22 3.336696594115037714e-21 1.855839351783000504e-20 9.573103232894432170e-20 4.545639330686946732e-19 1.969291827290540544e-18 7.701916890392021968e-18 2.685017516240858825e-17 8.217498552039884530e-17 2.168299921449325149e-16 4.831409101664709812e-16 8.896468339481998711e-16 1.331091517916633755e-15 1.615343735217282914e-15 1.615343734697612509e-15 1.331091516535953030e-15 8.896468321778388193e-16 4.831409084629935998e-16 2.168299907714601295e-16 8.217498452952959492e-17 2.685017450562781071e-17 7.701916502954315919e-18 1.969291612546724006e-18 4.545638258223166883e-19 9.573098257902632290e-20 1.855837238245545599e-20 3.336688268970369838e-21 5.599582456310056386e-22 8.819505154103098234e-23 1.309922810945302847e-23 1.842300547077770304e-24 2.462454337666566076e-25 3.138049788498372590e-26 3.823479646113064442e-27 4.465068686328033047e-28 5.007918255470282746e-29 5.402251045216454618e-30 5.556963135735866522e-31 0.000000000000000000e+00
0.000000000000000000e+00 5.425955506986017320e-30 5.287541818012363622e-29 4.924031169439718878e-28 4.415229930960561654e-27 3.804272959378111699e-26 3.142408077619513190e-25 2.482010003040590697e-24 1.869149207913818551e-23 1.337772461522763142e-22 9.066436097862760102e-22 5.794407455887616642e-21 3.475679945579191658e-20 1.946031122376700652e-19 1.010572625847750179e-18 4.830988287852099921e-18 2.107145209297408266e-17 8.297184762166639500e-17 2.912075742039015874e-16 8.971039979994550481e-16 2.381798917997336536e-15 5.336229926476777148e-15 9.868260405353166585e-15 1.480335924014313580e-14 1.797998020275304242e-14 1.797998020217079050e-14 1.480335923862107601e-14 9.868260403517697096e-15 5.336229924935860432e-15 2.381798916965804662e-15 8.971039974348278552e-16 2.912075739531564294e-16 8.297184752509014799e-17 2.107145206139471105e-17 4.830988278167856249e-18 1.010572622727048986e-18 1.946031110320329849e-19 3.475679891369868180e-20 5.794407205453742200e-21 9.066435026286890863e-22 1.337772038145807046e-22 1.869147702477850371e-23 2.482005043318234169e-24 3.142393139816597314e-25 3.804230785586707259e-26 4.415119434067659511e-27 4.923757616109432769e-28 5.286908049286703224e-29 5.424678687386801869e-30 0.000000000000000000e+00
0.000000000000000000e+00 5.018626638083409937e-29 4.924031169439751164e-28 4.617164584005172473e-27 4.168389321132970947e-26 3.615914199807165813e-25 3.006854100572161017e-24 2.390726722685676593e-23 1.812270847491170407e-22 1.305552065143352222e-21 8.905674118012998234e-21 5.728613044458003227e-20 3.458517933094959814e-19 1.949024189711661901e-18 1.018747888728628598e-17 4.902145679545936673e-17 2.152358996766197805e-16 8.531602001890782311e-16 3.014164692904473832e-15 9.345601684489420761e-15 2.496421446081725380e-14 5.623418854965346508e-14 1.044370379595063287e-13 1.570683023042482490e-13 1.909283617943357375e-13 1.909283617942861844e-13 1.570683023040075265e-13 1.044370379585728349e-13 5.623418854749975490e-14 2.496421445791362721e-14 9.345601681361636181e-15 3.014164690112931747e-15 8.531601982520444778e-16 2.152358984698156098e-16 4.902145615794678796e-17 1.018747858257990206e-17 1.949024059376213748e-18 3.458517422571216233e-19 5.728611207338971922e-20 8.905667978640070581e-21 1.305550152582463637e-21 1.812265248659701004e-22 2.390711291828933670e-23 3.006813771098278630e-24 3.615814208223797384e-25 4.168152603850320328e-26 4.616629715294326257e-27 4.922872456772563585e-28 5.016260776462985192e-29 0.000000000000000000e+00
0.000000000000000000e+00 4.469695221418668409e-28 4.415229930960525780e-27 4.168389321132984148e-26 3.788653863072812544e-25 3.308412980707984242e-24 2.769233726921963822e-23 2.216074414534303531e-22 1.690628528342289265e-21 1.225623691361807280e-20 8.412791409718396194e-20 5.445186576694897782e-19 3.307740955896118517e-18 1.875576604997030586e-17 9.864342847815570738e-17 4.776254407973905282e-16 2.110258086860784083e-15 8.417560244764099243e-15 2.992629105100383063e-14 9.336293697212718455e-14 2.508614634002474991e-13 5.680564681559490007e-13 1.059341628958521629e-12 1.597136463607783638e-12 1.942884778079447035e-12 1.942884778077653330e-12 1.597136463603525960e-12 1.059341628956892107e-12 5.680564681625151507e-13 2.508614634131714388e-13 9.336293698863043237e-14 2.992629106702333632e-14 8.417560256231143866e-15 2.110258094231152147e-15 4.776254447286741162e-16 9.864343037990816203e-17 1.875576686686278862e-17 3.307741277153705948e-18 5.445187734445470174e-19 8.412795279796160665e-20 1.225624896271389292e-20 1.690632048627537799e-21 2.216084093276672821e-22 2.769258925810547409e-23 3.308475189426168921e-24 3.788800288876412188e-25 4.168718053481255121e-26 4.415936545493325083e-27 4.471128790639438954e-28 0.000000000000000000e+00
0.000000000000000000e+00 3.825387795656475565e-27 3.804272959378139823e-26 3.615914199807155252e-25 3.308412980707986446e-24 2.907965364034333316e-23 2.449694923461425683e-22 1.972728131331399905e-21 1.514294140889201248e-20 1.104459523269418253e-19 7.626403465856557487e-19 4.965272046955794323e-18 3.033790396465756211e-17 1.730204271095769570e-16 9.152433212107414019e-16 4.457293185079750401e-15 1.980856709778196814e-14 7.947985615796954145e-14 2.842388348495150484e-13 8.919344082978726471e-13 2.409963160878090034e-12 5.484518009475062098e-12 1.026822366264441303e-11 1.551734413376736744e-11 1.888901239582920740e-11 1.888901239583931129e-11 1.551734413379244135e-11 1.026822366265564944e-11 5.484518009438795398e-12 2.409963160804522254e-12 8.919344082008000942e-13 2.842388347538849624e-13 7.947985608947585400e-14 1.980856705314684235e-14 4.457293161288484106e-15 9.152433096084045692e-16 1.730204221184543547e-16 3.033790199351962627e-17 4.965271335075204921e-18 7.626401080972889936e-19 1.104458779569030167e-19 1.514291966292101002e-20 1.972722149374581952e-21 2.449679357947808956e-22 2.907926973220124493e-23 3.308322812124766841e-24 3.615712319131341323e-25 3.803840760724569957e-26 3.824515171543915137e-27 0.000000000000000000e+00
0.000000000000000000e+00 3.138799922011791569e-26 3.142408077619500333e-25 3.006854100572164691e-24 2.769233726921964997e-23 2.449694923461426153e-22 2.076593445565489194e-21 1.682499998603232732e-20 1.299204410490984217e-19 9.530791300523663066e-19 6.618313014412283310e-18 4.332736523859766725e-17 2.661643465212120816e-16 1.526065785096057162e-15 8.115328251532260932e-15 3.973132358986167308e-14 1.775091299343905880e-13 7.160650670703107894e-13 2.574681269239777575e-12 8.122781001343565498e-12 2.206127673141362445e-11 5.044192025772414566e-11 9.478880521132571649e-11 1.435563252142703952e-10 1.748464441402271582e-10 1.748464441401415967e-10 1.435563252140456606e-10 9.478880521114478365e-11 5.044192025780666985e-11 2.206127673172130656e-11 8.122781001816845286e-12 2.574681269732207726e-12 7.160650674282230153e-13 1.775091301734370508e-13 3.973132371741555896e-14 8.115328314466376994e-15 1.526065812194475878e-15 2.661643572758605806e-16 4.332736912712303437e-17 6.618314319199089724e-18 9.530795370585313193e-19 1.299205600057194178e-19 1.682503266969476429e-20 2.076601930117201363e-21 2.449715783553176630e-22 2.769282497831431064e-23 3.006962681175523458e-24 3.142638851317117543e-25 3.139261951109376940e-26 0.000000000000000000e+00
0.000000000000000000e+00 2.462734292697612604e-25 2.482010003040594738e-24 2.390726722685677769e-23 2.216074414534302121e-22 1.972728131331401786e-21 1.682499998603232732e-20 1.371261964389067384e-19 1.064915530301593891e-18 7.855047919554194208e-18 5.483545728732867038e-17 3.608182895039988998e-16 2.227490623069000755e-15 1.283278383647926757e-14 6.856391328855790634e-14 3.372454151939593645e-13 1.513772515132828201e-12 6.135360860661319987e-12 2.216587953072544833e-11 7.026639420200778651e-11 1.917355219495433931e-10 4.402671235871714650e-10 8.301439728097837450e-10 1.259700054110405963e-09 1.534934878589468476e-09 1.534934878589711667e-09 1.259700054111161799e-09 8.301439728104887097e-10 4.402671235869479711e-10 1.917355219484762008e-10 7.026639420007613883e-11 2.216587952856653601e-11 6.135360859055848045e-12 1.513772514018091658e-12 3.372454145966413591e-13 6.856391298815227727e-14 1.283278370687676198e-14 2.227490571228098389e-15 3.608182707402068535e-16 5.483545097937726691e-17 7.855045953450230946e-18 1.064914956710027934e-18 1.371260393840664927e-19 1.682495942410275093e-20 1.972718226722102066e-21 2.216051466143143038e-22 2.390676206252489816e-23 2.481904152932065624e-24 2.462525972701421760e-25 0.000000000000000000e+00
0.000000000000000000e+00 1.842399543691963295e-24 1.869149207913820020e-23 1.812270847491167586e-22 1.690628528342291522e-21 1.514294140889200346e-20 1.299204410490985180e-19 1.064915530301594084e-18 8.315132984828909631e-18 6.165175612841892590e-17 4.324971863047138056e-16 2.859049302882554064e-15 1.772780177909102903e-14 1.025592502442545759e-13 5.501666043034115025e-13 2.716722719284573462e-12 1.224182266494711807e-11 4.981104575393649908e-11 1.806771582221773432e-10 5.750791169025934022e-10 1.575533697988543020e-09 3.631268607100954284e-09 6.867317310114429303e-09 1.043820793972780630e-08 1.272242508131810391e-08 1.272242508132800030e-08 1.043820793975289138e-08 6.867317310144085383e-09 3.631268607127177150e-09 1.575533698008415828e-09 5.750791169187322129e-10 1.806771582347022536e-10 4.981104576185951286e-11 1.224182267006048367e-11 2.716722721890698878e-12 5.501666056045279329e-13 1.025592507965654918e-13 1.772780200021814715e-14 2.859049382463249629e-15 4.324972130220817905e-16 6.165176441621723413e-17 8.315135389668286924e-18 1.064916183456370361e-18 1.299206079296020760e-19 1.514298158505907588e-20 1.690637666668470340e-21 1.812290492796351540e-22 1.869189135924916336e-23 1.842475120955292665e-24 0.000000000000000000e+00
0.000000000000000000e+00 1.309955823687805781e-23 1.337772461522761496e-22 1.305552065143355231e-21 1.225623691361805625e-20 1.104459523269419457e-19 9.530791300523663066e-19 7.855047919554194208e-18 6.165175612841896288e-17 4.593214126533231822e-16 3.236659919291348928e-15 2.148449416956380154e-14 1.337213773237101281e-13 7.762991679903713859e-13 4.177769481468291856e-12 2.069235213455968271e-11 9.351502894857208454e-11 3.816186149026001079e-10 1.388383299194569620e-09 4.432878439226591275e-09 1.218324332019822071e-08 2.816447374218977182e-08 5.339301876831230531e-08 8.126194847848646342e-08 9.905315346944160023e-08 9.905315346939551634e-08 8.126194847834972054e-08 5.339301876811402680e-08 2.816447374196213502e-08 1.218324331998362028e-08 4.432878439062178375e-09 1.388383299089449027e-09 3.816186148463639238e-10 9.351502891867263317e-11 2.069235212126007249e-11 4.177769475460739176e-12 7.762991656373808067e-13 1.337213764236901133e-13 2.148449385876434628e-14 3.236659817537799506e-15 4.593213818608145895e-16 6.165174738031743218e-17 7.855045599030117817e-18 9.530785529496247569e-19 1.104458179916371896e-19 1.225620766048507282e-20 1.305546133543137471e-21 1.337761347197699808e-22 1.309937139571774940e-23 0.000000000000000000e+00
0.000000000000000000e+00 8.819608714124005775e-23 9.066436097862765745e-22 8.905674118012989206e-21 8.412791409718405823e-20 7.626403465856559413e-19 6.618313014412284850e-18 5.483545728732868270e-17 4.324971863047137563e-16 3.236659919291350112e-15 2.289952670060401086e-14 1.525470503817322707e-13 9.524216497806596494e-13 5.543921977832342348e-12 2.990353931675231948e-11 1.484029147481593649e-10 6.718610403600917537e-10 2.746378748883492492e-09 1.000916694744909570e-08 3.201841264251760468e-08 8.818076647562701138e-08 2.042742467252286423e-07 3.879144660957757474e-07 5.908681896909844294e-07 7.201158294449039789e-07 7.201158294420905590e-07 5.908681896837682381e-07 3.879144660876834064e-07 2.042742467194445984e-07 8.818076647256780631e-08 3.201841264125482414e-08 1.000916694708799331e-08 2.746378748842722827e-09 6.718610404019223807e-10 1.484029147806651849e-10 2.990353933569177636e-11 5.543921985786327749e-12 9.524216529291865378e-13 1.525470514526702971e-13 2.289952704460330839e-14 3.236660019661004792e-15 4.324972137102105815e-16 5.483546419048220273e-17 6.618314624041876476e-18 7.626406896175867086e-19 8.412797974174797405e-20 8.905684874539735061e-21 9.066449203819915491e-22 8.819611701456615449e-23 0.000000000000000000e+00
0.000000000000000000e+00 5.599612852219869730e-22 5.794407455887617394e-21 5.728613044458011653e-20 5.445186576694896819e-19 4.965272046955799715e-18 4.332736523859767342e-17 3.608182895039988012e-16 2.859049302882554064e-15 2.148449416956382047e-14 1.525470503817322455e-13 1.019236513937219865e-12 6.378677659649602961e-12 3.719521612316662051e-11 2.008702065984859588e-10 9.975772122319867844e-10 4.517901787904355075e-09 1.847080460588205918e-08 6.732716338252193217e-08 2.154451776836979575e-07 5.937144669896818600e-07 1.376505782367876872e-06 2.615892568417120480e-06 3.985150346323676341e-06 4.854564322558122750e-06 4.854564322596970222e-06 3.985150346429587647e-06 2.615892568547807499e-06 1.376505782481908471e-06 5.937144670721038832e-07 2.154451777318202021e-07 6.732716340549050108e-08 1.847080461518507829e-08 4.517901791128558692e-09 9.975772132191660477e-10 2.008702068551911997e-10 3.719521618238019603e-11 6.378677670257067445e-12 1.019236515313994342e-12 1.525470503400698126e-13 2.148449408215083776e-14 2.859049267421133155e-15 3.608182797342897345e-16 4.332736313427394122e-17 4.965271730866737646e-18 5.445186499176864633e-19 5.728614778199556150e-20 5.794416143010337211e-21 5.599642453122277759e-22 0.000000000000000000e+00
0.000000000000000000e+00 3.336696594115038467e-21 3.475679945579193464e-20 3.458517933094957406e-19 3.307740955896122369e-18 3.033790396465755594e-17 2.661643465212120816e-16 2.227490623069001149e-15 1.772780177909103850e-14 1.337213773237101786e-13 9.524216497806596494e-13 6.378677659649603769e-12 3.998306896146933397e-11 2.333303952606990617e-10 1.260065409558093644e-09 6.253171395649389655e-09 2.828178635423707581e-08 1.154252187423867511e-07 4.199468580020463615e-07 1.341529184931364792e-06 3.692097960070993635e-06 8.552822619374752445e-06 1.624440486361556618e-05 2.472974997899349297e-05 3.009815758490732429e-05 3.009815758516561852e-05 2.472974997959668885e-05 1.624440486417937503e-05 8.552822619585905901e-06 3.692097959985347592e-06 1.341529184785396663e-06 4.199468578931864283e-07 1.154252186826664946e-07 2.828178632782506981e-08 6.253171385684210813e-09 1.260065406300278991e-09 2.333303943036408050e-10 3.998306871067573319e-11 6.378677599040893638e-12 9.524216364461709212e-13 1.337213745564160367e-13 1.772780123631669052e-14 2.227490516767011882e-15 2.661643248093470909e-16 3.033789905944365660e-17 3.307739730879317032e-18 3.458514686986104386e-19 3.475671300717366570e-20 3.336674478531903580e-21 0.000000000000000000e+00
0.000000000000000000e+00 1.855839351783001407e-20 1.946031122376699208e-19 1.949024189711663057e-18 1.875576604997029970e-17 1.730204271095770063e-16 1.526065785096057557e-15 1.283278383647927388e-14 1.025592502442546138e-13 7.762991679903706790e-13 5.543921977832344772e-12 3.719521612316660759e-11 2.333303952606990100e-10 1.361273766271945201e-09 7.341302449076360023e-09 3.634349136695444991e-08 1.638217808295320211e-07 6.658800756995106038e-07 2.411916688294048458e-06 7.671313129901436407e-06 2.103094912758280918e-05 4.856756381969060625e-05 9.202731120498290401e-05 1.398316473083425983e-04 1.699420211608953493e-04 1.699420211479046286e-04 1.398316472740846015e-04 9.202731116512122180e-05 4.856756378864743827e-05 2.103094910823098625e-05 7.671313119881692245e-06 2.411916683994800173e-06 6.658800741294267217e-07 1.638217803316610366e-07 3.634349122861397832e-08 7.341302415113544990e-09 1.361273758942842491e-09 2.333303938742160387e-10 3.719521590419883257e-11 5.543921951704841844e-12 7.762991671856172432e-13 1.025592509941134912e-13 1.283278416904986228e-14 1.526065886734331129e-15 1.730204547501639461e-16 1.875577319012461408e-17 1.949025991761364552e-18 1.946035576750336519e-19 1.855849966710565634e-20 0.000000000000000000e+00
0.000000000000000000e+00 9.573103232894432170e-20 1.010572625847751527e-18 1.018747888728627519e-17 9.864342847815579366e-17 9.152433212107412047e-16 8.115328251532264088e-15 6.856391328855788110e-14 5.501666043034116035e-13 4.177769481468291856e-12 2.990353931675233887e-11 2.008702065984859330e-10 1.260065409558094265e-09 7.341302449076362505e-09 3.947983433895785627e-08 1.946060344743511890e-07 8.721928358490021306e-07 3.520709200433426695e-06 1.265473378051585098e-05 3.993387780092226699e-05 1.086771758704533085e-04 2.494132647848547194e-04 4.703103138766435770e-04 7.120712116754430087e-04 8.635065420610644332e-04 8.635065422404241070e-04 7.120712121646804570e-04 4.703103144705184611e-04 2.494132652883655266e-04 1.086771762231669892e-04 3.993387799982318741e-05 1.265473387376590974e-05 3.520709238033231929e-06 8.721928491437794902e-07 1.946060386603408981e-07 3.947983552813959818e-08 7.341302756972314399e-09 1.260065482869254728e-09 2.008702227497456883e-10 2.990354263053171898e-11 4.177770116494167143e-12 5.501667183630707098e-13 6.856393245526677361e-14 8.115331251109115403e-15 9.152437504825544725e-16 9.864348210620569037e-17 1.018748383492862229e-17 1.010572622501254692e-18 9.573086875538825346e-20 0.000000000000000000e+00
0.000000000000000000e+00 4.545639330686945769e-19 4.830988287852096070e-18 4.902145679545941603e-17 4.776254407973903310e-16 4.457293185079755134e-15 3.973132358986167308e-14 3.372454151939595664e-13 2.716722719284572250e-12 2.069235213455968917e-11 1.484029147481593391e-10 9.975772122319869912e-10 6.253171395649391310e-09 3.634349136695443006e-08 1.946060344743511096e-07 9.531916114272470134e-07 4.236224186789860396e-06 1.692422146749496343e-05 6.011848673010471654e-05 1.873609530223895698e-04 5.037628527990368381e-04 1.143930556105918726e-03 2.139056241354317031e-03 3.219439480707501303e-03 3.891405344818207532e-03 3.891405343409720056e-03 3.219439476738832160e-03 2.139056236379202960e-03 1.143930551633958598e-03 5.037628494543482712e-04 1.873609510761403913e-04 6.011848578530030795e-05 1.692422107328904511e-05 4.236224042728787951e-06 9.531915645160674589e-07 1.946060206755720205e-07 3.634348766087054691e-08 6.253170478536739722e-09 9.975770015937550018e-10 1.484028695564227568e-10 2.069234303196730311e-11 2.716720990033685644e-12 3.372451043626969132e-13 3.973127058121842398e-14 4.457284600655998272e-15 4.776241216046808423e-16 4.902126530859250053e-17 4.830962324718216617e-18 4.545607733574660996e-19 0.000000000000000000e+00
0.000000000000000000e+00 1.969291827290540544e-18 2.107145209297408574e-17 2.152358996766198544e-16 2.110258086860784083e-15 1.980856709778196814e-14 1.775091299343905123e-13 1.513772515132826989e-12 1.224182266494712131e-11 9.351502894857208454e-11 6.718610403600919605e-10 4.517901787904355902e-09 2.828178635423706919e-08 1.638217808295320211e-07 8.721928358490014954e-07 4.236224186789859549e-06 1.861446959858566259e-05 7.331242321929121511e-05 2.560710153378038031e-04 7.834399295239342009e-04 2.067670915000540798e-03 4.616819324974455636e-03 8.517086989445135300e-03 1.269867042556941522e-02 1.527544645396067616e-02 1.527544646073498991e-02 1.269867044552041788e-02 8.517087015321680998e-03 4.616819349573423464e-03 2.067670934372942918e-03 7.834399409124269973e-04 2.560710209852214495e-04 7.331242561513099439e-05 1.861447048740209800e-05 4.236224480656370976e-06 8.721929236354291273e-07 1.638218047881308318e-07 2.828179238372447176e-08 4.517903197903879730e-09 6.718613487746652127e-10 9.351509239561780522e-11 1.224183500040739838e-11 1.513774790705579993e-12 1.775095296444405882e-13 1.980863413028265934e-14 2.110268842654682296e-15 2.152375527734314119e-16 2.107169540231055008e-17 1.969325580153822605e-18 0.000000000000000000e+00
0.000000000000000000e+00 7.701916890392025050e-18 8.297184762166645663e-17 8.531602001890778367e-16 8.417560244764102398e-15 7.947985615796951620e-14 7.160650670703105874e-13 6.135360860661319987e-12 4.981104575393647969e-11 3.816186149026000045e-10 2.746378748883491665e-09 1.847080460588202940e-08 1.154252187423867246e-07 6.658800756995101803e-07 3.520709200433423730e-06 1.692422146749496343e-05 7.331242321929118801e-05 2.834192954915960134e-04 9.676124944331367583e-04 2.883974295344860200e-03 7.405326036350926011e-03 1.611415465765630300e-02 2.910542170536367310e-02 4.276396193297538756e-02 5.107458605324512180e-02 5.107458603509677786e-02 4.276396187474613975e-02 2.910542162619630599e-02 1.611415457719286154e-02 7.405325969921512826e-03 2.883974256857847144e-03 9.676124750491107984e-04 2.834192872607576392e-04 7.331242016304233050e-05 1.692422045621123496e-05 3.520708898333253577e-06 6.658799932809418816e-07 1.154251980108299447e-07 1.847079975934780460e-08 2.746377688571030220e-09 3.816183964996098532e-10 4.981100316891593343e-11 6.135352963364929410e-12 7.160636681854523396e-13 7.947961861324398238e-14 8.417521451829395353e-15 8.531540924164157711e-16 8.297091903481109557e-17 7.701782395220085081e-18 0.000000000000000000e+00
0.000000000000000000e+00 2.685017516240857901e-17 2.912075742039015874e-16 3.014164692904473832e-15 2.992629105100383063e-14 2.842388348495149474e-13 2.574681269239777575e-12 2.216587953072544510e-11 1.806771582221774466e-10 1.388383299194569827e-09 1.000916694744909405e-08 6.732716338252194541e-08 4.199468580020460968e-07 2.411916688294048034e-06 1.265473378051585267e-05 6.011848673010469622e-05 2.560710153378037489e-04 9.676124944331364330e-04 3.207941508137753406e-03 9.228406754657100461e-03 2.278438160254752168e-02 4.770278105487391757e-02 8.340138449568956780e-02 1.197901511888941339e-01 1.415312072514630648e-01 1.415312072648733099e-01 1.197901512545356817e-01 8.340138459670927429e-02 4.770278117176317279e-02 2.278438170436717855e-02 9.228406807683931651e-03 3.207941535449062437e-03 9.676125053661661967e-04 2.560710192023897547e-04 6.011848792685094378e-05 1.265473410671305350e-05 2.411916766722268576e-06 4.199468744799774544e-07 6.732716632472173822e-08 1.000916735873469646e-08 1.388383329524404301e-09 1.806771524299173787e-10 2.216587613119288096e-11 2.574680240020980568e-12 2.842385874541030891e-13 2.992623922384970775e-14 3.014154871815458643e-15 2.912058588604861908e-16 2.684990049923397415e-17 0.000000000000000000e+00
0.000000000000000000e+00 8.217498552039891926e-17 8.971039979994540621e-16 9.345601684489416028e-15 9.336293697212714669e-14 8.919344082978727481e-13 8.122781001343563882e-12 7.026639420200777358e-11 5.750791169025935056e-10 4.432878439226591275e-09 3.201841264251760468e-08 2.154451776836979575e-07 1.341529184931364369e-06 7.671313129901434713e-06 3.993387780092224666e-05 1.873609530223894614e-04 7.834399295239340925e-04 2.883974295344861067e-03 9.228406754657100461e-03 2.536749095313282909e-02 5.935189188914027220e-02 1.174794462021999525e-01 1.955130208596975450e-01 2.711560251336768146e-01 3.151037335936765493e-01 3.151037336463774485e-01 2.711560252319288877e-01 1.955130209691031407e-01 1.174794462917605059e-01 5.935189196418133584e-02 2.536749102226922362e-02 9.228406786718230254e-03 2.883974313034281308e-03 7.834399372462332381e-04 1.873609562119347960e-04 3.993387902253193344e-05 7.671313563601285716e-06 1.341529327543537406e-06 2.154452210573996266e-07 3.201842485283925097e-08 4.432881628723967738e-09 5.750798926163101040e-10 7.026657054266419343e-11 8.122818620234773575e-12 8.919419687378468060e-13 9.336437366620188945e-14 9.345860702034793977e-15 8.971484225323948511e-16 8.218213407970570625e-17 0.000000000000000000e+00
0.000000000000000000e+00 2.168299921449323916e-16 2.381798917997335747e-15 2.496421446081725065e-14 2.508614634002473981e-13 2.409963160878088822e-12 2.206127673141362122e-11 1.917355219495434706e-10 1.575533697988543641e-09 1.218324332019821575e-08 8.818076647562699815e-08 5.937144669896816482e-07 3.692097960070993211e-06 2.103094912758280579e-05 1.086771758704533491e-04 5.037628527990371634e-04 2.067670915000541666e-03 7.405326036350921674e-03 2.278438160254750086e-02 5.935189188914025138e-02 1.296598976828346184e-01 2.376008305541724153e-01 3.681726387550305901e-01 4.846248864328718819e-01 5.492451298361796796e-01 5.492451297658541565e-01 4.846248862363158327e-01 3.681726384599340318e-01 2.376008302048368825e-01 1.296598973573570845e-01 5.935189168857646358e-02 2.278438151420823093e-02 7.405325989769350609e-03 2.067670894734020132e-03 5.037628434701224610e-04 1.086771718335446973e-04 2.103094751218390703e-05 3.692097371664437286e-06 5.937142725115995613e-07 8.818070792305409788e-08 1.218322716135828111e-08 1.575529582833246448e-09 1.917345485894015306e-10 2.206106163846611004e-11 2.409918520731552403e-12 2.508527217049046176e-13 2.496259255778552421e-14 2.381512894924430074e-15 2.167827119645408641e-16 0.000000000000000000e+00
0.000000000000000000e+00 4.831409101664711784e-16 5.336229926476778726e-15 5.623418854965349033e-14 5.680564681559485968e-13 5.484518009475062906e-12 5.044192025772415859e-11 4.402671235871714133e-10 3.631268607100955524e-09 2.816447374218978174e-08 2.042742467252286158e-07 1.376505782367876660e-06 8.552822619374757528e-06 4.856756381969062658e-05 2.494132647848548820e-04 1.143930556105919160e-03 4.616819324974453034e-03 1.611415465765631688e-02 4.770278105487388981e-02 1.174794462022000080e-01 2.376008305541724708e-01 3.965250164411524003e-01 5.609497687748048467e-01 6.894966144574389277e-01 7.556038366088891900e-01 7.556038364265051932e-01 6.894966140373619545e-01 5.609497682919033501e-01 3.965250160019678782e-01 2.376008301652318966e-01 1.174794458741713482e-01 4.770278087431911035e-02 1.611415459581267903e-02 4.616819311383454048e-03 1.143930559818627686e-03 2.494132697329050439e-04 4.856756675590469008e-05 8.552823916897734244e-06 1.376506260312155061e-06 2.042744005016569191e-07 2.816451808179674380e-08 3.631280255776581452e-09 4.402699449143891161e-10 5.044255586674226113e-11 5.484652145583533762e-12 5.680831379504396601e-13 5.623920849582396214e-14 5.337127642027664052e-15 4.832913609371206679e-16 0.000000000000000000e+00
0.000000000000000000e+00 8.896468339481998711e-16 9.868260405353172896e-15 1.044370379595062909e-13 1.059341628958522235e-12 1.026822366264441464e-11 9.478880521132572941e-11 8.301439728097834348e-10 6.867317310114430131e-09 5.339301876831227222e-08 3.879144660957756944e-07 2.615892568417118786e-06 1.624440486361556279e-05 9.202731120498284980e-05 4.703103138766434143e-04 2.139056241354316597e-03 8.517086989445140505e-03 2.910542170536368350e-02 8.340138449568951229e-02 1.955130208596975172e-01 3.681726387550304236e-01 5.609497687748047356e-01 7.259381600009007229e-01 8.357446043827422288e-01 8.869020122635036252e-01 8.869020122939967887e-01 8.357446045006153845e-01 7.259381602488260699e-01 5.609497691995892765e-01 3.681726391984662117e-01 1.955130210664872137e-01 8.340138450889607313e-02 2.910542166869134820e-02 8.517086951275633019e-03 2.139056217653463252e-03 4.703103028338849099e-04 9.202730683412321854e-05 1.624440335791108988e-05 2.615892104335518184e-06 3.879143360507158229e-07 5.339298523784793577e-08 6.867309280474401353e-09 8.301421734653009558e-10 9.478842557402337405e-11 1.026814785660792666e-11 1.059327240013043476e-12 1.044344318817270438e-13 9.867808827383842123e-15 8.895728781987343866e-16 0.000000000000000000e+00
0.000000000000000000e+00 1.331091517916634544e-15 1.480335924014313580e-14 1.570683023042482995e-13 1.597136463607783638e-12 1.551734413376736098e-11 1.435563252142705503e-10 1.259700054110404929e-09 1.043820793972780465e-08 8.126194847848642372e-08 5.908681896909841117e-07 3.985150346323673800e-06 2.472974997899349297e-05 1.398316473083424357e-04 7.120712116754430087e-04 3.219439480707500436e-03 1.269867042556940828e-02 4.276396193297539450e-02 1.197901511888941756e-01 2.711560251336765925e-01 4.846248864328718819e-01 6.894966144574389277e-01 8.357446043827421178e-01 9.179697996642427471e-01 9.520700359757839903e-01 9.520700364825774864e-01 9.179698009822183646e-01 8.357446061146854843e-01 6.894966164386155949e-01 4.846248883686351538e-01 2.711560265491496646e-01 1.197901519217319105e-01 4.276396217588328968e-02 1.269867046880185889e-02 3.219439460148176228e-03 7.120711893866496934e-04 1.398316346105853917e-04 2.472974444958802079e-05 3.985148319409508895e-06 5.908675372740601656e-07 8.126175967044753117e-08 1.043815804288688580e-08 1.259687877409857089e-09 1.435535577196436073e-10 1.551675435813926071e-11 1.597017956431477112e-12 1.570457451242511711e-13 1.479927791603342882e-14 1.330399449926534946e-15 0.000000000000000000e+00
0.000000000000000000e+00 1.615343735217283703e-15 1.797998020275303927e-14 1.909283617943357123e-13 1.942884778079447439e-12 1.888901239582921387e-11 1.748464441402271582e-10 1.534934878589468476e-09 1.272242508131810060e-08 9.905315346944163993e-08 7.201158294449045083e-07 4.854564322558121056e-06 3.009815758490732429e-05 1.699420211608951867e-04 8.635065420610645416e-04 3.891405344818206664e-03 1.527544645396068136e-02 5.107458605324510792e-02 1.415312072514629815e-01 3.151037335936764383e-01 5.492451298361796796e-01 7.556038366088886349e-01 8.869020122635036252e-01 9.520700359757831022e-01 9.764938462658711016e-01 9.764938471885404869e-01 9.520700383995784888e-01 8.869020154682171198e-01 7.556038401377178637e-01 5.492451333031170835e-01 3.151037364886351555e-01 1.415312092245207820e-01 5.107458713353116297e-02 1.527544696839856775e-02 3.891405555660425782e-03 8.635066176977594741e-04 1.699420454130405633e-04 3.009816456330860669e-05 4.854566144421501463e-06 7.201162633654126758e-07 9.905324816775973897e-08 1.272244406102696257e-08 1.534938370542601999e-09 1.748470313394187472e-10 1.888910162046952178e-11 1.942896704422596113e-12 1.909296675192940486e-13 1.798006735822191067e-14 1.615337786667415038e-15 0.000000000000000000e+00
0.000000000000000000e+00 1.615343734697612904e-15 1.797998020217078734e-14 1.909283617942860835e-13 1.942884778077652926e-12 1.888901239583930805e-11 1.748464441401416484e-10 1.534934878589711667e-09 1.272242508132800196e-08 9.905315346939550311e-08 7.201158294420907707e-07 4.854564322596968528e-06 3.009815758516561513e-05 1.699420211479046557e-04 8.635065422404241070e-04 3.891405343409719188e-03 1.527544646073497776e-02 5.107458603509679868e-02 1.415312072648732544e-01 3.151037336463772265e-01 5.492451297658539344e-01 7.556038364265047491e-01 8.869020122939970108e-01 9.520700364825767092e-01 9.764938471885405979e-01 9.764938483294887117e-01 9.520700395833916474e-01 8.869020165472423223e-01 7.556038411088090712e-01 5.492451344013526970e-01 3.151037378219348484e-01 1.415312105857629288e-01 5.107458823808274512e-02 1.527544769415039097e-02 3.891405953432788140e-03 8.635068043909452330e-04 1.699421220543129391e-04 3.009819255046875604e-05 4.854575359490730388e-06 7.201190295049149539e-07 9.905401208670988795e-08 1.272263964776579438e-08 1.534985097694015853e-09 1.748575063907686766e-10 1.889131571746404684e-11 1.943339826791495873e-12 1.910139522739368656e-13 1.799534466471938345e-14 1.617938435302772609e-15 0.000000000000000000e+00
0.000000000000000000e+00 1.331091516535953424e-15 1.480335923862107917e-14 1.570683023040074255e-13 1.597136463603526162e-12 1.551734413379243166e-11 1.435563252140455572e-10 1.259700054111161799e-09 1.043820793975289138e-08 8.126194847834970730e-08 5.908681896837683439e-07 3.985150346429587647e-06 2.472974997959667868e-05 1.398316472740846828e-04 7.120712121646805655e-04 3.219439476738833027e-03 1.269867044552041961e-02 4.276396187474614669e-02 1.197901512545356262e-01 2.711560252319287212e-01 4.846248862363153331e-01 6.894966140373616215e-01 8.357446045006151625e-01 9.179698009822171434e-01 9.520700383995791549e-01 9.520700395833916474e-01 9.179698042322353979e-01 8.357446092520947056e-01 6.894966193788086839e-01 4.846248915588526884e-01 2.711560302512669440e-01 1.197901556484664010e-01 4.276396520435070403e-02 1.269867247155353866e-02 3.219440565989861378e-03 7.120717120924103128e-04 1.398318505655021555e-04 2.472982375887036781e-05 3.985174565124879271e-06 5.908754514285137796e-07 8.126395433453253662e-08 1.043872208020747455e-08 1.259823107661705266e-09 1.435839743086384477e-10 1.552320398687607177e-11 1.598312735121156237e-12 1.572927568007875863e-13 1.484418173668883941e-14 1.338064456511292899e-15 0.000000000000000000e+00
0.000000000000000000e+00 8.896468321778388193e-16 9.868260403517692363e-15 1.044370379585727213e-13 1.059341628956891905e-12 1.026822366265563328e-11 9.478880521114471903e-11 8.301439728104877791e-10 6.867317310144085383e-09 5.339301876811399372e-08 3.879144660876831946e-07 2.615892568547807076e-06 1.624440486417937164e-05 9.202731116512123536e-05 4.703103144705185696e-04 2.139056236379203828e-03 8.517087015321680998e-03 2.910542162619630946e-02 8.340138459670928817e-02 1.955130209691030851e-01 3.681726384599340318e-01 5.609497682919031281e-01 7.259381602488261809e-01 8.357446061146852623e-01 8.869020154682166757e-01 8.869020165472421002e-01 8.357446092520951497e-01 7.259381652109841987e-01 5.609497740081281769e-01 3.681726441708156328e-01 1.955130264984096533e-01 8.340138982331908590e-02 2.910542595604193733e-02 8.517089791972062840e-03 2.139057794912877473e-03 4.703110535486318953e-04 9.202761928335910914e-05 1.624451895903242010e-05 2.615930640755545334e-06 3.879260396300851363e-07 5.339625338572554455e-08 6.868154908600255163e-09 8.303462558840051261e-10 9.483462426090338036e-11 1.027800551331283175e-11 1.061318334350487013e-12 1.048165634762741488e-13 9.937683672019757182e-15 9.015659161747863729e-16 0.000000000000000000e+00
0.000000000000000000e+00 4.831409084629935012e-16 5.336229924935857276e-15 5.623418854749971073e-14 5.680564681625146458e-13 5.484518009438790551e-12 5.044192025780663754e-11 4.402671235869474541e-10 3.631268607127177563e-09 2.816447374196214495e-08 2.042742467194447307e-07 1.376505782481908047e-06 8.552822619585909289e-06 4.856756378864744505e-05 2.494132652883654724e-04 1.143930551633959465e-03 4.616819349573424332e-03 1.611415457719285460e-02 4.770278117176318666e-02 1.174794462917604226e-01 2.376008302048366883e-01 3.965250160019681558e-01 5.609497691995898316e-01 6.894966164386163721e-01 7.556038401377181968e-01 7.556038411088094042e-01 6.894966193788092390e-01 5.609497740081281769e-01 3.965250216056459553e-01 2.376008359214365484e-01 1.174794520993162616e-01 4.770278694666008762e-02 1.611415950523308049e-02 4.616822578771072327e-03 1.143932383710670724e-03 2.494141427505273761e-04 4.856793218787167782e-05 8.552959889387995061e-06 1.376551841640439476e-06 2.042883198410899011e-07 2.816842596676703419e-08 3.632296775806879703e-09 4.405165467766190983e-10 5.049866509929102396e-11 5.496684595415862980e-12 5.705255089384180977e-13 5.671022664034453888e-14 5.423667471557815394e-15 4.982109799876373515e-16 0.000000000000000000e+00
0.000000000000000000e+00 2.168299907714601048e-16 2.381798916965803873e-15 2.496421445791362405e-14 2.508614634131713379e-13 2.409963160804520235e-12 2.206127673172128394e-11 1.917355219484761750e-10 1.575533698008415207e-09 1.218324331998361697e-08 8.818076647256781955e-08 5.937144670721036715e-07 3.692097959985345898e-06 2.103094910823099980e-05 1.086771762231670299e-04 5.037628494543485965e-04 2.067670934372943352e-03 7.405325969921510224e-03 2.278438170436716467e-02 5.935189196418131502e-02 1.296598973573571401e-01 2.376008301652321741e-01 3.681726391984662672e-01 4.846248883686349873e-01 5.492451333031174165e-01 5.492451344013525860e-01 4.846248915588520223e-01 3.681726441708154662e-01 2.376008359214365206e-01 1.296599033425666347e-01 5.935189811822480510e-02 2.278438767702259046e-02 7.405330896840621631e-03 2.067674125991333500e-03 5.037646349228869138e-04 1.086780258327076147e-04 2.103130422025598033e-05 3.692229999394080032e-06 5.937587448828803223e-07 8.819430275761001055e-08 1.218705014923364907e-08 1.576526090449635620e-09 1.919768862644216126e-10 2.211635132946219343e-11 2.421810406952297130e-12 2.532741872239157823e-13 2.543112816621117904e-14 2.467893133694384499e-15 2.317247508130104315e-16 0.000000000000000000e+00
0.000000000000000000e+00 8.217498452952963189e-17 8.971039974348278552e-16 9.345601681361634603e-15 9.336293698863033139e-14 8.919344082007995893e-13 8.122781001816840440e-12 7.026639420007613883e-11 5.750791169187323163e-10 4.432878439062179202e-09 3.201841264125483076e-08 2.154451777318202021e-07 1.341529184785396663e-06 7.671313119881699021e-06 3.993387799982321451e-05 1.873609510761404997e-04 7.834399409124272141e-04 2.883974256857848011e-03 9.228406807683926447e-03 2.536749102226918892e-02 5.935189168857649133e-02 1.174794458741715286e-01 1.955130210664872414e-01 2.711560265491496091e-01 3.151037364886349335e-01 3.151037378219345708e-01 2.711560302512667775e-01 1.955130264984095978e-01 1.174794520993162755e-01 5.935189811822481204e-02 2.536749730775786707e-02 9.228412430150335563e-03 2.883978575928722397e-03 7.834426416650726093e-04 1.873624180113897704e-04 3.993456410546133159e-05 7.671596520052541065e-06 1.341633783870824450e-06 2.154800995221874836e-07 3.202906481306367263e-08 4.435872264192786250e-09 5.758600151317989050e-10 7.045660389087033238e-11 8.166279106498120967e-12 9.013173672653792620e-13 9.527995750954574417e-14 9.717913439099375200e-15 9.660193837141081890e-16 9.414384859749294494e-17 0.000000000000000000e+00
0.000000000000000000e+00 2.685017450562779838e-17 2.912075739531564788e-16 3.014164690112932536e-15 2.992629106702331739e-14 2.842388347538849624e-13 2.574681269732207726e-12 2.216587952856655540e-11 1.806771582347022019e-10 1.388383299089450061e-09 1.000916694708799331e-08 6.732716340549048785e-08 4.199468578931866930e-07 2.411916683994801444e-06 1.265473387376592498e-05 6.011848578530030118e-05 2.560710209852216121e-04 9.676124750491106900e-04 3.207941535449060268e-03 9.228406786718221580e-03 2.278438151420822746e-02 4.770278087431916586e-02 8.340138450889608701e-02 1.197901519217319383e-01 1.415312092245206155e-01 1.415312105857628178e-01 1.197901556484664981e-01 8.340138982331916917e-02 4.770278694666012231e-02 2.278438767702258699e-02 9.228412430150337298e-03 3.207946164628704480e-03 9.676157708917802183e-04 2.560729920517196192e-04 6.011951881114635190e-05 1.265520615831173531e-05 2.412108683821117556e-06 4.200169789587862073e-07 6.735041567386333536e-08 1.001623090883277120e-08 1.390364672286234635e-09 1.811937365802242459e-10 2.229179902981533362e-11 2.603525015857459729e-12 2.904755964486102783e-13 3.120430705139503557e-14 3.263227346415334459e-15 3.374851358190556664e-16 3.491873385736698500e-17 0.000000000000000000e+00
0.000000000000000000e+00 7.701916502954312837e-18 8.297184752509019729e-17 8.531601982520443792e-16 8.417560256231145444e-15 7.947985608947581614e-14 7.160650674282230153e-13 6.135360859055848852e-12 4.981104576185950640e-11 3.816186148463640789e-10 2.746378748842722000e-09 1.847080461518509483e-08 1.154252186826665608e-07 6.658800741294266159e-07 3.520709238033235740e-06 1.692422107328904511e-05 7.331242561513100795e-05 2.834192872607575850e-04 9.676125053661663051e-04 2.883974313034277839e-03 7.405325989769353211e-03 1.611415459581268944e-02 2.910542166869134126e-02 4.276396217588329662e-02 5.107458713353113522e-02 5.107458823808270348e-02 4.276396520435067627e-02 2.910542595604194080e-02 1.611415950523308743e-02 7.405330896840624233e-03 2.883978575928722397e-03 9.676157708917798930e-04 2.834214679986970424e-04 7.331367488797858563e-05 1.692485316091357233e-05 3.520991339924882334e-06 6.659927818653801306e-07 1.154658897122326870e-07 1.848418259902202494e-08 2.750422124487285700e-09 3.827494678423615279e-10 5.010553443167723312e-11 6.207156842283017775e-12 7.325311960538061415e-13 8.304761464484625386e-14 9.150655792387753617e-15 9.964964911103644823e-16 1.097037061391099197e-16 1.238062187311717017e-17 0.000000000000000000e+00
0.000000000000000000e+00 1.969291612546722851e-18 2.107145206139471413e-17 2.152358984698155605e-16 2.110258094231152542e-15 1.980856705314683604e-14 1.775091301734372022e-13 1.513772514018091254e-12 1.224182267006048528e-11 9.351502891867263317e-11 6.718610404019219671e-10 4.517901791128562000e-09 2.828178632782505327e-08 1.638217803316611690e-07 8.721928491437800196e-07 4.236224042728787104e-06 1.861447048740211155e-05 7.331242016304227629e-05 2.560710192023896463e-04 7.834399372462322623e-04 2.067670894734020132e-03 4.616819311383453181e-03 8.517086951275636489e-03 1.269867046880186583e-02 1.527544696839855907e-02 1.527544769415037189e-02 1.269867247155353519e-02 8.517089791972052432e-03 4.616822578771072327e-03 2.067674125991333933e-03 7.834426416650721757e-04 2.560729920517193481e-04 7.331367488797857208e-05 1.861516349785347391e-05 4.236563954874529036e-06 8.723411541371034978e-07 1.638800363881735282e-07 2.830255409966482032e-08 4.524675297086373632e-09 6.738968248043665537e-10 9.408248537801433407e-11 1.238935895469776411e-11 1.549734201119098530e-12 1.857642691741089635e-13 2.160045100184319717e-14 2.479381100341963184e-15 2.876326459386262653e-16 3.462181509657472068e-17 4.349875095487052874e-18 0.000000000000000000e+00
0.000000000000000000e+00 4.545638258223165920e-19 4.830988278167856249e-18 4.902145615794681261e-17 4.776254447286741162e-16 4.457293161288484106e-15 3.973132371741557789e-14 3.372454145966411572e-13 2.716722721890698878e-12 2.069235212126007895e-11 1.484029147806651590e-10 9.975772132191658409e-10 6.253171385684207504e-09 3.634349122861397171e-08 1.946060386603408716e-07 9.531915645160678824e-07 4.236224480656372670e-06 1.692422045621124174e-05 6.011848792685095056e-05 1.873609562119347418e-04 5.037628434701224610e-04 1.143930559818627469e-03 2.139056217653464119e-03 3.219439460148177962e-03 3.891405555660424048e-03 3.891405953432782068e-03 3.219440565989861811e-03 2.139057794912876606e-03 1.143932383710671158e-03 5.037646349228871306e-04 1.873624180113895807e-04 6.011951881114629092e-05 1.692485316091355877e-05 4.236563954874529036e-06 9.533538528290376733e-07 1.946754589527463995e-07 3.637034510852804344e-08 6.262636072024033891e-09 1.000639000990911980e-09 1.493180180221034946e-10 2.094654342387730920e-11 2.782693754637098050e-12 3.533191357457755072e-13 4.342370325017379568e-14 5.260064773728404787e-15 6.433843912923051434e-16 8.162878086417109411e-17 1.095525966328782052e-17 1.534461712759728439e-18 0.000000000000000000e+00
0.000000000000000000e+00 9.573098257902633494e-20 1.010572622727048986e-18 1.018747858257989898e-17 9.864343037990817436e-17 9.152433096084047664e-16 8.115328314466376994e-15 6.856391298815226465e-14 5.501666056045279329e-13 4.177769475460740792e-12 2.990353933569178929e-11 2.008702068551911739e-10 1.260065406300279198e-09 7.341302415113542509e-09 3.947983552813961141e-08 1.946060206755721263e-07 8.721929236354292332e-07 3.520708898333252730e-06 1.265473410671306028e-05 3.993387902253194021e-05 1.086771718335447786e-04 2.494132697329050981e-04 4.703103028338850183e-04 7.120711893866498018e-04 8.635066176977590404e-04 8.635068043909445825e-04 7.120717120924103128e-04 4.703110535486319495e-04 2.494141427505274845e-04 1.086780258327077231e-04 3.993456410546131126e-05 1.265520615831173192e-05 3.520991339924881064e-06 8.723411541371034978e-07 1.946754589527463995e-07 3.950905528823624699e-08 7.352457800235777684e-09 1.263957738059837440e-09 2.021200531098090993e-10 3.027516445838941093e-11 4.280657435246450417e-12 5.768230961073851060e-13 7.505582479825366866e-14 9.607550275014808143e-15 1.240162531893207756e-15 1.658849221047416100e-16 2.345287003493770524e-17 3.510483258954010399e-18 5.381280561120895465e-19 0.000000000000000000e+00
0.000000000000000000e+00 1.855837238245544696e-20 1.946031110320329367e-19 1.949024059376213748e-18 1.875576686686278246e-17 1.730204221184544534e-16 1.526065812194476272e-15 1.283278370687676987e-14 1.025592507965654791e-13 7.762991656373810087e-13 5.543921985786329365e-12 3.719521618238020249e-11 2.333303943036408567e-10 1.361273758942843112e-09 7.341302756972316053e-09 3.634348766087056014e-08 1.638218047881308583e-07 6.658799932809416698e-07 2.411916766722269000e-06 7.671313563601285716e-06 2.103094751218392735e-05 4.856756675590471719e-05 9.202730683412332696e-05 1.398316346105855001e-04 1.699420454130405633e-04 1.699421220543129120e-04 1.398318505655021826e-04 9.202761928335910914e-05 4.856793218787170492e-05 2.103130422025599727e-05 7.671596520052544453e-06 2.412108683821117556e-06 6.659927818653802365e-07 1.638800363881735547e-07 3.637034510852804344e-08 7.352457800235778512e-09 1.365486797162373059e-09 2.347880031178713650e-10 3.766028987463451138e-11 5.681583710080715855e-12 8.143020744338956026e-13 1.123902883290954903e-13 1.522622506273460823e-14 2.076580333154590716e-15 2.930699890845590649e-16 4.365469996860842896e-17 6.874891987454197639e-18 1.125978103007916810e-18 1.839620907807399610e-19 0.000000000000000000e+00
0.000000000000000000e+00 3.336688268970367205e-21 3.475679891369868782e-20 3.458517422571216233e-19 3.307741277153703637e-18 3.033790199351964475e-17 2.661643572758607285e-16 2.227490571228100361e-15 1.772780200021814715e-14 1.337213764236901637e-13 9.524216529291867398e-13 6.378677670257069868e-12 3.998306871067574611e-11 2.333303938742160904e-10 1.260065482869254315e-09 6.253170478536742203e-09 2.828179238372448830e-08 1.154251980108299580e-07 4.199468744799773485e-07 1.341529327543538041e-06 3.692097371664440674e-06 8.552823916897739327e-06 1.624440335791112715e-05 2.472974444958803435e-05 3.009816456330860330e-05 3.009819255046875943e-05 2.472982375887036442e-05 1.624451895903243365e-05 8.552959889387991673e-06 3.692229999394080456e-06 1.341633783870824027e-06 4.200169789587863661e-07 1.154658897122326606e-07 2.830255409966481701e-08 6.262636072024038854e-09 1.263957738059837854e-09 2.347880031178714684e-10 4.048394762071345840e-11 6.537665022388643622e-12 9.993087861915784064e-13 1.466348218037085664e-13 2.106456880604948561e-14 3.039761484018936729e-15 4.531414434618426596e-16 7.117528095565907670e-17 1.179651436960796863e-17 2.029931829433611011e-18 3.542276447937319128e-19 6.027065926874640258e-20 0.000000000000000000e+00
0.000000000000000000e+00 5.599582456310048863e-22 5.794407205453745962e-21 5.728611207338971922e-20 5.445187734445469211e-19 4.965271335075206462e-18 4.332736912712305902e-17 3.608182707402069028e-16 2.859049382463250024e-15 2.148449385876433997e-14 1.525470514526703981e-13 1.019236515313994544e-12 6.378677599040895254e-12 3.719521590419881319e-11 2.008702227497457141e-10 9.975770015937550018e-10 4.517903197903880557e-09 1.847079975934781453e-08 6.732716632472172499e-08 2.154452210573996795e-07 5.937142725116004084e-07 1.376506260312155697e-06 2.615892104335521572e-06 3.985148319409513977e-06 4.854566144421501463e-06 4.854575359490731235e-06 3.985174565124876730e-06 2.615930640755547875e-06 1.376551841640439476e-06 5.937587448828805340e-07 2.154800995221874306e-07 6.735041567386336183e-08 1.848418259902201833e-08 4.524675297086372804e-09 1.000639000990912807e-09 2.021200531098093061e-10 3.766028987463453722e-11 6.537665022388647661e-12 1.069501948864906000e-12 1.673295587618552770e-13 2.554893426093920992e-14 3.908549978215927147e-15 6.163499533673414772e-16 1.022068239889961158e-16 1.784681861339156358e-17 3.228353339442165893e-18 5.912439559843371146e-19 1.074214436221684451e-19 1.873480266578698714e-20 0.000000000000000000e+00
0.000000000000000000e+00 8.819505154103082952e-23 9.066435026286905910e-22 8.905667978640067572e-21 8.412795279796160665e-20 7.626401080972890899e-19 6.618314319199092035e-18 5.483545097937726075e-17 4.324972130220818398e-16 3.236659817537797140e-15 2.289952704460333048e-14 1.525470503400698126e-13 9.524216364461717290e-13 5.543921951704841844e-12 2.990354263053172544e-11 1.484028695564227051e-10 6.718613487746660399e-10 2.746377688571031460e-09 1.000916735873469977e-08 3.201842485283927082e-08 8.818070792305420376e-08 2.042744005016571838e-07 3.879143360507162994e-07 5.908675372740610127e-07 7.201162633654133111e-07 7.201190295049149539e-07 5.908754514285135678e-07 3.879260396300855598e-07 2.042883198410900599e-07 8.819430275761003702e-08 3.202906481306367263e-08 1.001623090883277120e-08 2.750422124487285700e-09 6.738968248043665537e-10 1.493180180221034946e-10 3.027516445838944324e-11 5.681583710080721510e-12 9.993087861915786083e-13 1.673295587618553022e-13 2.723870351682247064e-14 4.428508334614430974e-15 7.401931102514918499e-16 1.297958228083672284e-16 2.391239678489856281e-17 4.553321577802979657e-18 8.758284257775145028e-19 1.668785695298557129e-19 3.107442435496578831e-20 5.502511483782134302e-21 0.000000000000000000e+00
0.000000000000000000e+00 1.309922810945301377e-23 1.337772038145809397e-22 1.305550152582463073e-21 1.225624896271389593e-20 1.104458779569029926e-19 9.530795370585317045e-19 7.855045953450226324e-18 6.165176441621729576e-17 4.593213818608141951e-16 3.236660019661007158e-15 2.148449408215084091e-14 1.337213745564160871e-13 7.762991671856171422e-13 4.177770116494165527e-12 2.069234303196729665e-11 9.351509239561793447e-11 3.816183964996099566e-10 1.388383329524404094e-09 4.432881628723971047e-09 1.218322716135829600e-08 2.816451808179674711e-08 5.339298523784799533e-08 8.126175967044762382e-08 9.905324816775980514e-08 9.905401208670986148e-08 8.126395433453254985e-08 5.339625338572561072e-08 2.816842596676706728e-08 1.218705014923365072e-08 4.435872264192787077e-09 1.390364672286235876e-09 3.827494678423617347e-10 9.408248537801434699e-11 2.094654342387730920e-11 4.280657435246453649e-12 8.143020744338960065e-13 1.466348218037086169e-13 2.554893426093922570e-14 4.428508334614430185e-15 7.865826075434163185e-16 1.461689229816062026e-16 2.846509412172997471e-17 5.715460876353293746e-18 1.156509727901092524e-18 2.312999564722724281e-19 4.514623256499732498e-20 8.534914781494455294e-21 1.526351869200456796e-21 0.000000000000000000e+00
0.000000000000000000e+00 1.842300547077771038e-24 1.869147702477850959e-23 1.812265248659702650e-22 1.690632048627535730e-21 1.514291966292101303e-20 1.299205600057194178e-19 1.064914956710026971e-18 8.315135389668297709e-18 6.165174738031739520e-17 4.324972137102107294e-16 2.859049267421131972e-15 1.772780123631669368e-14 1.025592509941134659e-13 5.501667183630705079e-13 2.716720990033684836e-12 1.224183500040741453e-11 4.981100316891595282e-11 1.806771524299173529e-10 5.750798926163102074e-10 1.575529582833247482e-09 3.631280255776579384e-09 6.867309280474407143e-09 1.043815804288690069e-08 1.272244406102696588e-08 1.272263964776579273e-08 1.043872208020747786e-08 6.868154908600264262e-09 3.632296775806880530e-09 1.576526090449635413e-09 5.758600151317992152e-10 1.811937365802245044e-10 5.010553443167727190e-11 1.238935895469776573e-11 2.782693754637098050e-12 5.768230961073851060e-13 1.123902883290954903e-13 2.106456880604948561e-14 3.908549978215928725e-15 7.401931102514917513e-16 1.461689229816061286e-16 3.016137638164039168e-17 6.399713473529088506e-18 1.364974551501314584e-18 2.870659759817784931e-19 5.879049644920923755e-20 1.164628191453772117e-20 2.223621317355806468e-21 4.004933313676429733e-22 0.000000000000000000e+00
0.000000000000000000e+00 2.462454337666572964e-25 2.482005043318231231e-24 2.390711291828939547e-23 2.216084093276666709e-22 1.972722149374584585e-21 1.682503266969475526e-20 1.371260393840664687e-19 1.064916183456370553e-18 7.855045599030116277e-18 5.483546419048217191e-17 3.608182797342897345e-16 2.227490516767011488e-15 1.283278416904985597e-14 6.856393245526674837e-14 3.372451043626969132e-13 1.513774790705582013e-12 6.135352963364933449e-12 2.216587613119287450e-11 7.026657054266424513e-11 1.917345485894016340e-10 4.402699449143886508e-10 8.301421734653011626e-10 1.259687877409857916e-09 1.534938370542601792e-09 1.534985097694016266e-09 1.259823107661705059e-09 8.303462558840058498e-10 4.405165467766190466e-10 1.919768862644216126e-10 7.045660389087038408e-11 2.229179902981537563e-11 6.207156842283023430e-12 1.549734201119099136e-12 3.533191357457754567e-13 7.505582479825364342e-14 1.522622506273460192e-14 3.039761484018937123e-15 6.163499533673413786e-16 1.297958228083672530e-16 2.846509412172997471e-17 6.399713473529089276e-18 1.442245801626498239e-18 3.196489184572073011e-19 6.882207337165150077e-20 1.430158327977529263e-20 2.860657908640471194e-21 5.500923607825107531e-22 9.964140419077653388e-23 0.000000000000000000e+00
0.000000000000000000e+00 3.138049788498397271e-26 3.142393139816580325e-25 3.006813771098293691e-24 2.769258925810534478e-23 2.449679357947816479e-22 2.076601930117197602e-21 1.682495942410277500e-20 1.299206079296019556e-19 9.530785529496255273e-19 6.618314624041870313e-18 4.332736313427397820e-17 2.661643248093470416e-16 1.526065886734330340e-15 8.115331251109115403e-15 3.973127058121841136e-14 1.775095296444408154e-13 7.160636681854529455e-13 2.574680240020978549e-12 8.122818620234780038e-12 2.206106163846612297e-11 5.044255586674223528e-11 9.478842557402334820e-11 1.435535577196435556e-10 1.748470313394187472e-10 1.748575063907687542e-10 1.435839743086383701e-10 9.483462426090336744e-11 5.049866509929098518e-11 2.211635132946218696e-11 8.166279106498130661e-12 2.603525015857463364e-12 7.325311960538069493e-13 1.857642691741090897e-13 4.342370325017381461e-14 9.607550275014811298e-15 2.076580333154590716e-15 4.531414434618430540e-16 1.022068239889961528e-16 2.391239678489859671e-17 5.715460876353296057e-18 1.364974551501314969e-18 3.196489184572072048e-19 7.252206395532315046e-20 1.584172640415719915e-20 3.323515302463979165e-21 6.694429007517835691e-22 1.294754166200226925e-22 2.357175955131607665e-23 0.000000000000000000e+00
0.000000000000000000e+00 3.823479646113133319e-27 3.804230785586661341e-26 3.615814208223833200e-25 3.308475189426145043e-24 2.907926973220139775e-23 2.449715783553168166e-22 1.972718226722107708e-21 1.514298158505905181e-20 1.104458179916373822e-19 7.626406896175853604e-19 4.965271730866742268e-18 3.033789905944365044e-17 1.730204547501639461e-16 9.152437504825546697e-16 4.457284600655999850e-15 1.980863413028267828e-14 7.947961861324405811e-14 2.842385874541027861e-13 8.919419687378472099e-13 2.409918520731553615e-12 5.484652145583536185e-12 1.026814785660792828e-11 1.551675435813925748e-11 1.888910162046952178e-11 1.889131571746404684e-11 1.552320398687606208e-11 1.027800551331283175e-11 5.496684595415854902e-12 2.421810406952296322e-12 9.013173672653806756e-13 2.904755964486106822e-13 8.304761464484627910e-14 2.160045100184320032e-14 5.260064773728410309e-15 1.240162531893209136e-15 2.930699890845594100e-16 7.117528095565916298e-17 1.784681861339156975e-17 4.553321577802986591e-18 1.156509727901093487e-18 2.870659759817786857e-19 6.882207337165152484e-20 1.584172640415719012e-20 3.493431329758767455e-21 7.379830412866990113e-22 1.494954866938587825e-22 2.906379932364136468e-23 5.317210790283321102e-24 0.000000000000000000e+00
0.000000000000000000e+00 4.465068686328200754e-28 4.415119434067551174e-27 4.168152603850392075e-26 3.788800288876366271e-25 3.308322812124793657e-24 2.769282497831415195e-23 2.216051466143152913e-22 1.690637666668466203e-21 1.225620766048509839e-20 8.412797974174785368e-20 5.445186499176868484e-19 3.307739730879317417e-18 1.875577319012462332e-17 9.864348210620567804e-17 4.776241216046810395e-16 2.110268842654684268e-15 8.417521451829401664e-15 2.992623922384969512e-14 9.336437366620196518e-14 2.508527217049047186e-13 5.680831379504397611e-13 1.059327240013043274e-12 1.597017956431477314e-12 1.942896704422595709e-12 1.943339826791495873e-12 1.598312735121155632e-12 1.061318334350486609e-12 5.705255089384174918e-13 2.532741872239157319e-13 9.527995750954587039e-14 3.120430705139506712e-14 9.150655792387755195e-15 2.479381100341963973e-15 6.433843912923059323e-16 1.658849221047418812e-16 4.365469996860849059e-17 1.179651436960798712e-17 3.228353339442168975e-18 8.758284257775156584e-19 2.312999564722727652e-19 5.879049644920926162e-20 1.430158327977529865e-20 3.323515302463980294e-21 7.379830412866989173e-22 1.567802996910978799e-22 3.192303412419291220e-23 6.237626790877835461e-24 1.146903382694938851e-24 0.000000000000000000e+00
0.000000000000000000e+00 5.007918255470649886e-29 4.923757616109204077e-28 4.616629715294468315e-27 4.168718053481172469e-26 3.615712319131388618e-25 3.006962681175497377e-24 2.390676206252503334e-23 1.812290492796345898e-22 1.305546133543140669e-21 8.905684874539726033e-21 5.728614778199560965e-20 3.458514686986106793e-19 1.949025991761365708e-18 1.018748383492862383e-17 4.902126530859253135e-17 2.152375527734316585e-16 8.531540924164163628e-16 3.014154871815457065e-15 9.345860702034805021e-15 2.496259255778552421e-14 5.623920849582397476e-14 1.044344318817270059e-13 1.570457451242512216e-13 1.909296675192939476e-13 1.910139522739368908e-13 1.572927568007875358e-13 1.048165634762741866e-13 5.671022664034448839e-14 2.543112816621116326e-14 9.717913439099384666e-15 3.263227346415338009e-15 9.964964911103642851e-16 2.876326459386266104e-16 8.162878086417114341e-17 2.345287003493773297e-17 6.874891987454204573e-18 2.029931829433612937e-18 5.912439559843375960e-19 1.668785695298557611e-19 4.514623256499736109e-20 1.164628191453773020e-20 2.860657908640472698e-21 6.694429007517836631e-22 1.494954866938588531e-22 3.192303412419292983e-23 6.532855644374052609e-24 1.283128522156613981e-24 2.371881527383724156e-25 0.000000000000000000e+00
0.000000000000000000e+00 5.402251045217172083e-30 5.286908049286271624e-29 4.922872456772827254e-28 4.415936545493178720e-27 3.803840760724646295e-26 3.142638851317078972e-25 2.481904152932085828e-24 1.869189135924908696e-23 1.337761347197704275e-22 9.066449203819911729e-22 5.794416143010340972e-21 3.475671300717370783e-20 1.946035576750337963e-19 1.010572622501254692e-18 4.830962324718217387e-18 2.107169540231056857e-17 8.297091903481108324e-17 2.912058588604861415e-16 8.971484225323958372e-16 2.381512894924428496e-15 5.337127642027665630e-15 9.867808827383840545e-15 1.479927791603342882e-14 1.798006735822191382e-14 1.799534466471938345e-14 1.484418173668883625e-14 9.937683672019760337e-15 5.423667471557808294e-15 2.467893133694384499e-15 9.660193837141083862e-16 3.374851358190559622e-16 1.097037061391099937e-16 3.462181509657473917e-17 1.095525966328782515e-17 3.510483258954011940e-18 1.125978103007917003e-18 3.542276447937322498e-19 1.074214436221686016e-19 3.107442435496581238e-20 8.534914781494456799e-21 2.223621317355808348e-21 5.500923607825110353e-22 1.294754166200227160e-22 2.906379932364137643e-23 6.237626790877837665e-24 1.283128522156614348e-24 2.534132446940310270e-25 4.711707816250822866e-26 0.000000000000000000e+00
0.000000000000000000e+00 5.556963135737167978e-31 5.424678687386041665e-30 5.016260776463436971e-29 4.471128790639203984e-28 3.824515171544031367e-27 3.139261951109329874e-26 2.462525972701444719e-25 1.842475120955286420e-24 1.309937139571778907e-23 8.819611701456610747e-23 5.599642453122275879e-22 3.336674478531909222e-21 1.855849966710566838e-20 9.573086875538830160e-20 4.545607733574659070e-19 1.969325580153824146e-18 7.701782395220080459e-18 2.684990049923396491e-17 8.218213407970579253e-17 2.167827119645407409e-16 4.832913609371206679e-16 8.895728781987347810e-16 1.330399449926534551e-15 1.615337786667415433e-15 1.617938435302772412e-15 1.338064456511292702e-15 9.015659161747863729e-16 4.982109799876369571e-16 2.317247508130104315e-16 9.414384859749293262e-17 3.491873385736700965e-17 1.238062187311717942e-17 4.349875095487053645e-18 1.534461712759729016e-18 5.381280561120898354e-19 1.839620907807401054e-19 6.027065926874645073e-20 1.873480266578699316e-20 5.502511483782140321e-21 1.526351869200457737e-21 4.004933313676430203e-22 9.964140419077656915e-23 2.357175955131609429e-23 5.317210790283322571e-24 1.146903382694938667e-24 2.371881527383724156e-25 4.711707816250823440e-26 8.818637568420277452e-27 0.000000000000000000e+00
0.000000000000000000e+00 0.000000000000000000e+00 0.000000000000000000e+00 0.000000000000000000e+00 0.000000000000000000e+00 0.000000000000000000e+00 0.000000000000000000e+00 0.000000000000000000e+00 0.000000000000000000e+00 0.000000000000000000e+00 0.000000000000000000e+00 0.000000000000000000e+00 0.000000000000000000e+00 0.000000000000000000e+00 0.000000000000000000e+00 0.000000000000000000e+00 0.000000000000000000e+00 0.000000000000000000e+00 0.000000000000000000e+00 0.000000000000000000e+00 0.000000000000000000e+00 0.000000000000000000e+00 0.000000000000000000e+00 0.000000000000000000e+00 0.000000000000000000e+00 0.000000000000000000e+00 0.000000000000000000e+00 0.000000000000000000e+00 0.000000000000000000e+00 0.000000000000000000e+00 0.000000000000000000e+00 0.000000000000000000e+00 0.000000000000000000e+00 0.000000000000000000e+00 0.000000000000000000e+00 0.000000000000000000e+00 0.000000000000000000e+00 0.000000000000000000e+00 0.000000000000000000e+00 0.000000000000000000e+00 0.000000000000000000e+00 0.000000000000000000e+00 0.000000000000000000e+00 0.000000000000000000e+00 0.000000000000000000e+00 0.000000000000000000e+00 0.000000000000000000e+00 0.000000000000000000e+00 0.000000000000000000e+00 0.000000000000000000e+00
