0.000000000000000000e+00 0.000000000000000000e+00 0.000000000000000000e+00 0.000000000000000000e+00 0.000000000000000000e+00 0.000000000000000000e+00 0.000000000000000000e+00 0.000000000000000000e+00 0.000000000000000000e+00 0.000000000000000000e+00 0.000000000000000000e+00 0.000000000000000000e+00 0.000000000000000000e+00 0.000000000000000000e+00 0.000000000000000000e+00 0.000000000000000000e+00 0.000000000000000000e+00 0.000000000000000000e+00 0.000000000000000000e+00 0.000000000000000000e+00 0.000000000000000000e+00 0.000000000000000000e+00 0.000000000000000000e+00 0.000000000000000000e+00 0.000000000000000000e+00 0.000000000000000000e+00 0.000000000000000000e+00 0.000000000000000000e+00 0.000000000000000000e+00 0.000000000000000000e+00 0.000000000000000000e+00 0.000000000000000000e+00 0.000000000000000000e+00 0.000000000000000000e+00 0.000000000000000000e+00 0.000000000000000000e+00 0.000000000000000000e+00 0.000000000000000000e+00 0.000000000000000000e+00 0.000000000000000000e+00 0.000000000000000000e+00 0.000000000000000000e+00 0.000000000000000000e+00 0.000000000000000000e+00 0.000000000000000000e+00 0.000000000000000000e+00 0.000000000000000000e+00 0.000000000000000000e+00 0.000000000000000000e+00 0.000000000000000000e+00
0.000000000000000000e+00 2.217115746830881620e-31 2.189281544164995267e-30 2.066808699945967876e-29 1.879159515718944608e-28 1.642125006352722082e-27 1.375984567636901671e-26 1.102702072237213674e-25 8.427210410350382492e-25 6.121816265765818246e-24 4.211675104290248178e-23 2.732721768770903789e-22 1.664272897496238812e-21 9.461091883023006001e-21 4.988237295459313712e-20 2.420759969523118835e-19 1.071649549653788153e-18 4.281387904914937254e-18 1.523820038425513872e-17 4.757004341270845006e-17 1.278480857430047378e-16 2.894994428538402285e-16 5.398857356104251650e-16 8.142412709781221080e-16 9.910607481248358567e-16 9.910607475737098209e-16 8.142412695129117814e-16 5.398857337341025414e-16 2.894994410473672937e-16 1.278480842853080401e-16 4.757004235749005302e-17 1.523819968096717435e-17 4.281387490772077054e-18 1.071649319689634998e-18 2.420758827212157213e-19 4.988232018175222311e-20 9.461069633843613315e-21 1.664264200194148117e-21 2.732690298604273591e-22 4.211568858716771255e-23 6.121480862032175716e-24 8.426214303087845792e-25 1.102423201480791898e-25 1.375244635845012491e-26 1.640261759314059275e-27 1.874685849177595196e-28 2.056557391806727958e-29 2.166806353661980659e-30 2.171448924207154928e-31 0.000000000000000000e+00
0.000000000000000000e+00 2.189281544165041159e-30 2.176840458621809261e-29 2.069583609062816352e-28 1.894898058162473573e-27 1.667447628700081007e-26 1.406912474056962071e-25 1.135287988051975083e-24 8.736057685733732550e-24 6.389834021416706837e-23 4.426297772722900987e-22 2.891761620299061941e-21 1.773307735482693780e-20 1.015104363458211992e-19 5.389502321877393562e-19 2.633962672945381889e-18 1.174323150663486878e-17 4.725023619295177753e-17 1.693623354450600174e-16 5.323613414169882377e-16 1.440095533558716896e-15 3.279851422960788622e-15 6.144460571040713775e-15 9.292500902780665335e-15 1.132038019184174441e-14 1.132038019122221723e-14 9.292500901164188366e-15 6.144460569129899392e-15 3.279851421438747769e-15 1.440095532620350677e-15 5.323613409851222922e-16 1.693623353265539549e-16 4.725023619044774813e-17 1.174323153445921934e-17 2.633962694490952385e-18 5.389502439083773818e-19 1.015104414369711339e-19 1.773307926264143768e-20 2.891762246515251067e-21 4.426299622935842483e-22 6.389838876725170070e-23 8.736069303188897127e-24 1.135290401615640037e-24 1.406916944164790547e-25 1.667453909469217046e-26 1.894903490503152484e-27 2.069574546662645827e-28 2.176786601864384721e-29 2.189192140740875114e-30 0.000000000000000000e+00
0.000000000000000000e+00 2.066808699945915468e-29 2.069583609062829356e-28 1.981648656769407180e-27 1.827226281904938998e-26 1.619177648186230853e-25 1.375686519882788483e-24 1.117748686872302080e-23 8.660001139385247654e-23 6.377331915475780325e-22 4.447594702222346981e-21 2.925344644176566380e-20 1.806055689160303596e-19 1.040880147182247556e-18 5.564159067340078883e-18 2.738067030948493065e-17 1.229216042988241305e-16 4.980395794304757359e-16 1.797563190957676925e-15 5.688781361600799017e-15 1.548806540387588828e-14 3.547733414690396649e-14 6.676443293476401891e-14 1.012461791995055839e-13 1.234437078152797912e-13 1.234437078153296472e-13 1.012461791995158580e-13 6.676443293393633343e-14 3.547733414435251895e-14 1.548806540022664929e-14 5.688781357532810567e-15 1.797563187257443991e-15 4.980395768712886859e-16 1.229216026965803323e-16 2.738066946947040166e-17 5.564158667025008187e-18 1.040879977253012183e-18 1.806055027834314866e-19 2.925342283110263569e-20 4.447586873360272906e-21 6.377307730680949648e-22 8.659930933852286992e-23 1.117729509348645628e-23 1.375636837614395178e-24 1.619055621429044765e-25 1.826940046367534921e-26 1.981008284948105489e-27 2.068209679293012569e-28 2.064029189760297191e-29 0.000000000000000000e+00
0.000000000000000000e+00 1.879159515718984517e-28 1.894898058162460300e-27 1.827226281904943303e-26 1.696625479358926527e-25 1.513839300165809315e-24 1.294968981365306794e-23 1.059260133376835755e-22 8.261540506371408444e-22 6.124019377023406722e-21 4.298851483908314792e-20 2.845879066522182320e-19 1.768373295676760611e-18 1.025765432258756787e-17 5.519026519524864373e-17 2.733644824276457273e-16 1.235335065108790993e-15 5.038459487641818184e-15 1.830603649937543377e-14 5.831215521959079553e-14 1.597474434074854953e-13 3.679628494172091104e-13 6.955178803353520429e-13 1.057513984518601848e-12 1.290352189095274458e-12 1.290352189092857136e-12 1.057513984512669210e-12 6.955178803327819467e-13 3.679628494258647699e-13 1.597474434246065790e-13 5.831215524165690113e-14 1.830603652087902474e-14 5.038459502851365671e-15 1.235335074900267641e-15 2.733644875911502145e-16 5.519026768446838446e-17 1.025765538227067265e-17 1.768373709780381529e-18 2.845880546975701145e-19 4.298856395941068168e-20 6.124034548890498711e-21 8.261584484542016964e-22 1.059272125651245872e-22 1.294999949164003511e-23 1.513915094273486528e-24 1.696802366902736257e-25 1.827619808636582272e-26 1.895736394527263743e-27 1.880845053933772141e-28 0.000000000000000000e+00
0.000000000000000000e+00 1.642125006352696254e-27 1.667447628700091052e-26 1.619177648186226950e-25 1.513839300165810784e-24 1.359932064081130065e-23 1.171092072940729305e-22 9.642255619229361787e-22 7.568897333513244538e-21 5.646220433957277855e-20 3.988251990588804013e-19 2.656574536949232062e-18 1.660852842805920249e-17 9.692700926885703989e-17 5.246860449682032596e-16 2.614763798453466218e-15 1.188914425873594011e-14 4.879354938857399778e-14 1.783888072048885121e-13 5.717573436329445130e-13 1.575636215803226600e-12 3.648724635492802701e-12 6.925970284610460601e-12 1.055720507768245624e-11 1.289040056741569043e-11 1.289040056743059261e-11 1.055720507772098638e-11 6.925970284632891413e-12 3.648724635450894371e-12 1.575636215711577573e-12 5.717573435081698914e-13 1.783888070805348267e-13 4.879354930041325697e-14 1.188914420100588895e-14 2.614763768058459113e-15 5.246860301745795303e-16 9.692700296748845265e-17 1.660852595433489936e-17 2.656573651218596603e-18 3.988249046016648076e-19 5.646211329067542778e-20 7.568870933043832758e-21 9.642183631813061925e-22 1.171073506386022732e-22 1.359886695352380488e-23 1.513733735984261976e-24 1.618943635150907122e-25 1.666951627375073338e-26 1.641133567753784824e-27 0.000000000000000000e+00
0.000000000000000000e+00 1.375984567636915733e-26 1.406912474056955872e-25 1.375686519882791605e-24 1.294968981365306059e-23 1.171092072940729775e-22 1.015068533082629362e-21 8.411000340032224740e-21 6.643546414712028215e-20 4.986074354549510173e-19 3.542879221856715787e-18 2.373640088525540560e-17 1.492449220859232244e-16 8.759079913025419176e-16 4.768084430108472275e-15 2.389515668064556171e-14 1.092642906834037741e-13 4.509891422626029806e-13 1.658317743291725640e-12 5.345620725195631457e-12 1.481307538423542699e-11 3.447554059917455562e-11 6.570299506220373021e-11 1.003860058993926426e-10 1.226426416670089731e-10 1.226426416669123222e-10 1.003860058991269754e-10 6.570299506198574227e-11 3.447554059928433153e-11 1.481307538461536785e-11 5.345620725790592421e-12 1.658317743916154914e-12 4.509891427108375335e-13 1.092642909850018075e-13 2.389515683932827441e-14 4.768084508410220392e-15 8.759080246485247282e-16 1.492449352522584735e-16 2.373640560190840354e-17 3.542880792403768503e-18 4.986079209735550540e-19 6.643560479861266785e-20 8.411038620602395813e-21 1.015078374920525670e-21 1.171116023292212236e-22 1.295024388726768108e-23 1.375808486363929512e-24 1.407168672626924326e-25 1.376491334116335830e-26 0.000000000000000000e+00
0.000000000000000000e+00 1.102702072237206327e-25 1.135287988051978573e-24 1.117748686872300758e-23 1.059260133376836225e-22 9.642255619229363668e-22 8.411000340032226244e-21 7.012624587988294702e-20 5.572200908788291974e-19 4.206220297130436754e-18 3.005460273289732775e-17 2.024471361672709381e-16 1.279585071993730027e-15 7.548245377968265447e-15 4.129647900406423766e-14 2.079915727835966155e-13 9.558461737786955174e-13 3.965284735984741788e-12 1.465562668666290486e-11 4.748686084144025541e-11 1.322534326343549625e-10 3.092262503885099524e-10 5.914949362598048131e-10 9.056614732948765702e-10 1.106956644012223013e-09 1.106956644011962037e-09 9.056614732943812958e-10 5.914949362590224037e-10 3.092262503868870758e-10 1.322534326321938756e-10 4.748686083856297874e-11 1.465562668374757465e-11 3.965284733928347359e-12 9.558461723693966462e-13 2.079915720485768176e-13 4.129647863577450868e-14 7.548245221651909849e-15 1.279585009839750858e-15 2.024471139287330467e-16 3.005459531862975236e-17 4.206218009744350868e-18 5.572194300295803992e-19 7.012606684691509302e-20 8.410954607625764173e-21 9.642145265686053078e-22 1.059234885511984985e-22 1.117693874059824984e-23 1.135174846843729432e-24 1.102483006392504594e-25 0.000000000000000000e+00
0.000000000000000000e+00 8.427210410350421063e-25 8.736057685733716387e-24 8.660001139385253531e-23 8.261540506371413146e-22 7.568897333513241528e-21 6.643546414712031826e-20 5.572200908788291974e-19 4.453038505642365176e-18 3.379801613551931148e-17 2.427532993686159931e-16 1.643273043132323510e-15 1.043539361017920108e-14 6.183572538314438806e-14 3.397764519042059316e-13 1.718589888631748460e-12 7.931403394610479934e-12 3.304377112939393304e-11 1.226617456001062337e-10 3.992082295000005810e-10 1.116704025127227121e-09 2.621669869824570031e-09 5.031248142538583756e-09 7.717842133384532388e-09 9.436037756946603769e-09 9.436037756958038714e-09 7.717842133414425041e-09 5.031248142575692733e-09 2.621669869860360069e-09 1.116704025156760157e-09 3.992082295241066920e-10 1.226617456180165809e-10 3.304377114016945332e-11 7.931403401328453128e-12 1.718589891910780256e-12 3.397764535151070550e-13 6.183572604794318344e-14 1.043539387330460326e-14 1.643273136130823040e-15 2.427533302361380101e-16 3.379802557850149987e-17 4.453041212282272503e-18 5.572208161767179939e-19 6.643564691035721845e-20 7.568940665314847157e-21 8.261637416703625517e-22 8.660205449244718430e-23 8.736463589340427784e-24 8.427957898838578157e-25 0.000000000000000000e+00
0.000000000000000000e+00 6.121816265765796940e-24 6.389834021416715066e-23 6.377331915475786908e-22 6.124019377023399951e-21 5.646220433957285078e-20 4.986074354549507284e-19 4.206220297130441376e-18 3.379801613551930531e-17 2.578401898983408068e-16 1.860799256467088328e-15 1.265228875067452791e-14 8.067683640374268897e-14 4.798759999952743916e-13 2.646203162507988252e-12 1.342963337122173616e-11 6.218189437761617620e-11 2.599123873989938243e-10 9.680711242065773466e-10 3.161630438352707721e-09 8.875411970117513774e-09 2.090701814491011437e-08 4.023254732978355444e-08 6.180780172311497786e-08 7.557567071975635577e-08 7.557567071986644358e-08 6.180780172338024475e-08 4.023254733003914001e-08 2.090701814501033557e-08 8.875411970081197237e-09 3.161630438265536120e-09 9.680711241261236922e-10 2.599123873480082725e-10 6.218189434654383442e-11 1.342963335679532823e-11 2.646203155674484825e-12 4.798759973165375225e-13 8.067683536962121751e-14 1.265228839761012837e-14 1.860799141618443146e-15 2.578401556417029823e-16 3.379800653233447392e-17 4.206217792687166600e-18 4.986068240772711603e-19 5.646206518216790102e-20 6.123989890688979304e-21 6.377274236621339536e-22 6.389731262929443452e-23 6.121656874692152646e-24 0.000000000000000000e+00
0.000000000000000000e+00 4.211675104290259933e-23 4.426297772722896285e-22 4.447594702222343220e-21 4.298851483908319607e-20 3.988251990588802568e-19 3.542879221856719639e-18 3.005460273289733391e-17 2.427532993686160424e-16 1.860799256467088723e-15 1.348753649419500895e-14 9.206388809024525364e-14 5.890598580191760893e-13 3.514330365020048790e-12 1.943001651157504612e-11 9.883662579116872442e-11 4.586017424280393767e-10 1.920823586868690894e-09 7.169432442864519262e-09 2.346800701489959180e-08 6.604095164942637758e-08 1.559461581308885368e-07 3.007007942928327441e-07 4.624182104686626409e-07 5.653431254746067073e-07 5.653431254698072069e-07 4.624182104559795930e-07 3.007007942780143791e-07 1.559461581192994849e-07 6.604095164217741667e-08 2.346800701119696263e-08 7.169432441345894239e-09 1.920823586359404062e-09 4.586017423087324286e-10 9.883662577342337383e-11 1.943001651749454122e-11 3.514330369766053292e-12 5.890598605547748667e-13 9.206388904792633057e-14 1.348753682505408946e-14 1.860799355548242849e-15 2.427533267843056900e-16 3.005460959669280227e-17 3.542880794021085122e-18 3.988255221071676430e-19 4.298857270604966075e-20 4.447602909892234010e-21 4.426303517973564693e-22 4.211658953412243157e-23 0.000000000000000000e+00
0.000000000000000000e+00 2.732721768770899557e-22 2.891761620299062693e-21 2.925344644176570593e-20 2.845879066522181357e-19 2.656574536949233603e-18 2.373640088525541484e-17 2.024471361672708641e-16 1.643273043132323707e-15 1.265228875067453264e-14 9.206388809024520315e-14 6.304929690817965321e-13 4.045046323978145898e-12 2.418357954331872080e-11 1.339127451538499661e-10 6.819116228221169682e-10 3.166299822856403279e-09 1.326867717850837289e-08 4.955079879230694918e-08 1.623110323959993248e-07 4.572080954087666397e-07 1.080916865392872493e-06 2.086443765284318771e-06 3.209668320786343686e-06 3.922283889983995653e-06 3.922283890005910936e-06 3.209668320852398280e-06 2.086443765375542526e-06 1.080916865487451133e-06 4.572080954902005460e-07 1.623110324483310585e-07 4.955079881906755225e-08 1.326867719003624315e-08 3.166299827085336863e-09 6.819116241955072731e-10 1.339127455361149425e-10 2.418357964002723673e-11 4.045046344336215110e-12 6.304929728811058490e-13 9.206388858773878055e-14 1.265228878180488354e-14 1.643273032398039751e-15 2.024471317520551304e-16 2.373639997210986227e-17 2.656574502842206053e-18 2.845879678089344987e-19 2.925348080190321795e-20 2.891774433285638741e-21 2.732760962615410868e-22 0.000000000000000000e+00
0.000000000000000000e+00 1.664272897496239564e-21 1.773307735482694683e-20 1.806055689160302874e-19 1.768373295676761767e-18 1.660852842805921790e-17 1.492449220859231751e-16 1.279585071993731013e-15 1.043539361017919477e-14 8.067683640374272683e-14 5.890598580191762913e-13 4.045046323978147514e-12 2.600168838248156139e-11 1.556267794721248554e-10 8.620405250725607123e-10 4.387937607568696926e-09 2.035413321408959328e-08 8.517788652935304867e-08 3.176105556207525934e-07 1.038985774622699432e-06 2.923925129349456641e-06 6.909297607056330620e-06 1.333317871631698087e-05 2.050029774349200842e-05 2.503005051476939912e-05 2.503005051578642819e-05 2.050029774610035151e-05 1.333317871920801443e-05 6.909297609063965571e-06 2.923925130376860596e-06 1.038985775054237519e-06 3.176105557609826035e-07 8.517788656165286340e-08 2.035413321750593193e-08 4.387937606177532991e-09 8.620405240367360945e-10 1.556267790331054403e-10 2.600168824274462865e-11 4.045046284757020109e-12 5.890598484843230267e-13 8.067683421882009949e-14 1.043539314262586904e-14 1.279584970761597942e-15 1.492448993561067722e-16 1.660852288834263549e-17 1.768371858866138403e-18 1.806051853545100420e-19 1.773297611924851580e-20 1.664247347807234973e-21 0.000000000000000000e+00
0.000000000000000000e+00 9.461091883023012020e-21 1.015104363458211270e-19 1.040880147182248712e-18 1.025765432258756633e-17 9.692700926885699059e-17 8.759079913025426079e-16 7.548245377968263869e-15 6.183572538314447641e-14 4.798759999952739877e-13 3.514330365020049597e-12 2.418357954331870142e-11 1.556267794721247778e-10 9.315243068681615146e-10 5.154567736412992670e-09 2.618306260517702604e-08 1.210877709241240014e-07 5.048405813651599827e-07 1.874755257286544510e-06 6.108172360431027882e-06 1.712910235279229608e-05 4.036450653333794014e-05 7.773253792704570158e-05 1.193110697132284591e-04 1.454674009761455788e-04 1.454674009525603327e-04 1.193110696498534133e-04 7.773253785215201062e-05 4.036450647321454543e-05 1.712910231336645637e-05 6.108172339283642485e-06 1.874755247872341660e-06 5.048405777700760218e-07 1.210877697219741322e-07 2.618306224833512805e-08 5.154567641120957269e-09 9.315242838128589908e-10 1.556267743628084691e-10 2.418357850678835643e-11 3.514330170832864539e-12 4.798759668252704360e-13 6.183572025151415585e-14 7.548244705121826652e-15 8.759079308730680064e-16 9.692701252982222068e-17 1.025765808425354116e-17 1.040881535485993932e-18 1.015108416962667425e-19 9.461196631512348329e-21 0.000000000000000000e+00
0.000000000000000000e+00 4.988237295459311906e-20 5.389502321877402229e-19 5.564159067340074261e-18 5.519026519524865605e-17 5.246860449682034568e-16 4.768084430108470697e-15 4.129647900406425029e-14 3.397764519042058811e-13 2.646203162507988252e-12 1.943001651157504612e-11 1.339127451538500436e-10 8.620405250725609191e-10 5.154567736412994325e-09 2.845201063716874111e-08 1.439510966643477074e-07 6.621399914776787173e-07 2.742444037322892948e-06 1.010933404016415557e-05 3.268935356027367385e-05 9.102744242283947423e-05 2.132370196460882687e-04 4.087670265413131856e-04 6.252811735878736682e-04 7.607036589889402912e-04 7.607036592548189731e-04 6.252811743246622280e-04 4.087670274410867680e-04 2.132370204166945038e-04 9.102744297196056625e-05 3.268935387000520979e-05 1.010933418547157516e-05 2.742444095944732021e-06 6.621400122045145855e-07 1.439511031921262559e-07 2.845201249347937952e-08 5.154568218021456609e-09 8.620406401266758972e-10 1.339127706285745110e-10 1.943002177513848314e-11 2.646204181040178815e-12 3.397766373203433481e-13 4.129651076229949961e-14 4.768089545689925739e-15 5.246868131812643544e-16 5.519037067337488987e-17 5.564171581307935939e-18 5.389512805666782553e-19 4.988234590692138629e-20 0.000000000000000000e+00
0.000000000000000000e+00 2.420759969523118835e-19 2.633962672945379578e-18 2.738067030948495531e-17 2.733644824276457273e-16 2.614763798453467007e-15 2.389515668064557749e-14 2.079915727835966408e-13 1.718589888631747854e-12 1.342963337122173454e-11 9.883662579116873734e-11 6.819116228221172783e-10 4.387937607568696926e-09 2.618306260517701280e-08 1.439510966643476809e-07 7.239383993139077883e-07 3.303041038819243883e-06 1.354380561827687779e-05 4.935370615960275691e-05 1.576509087107718417e-04 4.338290949619218943e-04 1.005783383069892324e-03 1.912351269291805286e-03 2.908327595023496668e-03 3.526753319464445008e-03 3.526753317608715028e-03 2.908327589700242678e-03 1.912351262597944109e-03 1.005783377023486977e-03 4.338290903993862694e-04 1.576509060823797631e-04 4.935370489172623997e-05 1.354380509354392939e-05 3.303040848784494302e-06 7.239383379928239524e-07 1.439510787894001718e-07 2.618305784671284348e-08 4.387936440051620940e-09 6.819113568404619875e-10 9.883656915578126537e-11 1.342962204253666826e-11 1.718587749651095545e-12 2.079911903122099979e-13 2.389509171688585287e-14 2.614753304463969739e-15 2.733628702187415095e-16 2.738043553529876750e-17 2.633930536454342530e-18 2.420719967493446054e-19 0.000000000000000000e+00
0.000000000000000000e+00 1.071649549653788345e-18 1.174323150663487187e-17 1.229216042988241798e-16 1.235335065108791190e-15 1.188914425873594484e-14 1.092642906834037363e-13 9.558461737786947096e-13 7.931403394610479934e-12 6.218189437761617620e-11 4.586017424280393250e-10 3.166299822856404106e-09 2.035413321408958667e-08 1.210877709241240544e-07 6.621399914776779761e-07 3.303041038819243883e-06 1.490463957575342869e-05 6.026296366533477231e-05 2.159724291083671237e-04 6.773535577685770980e-04 1.829867030938288385e-03 4.171986142128830330e-03 7.826710434601577560e-03 1.179213763047708488e-02 1.423109226460885467e-02 1.423109227276892451e-02 1.179213765509504186e-02 7.826710466592145740e-03 4.171986172643625014e-03 1.829867055102858252e-03 6.773535717308230624e-04 2.159724359757546959e-04 6.026296654211706723e-05 1.490464062917076299e-05 3.303041382570565575e-06 6.621400928033532992e-07 1.210877982081347760e-07 2.035413998870230410e-08 3.166301386033209778e-09 4.586020798527607753e-10 6.218196289543531142e-11 7.931416548405065494e-12 9.558485708101623750e-13 1.092647068491813670e-13 1.188921328667667097e-14 1.235346028530837058e-15 1.229232736114607269e-16 1.174347515386485651e-17 1.071683111237738723e-18 0.000000000000000000e+00
0.000000000000000000e+00 4.281387904914934943e-18 4.725023619295182067e-17 4.980395794304757359e-16 5.038459487641818973e-15 4.879354938857397253e-14 4.509891422626029302e-13 3.965284735984742595e-12 3.304377112939391365e-11 2.599123873989937726e-10 1.920823586868690894e-09 1.326867717850835800e-08 8.517788652935300896e-08 5.048405813651595592e-07 2.742444037322890830e-06 1.354380561827688118e-05 6.026296366533477909e-05 2.392097868820889945e-04 8.380139203871256456e-04 2.560386099915133457e-03 6.728913530249106337e-03 1.494917744334062042e-02 2.745559476803811211e-02 4.076163836827684239e-02 4.884081562792081527e-02 4.884081560793128440e-02 4.076163830138553740e-02 2.745559467690055627e-02 1.494917735031206334e-02 6.728913453151449953e-03 2.560386056436169538e-03 8.380138986252218432e-04 2.392097778096205507e-04 6.026296035151099503e-05 1.354380454084518704e-05 2.742443721524696978e-06 5.048404969480416912e-07 8.517786575682404105e-08 1.326867243643397843e-08 1.920822575640879257e-09 2.599121847477680729e-10 3.304373275112762910e-11 3.965277833464647250e-12 4.509879576757779725e-13 4.879335460368217069e-14 5.038428680591290248e-15 4.980348783666931154e-16 4.724954252462134075e-17 4.281290158508396235e-18 0.000000000000000000e+00
0.000000000000000000e+00 1.523820038425514488e-17 1.693623354450598941e-16 1.797563190957676925e-15 1.830603649937543693e-14 1.783888072048885121e-13 1.658317743291725438e-12 1.465562668666289840e-11 1.226617456001062337e-10 9.680711242065775534e-10 7.169432442864518435e-09 4.955079879230693594e-08 3.176105556207526463e-07 1.874755257286543875e-06 1.010933404016415049e-05 4.935370615960275013e-05 2.159724291083670966e-04 8.380139203871255372e-04 2.850628096684349778e-03 8.403896902779883077e-03 2.122601978797480221e-02 4.534545067662892892e-02 8.057300789753130132e-02 1.168967249692228205e-01 1.385485539065157423e-01 1.385485539176802006e-01 1.168967250376878042e-01 8.057300800408358221e-02 4.534545080162519226e-02 2.122601989717309151e-02 8.403896956272673135e-03 2.850628124585970029e-03 8.380139310524361857e-04 2.159724327634640194e-04 4.935370723401101946e-05 1.010933431049069220e-05 1.874755314104919995e-06 3.176105647328305433e-07 4.955079947966355164e-08 7.169432226103876261e-09 9.680709937710413595e-10 1.226617016848224535e-10 1.465561485566274394e-11 1.658314964899348101e-12 1.783882176896979056e-13 1.830592130651167643e-14 1.797542211990317377e-15 1.693587463616677564e-16 1.523762943293535987e-17 0.000000000000000000e+00
0.000000000000000000e+00 4.757004341270843157e-17 5.323613414169881391e-16 5.688781361600795862e-15 5.831215521959078291e-14 5.717573436329445130e-13 5.345620725195629033e-12 4.748686084144024249e-11 3.992082295000006844e-10 3.161630438352707721e-09 2.346800701489959180e-08 1.623110323959993248e-07 1.038985774622699008e-06 6.108172360431027035e-06 3.268935356027366707e-05 1.576509087107717333e-04 6.773535577685770980e-04 2.560386099915132590e-03 8.403896902779883077e-03 2.365804550393495881e-02 5.656207127709142468e-02 1.140745529467632885e-01 1.926814083491992791e-01 2.696684134693643209e-01 3.142764824679316615e-01 3.142764825295657483e-01 2.696684135814333416e-01 1.926814084760121726e-01 1.140745530526202367e-01 5.656207136700047017e-02 2.365804558587231848e-02 8.403896938458202751e-03 2.560386120177047566e-03 6.773535664757192017e-04 1.576509123653122436e-04 3.268935498055800806e-05 6.108172871835161543e-06 1.038985944646617930e-06 1.623110844716015980e-07 2.346802172658988696e-08 3.161634284065523651e-09 3.992091635697342682e-10 4.748707259036282142e-11 5.345665728021951025e-12 5.717663484904832392e-13 5.831385831532776541e-14 5.689086915588114815e-15 5.324134938804067635e-16 4.757839916646957430e-17 0.000000000000000000e+00
0.000000000000000000e+00 1.278480857430046885e-16 1.440095533558716107e-15 1.548806540387588197e-14 1.597474434074854448e-13 1.575636215803225994e-12 1.481307538423542053e-11 1.322534326343549625e-10 1.116704025127227535e-09 8.875411970117513774e-09 6.604095164942635111e-08 4.572080954087665338e-07 2.923925129349457064e-06 1.712910235279229608e-05 9.102744242283947423e-05 4.338290949619220027e-04 1.829867030938288818e-03 6.728913530249102000e-03 2.122601978797477792e-02 5.656207127709139693e-02 1.260096424249508018e-01 2.346028112785750463e-01 3.678681894544757469e-01 4.875639664547744001e-01 5.537354892020651675e-01 5.537354891331000006e-01 4.875639662606657820e-01 3.678681891574893115e-01 2.346028109212280333e-01 1.260096420900198577e-01 5.656207107760957697e-02 2.122601970491312662e-02 6.728913483576196009e-03 1.829867010413896737e-03 4.338290849659930592e-04 9.102743796802001278e-05 1.712910054010479733e-05 2.923924465571199835e-06 4.572078764124857493e-07 6.604088610541119784e-08 8.875394032304905129e-09 1.116699501180827752e-09 1.322523737621965560e-10 1.481284393113179735e-11 1.575588708916872719e-12 1.597382429264016034e-13 1.548637708768587924e-14 1.439801018257999346e-15 1.277998946451032822e-16 0.000000000000000000e+00
0.000000000000000000e+00 2.894994428538402285e-16 3.279851422960789016e-15 3.547733414690399173e-14 3.679628494172089589e-13 3.648724635492801894e-12 3.447554059917455562e-11 3.092262503885099007e-10 2.621669869824570445e-09 2.090701814491012098e-08 1.559461581308884838e-07 1.080916865392872281e-06 6.909297607056332314e-06 4.036450653333796724e-05 2.132370196460884042e-04 1.005783383069892324e-03 4.171986142128832932e-03 1.494917744334062909e-02 4.534545067662890117e-02 1.140745529467632469e-01 2.346028112785752129e-01 3.959687997791847547e-01 5.640302377283242796e-01 6.953656025345726910e-01 7.624361803167742924e-01 7.624361801191604782e-01 6.953656020847532870e-01 5.640302372139076592e-01 3.959687993100911574e-01 2.346028108604190365e-01 1.140745525947781114e-01 4.534545049055123400e-02 1.494917738538422899e-02 4.171986132059398063e-03 1.005783389377839978e-03 2.132370257626695770e-04 4.036450990874031474e-05 6.909299040278925383e-06 1.080917378543915469e-06 1.559463194623784558e-07 2.090706373169901227e-08 2.621681627609699917e-09 3.092290496130773591e-10 3.447616103732303604e-11 3.648853542866890157e-12 3.679880968209395183e-13 3.548201756771704787e-14 3.280677185766808306e-15 2.896360217313264744e-16 0.000000000000000000e+00
0.000000000000000000e+00 5.398857356104249678e-16 6.144460571040718508e-15 6.676443293476400629e-14 6.955178803353524468e-13 6.925970284610460601e-12 6.570299506220374314e-11 5.914949362598046063e-10 5.031248142538585410e-09 4.023254732978352797e-08 3.007007942928326911e-07 2.086443765284316654e-06 1.333317871631697071e-05 7.773253792704567448e-05 4.087670265413130772e-04 1.912351269291805069e-03 7.826710434601577560e-03 2.745559476803812946e-02 8.057300789753125969e-02 1.926814083491993068e-01 3.678681894544756359e-01 5.640302377283243906e-01 7.312774836786946064e-01 8.416616638837904896e-01 8.925417581225573160e-01 8.925417581382527610e-01 8.416616639642059416e-01 7.312774838803608457e-01 5.640302381135396947e-01 3.678681898639163950e-01 1.926814085150973799e-01 8.057300787885518512e-02 2.745559471881347385e-02 7.826710392265326735e-03 1.912351245208827270e-03 4.087670160043307662e-04 7.773253395650540150e-05 1.333317741202436098e-05 2.086443380998402678e-06 3.007006912744738842e-07 4.023252190855658635e-08 5.031242314698017620e-09 5.914936857221052734e-10 6.570274231708704377e-11 6.925921913822967075e-12 6.955090738994461947e-13 6.676290155949062221e-14 6.144205484451264141e-15 5.398454321466225789e-16 0.000000000000000000e+00
0.000000000000000000e+00 8.142412709781229954e-16 9.292500902780666913e-15 1.012461791995055965e-13 1.057513984518602252e-12 1.055720507768245463e-11 1.003860058993927072e-10 9.056614732948761566e-10 7.717842133384530734e-09 6.180780172311491168e-08 4.624182104686623762e-07 3.209668320786341992e-06 2.050029774349201519e-05 1.193110697132283778e-04 6.252811735878731261e-04 2.908327595023495801e-03 1.179213763047708141e-02 4.076163836827684239e-02 1.168967249692228066e-01 2.696684134693641544e-01 4.875639664547741225e-01 6.953656025345724689e-01 8.416616638837904896e-01 9.225859369807674071e-01 9.556422456616397998e-01 9.556422461634609400e-01 9.225859382766861128e-01 8.416616655640752898e-01 6.953656044616969290e-01 4.875639683446050254e-01 2.696684148310055651e-01 1.168967256431121537e-01 4.076163856280020509e-02 1.179213764766070226e-02 2.908327561628972109e-03 6.252811464936045656e-04 1.193110554836464282e-04 2.050029181895304231e-05 3.209666216107599236e-06 4.624175497862547173e-07 6.180761460736160921e-08 7.717793636168131890e-09 9.056498494316231329e-10 1.003834085549728530e-10 1.055666046676166626e-11 1.057406247605369370e-12 1.012259796931852162e-13 9.288899369098592354e-15 8.136388496186787923e-16 0.000000000000000000e+00
0.000000000000000000e+00 9.910607481248362511e-16 1.132038019184175072e-14 1.234437078152798417e-13 1.290352189095275064e-12 1.289040056741569205e-11 1.226426416670090248e-10 1.106956644012222806e-09 9.436037756946602115e-09 7.557567071975638224e-08 5.653431254746069191e-07 3.922283889983993112e-06 2.503005051476940251e-05 1.454674009761454975e-04 7.607036589889403996e-04 3.526753319464443707e-03 1.423109226460884946e-02 4.884081562792079445e-02 1.385485539065156591e-01 3.142764824679316615e-01 5.537354892020651675e-01 7.624361803167737373e-01 8.925417581225573160e-01 9.556422456616389116e-01 9.788095356012437298e-01 9.788095365176623375e-01 9.556422480558773858e-01 8.925417612576926896e-01 7.624361837601436598e-01 5.537354925903775760e-01 3.142764852889191052e-01 1.385485558050255084e-01 4.884081664212303747e-02 1.423109273757928485e-02 3.526753507440933983e-03 7.607037240676867195e-04 1.454674210078344787e-04 2.503005599435869527e-05 3.922285235028283732e-06 5.653434215185771555e-07 7.557572884970203465e-08 9.436047767171561871e-09 1.106958087295055748e-09 1.226427905611999086e-10 1.289040150508516485e-11 1.290347297555139570e-12 1.234419718697974857e-13 1.131994352477471163e-14 9.909698755135553822e-16 0.000000000000000000e+00
0.000000000000000000e+00 9.910607475737092293e-16 1.132038019122222354e-14 1.234437078153295967e-13 1.290352189092857136e-12 1.289040056743058291e-11 1.226426416669123481e-10 1.106956644011961623e-09 9.436037756958040368e-09 7.557567071986644358e-08 5.653431254698073128e-07 3.922283890005911784e-06 2.503005051578642481e-05 1.454674009525603598e-04 7.607036592548189731e-04 3.526753317608715028e-03 1.423109227276891584e-02 4.884081560793130522e-02 1.385485539176801728e-01 3.142764825295654152e-01 5.537354891330995565e-01 7.624361801191602561e-01 8.925417581382529830e-01 9.556422461634607179e-01 9.788095365176624485e-01 9.788095376424211791e-01 9.556422492201460672e-01 8.925417623042821713e-01 7.624361846850099544e-01 5.537354936504120806e-01 3.142764866000754553e-01 1.385485571495193302e-01 4.884081772762570439e-02 1.423109344400087101e-02 3.526753890060370551e-03 7.607039013312885201e-04 1.454674927956295068e-04 2.503008184710575564e-05 3.922293628467126690e-06 5.653459057042811992e-07 7.557640528594572467e-08 9.436218534997058235e-09 1.106998317414201936e-09 1.226516843981881263e-10 1.289225555431169842e-11 1.290713300011104079e-12 1.235106457943300711e-13 1.133222453844687896e-14 9.930339431802365001e-16 0.000000000000000000e+00
0.000000000000000000e+00 8.142412695129117814e-16 9.292500901164193099e-15 1.012461791995157949e-13 1.057513984512669210e-12 1.055720507772098315e-11 1.003860058991269108e-10 9.056614732943807788e-10 7.717842133414428350e-09 6.180780172338021828e-08 4.624182104559796460e-07 3.209668320852398704e-06 2.050029774610034135e-05 1.193110696498534675e-04 6.252811743246625533e-04 2.908327589700243545e-03 1.179213765509504359e-02 4.076163830138553046e-02 1.168967250376877903e-01 2.696684135814331751e-01 4.875639662606655045e-01 6.953656020847527319e-01 8.416616639642059416e-01 9.225859382766847805e-01 9.556422480558780519e-01 9.556422492201460672e-01 9.225859414529582470e-01 8.416616686076385800e-01 6.953656072831897461e-01 4.875639714263229618e-01 2.696684184582053279e-01 1.168967293117532391e-01 4.076164153324024486e-02 1.179213959572190593e-02 2.908328625646235295e-03 6.252816432997649037e-04 1.193112580753827431e-04 2.050036522185848674e-05 3.209690175006765665e-06 4.624246746220319808e-07 6.180956300652310520e-08 7.718287444341189439e-09 9.057666061502475185e-10 1.004093088295336377e-10 1.056207736415958952e-11 1.058478940482193653e-12 1.014278663693866644e-13 9.325110891048820174e-15 8.197421097855140438e-16 0.000000000000000000e+00
0.000000000000000000e+00 5.398857337341025414e-16 6.144460569129897025e-15 6.676443293393629556e-14 6.955178803327816438e-13 6.925970284632884950e-12 6.570299506198569057e-11 5.914949362590217833e-10 5.031248142575691906e-09 4.023254733003912016e-08 3.007007942780142732e-07 2.086443765375542526e-06 1.333317871920801274e-05 7.773253785215202417e-05 4.087670274410868223e-04 1.912351262597944976e-03 7.826710466592144005e-03 2.745559467690056321e-02 8.057300800408365160e-02 1.926814084760121726e-01 3.678681891574892004e-01 5.640302372139074372e-01 7.312774838803608457e-01 8.416616655640752898e-01 8.925417612576925785e-01 8.925417623042820603e-01 8.416616686076386911e-01 7.312774887391776391e-01 5.640302427917611716e-01 3.678681946975183026e-01 1.926814138306017499e-01 8.057301309133840794e-02 2.745559890739351569e-02 7.826713145297405083e-03 1.912352757965722714e-03 4.087677275919952640e-04 7.773282642167660963e-05 1.333328421769843766e-05 2.086478514697347868e-06 3.007112188524502211e-07 4.023542219755295644e-08 5.031982678709779991e-09 5.916699688665688513e-10 6.574211534172389512e-11 6.934211631256803366e-12 6.971613922090935094e-13 6.707586549582911519e-14 6.200691646650167528e-15 5.494217229277955684e-16 0.000000000000000000e+00
0.000000000000000000e+00 2.894994410473673430e-16 3.279851421438745797e-15 3.547733414435250002e-14 3.679628494258643660e-13 3.648724635450890332e-12 3.447554059928430568e-11 3.092262503868868173e-10 2.621669869860360069e-09 2.090701814501033888e-08 1.559461581192996438e-07 1.080916865487451133e-06 6.909297609063964723e-06 4.036450647321455898e-05 2.132370204166944767e-04 1.005783377023487845e-03 4.171986172643625881e-03 1.494917735031205466e-02 4.534545080162520614e-02 1.140745530526201534e-01 2.346028109212278112e-01 3.959687993100915460e-01 5.640302381135401388e-01 6.953656044616975951e-01 7.624361837601438818e-01 7.624361846850100655e-01 6.953656072831901902e-01 5.640302427917611716e-01 3.959688047396951460e-01 2.346028164284870987e-01 1.140745586615809770e-01 4.534545643186877611e-02 1.494918217687557331e-02 4.171989298856138700e-03 1.005785140253793097e-03 2.132378545616378073e-04 4.036485268197151393e-05 6.909424987294677235e-06 1.080959057660030234e-06 1.559588816037247107e-07 2.091054436984748141e-08 2.622575119134299686e-09 3.094429601406485399e-10 3.452419501055849421e-11 3.659020082176168181e-12 3.700249937483499074e-13 3.586978580571093348e-14 3.351014219697589407e-15 3.016161380202213385e-16 0.000000000000000000e+00
0.000000000000000000e+00 1.278480842853081387e-16 1.440095532620349297e-15 1.548806540022666191e-14 1.597474434246064780e-13 1.575636215711577775e-12 1.481307538461534846e-11 1.322534326321938498e-10 1.116704025156760157e-09 8.875411970081190619e-09 6.604095164217742991e-08 4.572080954902004931e-07 2.923925130376859325e-06 1.712910231336645976e-05 9.102744297196059336e-05 4.338290903993864320e-04 1.829867055102858686e-03 6.728913453151448218e-03 2.122601989717307069e-02 5.656207136700044241e-02 1.260096420900198577e-01 2.346028108604193141e-01 3.678681898639165615e-01 4.875639683446048034e-01 5.537354925903777980e-01 5.537354936504121916e-01 4.875639714263224622e-01 3.678681946975182471e-01 2.346028164284870710e-01 1.260096478623197735e-01 5.656207733483018668e-02 2.122602573010025362e-02 6.728918271094845756e-03 1.829870142062372650e-03 4.338308050184274192e-04 9.102824899688716513e-05 1.712943529087918607e-05 2.924047386026501148e-06 4.572485687558262279e-07 6.605316455904659108e-08 8.878801849159975089e-09 1.117576182549315768e-09 1.324627872344458756e-10 1.486022507209500547e-11 1.585647549749028245e-12 1.617600771190214042e-13 1.587258366841040720e-14 1.510101546686975834e-15 1.398149169245735232e-16 0.000000000000000000e+00
0.000000000000000000e+00 4.757004235749007151e-17 5.323613409851221936e-16 5.688781357532813723e-15 5.831215524165685064e-14 5.717573435081696894e-13 5.345620725790589998e-12 4.748686083856297874e-11 3.992082295241066920e-10 3.161630438265536947e-09 2.346800701119696925e-08 1.623110324483311114e-07 1.038985775054237519e-06 6.108172339283645026e-06 3.268935387000523012e-05 1.576509060823798444e-04 6.773535717308232793e-04 2.560386056436170406e-03 8.403896956272666197e-03 2.365804558587229420e-02 5.656207107760958391e-02 1.140745525947782224e-01 1.926814085150974076e-01 2.696684148310055096e-01 3.142764852889189386e-01 3.142764866000751778e-01 2.696684184582051613e-01 1.926814138306017221e-01 1.140745586615810325e-01 5.656207733483020056e-02 2.365805171511118493e-02 8.403902444929828644e-03 2.560390260658182166e-03 6.773561722073593184e-04 1.576523066312314340e-04 3.269000102951014996e-05 6.108436496817047211e-06 1.039082052010278364e-06 1.623427673421638180e-07 2.347756272084919794e-08 3.164281432005236886e-09 3.998907733693910495e-10 4.765097066461225663e-11 5.382668419458224347e-12 5.796468648764570481e-13 5.990361066352318438e-14 5.993973147029570369e-15 5.881491050109843610e-16 5.714496689896774713e-17 0.000000000000000000e+00
0.000000000000000000e+00 1.523819968096718052e-17 1.693623353265538809e-16 1.797563187257444780e-15 1.830603652087901843e-14 1.783888070805347509e-13 1.658317743916155519e-12 1.465562668374757788e-11 1.226617456180165809e-10 9.680711241261247262e-10 7.169432441345891758e-09 4.955079881906754563e-08 3.176105557609826035e-07 1.874755247872341872e-06 1.010933418547158363e-05 4.935370489172625352e-05 2.159724359757547773e-04 8.380138986252216263e-04 2.850628124585967860e-03 8.403896938458192342e-03 2.122601970491313356e-02 4.534545049055127564e-02 8.057300787885519899e-02 1.168967256431121121e-01 1.385485558050254251e-01 1.385485571495192469e-01 1.168967293117533363e-01 8.057301309133847733e-02 4.534545643186879693e-02 2.122602573010025362e-02 8.403902444929830379e-03 2.850632626183171366e-03 8.380170844865008403e-04 2.159743204293850275e-04 4.935468314680898077e-05 1.010977604582595156e-05 1.874932737127531924e-06 3.176745697950680209e-07 4.957175812021546644e-08 7.175718776261798815e-09 9.698118692499755282e-10 1.231097958599214486e-10 1.476345199039697755e-11 1.682703821024280055e-12 1.835952911204133352e-13 1.935958498994917172e-14 2.000332220734422699e-15 2.065755092975037997e-16 2.165115080786492550e-17 0.000000000000000000e+00
0.000000000000000000e+00 4.281387490772076284e-18 4.725023619044772348e-17 4.980395768712888831e-16 5.038459502851364882e-15 4.879354930041323804e-14 4.509891427108374326e-13 3.965284733928348974e-12 3.304377114016944039e-11 2.599123873480084793e-10 1.920823586359403235e-09 1.326867719003625308e-08 8.517788656165292957e-08 5.048405777700761277e-07 2.742444095944733291e-06 1.354380509354393277e-05 6.026296654211710111e-05 2.392097778096204965e-04 8.380139310524360773e-04 2.560386120177044963e-03 6.728913483576196009e-03 1.494917738538424287e-02 2.745559471881347038e-02 4.076163856280020509e-02 4.884081664212301666e-02 4.884081772762565582e-02 4.076164153324022404e-02 2.745559890739351569e-02 1.494918217687558372e-02 6.728918271094848358e-03 2.560390260658181733e-03 8.380170844865007318e-04 2.392118671794016076e-04 6.026415027076039842e-05 1.354439789780192904e-05 2.742705488954878470e-06 5.049437604846178847e-07 8.521465938376075020e-08 1.328062156683815728e-08 1.924388202452613734e-09 2.608967605524719043e-10 3.329688354302715482e-11 4.026218005971800383e-12 4.647892480995258379e-13 5.174650127710123829e-14 5.637739396570046282e-15 6.137774703270831768e-16 6.857367323306284060e-17 7.970859347890389089e-18 0.000000000000000000e+00
0.000000000000000000e+00 1.071649319689634035e-18 1.174323153445921780e-17 1.229216026965803076e-16 1.235335074900267444e-15 1.188914420100589053e-14 1.092642909850018201e-13 9.558461723693964442e-13 7.931403401328453128e-12 6.218189434654384735e-11 4.586017423087323252e-10 3.166299827085337691e-09 2.035413321750592862e-08 1.210877697219741586e-07 6.621400122045150090e-07 3.303040848784495149e-06 1.490464062917076130e-05 6.026296035151096115e-05 2.159724327634639923e-04 6.773535664757186596e-04 1.829867010413897170e-03 4.171986132059396328e-03 7.826710392265333674e-03 1.179213764766071267e-02 1.423109273757928138e-02 1.423109344400085713e-02 1.179213959572189899e-02 7.826713145297398144e-03 4.171989298856139568e-03 1.829870142062371783e-03 6.773561722073585594e-04 2.159743204293849191e-04 6.026415027076035099e-05 1.490529058725421078e-05 3.303356246174480630e-06 6.622759774115430176e-07 1.211405387351067590e-07 2.037271375469591800e-08 3.172284841590758255e-09 4.603781418319336930e-10 6.267087666037454015e-11 8.056954562401053491e-12 9.860695874014774799e-13 1.161166103736041521e-13 1.335829658821113165e-14 1.534293066816928073e-15 1.808487555886089318e-16 2.245586597382366508e-17 2.932502418851039176e-18 0.000000000000000000e+00
0.000000000000000000e+00 2.420758827212155287e-19 2.633962694490953926e-18 2.738066946947040474e-17 2.733644875911500666e-16 2.614763768058459508e-15 2.389515683932827126e-14 2.079915720485768429e-13 1.718589891910780256e-12 1.342963335679532823e-11 9.883662577342341261e-11 6.819116241955073765e-10 4.387937606177531337e-09 2.618306224833514128e-08 1.439511031921262824e-07 7.239383379928240583e-07 3.303041382570567269e-06 1.354380454084518365e-05 4.935370723401102624e-05 1.576509123653122707e-04 4.338290849659930592e-04 1.005783389377839761e-03 1.912351245208827920e-03 2.908327561628973410e-03 3.526753507440932682e-03 3.526753890060365781e-03 2.908328625646235729e-03 1.912352757965721847e-03 1.005785140253793314e-03 4.338308050184276361e-04 1.576523066312312713e-04 4.935468314680895366e-05 1.354439789780192227e-05 3.303356246174480630e-06 7.240872214479496667e-07 1.440140344280502168e-07 2.620711551154366257e-08 4.396311997100465091e-09 6.845874790162303273e-10 9.962653716141998654e-11 1.364634803580274815e-11 1.774143488511500672e-12 2.213614747276626944e-13 2.692904724291108265e-14 3.266394513518768291e-15 4.062999383074444731e-16 5.321962983762628612e-17 7.429841207263795403e-18 1.078353931466208653e-18 0.000000000000000000e+00
0.000000000000000000e+00 4.988232018175222913e-20 5.389502439083775743e-19 5.564158667025008957e-18 5.519026768446836597e-17 5.246860301745795303e-16 4.768084508410220392e-15 4.129647863577450868e-14 3.397764535151071055e-13 2.646203155674485229e-12 1.943001651749455092e-11 1.339127455361149425e-10 8.620405240367356809e-10 5.154567641120958096e-09 2.845201249347938283e-08 1.439510787894003042e-07 6.621400928033532992e-07 2.742443721524696554e-06 1.010933431049069220e-05 3.268935498055803516e-05 9.102743796802010765e-05 2.132370257626696854e-04 4.087670160043309830e-04 6.252811464936046740e-04 7.607037240676862858e-04 7.607039013312876527e-04 6.252816432997647953e-04 4.087677275919952640e-04 2.132378545616378344e-04 9.102824899688724645e-05 3.269000102951014996e-05 1.010977604582595156e-05 2.742705488954878470e-06 6.622759774115431235e-07 1.440140344280502432e-07 2.847819335591726288e-08 5.164444434553536307e-09 8.654452101883399346e-10 1.349927491052922800e-10 1.974723597766821109e-11 2.732960596174523970e-12 3.619812100009117063e-13 4.663891076660549627e-14 5.981340164074994572e-15 7.857104083951005772e-16 1.085689465510065919e-16 1.597094918000032561e-17 2.477357374658638370e-18 3.891607583759490768e-19 0.000000000000000000e+00
0.000000000000000000e+00 9.461069633843596764e-21 1.015104414369712182e-19 1.040879977253011605e-18 1.025765538227067419e-17 9.692700296748845265e-17 8.759080246485250240e-16 7.548245221651917737e-15 6.183572604794317082e-14 4.798759973165377245e-13 3.514330369766054504e-12 2.418357964002724319e-11 1.556267790331053886e-10 9.315242838128594044e-10 5.154568218021455781e-09 2.618305784671285672e-08 1.210877982081346966e-07 5.048404969480415853e-07 1.874755314104920206e-06 6.108172871835163237e-06 1.712910054010481766e-05 4.036450990874033507e-05 7.773253395650553703e-05 1.193110554836465908e-04 1.454674210078344516e-04 1.454674927956294526e-04 1.193112580753827973e-04 7.773282642167659608e-05 4.036485268197153426e-05 1.712943529087920301e-05 6.108436496817049753e-06 1.874932737127531713e-06 5.049437604846179906e-07 1.211405387351067855e-07 2.620711551154366587e-08 5.164444434553537961e-09 9.352105539078970230e-10 1.568869488961574038e-10 2.458083975073669072e-11 3.630507082441275567e-12 5.115627965681683905e-13 6.993471650742188542e-14 9.496506547425582408e-15 1.318715813549392498e-15 1.923522336722260573e-16 2.981803311245341975e-17 4.865728479518870756e-18 8.164152767883294922e-19 1.350525923938342245e-19 0.000000000000000000e+00
0.000000000000000000e+00 1.664264200194144732e-21 1.773307926264145874e-20 1.806055027834313181e-19 1.768373709780381144e-18 1.660852595433490553e-17 1.492449352522584735e-16 1.279585009839752041e-15 1.043539387330460326e-14 8.067683536962130586e-14 5.890598605547748667e-13 4.045046344336218341e-12 2.600168824274462219e-11 1.556267743628085466e-10 8.620406401266755870e-10 4.387936440051622594e-09 2.035413998870231403e-08 8.517786575682405429e-08 3.176105647328304374e-07 1.038985944646618142e-06 2.923924465571203646e-06 6.909299040278926230e-06 1.333317741202438640e-05 2.050029181895306264e-05 2.503005599435869527e-05 2.503008184710574886e-05 2.050036522185848674e-05 1.333328421769844613e-05 6.909424987294679776e-06 2.924047386026501995e-06 1.039082052010278576e-06 3.176745697950680739e-07 8.521465938376077667e-08 2.037271375469591800e-08 4.396311997100468400e-09 8.654452101883406584e-10 1.568869488961575330e-10 2.642962795281490165e-11 4.179274367848479075e-12 6.281758471480412744e-13 9.132234847957098830e-14 1.315364083434280426e-14 1.933506305171713336e-15 2.980108627421915662e-16 4.872273641579640022e-17 8.366885267366341055e-18 1.474700759832435276e-18 2.604467307406448741e-19 4.445924569659330441e-20 0.000000000000000000e+00
0.000000000000000000e+00 2.732690298604267949e-22 2.891762246515255957e-21 2.925342283110259958e-20 2.845880546975704034e-19 2.656573651218595448e-18 2.373640560190841894e-17 2.024471139287332192e-16 1.643273136130823238e-15 1.265228839761012679e-14 9.206388904792633057e-14 6.304929728811059500e-13 4.045046284757020917e-12 2.418357850678834673e-11 1.339127706285745110e-10 6.819113568404619875e-10 3.166301386033211432e-09 1.326867243643398835e-08 4.955079947966353840e-08 1.623110844716017039e-07 4.572078764124863845e-07 1.080917378543915892e-06 2.086443380998405219e-06 3.209666216107603048e-06 3.922285235028284579e-06 3.922293628467124996e-06 3.209690175006765665e-06 2.086478514697349986e-06 1.080959057660030234e-06 4.572485687558263337e-07 1.623427673421638180e-07 4.957175812021549291e-08 1.328062156683816059e-08 3.172284841590760323e-09 6.845874790162310511e-10 1.349927491052923575e-10 2.458083975073670365e-11 4.179274367848481498e-12 6.724348436134851718e-13 1.042541821989653761e-13 1.596480967963578690e-14 2.488643830482406042e-15 4.058881575702847565e-16 7.007208888687867370e-17 1.267757749523072305e-17 2.348672044019114383e-18 4.352735737453228578e-19 7.930628504156695409e-20 1.379593753856852951e-20 0.000000000000000000e+00
0.000000000000000000e+00 4.211568858716763026e-23 4.426299622935855649e-22 4.447586873360263126e-21 4.298856395941075391e-20 3.988249046016644706e-19 3.542880792403771585e-18 3.005459531862975853e-17 2.427533302361381580e-16 1.860799141618442752e-15 1.348753682505409104e-14 9.206388858773878055e-14 5.890598484843232286e-13 3.514330170832866154e-12 1.943002177513848314e-11 9.883656915578127829e-11 4.586020798527611372e-10 1.920822575640880084e-09 7.169432226103879570e-09 2.346802172658990682e-08 6.604088610541127725e-08 1.559463194623785617e-07 3.007006912744740430e-07 4.624175497862555643e-07 5.653434215185774731e-07 5.653459057042811992e-07 4.624246746220318750e-07 3.007112188524505917e-07 1.559588816037248430e-07 6.605316455904664402e-08 2.347756272084919464e-08 7.175718776261802951e-09 1.924388202452613734e-09 4.603781418319338481e-10 9.962653716142006409e-11 1.974723597766822079e-11 3.630507082441279202e-12 6.281758471480416783e-13 1.042541821989653761e-13 1.702448600419906538e-14 2.821088502469019980e-15 4.878157570677143621e-16 8.907240604294569020e-17 1.700376119409451815e-17 3.315922060900951913e-18 6.453940823589784268e-19 1.233102974529086037e-19 2.289172184787331098e-20 4.029527970521625626e-21 0.000000000000000000e+00
0.000000000000000000e+00 6.121480862032166165e-24 6.389838876725187702e-23 6.377307730680931781e-22 6.124034548890510748e-21 5.646211329067535556e-20 4.986079209735554392e-19 4.206218009744346246e-18 3.379802557850152452e-17 2.578401556417029823e-16 1.860799355548243244e-15 1.265228878180488512e-14 8.067683421882009949e-14 4.798759668252706379e-13 2.646204181040178412e-12 1.342962204253666180e-11 6.218196289543537604e-11 2.599121847477681245e-10 9.680709937710415663e-10 3.161634284065525719e-09 8.875394032304915055e-09 2.090706373169900896e-08 4.023252190855660620e-08 6.180761460736166215e-08 7.557572884970203465e-08 7.557640528594569820e-08 6.180956300652315814e-08 4.023542219755298953e-08 2.091054436984749796e-08 8.878801849159978398e-09 3.164281432005236886e-09 9.698118692499759418e-10 2.608967605524719560e-10 6.267087666037455308e-11 1.364634803580274654e-11 2.732960596174524374e-12 5.115627965681686934e-13 9.132234847957100092e-14 1.596480967963579005e-14 2.821088502469019980e-15 5.185169637353766359e-16 1.003549858663385916e-16 2.025308530872505565e-17 4.164890301364288751e-18 8.527741042849213280e-19 1.710222249212253320e-19 3.327872331869998106e-20 6.250944281340922716e-21 1.109227221305127528e-21 0.000000000000000000e+00
0.000000000000000000e+00 8.426214303087845792e-25 8.736069303188923575e-24 8.659930933852264657e-23 8.261584484542035772e-22 7.568870933043822226e-21 6.643560479861272804e-20 5.572194300295797251e-19 4.453041212282279437e-18 3.379800653233446159e-17 2.427533267843056407e-16 1.643273032398039948e-15 1.043539314262587062e-14 6.183572025151415585e-14 3.397766373203432976e-13 1.718587749651095545e-12 7.931416548405078418e-12 3.304373275112764849e-11 1.226617016848225311e-10 3.992091635697343199e-10 1.116699501180828579e-09 2.621681627609698263e-09 5.031242314698017620e-09 7.717793636168140162e-09 9.436047767171560217e-09 9.436218534997056581e-09 7.718287444341194402e-09 5.031982678709785781e-09 2.622575119134300513e-09 1.117576182549315768e-09 3.998907733693911529e-10 1.231097958599215261e-10 3.329688354302716775e-11 8.056954562401056722e-12 1.774143488511501076e-12 3.619812100009117063e-13 6.993471650742188542e-14 1.315364083434280899e-14 2.488643830482406042e-15 4.878157570677142635e-16 1.003549858663386039e-16 2.146413806332501683e-17 4.664950840721095651e-18 1.006864323720157400e-18 2.123428016173106830e-19 4.335557522675503447e-20 8.533511533461468622e-21 1.615839981964257042e-21 2.884986812364793414e-22 0.000000000000000000e+00
0.000000000000000000e+00 1.102423201480793506e-25 1.135290401615643343e-24 1.117729509348642101e-23 1.059272125651247753e-22 9.642183631813046879e-22 8.411038620602409355e-21 7.012606684691497265e-20 5.572208161767187642e-19 4.206217792687166600e-18 3.005460959669278378e-17 2.024471317520551797e-16 1.279584970761597942e-15 7.548244705121828230e-15 4.129651076229948068e-14 2.079911903122100231e-13 9.558485708101635867e-13 3.965277833464650481e-12 1.465561485566274717e-11 4.748707259036283434e-11 1.322523737621966594e-10 3.092290496130772557e-10 5.914936857221052734e-10 9.056498494316230295e-10 1.106958087295055541e-09 1.106998317414201729e-09 9.057666061502476219e-10 5.916699688665692649e-10 3.094429601406483848e-10 1.324627872344458756e-10 4.765097066461228248e-11 1.476345199039699370e-11 4.026218005971801998e-12 9.860695874014778838e-13 2.213614747276628206e-13 4.663891076660550258e-14 9.496506547425585563e-15 1.933506305171715308e-15 4.058881575702850523e-16 8.907240604294575183e-17 2.025308530872506489e-17 4.664950840721096422e-18 1.063992743988993682e-18 2.364920132440364868e-19 5.076662755466380635e-20 1.048233666193707993e-20 2.079421784083277102e-21 3.961838314844153840e-22 7.110902233460435688e-23 0.000000000000000000e+00
0.000000000000000000e+00 1.375244635845020239e-26 1.406916944164792384e-25 1.375636837614392607e-24 1.294999949164004686e-23 1.171073506386021791e-22 1.015078374920526799e-21 8.410954607625756650e-21 6.643564691035729067e-20 4.986068240772709677e-19 3.542880794021082041e-18 2.373639997210988076e-17 1.492448993561066736e-16 8.759079308730683022e-16 4.768089545689924161e-15 2.389509171688586233e-14 1.092647068491814301e-13 4.509879576757784269e-13 1.658314964899348303e-12 5.345665728021954256e-12 1.481284393113180381e-11 3.447616103732302311e-11 6.570274231708705670e-11 1.003834085549728142e-10 1.226427905611999086e-10 1.226516843981881004e-10 1.004093088295336248e-10 6.574211534172392097e-11 3.452419501055845544e-11 1.486022507209499901e-11 5.382668419458230809e-12 1.682703821024281266e-12 4.647892480995260398e-13 1.161166103736042530e-13 2.692904724291109842e-14 5.981340164074996939e-15 1.318715813549393286e-15 2.980108627421919606e-16 7.007208888687874765e-17 1.700376119409454280e-17 4.164890301364291062e-18 1.006864323720157978e-18 2.364920132440365349e-19 5.350049455545269690e-20 1.161294106175786211e-20 2.416371375333172059e-21 4.822490110047153510e-22 9.237179443033650933e-23 1.666121194632256104e-23 0.000000000000000000e+00
0.000000000000000000e+00 1.640261759314085821e-27 1.667453909469209871e-26 1.619055621429046372e-25 1.513915094273484875e-24 1.359886695352381370e-23 1.171116023292211766e-22 9.642145265686051197e-22 7.568940665314851671e-21 5.646206518216791305e-20 3.988255221071674022e-19 2.656574502842208364e-18 1.660852288834262625e-17 9.692701252982229464e-17 5.246868131812643544e-16 2.614753304463971317e-15 1.188921328667667413e-14 4.879335460368220224e-14 1.783882176896978551e-13 5.717663484904834412e-13 1.575588708916873325e-12 3.648853542866890965e-12 6.925921913822968691e-12 1.055666046676165980e-11 1.289040150508516001e-11 1.289225555431169681e-11 1.056207736415958306e-11 6.934211631256802559e-12 3.659020082176161719e-12 1.585647549749026832e-12 5.796468648764575530e-13 1.835952911204134866e-13 5.174650127710125092e-14 1.335829658821113954e-14 3.266394513518769474e-15 7.857104083951012674e-16 1.923522336722263284e-16 4.872273641579643720e-17 1.267757749523073538e-17 3.315922060900958076e-18 8.527741042849220021e-19 2.123428016173108034e-19 5.076662755466380034e-20 1.161294106175785609e-20 2.540082315383297033e-21 5.316898523069056490e-22 1.066699979812987428e-22 2.053513134559288533e-23 3.722251348791414634e-24 0.000000000000000000e+00
0.000000000000000000e+00 1.874685849177671202e-28 1.894903490503118404e-27 1.826940046367550131e-26 1.696802366902728221e-25 1.513733735984266201e-24 1.295024388726765316e-23 1.059234885511985926e-22 8.261637416703624577e-22 6.123989890688981561e-21 4.298857270604964871e-20 2.845879678089346913e-19 1.768371858866138018e-18 1.025765808425355195e-17 5.519037067337488371e-17 2.733628702187418053e-16 1.235346028530837453e-15 5.038428680591293404e-15 1.830592130651168274e-14 5.831385831532781590e-14 1.597382429264015529e-13 3.679880968209396192e-13 6.955090738994464976e-13 1.057406247605369572e-12 1.290347297555139368e-12 1.290713300011104281e-12 1.058478940482192845e-12 6.971613922090934085e-13 3.700249937483493521e-13 1.617600771190212780e-13 5.990361066352322224e-14 1.935958498994919066e-14 5.637739396570047071e-15 1.534293066816928664e-15 4.062999383074447196e-16 1.085689465510066782e-16 2.981803311245346290e-17 8.366885267366354922e-18 2.348672044019117849e-18 6.453940823589793897e-19 1.710222249212255006e-19 4.335557522675503447e-20 1.048233666193708294e-20 2.416371375333173563e-21 5.316898523069060251e-22 1.118743575116159416e-22 2.255705041141151479e-23 4.364563299437467857e-24 7.952243032297047780e-25 0.000000000000000000e+00
0.000000000000000000e+00 2.056557391806913210e-29 2.069574546662550314e-28 1.981008284948155353e-27 1.827619808636558165e-26 1.618943635150919290e-25 1.375808486363923635e-24 1.117693874059827482e-23 8.660205449244712552e-23 6.377274236621339536e-22 4.447602909892235515e-21 2.925348080190322397e-20 1.806051853545101864e-19 1.040881535485994702e-18 5.564171581307939791e-18 2.738043553529877675e-17 1.229232736114607516e-16 4.980348783666934112e-16 1.797542211990317377e-15 5.689086915588121126e-15 1.548637708768586030e-14 3.548201756771707943e-14 6.676290155949063483e-14 1.012259796931852036e-13 1.234419718697974100e-13 1.235106457943301216e-13 1.014278663693866518e-13 6.707586549582911519e-14 3.586978580571088930e-14 1.587258366841039457e-14 5.993973147029574313e-15 2.000332220734423487e-15 6.137774703270830782e-16 1.808487555886090304e-16 5.321962983762630461e-17 1.597094918000033794e-17 4.865728479518877689e-18 1.474700759832437202e-18 4.352735737453232430e-19 1.233102974529086519e-19 3.327872331869999310e-20 8.533511533461476145e-21 2.079421784083278230e-21 4.822490110047155391e-22 1.066699979812988134e-22 2.255705041141152067e-23 4.571227194542038953e-24 8.892133400080568544e-25 1.629204582082353789e-25 0.000000000000000000e+00
0.000000000000000000e+00 2.166806353662391590e-30 2.176786601864166959e-29 2.068209679293131399e-28 1.895736394527208140e-27 1.666951627375098880e-26 1.407168672626915372e-25 1.135174846843732738e-24 8.736463589340429254e-24 6.389731262929441101e-23 4.426303517973572217e-22 2.891774433285635732e-21 1.773297611924854590e-20 1.015108416962667545e-19 5.389512805666787368e-19 2.633930536454342145e-18 1.174347515386485189e-17 4.724954252462134691e-17 1.693587463616677071e-16 5.324134938804071579e-16 1.439801018257997374e-15 3.280677185766811856e-15 6.144205484451266508e-15 9.288899369098590776e-15 1.131994352477471005e-14 1.133222453844687896e-14 9.325110891048823329e-15 6.200691646650166739e-15 3.351014219697583885e-15 1.510101546686976228e-15 5.881491050109843610e-16 2.065755092975038490e-16 6.857367323306287758e-17 2.245586597382366816e-17 7.429841207263800025e-18 2.477357374658639525e-18 8.164152767883301663e-19 2.604467307406451148e-19 7.930628504156702632e-20 2.289172184787332301e-20 6.250944281340924973e-21 1.615839981964258359e-21 3.961838314844153840e-22 9.237179443033652108e-23 2.053513134559288826e-23 4.364563299437467122e-24 8.892133400080570380e-25 1.739698652927526285e-25 3.207120492135530244e-26 0.000000000000000000e+00
0.000000000000000000e+00 2.171448924208004903e-31 2.189192140740424947e-30 2.064029189760543539e-29 1.880845053933661607e-28 1.641133567753832176e-27 1.376491334116323203e-26 1.102483006392506890e-25 8.427957898838603871e-25 6.121656874692137952e-24 4.211658953412255500e-23 2.732760962615403344e-22 1.664247347807239487e-21 9.461196631512340806e-21 4.988234590692147055e-20 2.420719967493445572e-19 1.071683111237738723e-18 4.281290158508395465e-18 1.523762943293535987e-17 4.757839916646961128e-17 1.277998946451031343e-16 2.896360217313267210e-16 5.398454321466227761e-16 8.136388496186786937e-16 9.909698755135553822e-16 9.930339431802359084e-16 8.197421097855142410e-16 5.494217229277954698e-16 3.016161380202210426e-16 1.398149169245736218e-16 5.714496689896775946e-17 2.165115080786492858e-17 7.970859347890392171e-18 2.932502418851038021e-18 1.078353931466209424e-18 3.891607583759492694e-19 1.350525923938343208e-19 4.445924569659334052e-20 1.379593753856853552e-20 4.029527970521626379e-21 1.109227221305127528e-21 2.884986812364795294e-22 7.110902233460441565e-23 1.666121194632257574e-23 3.722251348791414634e-24 7.952243032297045943e-25 1.629204582082353560e-25 3.207120492135529670e-26 5.954237611756526009e-27 0.000000000000000000e+00
0.000000000000000000e+00 0.000000000000000000e+00 0.000000000000000000e+00 0.000000000000000000e+00 0.000000000000000000e+00 0.000000000000000000e+00 0.000000000000000000e+00 0.000000000000000000e+00 0.000000000000000000e+00 0.000000000000000000e+00 0.000000000000000000e+00 0.000000000000000000e+00 0.000000000000000000e+00 0.000000000000000000e+00 0.000000000000000000e+00 0.000000000000000000e+00 0.000000000000000000e+00 0.000000000000000000e+00 0.000000000000000000e+00 0.000000000000000000e+00 0.000000000000000000e+00 0.000000000000000000e+00 0.000000000000000000e+00 0.000000000000000000e+00 0.000000000000000000e+00 0.000000000000000000e+00 0.000000000000000000e+00 0.000000000000000000e+00 0.000000000000000000e+00 0.000000000000000000e+00 0.000000000000000000e+00 0.000000000000000000e+00 0.000000000000000000e+00 0.000000000000000000e+00 0.000000000000000000e+00 0.000000000000000000e+00 0.000000000000000000e+00 0.000000000000000000e+00 0.000000000000000000e+00 0.000000000000000000e+00 0.000000000000000000e+00 0.000000000000000000e+00 0.000000000000000000e+00 0.000000000000000000e+00 0.000000000000000000e+00 0.000000000000000000e+00 0.000000000000000000e+00 0.000000000000000000e+00 0.000000000000000000e+00 0.000000000000000000e+00
