0.000000000000000000e+00 0.000000000000000000e+00 0.000000000000000000e+00 0.000000000000000000e+00 0.000000000000000000e+00 0.000000000000000000e+00 0.000000000000000000e+00 0.000000000000000000e+00 0.000000000000000000e+00 0.000000000000000000e+00 0.000000000000000000e+00 0.000000000000000000e+00 0.000000000000000000e+00 0.000000000000000000e+00 0.000000000000000000e+00 0.000000000000000000e+00 0.000000000000000000e+00 0.000000000000000000e+00 0.000000000000000000e+00 0.000000000000000000e+00 0.000000000000000000e+00 0.000000000000000000e+00 0.000000000000000000e+00 0.000000000000000000e+00 0.000000000000000000e+00 0.000000000000000000e+00 0.000000000000000000e+00 0.000000000000000000e+00 0.000000000000000000e+00 0.000000000000000000e+00 0.000000000000000000e+00 0.000000000000000000e+00 0.000000000000000000e+00 0.000000000000000000e+00 0.000000000000000000e+00 0.000000000000000000e+00 0.000000000000000000e+00 0.000000000000000000e+00 0.000000000000000000e+00 0.000000000000000000e+00 0.000000000000000000e+00 0.000000000000000000e+00 0.000000000000000000e+00 0.000000000000000000e+00 0.000000000000000000e+00 0.000000000000000000e+00 0.000000000000000000e+00 0.000000000000000000e+00 0.000000000000000000e+00 0.000000000000000000e+00
0.000000000000000000e+00 5.043633642358372084e-30 4.653501116728282441e-29 4.097062688649203933e-28 3.471908680598180112e-27 2.826175458646108957e-26 2.204729466022808252e-25 1.644062818447053143e-24 1.168539869930660138e-23 7.891086654740625558e-23 5.044610108157425584e-22 3.040423301933693091e-21 1.719571042692331946e-20 9.076991061309764272e-20 4.444064029123926060e-19 2.003349980292987147e-18 8.243831989406409029e-18 3.065240237165469870e-17 1.017407817176476875e-16 2.971496627418633418e-16 7.509439941833070971e-16 1.611433993678911116e-15 2.881044503840893490e-15 4.231292732257617038e-15 5.097911869944784174e-15 5.097911869495726681e-15 4.231292731065191459e-15 2.881044502304423188e-15 1.611433992195202988e-15 7.509439929833277813e-16 2.971496618776600078e-16 1.017407811482178848e-16 3.065240203360086245e-17 8.243831801987129563e-18 2.003349885486383554e-18 4.444063584215539090e-19 9.076989137059192278e-20 1.719570270437104960e-20 3.040420421632599794e-21 5.044600076897985117e-22 7.891053927610386137e-23 1.168529824673439701e-23 1.644033721892831967e-24 2.204649630671654593e-25 2.825967412522356137e-26 3.471392127783569818e-27 4.095838077491631521e-28 4.650726102540876944e-29 5.037828334757085253e-30 0.000000000000000000e+00
0.000000000000000000e+00 4.653501116728279638e-29 4.320262140070936877e-28 3.827642633188997895e-27 3.263868917527796939e-26 2.673285652708211028e-25 2.098265981743962603e-24 1.574206342147356029e-23 1.125658457404683938e-22 7.647252185743448493e-22 4.918040372627606333e-21 2.981881155550265814e-20 1.696563164392807363e-19 9.009340003925337208e-19 4.437562308071471416e-18 2.012553792802337233e-17 8.332127556705002705e-17 3.116909600411388171e-16 1.040776268332218874e-15 3.057459204187307146e-15 7.768809510282856534e-15 1.675067529461377717e-14 3.005942868081100785e-14 4.424691502588007852e-14 5.335175184590638588e-14 5.335175184539523557e-14 4.424691502453527263e-14 3.005942867912775538e-14 1.675067529307996336e-14 7.768809509133210094e-15 3.057459203437753602e-15 1.040776267893356226e-15 3.116909598057984363e-16 8.332127544737352917e-17 2.012553787079561511e-17 4.437562282006715936e-18 9.009339892130640985e-19 1.696563119251564453e-19 2.981880984482086750e-20 4.918039764835091759e-21 7.647250156462196666e-22 1.125657820555713711e-22 1.574204455831250648e-23 2.098260704072525716e-24 2.673271647407370734e-25 3.263833631112404190e-26 3.827557942842089289e-27 4.320068641062667668e-28 4.653098571107262499e-29 0.000000000000000000e+00
0.000000000000000000e+00 4.097062688649202140e-28 3.827642633188998613e-27 3.412772254863676599e-26 2.928405503452890552e-25 2.413418958891749190e-24 1.905914345648317171e-23 1.438560074679386634e-22 1.034825309092304130e-21 7.071869168316614968e-21 4.574764407838341685e-20 2.789976526942711058e-19 1.596639157614126974e-18 8.528187110655986671e-18 4.225153509664390142e-17 1.927487286507504349e-16 8.027071554748318475e-16 3.020539759577028180e-15 1.014507011519541482e-14 2.997280522115392728e-14 7.656694479598562255e-14 1.658680210899785105e-13 2.987451015155678136e-13 4.407200995854477846e-13 5.318103380693295998e-13 5.318103380691289641e-13 4.407200995848485028e-13 2.987451015145104118e-13 1.658680210884295663e-13 7.656694479422089653e-14 2.997280521944518514e-14 1.014507011376662680e-14 3.020539758594957095e-15 8.027071548729453735e-16 1.927487283296710796e-16 4.225153494219437169e-17 8.528187043556132889e-18 1.596639130909815997e-18 2.789976429006040379e-19 4.574764073988402466e-20 7.071868105827708265e-21 1.034824991198814759e-21 1.438559178066653272e-22 1.905911947440724800e-23 2.413412865526481657e-24 2.928390722935267026e-25 3.412737987189952730e-26 3.827566482568426889e-27 4.096903603922582612e-28 0.000000000000000000e+00
0.000000000000000000e+00 3.471908680598183700e-27 3.263868917527793495e-26 2.928405503452892389e-25 2.528345350115324939e-24 2.096405360026118041e-23 1.665477591830341822e-22 1.264481125335748698e-21 9.148676152290663177e-21 6.287726379742994023e-20 4.090371788073354156e-19 2.508432755117313221e-18 1.443437936192642226e-17 7.752261612510713251e-17 3.861845856148896712e-16 1.771466547249759121e-15 7.418215799537845088e-15 2.806952837678196842e-14 9.479870189391417872e-14 2.815907112594718959e-13 7.230127321087139728e-13 1.573351211064177276e-12 2.843736666819848815e-12 4.204020143505904954e-12 5.076419589444069982e-12 5.076419589443110323e-12 4.204020143503751377e-12 2.843736666818970744e-12 1.573351211067013641e-12 7.230127321146496400e-13 2.815907112670574814e-13 9.479870190126999743e-14 2.806952838219216584e-14 7.418215803021511643e-15 1.771466549152349433e-15 3.861845865456880018e-16 7.752261653276504454e-17 1.443437952484468195e-17 2.508432814913574193e-18 4.090371991553528014e-19 6.287727025138376847e-20 9.148678073283480133e-21 1.264481663765898770e-21 1.665479020884134765e-22 2.096408959526324247e-23 2.528353994097352616e-24 2.928425323099351815e-25 3.263912426299794026e-26 3.471998811288204428e-27 0.000000000000000000e+00
0.000000000000000000e+00 2.826175458646100921e-26 2.673285652708216079e-25 2.413418958891747721e-24 2.096405360026119217e-23 1.748622846397986673e-22 1.397283446156044354e-21 1.066903270806397429e-20 7.762129377270611461e-20 5.363789734649177306e-19 3.507895431476512202e-18 2.162466002036835128e-17 1.250761136905739373e-16 6.751678790680960030e-16 3.380456217100559887e-15 1.558519010542459996e-14 6.559757107850980516e-14 2.494848640267130223e-13 8.468986692519335340e-13 2.528314380470270052e-12 6.522811861446993846e-12 1.425481297854761571e-11 2.585034016602038899e-11 3.829085350593007332e-11 4.626479997009778489e-11 4.626479997010164292e-11 3.829085350593856485e-11 2.585034016602090921e-11 1.425481297852658400e-11 6.522811861408358695e-12 2.528314380421490630e-12 8.468986692045680534e-13 2.494848639919267050e-13 6.559757105589725246e-14 1.558519009305066979e-14 3.380456211005957400e-15 6.751678763888896827e-16 1.250761126149108910e-16 2.162465962408499691e-17 3.507895296174137330e-18 5.363789304198840799e-19 7.762128093119157073e-20 1.066902910153412147e-20 1.397282487871304611e-21 1.748620430965128846e-22 2.096399561153397262e-23 2.413405674542491974e-24 2.673256547281576877e-25 2.826115347874700640e-26 0.000000000000000000e+00
0.000000000000000000e+00 2.204729466022816517e-25 2.098265981743958562e-24 1.905914345648319522e-23 1.665477591830342292e-22 1.397283446156044542e-21 1.122861383063925521e-20 8.620769455308070921e-20 6.305311183968774031e-19 4.379541248007326537e-18 2.878492142467910118e-17 1.783060836430514128e-16 1.036182831780540010e-15 5.619250527899329528e-15 2.826319372770658114e-14 1.308965563126282947e-13 5.534514268048707807e-13 2.114586749311113567e-12 7.211271654334659025e-12 2.162683464010465533e-11 5.603984016089436381e-11 1.229493757166351426e-10 2.236465542550817818e-10 3.318696659592556821e-10 4.011827716138743408e-10 4.011827716138533511e-10 3.318696659592071886e-10 2.236465542550765343e-10 1.229493757167525505e-10 5.603984016111264902e-11 2.162683464038458488e-11 7.211271654607442835e-12 2.114586749510656753e-12 5.534514269355992448e-13 1.308965563840365392e-13 2.826319376306234242e-14 5.619250543459137566e-15 1.036182838046885996e-15 1.783060859559248049e-16 2.878492221581142045e-17 4.379541500036548220e-18 6.305311936395383380e-19 8.620771569074858342e-20 1.122861944401130701e-20 1.397284859438257005e-21 1.665480977655787980e-22 1.905922079901762668e-23 2.098282860762236005e-24 2.204764165796290582e-25 0.000000000000000000e+00
0.000000000000000000e+00 1.644062818447048551e-24 1.574206342147360143e-23 1.438560074679384988e-22 1.264481125335749450e-21 1.066903270806397730e-20 8.620769455308072125e-20 6.653544402254200934e-19 4.891088027944443655e-18 3.413685038490655213e-17 2.254040430535965373e-16 1.402413553054907830e-15 8.184283228225788665e-15 4.456479679556676193e-14 2.250386092997074027e-13 1.046309717439214433e-12 4.441229155890635025e-12 1.703544764328218587e-11 5.832611165632068406e-11 1.756183329376761776e-10 4.568238921911964171e-10 1.005761146560621687e-09 1.834506931638991051e-09 2.726483215307880997e-09 3.297180266316125236e-09 3.297180266316578531e-09 2.726483215309037809e-09 1.834506931640121600e-09 1.005761146560942013e-09 4.568238921906972136e-10 1.756183329365769321e-10 5.832611165507586771e-11 1.703544764232400699e-11 4.441229155237715680e-12 1.046309717078845808e-12 2.250386091188380055e-13 4.456479671569190053e-14 8.184283195905594132e-15 1.402413541107627170e-15 2.254040389620363321e-16 3.413684908146697609e-17 4.891087639134144282e-18 6.653543311867790208e-19 8.620766567816710695e-20 1.066902546623694347e-20 1.264479399436126117e-21 1.438556158042167787e-22 1.574197864885062358e-23 1.644045559508654376e-24 0.000000000000000000e+00
0.000000000000000000e+00 1.168539869930663518e-23 1.125658457404682057e-22 1.034825309092305635e-21 9.148676152290664682e-21 7.762129377270611461e-20 6.305311183968775957e-19 4.891088027944442885e-18 3.612692911784678244e-17 2.532792032285271383e-16 1.679441510141163361e-15 1.049025980633047015e-14 6.144491486146324536e-14 3.357335497476149003e-13 1.700904997595456248e-12 7.933266752513956093e-12 3.377859430298583587e-11 1.299704086203240099e-10 4.464077803801345187e-10 1.348466530223090660e-09 3.518889866835304661e-09 7.770118361181590882e-09 1.420547456234995581e-08 2.113930880449826184e-08 2.556989283868818908e-08 2.556989283868621377e-08 2.113930880449250135e-08 1.420547456234267331e-08 7.770118361176030574e-09 3.518889866832610534e-09 1.348466530224168270e-09 4.464077803834328497e-10 1.299704086234849514e-10 3.377859430547201767e-11 7.933266753964438299e-12 1.700904998360141104e-12 3.357335500927868585e-13 6.144491500377507795e-14 1.049025985941028567e-14 1.679441528429145866e-15 2.532792090655686099e-16 3.612693085785323703e-17 4.891088514341678792e-18 6.305312464727009006e-19 7.762132563375516134e-20 9.148683662921561456e-21 1.034826989768214572e-21 1.125662031277515152e-22 1.168546990271882999e-23 0.000000000000000000e+00
0.000000000000000000e+00 7.891086654740610276e-23 7.647252185743462599e-22 7.071869168316610454e-21 6.287726379742998838e-20 5.363789734649179232e-19 4.379541248007325767e-18 3.413685038490654597e-17 2.532792032285271383e-16 1.783056641655844718e-15 1.186777454467923963e-14 7.438247551006584632e-14 4.370156250182858096e-13 2.394373906778494961e-12 1.216030826746002993e-11 5.684539985019640532e-11 2.425564304427895309e-10 9.352633337978602796e-10 3.219332734280124741e-09 9.746836069506483251e-09 2.549438537292957837e-08 5.641960461574507987e-08 1.033286371149132725e-07 1.539017870083603134e-07 1.861642314347279236e-07 1.861642314346473761e-07 1.539017870081554902e-07 1.033286371146781944e-07 5.641960461556127372e-08 2.549438537281530502e-08 9.746836069438862891e-09 3.219332734240795612e-09 9.352633337766745298e-10 2.425564304305654558e-10 5.684539984406359133e-11 1.216030826440773024e-11 2.394373905446401768e-12 4.370156244724870099e-13 7.438247530755700994e-14 1.186777447492788544e-14 1.783056619454365860e-15 2.532791966400968378e-16 3.413684855810573808e-17 4.379540772833476655e-18 5.363788572854849217e-19 6.287723704817140463e-20 7.071863367874329333e-21 7.647240355299452154e-22 7.891064348136331355e-23 0.000000000000000000e+00
0.000000000000000000e+00 5.044610108157431226e-22 4.918040372627606333e-21 4.574764407838344694e-20 4.090371788073355119e-19 3.507895431476515283e-18 2.878492142467909502e-17 2.254040430535965373e-16 1.679441510141162967e-15 1.186777454467924436e-14 7.925252745393801343e-14 4.981369206070286282e-13 2.933622537227256605e-12 1.610395698124009408e-11 8.191121614219399735e-11 3.833633401472737151e-10 1.637378797940169744e-09 6.319053405914691131e-09 2.177127853578697126e-08 6.598488104196400741e-08 1.728066260975390865e-07 3.829141813131897490e-07 7.020023219009022987e-07 1.046010711936604795e-06 1.265018471796973664e-06 1.265018471797564893e-06 1.046010711938265826e-06 7.020023219031367716e-07 3.829141813154461388e-07 1.728066260994338727e-07 6.598488104325020047e-08 2.177127853650588386e-08 6.319053406257199326e-09 1.637378798090198594e-09 3.833633402058191807e-10 8.191121616441086660e-11 1.610395698903322435e-11 2.933622539909444672e-12 4.981369214777635514e-13 7.925252772627712008e-14 1.186777462515403921e-14 1.679441532674093369e-15 2.254040489868458085e-16 2.878492289094884951e-17 3.507895769839125100e-18 4.090372512827232839e-19 4.574765832037782866e-20 4.918042883877998730e-21 5.044613835244060240e-22 0.000000000000000000e+00
0.000000000000000000e+00 3.040423301933693843e-21 2.981881155550265814e-20 2.789976526942713465e-19 2.508432755117313221e-18 2.162466002036835744e-17 1.783060836430514621e-16 1.402413553054907830e-15 1.049025980633046699e-14 7.438247551006587157e-14 4.981369206070286282e-13 3.138037740739864645e-12 1.851053754082187959e-11 1.017153415984531831e-10 5.175903174987961278e-10 2.422288635062061021e-09 1.034127959490053199e-08 3.988380065190076027e-08 1.373223818519124355e-07 4.159948048455319163e-07 1.089212774987615272e-06 2.413637359313559481e-06 4.425244229603699685e-06 6.592170706760724950e-06 7.968205862570519555e-06 7.968205862586569136e-06 6.592170706801312228e-06 4.425244229648798260e-06 2.413637359345396485e-06 1.089212775003743202e-06 4.159948048518131421e-07 1.373223818535329683e-07 3.988380065194631476e-08 1.034127959464759670e-08 2.422288634885647384e-09 5.175903174110690743e-10 1.017153415639188578e-10 1.851053752856948002e-11 3.138037736873300960e-12 4.981369194687114801e-13 7.438247520064670518e-14 1.049025972760590205e-14 1.402413534494128349e-15 1.783060796214191662e-16 2.162465924105253667e-17 2.508432628105194698e-18 2.789976387726717694e-19 2.981881223319529391e-20 3.040424312885184679e-21 0.000000000000000000e+00
0.000000000000000000e+00 1.719571042692330742e-20 1.696563164392808566e-19 1.596639157614125434e-18 1.443437936192643767e-17 1.250761136905738880e-16 1.036182831780540208e-15 8.184283228225791821e-15 6.144491486146323274e-14 4.370156250182860115e-13 2.933622537227257413e-12 1.851053754082187959e-11 1.092800899336447312e-10 6.005032962706738498e-10 3.053331200542920627e-09 1.426767284968236915e-08 6.078253212513150771e-08 2.338322142489655167e-07 8.029593834418827123e-07 2.426340968716868466e-06 6.339600847988062707e-06 1.402568712954659251e-05 2.568369302255593201e-05 3.821792877213592445e-05 4.615210951184274454e-05 4.615210951160085226e-05 3.821792877148337027e-05 2.568369302174567384e-05 1.402568712882884220e-05 6.339600847464370188e-06 2.426340968404230299e-06 8.029593832878804758e-07 2.338322141843658078e-07 6.078253210160020452e-08 1.426767284210511184e-08 3.053331198381692074e-09 6.005032957159841087e-10 1.092800898069807095e-10 1.851053751482404853e-11 2.933622532568163421e-12 4.370156242956276261e-13 6.144491477013795432e-14 8.184283218631768043e-15 1.036182830330411521e-15 1.250761130458782500e-16 1.443437904309761622e-17 1.596639028886713806e-18 1.696562726124942341e-19 1.719569745379464124e-20 0.000000000000000000e+00
0.000000000000000000e+00 9.076991061309772698e-20 9.009340003925335282e-19 8.528187110655991293e-18 7.752261612510710786e-17 6.751678790680961016e-16 5.619250527899331105e-15 4.456479679556676824e-14 3.357335497476149003e-13 2.394373906778493345e-12 1.610395698124010054e-11 1.017153415984532090e-10 6.005032962706735397e-10 3.296368216786935397e-09 1.672504167895870659e-08 7.790423906375439719e-08 3.305184005289702132e-07 1.265389468833305408e-06 4.322747514306546638e-06 1.299552049472429484e-05 3.379833403777452285e-05 7.448969984243926053e-05 1.359994338413980923e-04 2.019092909119609509e-04 2.434635296291608913e-04 2.434635296282982729e-04 2.019092909100919761e-04 1.359994338399797391e-04 7.448969984256833480e-05 3.379833403904682055e-05 1.299552049599682293e-05 4.322747515154005642e-06 1.265389469281139139e-06 3.305184007267936993e-07 7.790423913927314162e-08 1.672504170438475632e-08 3.296368224482728099e-09 6.005032983834316871e-10 1.017153421317425986e-10 1.610395710567440520e-11 2.394373933942533552e-12 3.357335553387214202e-13 4.456479789824453114e-14 5.619250740221707596e-15 6.751679201306916351e-16 7.752262433943296981e-17 8.528188845858794498e-18 9.009343864157842415e-19 9.076999797312720592e-20 0.000000000000000000e+00
0.000000000000000000e+00 4.444064029123927023e-19 4.437562308071472957e-18 4.225153509664388909e-17 3.861845856148899670e-16 3.380456217100559887e-15 2.826319372770658430e-14 2.250386092997076299e-13 1.700904997595456248e-12 1.216030826746003155e-11 8.191121614219401027e-11 5.175903174987963346e-10 3.053331200542921455e-09 1.672504167895870328e-08 8.455598920800714418e-08 3.918712472989968582e-07 1.651869407451366388e-06 6.276162507679077101e-06 2.126143217907112726e-05 6.337534241911097843e-05 1.635109809733268054e-04 3.579054426973694815e-04 6.499297391997724011e-04 9.611504342636830898e-04 1.156366209700425028e-03 1.156366209753539659e-03 9.611504344029166581e-04 6.499297393635225994e-04 3.579054428284050718e-04 1.635109810573021668e-04 6.337534246399654180e-05 2.126143219902380826e-05 6.276162515230493563e-06 1.651869409930413714e-06 3.918712480114040299e-07 8.455598938797693593e-08 1.672504171873720683e-08 3.053331208110564027e-09 5.175903186673604864e-10 8.191121626039416485e-11 1.216030826176909517e-11 1.700904990266003721e-12 2.250386066799306287e-13 2.826319301117413929e-14 3.380456043652163727e-15 3.861845462588925487e-16 4.225152643806526447e-17 4.437560426417207381e-18 4.444060013633102239e-19 0.000000000000000000e+00
0.000000000000000000e+00 2.003349980292986761e-18 2.012553792802336616e-17 1.927487286507505335e-16 1.771466547249758924e-15 1.558519010542459680e-14 1.308965563126282694e-13 1.046309717439214433e-12 7.933266752513957708e-12 5.684539985019641825e-11 3.833633401472736634e-10 2.422288635062061434e-09 1.426767284968235095e-08 7.790423906375435749e-08 3.918712472989968053e-07 1.803338738623369743e-06 7.532922862477415341e-06 2.830929468900219366e-05 9.472474705084621535e-05 2.787110239513792458e-04 7.101065566107282734e-04 1.537222256537221134e-03 2.767031073659572456e-03 4.066774075070517074e-03 4.876653453615526108e-03 4.876653452978096763e-03 4.066774073338651554e-03 2.767031071516796049e-03 1.537222254650146870e-03 7.101065552413997947e-04 2.787110231472855835e-04 9.472474665742132579e-05 2.830929452329814447e-05 7.532922801223344305e-06 1.803338718447171571e-06 3.918712413011949928e-07 7.790423743801923287e-08 1.426767244444430900e-08 2.422288541538005479e-09 3.833633200449803872e-10 5.684539580820643391e-11 7.933265989396394643e-12 1.046309581880304733e-12 1.308965336401749019e-13 1.558518654426824726e-14 1.771466026055404872e-15 1.927486590085709009e-16 2.012552987434039323e-17 2.003349321764176649e-18 0.000000000000000000e+00
0.000000000000000000e+00 8.243831989406404407e-18 8.332127556705010101e-17 8.027071554748318475e-16 7.418215799537848243e-15 6.559757107850977991e-14 5.534514268048702758e-13 4.441229155890635833e-12 3.377859430298583587e-11 2.425564304427895309e-10 1.637378797940169330e-09 1.034127959490053199e-08 6.078253212513152095e-08 3.305184005289700015e-07 1.651869407451364906e-06 7.532922862477413647e-06 3.109347749889596182e-05 1.151394228880600970e-04 3.786920735198469746e-04 1.093565500418573885e-03 2.734445231219118349e-03 5.819752202004092358e-03 1.033334304376946379e-02 1.504347395518117539e-02 1.795250763100571245e-02 1.795250763500742114e-02 1.504347396644607759e-02 1.033334305826666757e-02 5.819752215630419855e-03 2.734445241791297766e-03 1.093565506830481782e-03 3.786920767652634428e-04 1.151394243010219398e-04 3.109347803805593961e-05 7.532923045871131847e-06 1.651869463817558204e-06 3.305184163523985242e-07 6.078253621869243900e-08 1.034128057809504129e-08 1.637379018563383694e-09 2.425564769393377169e-10 3.377860354828177331e-11 4.441230896806314789e-12 5.534517382411755613e-13 6.559762413593280475e-14 7.418224422354894227e-15 8.027084931521551136e-16 8.332147344589849372e-17 8.243859415155239612e-18 0.000000000000000000e+00
0.000000000000000000e+00 3.065240237165469870e-17 3.116909600411388171e-16 3.020539759577027391e-15 2.806952837678195895e-14 2.494848640267129719e-13 2.114586749311114375e-12 1.703544764328218264e-11 1.299704086203239582e-10 9.352633337978600728e-10 6.319053405914695267e-09 3.988380065190075366e-08 2.338322142489653843e-07 1.265389468833304985e-06 6.276162507679074560e-06 2.830929468900219027e-05 1.151394228880600428e-04 4.183842575113971320e-04 1.344926410704546521e-03 3.784257804165703284e-03 9.209682230067049030e-03 1.911032576157727786e-02 3.323317783880026105e-02 4.768898063156326583e-02 5.650846217777353436e-02 5.650846216426116952e-02 4.768898059129190320e-02 3.323317778447425208e-02 1.911032570696876570e-02 9.209682185357000866e-03 3.784257776869312875e-03 1.344926396643331872e-03 4.183842513103663949e-04 1.151394204960660506e-04 2.830929386624058588e-05 6.276162251809871612e-06 1.265389396081445033e-06 2.338321951585344103e-07 3.988379599248478900e-08 6.319052341095285247e-09 9.352631046568896299e-10 1.299703619618355735e-10 1.703543861587550271e-11 2.114585083770048113e-12 2.494845701195088030e-13 2.806947864653808209e-14 3.020531675143431765e-15 3.116896958693657363e-16 3.065221495755118333e-17 0.000000000000000000e+00
0.000000000000000000e+00 1.017407817176476012e-16 1.040776268332219269e-15 1.014507011519541167e-14 9.479870189391421659e-14 8.468986692519334331e-13 7.211271654334655794e-12 5.832611165632069698e-11 4.464077803801344670e-10 3.219332734280125155e-09 2.177127853578696133e-08 1.373223818519124884e-07 8.029593834418822888e-07 4.322747514306544096e-06 2.126143217907114081e-05 9.472474705084624246e-05 3.786920735198469204e-04 1.344926410704546521e-03 4.199760922740447718e-03 1.141522115209134096e-02 2.674704807797979172e-02 5.348141376079469655e-02 9.014617949302747291e-02 1.265693207274049270e-01 1.484014662606747137e-01 1.484014662766362513e-01 1.265693207856347091e-01 9.014617958010603949e-02 5.348141385863548064e-02 2.674704816278715425e-02 1.141522120146997062e-02 4.199760948284879739e-03 1.344926421743908220e-03 3.786920776856981781e-04 9.472474845177856399e-05 2.126143260403260860e-05 4.322747631961970039e-06 8.029594134754134673e-07 1.373223889836756621e-07 2.177128012429611288e-08 3.219333068803222800e-09 4.464078474947399466e-10 5.832612457640411656e-11 7.211274056326141356e-12 8.468991028007315112e-13 9.479877816304284761e-14 1.014508322096997527e-14 1.040778468453726723e-15 1.017411361713161982e-16 0.000000000000000000e+00
0.000000000000000000e+00 2.971496627418631939e-16 3.057459204187305962e-15 2.997280522115393359e-14 2.815907112594719464e-13 2.528314380470269245e-12 2.162683464010466179e-11 1.756183329376762293e-10 1.348466530223091281e-09 9.746836069506483251e-09 6.598488104196399417e-08 4.159948048455317575e-07 2.426340968716868042e-06 1.299552049472429146e-05 6.337534241911092422e-05 2.787110239513790832e-04 1.093565500418573668e-03 3.784257804165705018e-03 1.141522115209134096e-02 2.970069072340495928e-02 6.613530827612042196e-02 1.254607661204240332e-01 2.019583098678656152e-01 2.744339768679728286e-01 3.167194282626858981e-01 3.167194282970820507e-01 2.744339769343452917e-01 2.019583099378909619e-01 1.254607661730992307e-01 6.613530831792799325e-02 2.970069076428765581e-02 1.141522117377595513e-02 3.784257815905788750e-03 1.093565505748175229e-03 2.787110261251524515e-04 6.337534323015476970e-05 1.299552077324768958e-05 2.426341057231069876e-06 4.159948309601845904e-07 6.598488821159535068e-08 9.746837905572825773e-09 1.348466969963048336e-09 1.756184317109888678e-10 2.162685550787137440e-11 2.528318539129928134e-12 2.815914951790212205e-13 2.997294535835977250e-14 3.057483009949791751e-15 2.971534487876529493e-16 0.000000000000000000e+00
0.000000000000000000e+00 7.509439941833066041e-16 7.768809510282854956e-15 7.656694479598557206e-14 7.230127321087141748e-13 6.522811861446992230e-12 5.603984016089440258e-11 4.568238921911967273e-10 3.518889866835307142e-09 2.549438537292958829e-08 1.728066260975388747e-07 1.089212774987614636e-06 6.339600847988061860e-06 3.379833403777453640e-05 1.635109809733268054e-04 7.101065566107279481e-04 2.734445231219118349e-03 9.209682230067050765e-03 2.674704807797977785e-02 6.613530827612035257e-02 1.381791254296210469e-01 2.443174603726367966e-01 3.686745215833505673e-01 4.778673731664083713e-01 5.388761457209614303e-01 5.388761456494239876e-01 4.778673729691934047e-01 3.686745212972716290e-01 2.443174600451836487e-01 1.381791251280922173e-01 6.613530807741443973e-02 2.674704798037737946e-02 9.209682182363929798e-03 2.734445210894519140e-03 7.101065482066432283e-04 1.635109776437682527e-04 3.379833278910468805e-05 6.339600410186168361e-06 1.089212632697047515e-06 1.728065833471045359e-07 2.549437348598881588e-08 3.518886798024777740e-09 4.568231535427765148e-10 5.603967367663162765e-11 6.522776573245969006e-12 7.230056698152115170e-13 7.656560537458780969e-14 7.768568083703886825e-15 7.509032656880213460e-16 0.000000000000000000e+00
0.000000000000000000e+00 1.611433993678911708e-15 1.675067529461378980e-14 1.658680210899785105e-13 1.573351211064177680e-12 1.425481297854761248e-11 1.229493757166351684e-10 1.005761146560621687e-09 7.770118361181592536e-09 5.641960461574505340e-08 3.829141813131898019e-07 2.413637359313560328e-06 1.402568712954659590e-05 7.448969984243927409e-05 3.579054426973694272e-04 1.537222256537221134e-03 5.819752202004090623e-03 1.911032576157729868e-02 5.348141376079471043e-02 1.254607661204240887e-01 2.443174603726367411e-01 3.974727878366141609e-01 5.536236449426980011e-01 6.757326343188422291e-01 7.394215494616533935e-01 7.394215493144398188e-01 6.757326339722656838e-01 5.536236445417023200e-01 3.974727874763370195e-01 2.443174600591627721e-01 1.254607658536559256e-01 5.348141360041041431e-02 1.911032569575048939e-02 5.819752181855905419e-03 1.537222254813610297e-03 3.579054449249785834e-04 7.448970168075061047e-05 1.402568805901037723e-05 2.413637732003210398e-06 3.829143092056366695e-07 5.641964353700657381e-08 7.770129086707683238e-09 1.005763860365381888e-09 1.229500125889256932e-10 1.425495268323385708e-11 1.573380034936475726e-12 1.658736431492824582e-13 1.675171583516241930e-14 1.611614014780721950e-15 0.000000000000000000e+00
0.000000000000000000e+00 2.881044503840893490e-15 3.005942868081098891e-14 2.987451015155678136e-13 2.843736666819848411e-12 2.585034016602039868e-11 2.236465542550816525e-10 1.834506931638990017e-09 1.420547456234994919e-08 1.033286371149132592e-07 7.020023219009022987e-07 4.425244229603698838e-06 2.568369302255592185e-05 1.359994338413980923e-04 6.499297391997727264e-04 2.767031073659572456e-03 1.033334304376947073e-02 3.323317783880026105e-02 9.014617949302741740e-02 2.019583098678655597e-01 3.686745215833504563e-01 5.536236449426976680e-01 7.132386704863621363e-01 8.214048791877756051e-01 8.729607779690714553e-01 8.729607780353004776e-01 8.214048793970534224e-01 7.132386708503227757e-01 5.536236454709652088e-01 3.686745221180466880e-01 2.019583101781776968e-01 9.014617958886220195e-02 3.323317784110042805e-02 1.033334302076738091e-02 2.767031053683518226e-03 6.499297281187152138e-04 1.359994288969710902e-04 2.568369113681669337e-05 4.425243593583529947e-06 7.020021282433986260e-07 1.033285831318006636e-07 1.420546064221209544e-08 1.834503584404506441e-09 2.236457988221645527e-10 2.585017928921375870e-11 2.843704192933650170e-12 2.987388643096035957e-13 3.005828575489746420e-14 2.880847631542241505e-15 0.000000000000000000e+00
0.000000000000000000e+00 4.231292732257615460e-15 4.424691502588011008e-14 4.407200995854480371e-13 4.204020143505907378e-12 3.829085350593007979e-11 3.318696659592555787e-10 2.726483215307878516e-09 2.113930880449824529e-08 1.539017870083603134e-07 1.046010711936604583e-06 6.592170706760724950e-06 3.821792877213590412e-05 2.019092909119608425e-04 9.611504342636830898e-04 4.066774075070517074e-03 1.504347395518117192e-02 4.768898063156329359e-02 1.265693207274049825e-01 2.744339768679728286e-01 4.778673731664085378e-01 6.757326343188420070e-01 8.214048791877756051e-01 9.063526801241537090e-01 9.427877733751713896e-01 9.427877738960158682e-01 9.063526815001352599e-01 8.214048810449448013e-01 6.757326364342536307e-01 4.778673752209429137e-01 2.744339784196023202e-01 1.265693216072282246e-01 4.768898099576614202e-02 1.504347406765023723e-02 4.066774089400792755e-03 9.611504259738461739e-04 2.019092830111740740e-04 3.821792463192561444e-05 6.592169015857731087e-06 1.046010123753787752e-06 1.539016058241249615e-07 2.113925828097185765e-08 2.726470277349440763e-09 3.318665920083492095e-10 3.829017056528113523e-11 4.203877377644384696e-12 4.406918746391503189e-13 4.424161838741674237e-14 4.230363781666440742e-15 0.000000000000000000e+00
0.000000000000000000e+00 5.097911869944784174e-15 5.335175184590639850e-14 5.318103380693301047e-13 5.076419589444069982e-12 4.626479997009781721e-11 4.011827716138743408e-10 3.297180266316125236e-09 2.556989283868818908e-08 1.861642314347278971e-07 1.265018471796973664e-06 7.968205862570521249e-06 4.615210951184277164e-05 2.434635296291607829e-04 1.156366209700424811e-03 4.876653453615526108e-03 1.795250763100570204e-02 5.650846217777348579e-02 1.484014662606746304e-01 3.167194282626858981e-01 5.388761457209609862e-01 7.394215494616528384e-01 8.729607779690710112e-01 9.427877733751705014e-01 9.701952536224300871e-01 9.701952545606576939e-01 9.427877758697998933e-01 8.729607813371322855e-01 7.394215531942731623e-01 5.388761493802209923e-01 3.167194313417767693e-01 1.484014684191722055e-01 5.650846342403976347e-02 1.795250825454661539e-02 4.876653726193947748e-03 1.156366314961235512e-03 2.434635662019511519e-04 4.615212104415503363e-05 7.968209196435909527e-06 1.265019362570158096e-06 1.861644529609428616e-07 2.556994443253804819e-08 3.297191580912587292e-09 4.011851192787190433e-10 4.626526283447159315e-11 5.076506638942406111e-12 5.318260085920201200e-13 5.335445864265679505e-14 5.098355094446152172e-15 0.000000000000000000e+00
0.000000000000000000e+00 5.097911869495726681e-15 5.335175184539523557e-14 5.318103380691287622e-13 5.076419589443112747e-12 4.626479997010165584e-11 4.011827716138532477e-10 3.297180266316579358e-09 2.556989283868623031e-08 1.861642314346474025e-07 1.265018471797563623e-06 7.968205862586565748e-06 4.615210951160085226e-05 2.434635296282982729e-04 1.156366209753539875e-03 4.876653452978097630e-03 1.795250763500742808e-02 5.650846216426112789e-02 1.484014662766361403e-01 3.167194282970818842e-01 5.388761456494237656e-01 7.394215493144395968e-01 8.729607780353004776e-01 9.427877738960152021e-01 9.701952545606572498e-01 9.701952557374573516e-01 9.427877771031905052e-01 8.729607824954551676e-01 7.394215542745383729e-01 5.388761505707431176e-01 3.167194327302579326e-01 1.484014698208703242e-01 5.650846457329387201e-02 1.795250902628504203e-02 4.876654161010378005e-03 1.156366525406167826e-03 2.434636554402426045e-04 4.615215473674927365e-05 7.968220672137627422e-06 1.265022926773975198e-06 1.861654714907547308e-07 2.557021426037212322e-08 3.297258275199070645e-09 4.012005852341146958e-10 4.626864373611806067e-11 5.077206284445124466e-12 5.319635762821977344e-13 5.338022660424830535e-14 5.102880014032678049e-15 0.000000000000000000e+00
0.000000000000000000e+00 4.231292731065190670e-15 4.424691502453524107e-14 4.407200995848481998e-13 4.204020143503751377e-12 3.829085350593855839e-11 3.318696659592071886e-10 2.726483215309039464e-09 2.113930880449251128e-08 1.539017870081554902e-07 1.046010711938265403e-06 6.592170706801319004e-06 3.821792877148336349e-05 2.019092909100919219e-04 9.611504344029168749e-04 4.066774073338648952e-03 1.504347396644608453e-02 4.768898059129191708e-02 1.265693207856346536e-01 2.744339769343450142e-01 4.778673729691928496e-01 6.757326339722653508e-01 8.214048793970530893e-01 9.063526815001343717e-01 9.427877758697992272e-01 9.427877771031909493e-01 9.063526849234058158e-01 8.214048844056492937e-01 6.757326396550664693e-01 4.778673786695749603e-01 2.744339823020846003e-01 1.265693254725224759e-01 4.768898416201344803e-02 1.504347620237784892e-02 4.066775298711216256e-03 9.611510145176029810e-04 2.019095338875357781e-04 3.821801980726043151e-05 6.592201574735459393e-06 1.046020276746859536e-06 1.539045179735394312e-07 2.114003243278576989e-08 2.726662250096100670e-09 3.319112468812115876e-10 3.829996117559217789e-11 4.205909248175376661e-12 4.410925015376350758e-13 4.431686384350701423e-14 4.243610593506310251e-15 0.000000000000000000e+00
0.000000000000000000e+00 2.881044502304422005e-15 3.005942867912773014e-14 2.987451015145102604e-13 2.843736666818967916e-12 2.585034016602089951e-11 2.236465542550761724e-10 1.834506931640121393e-09 1.420547456234266835e-08 1.033286371146781547e-07 7.020023219031368775e-07 4.425244229648797413e-06 2.568369302174566707e-05 1.359994338399797933e-04 6.499297393635229247e-04 2.767031071516796049e-03 1.033334305826666757e-02 3.323317778447424514e-02 9.014617958010602561e-02 2.019583099378909063e-01 3.686745212972714070e-01 5.536236445417022090e-01 7.132386708503228867e-01 8.214048810449448013e-01 8.729607813371317304e-01 8.729607824954548345e-01 8.214048844056492937e-01 7.132386760709250595e-01 5.536236506016409820e-01 3.686745274292051455e-01 2.019583158918639154e-01 9.014618514551145378e-02 3.323318236230092537e-02 1.033334607249690625e-02 2.767032790169102023e-03 6.499305781086340498e-04 1.359997934814250256e-04 2.568383032666997061e-05 4.425291508345681677e-06 7.020171615321988548e-07 1.033329209030784213e-07 1.420662049703171123e-08 1.834792835571728569e-09 2.237134537862036798e-10 2.586509270816403147e-11 2.846815519655507325e-12 2.993554890556036339e-13 3.017468284601240294e-14 2.901435182893688675e-15 0.000000000000000000e+00
0.000000000000000000e+00 1.611433992195201015e-15 1.675067529307995705e-14 1.658680210884293896e-13 1.573351211067013238e-12 1.425481297852657107e-11 1.229493757167524471e-10 1.005761146560941186e-09 7.770118361176030574e-09 5.641960461556127372e-08 3.829141813154461388e-07 2.413637359345397332e-06 1.402568712882884728e-05 7.448969984256828059e-05 3.579054428284049634e-04 1.537222254650148171e-03 5.819752215630416385e-03 1.911032570696875529e-02 5.348141385863548064e-02 1.254607661730991475e-01 2.443174600451834544e-01 3.974727874763372970e-01 5.536236454709657639e-01 6.757326364342545189e-01 7.394215531942732733e-01 7.394215542745387060e-01 6.757326396550668024e-01 5.536236506016409820e-01 3.974727935058627315e-01 2.443174662701630973e-01 1.254607724608704233e-01 5.348141998692897137e-02 1.911033088791918785e-02 5.819755693837875415e-03 1.537224260222601726e-03 3.579064306650566883e-04 7.449012639762060087e-05 1.402585095885989601e-05 2.413694071608665654e-06 3.829320686183447313e-07 5.642479177849859189e-08 7.771512000148761810e-09 1.006110312963243321e-09 1.230314122080284034e-10 1.427297580400188530e-11 1.577156665459925880e-12 1.666253734258976841e-13 1.689422415727889793e-14 1.636920648777886691e-15 0.000000000000000000e+00
0.000000000000000000e+00 7.509439929833268938e-16 7.768809509133208516e-15 7.656694479422079555e-14 7.230127321146491351e-13 6.522811861408350617e-12 5.603984016111262963e-11 4.568238921906972653e-10 3.518889866832610120e-09 2.549438537281530171e-08 1.728066260994338463e-07 1.089212775003743414e-06 6.339600847464370188e-06 3.379833403904681377e-05 1.635109810573023023e-04 7.101065552413999031e-04 2.734445241791298633e-03 9.209682185357002601e-03 2.674704816278715772e-02 6.613530831792795162e-02 1.381791251280923560e-01 2.443174600591629386e-01 3.686745221180469101e-01 4.778673752209433578e-01 5.388761493802212144e-01 5.388761505707430066e-01 4.778673786695749048e-01 3.686745274292049235e-01 2.443174662701631805e-01 1.381791316271323566e-01 6.613531492535518197e-02 2.674705447759092442e-02 9.209687380476365079e-03 2.734448687454498709e-03 7.101085188790515808e-04 1.635119419774062064e-04 3.379874726096580346e-05 6.339759218911900353e-06 1.089267559390170108e-06 1.728239116254083459e-07 2.549940388281993871e-08 3.520240601184590073e-09 4.571630754801425175e-10 5.611974151075823854e-11 6.540553923569029924e-12 7.267418248214694777e-13 7.731159481844968084e-14 7.910445886402082459e-15 7.761770369736911965e-16 0.000000000000000000e+00
0.000000000000000000e+00 2.971496618776599585e-16 3.057459203437753602e-15 2.997280521944515989e-14 2.815907112670574814e-13 2.528314380421489418e-12 2.162683464038459135e-11 1.756183329365770097e-10 1.348466530224168477e-09 9.746836069438862891e-09 6.598488104325020047e-08 4.159948048518131421e-07 2.426340968404229452e-06 1.299552049599682463e-05 6.337534246399655535e-05 2.787110231472857461e-04 1.093565506830482216e-03 3.784257776869312875e-03 1.141522120146996368e-02 2.970069076428763499e-02 6.613530807741445361e-02 1.254607658536560089e-01 2.019583101781777246e-01 2.744339784196022647e-01 3.167194313417766582e-01 3.167194327302577106e-01 2.744339823020845448e-01 2.019583158918638321e-01 1.254607724608704233e-01 6.613531492535520973e-02 2.970069743165448806e-02 1.141522715016471574e-02 3.784262376722873859e-03 1.093568453581355909e-03 2.787126579949850743e-04 6.337612900301130097e-05 1.299585487274247704e-05 2.426468175951119154e-06 4.160386094356950555e-07 6.599866820405485031e-08 9.750835210896201566e-09 1.349543164502135717e-09 1.758889953827874390e-10 2.169071183204334721e-11 2.542532182155228737e-12 2.845875118850429436e-13 3.057312824309565525e-14 3.172038288812777432e-15 3.176331410657663404e-16 0.000000000000000000e+00
0.000000000000000000e+00 1.017407811482178231e-16 1.040776267893355831e-15 1.014507011376662206e-14 9.479870190127001005e-14 8.468986692045682553e-13 7.211271654607445258e-12 5.832611165507589356e-11 4.464077803834329014e-10 3.219332734240795198e-09 2.177127853650589047e-08 1.373223818535329419e-07 8.029593832878805816e-07 4.322747515154010725e-06 2.126143219902381843e-05 9.472474665742146131e-05 3.786920767652636596e-04 1.344926396643331221e-03 4.199760948284877136e-03 1.141522117377594819e-02 2.674704798037737252e-02 5.348141360041046288e-02 9.014617958886220195e-02 1.265693216072282523e-01 1.484014684191719557e-01 1.484014698208701299e-01 1.265693254725225314e-01 9.014618514551149542e-02 5.348141998692897831e-02 2.674705447759092442e-02 1.141522715016471401e-02 4.199765888151534357e-03 1.344929962843154731e-03 3.786942637439155452e-04 9.472592003037821516e-05 2.126198415218720275e-05 4.322978519318146901e-06 8.030463371322011252e-07 1.373521165665493905e-07 2.178059700295060837e-08 3.222029400227859414e-09 4.471331793505040242e-10 5.850853991128217543e-11 7.254380002123485757e-12 8.565128530223524433e-13 9.683036600566335197e-14 1.055328969820335273e-14 1.118954948209589915e-15 1.157656396264183540e-16 0.000000000000000000e+00
0.000000000000000000e+00 3.065240203360085628e-17 3.116909598057983870e-16 3.020539758594956306e-15 2.806952838219217846e-14 2.494848639919265536e-13 2.114586749510657561e-12 1.703544764232400376e-11 1.299704086234849256e-10 9.352633337766745298e-10 6.319053406257199326e-09 3.988380065194633462e-08 2.338322141843659931e-07 1.265389469281139562e-06 6.276162515230499493e-06 2.830929452329815124e-05 1.151394243010219262e-04 4.183842513103663949e-04 1.344926421743907570e-03 3.784257815905787015e-03 9.209682182363928063e-03 1.911032569575049286e-02 3.323317784110040030e-02 4.768898099576616978e-02 5.650846342403970796e-02 5.650846457329384426e-02 4.768898416201342721e-02 3.323318236230093231e-02 1.911033088791918091e-02 9.209687380476366814e-03 3.784262376722872124e-03 1.344929962843154515e-03 4.183866600162922458e-04 1.151408402264834946e-04 2.831002908709752584e-05 6.276499880596802847e-06 1.265528249031510980e-06 2.338838231786101036e-07 3.990130278220825657e-08 6.324508646295479996e-09 9.368369307338711412e-10 1.303930545203168651e-10 1.714171498560583568e-11 2.139718934676048896e-12 2.550992641699454026e-13 2.925872829193320143e-14 3.260170969261689405e-15 3.577348705851055366e-16 3.894094425746680047e-17 0.000000000000000000e+00
0.000000000000000000e+00 8.243831801987132645e-18 8.332127544737346754e-17 8.027071548729452749e-16 7.418215803021513221e-15 6.559757105589726508e-14 5.534514269355993458e-13 4.441229155237714064e-12 3.377859430547201121e-11 2.425564304305655592e-10 1.637378798090198180e-09 1.034127959464760663e-08 6.078253210160021775e-08 3.305184007267938052e-07 1.651869409930415620e-06 7.532922801223342611e-06 3.109347803805592606e-05 1.151394204960660099e-04 3.786920776856979613e-04 1.093565505748174144e-03 2.734445210894518273e-03 5.819752181855905419e-03 1.033334302076737744e-02 1.504347406765023550e-02 1.795250825454662580e-02 1.795250902628502121e-02 1.504347620237784199e-02 1.033334607249689757e-02 5.819755693837874548e-03 2.734448687454499576e-03 1.093568453581355909e-03 3.786942637439154368e-04 1.151408402264834674e-04 3.109428295585277654e-05 7.533328004626512881e-06 1.652051345138843982e-06 3.305919845163419091e-07 6.080956049481241993e-08 1.035036596239664322e-08 1.640194204351629279e-09 2.433655401225829382e-10 3.399548108220221825e-11 4.495729439194278695e-12 5.663473248543375288e-13 6.848249089345893426e-14 8.030577530351696356e-15 9.264372658764775383e-16 1.071713568215504348e-16 1.255167894459684133e-17 0.000000000000000000e+00
0.000000000000000000e+00 2.003349885486382784e-18 2.012553787079562128e-17 1.927487283296711535e-16 1.771466549152348447e-15 1.558519009305066664e-14 1.308965563840365644e-13 1.046309717078845808e-12 7.933266753964436684e-12 5.684539984406362364e-11 3.833633402058190256e-10 2.422288634885646557e-09 1.426767284210510191e-08 7.790423913927311515e-08 3.918712480114041358e-07 1.803338718447171359e-06 7.532923045871133542e-06 2.830929386624059943e-05 9.472474845177852334e-05 2.787110261251526141e-04 7.101065482066433367e-04 1.537222254813610731e-03 2.767031053683518659e-03 4.066774089400791888e-03 4.876653726193945146e-03 4.876654161010370199e-03 4.066775298711216256e-03 2.767032790169100722e-03 1.537224260222601942e-03 7.101085188790517977e-04 2.787126579949849117e-04 9.472592003037812029e-05 2.831002908709750890e-05 7.533328004626511187e-06 1.803537516762864452e-06 3.919587517301554695e-07 7.793908749162559078e-08 1.428032515189517144e-08 2.426506169967418832e-09 3.846624396463233735e-10 5.721731471493859889e-11 8.032746248295708180e-12 1.071287567480758177e-12 1.368087001493104237e-13 1.690940277245047265e-14 2.053101072306140565e-15 2.498011179356948124e-16 3.115683330871451355e-17 4.002407784046001042e-18 0.000000000000000000e+00
0.000000000000000000e+00 4.444063584215539090e-19 4.437562282006714395e-18 4.225153494219436553e-17 3.861845865456879032e-16 3.380456211005957400e-15 2.826319376306232980e-14 2.250386091188380307e-13 1.700904998360140498e-12 1.216030826440773347e-11 8.191121616441085368e-11 5.175903174110690743e-10 3.053331198381691661e-09 1.672504170438475632e-08 8.455598938797694917e-08 3.918712413011950987e-07 1.651869463817558628e-06 6.276162251809870765e-06 2.126143260403261877e-05 6.337534323015479680e-05 1.635109776437683612e-04 3.579054449249785834e-04 6.499297281187151054e-04 9.611504259738463908e-04 1.156366314961235079e-03 1.156366525406165875e-03 9.611510145176028726e-04 6.499305781086340498e-04 3.579064306650567968e-04 1.635119419774062335e-04 6.337612900301124676e-05 2.126198415218719258e-05 6.276499880596802847e-06 1.652051345138843135e-06 3.919587517301553636e-07 8.459387468192341140e-08 1.673992954564859278e-08 3.058680858519357182e-09 5.193598398869007985e-10 8.245327219608223247e-11 1.231492526701884892e-11 1.742174695837489352e-12 2.353922872128131578e-13 3.071445434356975216e-14 3.930113563386895043e-15 5.033045116335269060e-16 6.603621869241047885e-17 9.050206173624595116e-18 1.282986844896044306e-18 0.000000000000000000e+00
0.000000000000000000e+00 9.076989137059188667e-20 9.009339892130635207e-19 8.528187043556132889e-18 7.752261653276501989e-17 6.751678763888897813e-16 5.619250543459138355e-15 4.456479671569188790e-14 3.357335500927869089e-13 2.394373905446402575e-12 1.610395698903323405e-11 1.017153415639188449e-10 6.005032957159840053e-10 3.296368224482726445e-09 1.672504171873720683e-08 7.790423743801924611e-08 3.305184163523984184e-07 1.265389396081445033e-06 4.322747631961973427e-06 1.299552077324769297e-05 3.379833278910470161e-05 7.448970168075063757e-05 1.359994288969712799e-04 2.019092830111742366e-04 2.434635662019510706e-04 2.434636554402424690e-04 2.019095338875357781e-04 1.359997934814249714e-04 7.449012639762062798e-05 3.379874726096581701e-05 1.299585487274248551e-05 4.322978519318143513e-06 1.265528249031510133e-06 3.305919845163416974e-07 7.793908749162557755e-08 1.673992954564859609e-08 3.302154500651801783e-09 6.025643077577842655e-10 1.023925143570093415e-10 1.631038924765986395e-11 2.453065588484180184e-12 3.513698288743735303e-13 4.848481090182849172e-14 6.547584139648117384e-15 8.835655730629017436e-16 1.220089637511711368e-16 1.758447304866200352e-17 2.662415779071679280e-18 4.120216642938463959e-19 0.000000000000000000e+00
0.000000000000000000e+00 1.719570270437105562e-20 1.696563119251564453e-19 1.596639130909815611e-18 1.443437952484467887e-17 1.250761126149109896e-16 1.036182838046885996e-15 8.184283195905595710e-15 6.144491500377509057e-14 4.370156244724870604e-13 2.933622539909446287e-12 1.851053752856948971e-11 1.092800898069807611e-10 6.005032983834312735e-10 3.053331208110564027e-09 1.426767244444430900e-08 6.078253621869243900e-08 2.338321951585343574e-07 8.029594134754137850e-07 2.426341057231069876e-06 6.339600410186174290e-06 1.402568805901037892e-05 2.568369113681673741e-05 3.821792463192564833e-05 4.615212104415502686e-05 4.615215473674926010e-05 3.821801980726043151e-05 2.568383032666997739e-05 1.402585095885989262e-05 6.339759218911902894e-06 2.426468175951119154e-06 8.030463371322004899e-07 2.338838231786099977e-07 6.080956049481239346e-08 1.428032515189517310e-08 3.058680858519357182e-09 6.025643077577840587e-10 1.100089824270964309e-10 1.874870402510719802e-11 3.005933250790253697e-12 4.575191045005499028e-13 6.689904013158777356e-14 9.550972187927357376e-15 1.359975020172322693e-15 1.978493967329733697e-16 2.999806556285689429e-17 4.772723141961043823e-18 7.892221541807749211e-19 1.305443271352730285e-19 0.000000000000000000e+00
0.000000000000000000e+00 3.040420421632600546e-21 2.981880984482087352e-20 2.789976429006041342e-19 2.508432814913573423e-18 2.162465962408500923e-17 1.783060859559248542e-16 1.402413541107626973e-15 1.049025985941028251e-14 7.438247530755703518e-14 4.981369214777638543e-13 3.138037736873302979e-12 1.851053751482405499e-11 1.017153421317425728e-10 5.175903186673605898e-10 2.422288541538007133e-09 1.034128057809504460e-08 3.988379599248481547e-08 1.373223889836757150e-07 4.159948309601846963e-07 1.089212632697049210e-06 2.413637732003211245e-06 4.425243593583535876e-06 6.592169015857735323e-06 7.968209196435914609e-06 7.968220672137624034e-06 6.592201574735459393e-06 4.425291508345683371e-06 2.413694071608664807e-06 1.089267559390170744e-06 4.160386094356951614e-07 1.373521165665494170e-07 3.990130278220824333e-08 1.035036596239663661e-08 2.426506169967419246e-09 5.193598398869010053e-10 1.023925143570093285e-10 1.874870402510719802e-11 3.215523094567284721e-12 5.215884754674198824e-13 8.101840475398440704e-14 1.225360724436854805e-14 1.844197462239532657e-15 2.830379756964010625e-16 4.519472431680405527e-17 7.559044766862270573e-18 1.312233560714237621e-18 2.319677194510428461e-19 4.013960581298095385e-20 0.000000000000000000e+00
0.000000000000000000e+00 5.044600076897980415e-22 4.918039764835095521e-21 4.574764073988403068e-20 4.090371991553528977e-19 3.507895296174137330e-18 2.878492221581142661e-17 2.254040389620363814e-16 1.679441528429145472e-15 1.186777447492788860e-14 7.925252772627708221e-14 4.981369194687117830e-13 2.933622532568163825e-12 1.610395710567440843e-11 8.191121626039413900e-11 3.833633200449805940e-10 1.637379018563384107e-09 6.319052341095289383e-09 2.177128012429611950e-08 6.598488821159535068e-08 1.728065833471046682e-07 3.829143092056367754e-07 7.020021282433989436e-07 1.046010123753788811e-06 1.265019362570159155e-06 1.265022926773974140e-06 1.046020276746859113e-06 7.020171615321992783e-07 3.829320686183446783e-07 1.728239116254083195e-07 6.599866820405486354e-08 2.178059700295061830e-08 6.324508646295481650e-09 1.640194204351628245e-09 3.846624396463231150e-10 8.245327219608225832e-11 1.631038924765986072e-11 3.005933250790254505e-12 5.215884754674198824e-13 8.633436063615039076e-14 1.386891750414238376e-14 2.210906220594047127e-15 3.585832331456433664e-16 6.038548853290250077e-17 1.063044645603072634e-17 1.938428424783249734e-18 3.594288799509394797e-19 6.647290234592837012e-20 1.183724989595118079e-20 0.000000000000000000e+00
0.000000000000000000e+00 7.891053927610376733e-23 7.647250156462201368e-22 7.071868105827712779e-21 6.287727025138372032e-20 5.363789304198843688e-19 4.379541500036545908e-18 3.413684908146700690e-17 2.532792090655685113e-16 1.783056619454367438e-15 1.186777462515403763e-14 7.438247520064673042e-14 4.370156242956277271e-13 2.394373933942534359e-12 1.216030826176909517e-11 5.684539580820645976e-11 2.425564769393379754e-10 9.352631046568902503e-10 3.219333068803223627e-09 9.746837905572827428e-09 2.549437348598882912e-08 5.641964353700659367e-08 1.033285831318007298e-07 1.539016058241251203e-07 1.861644529609430468e-07 1.861654714907546250e-07 1.539045179735392988e-07 1.033329209030784875e-07 5.642479177849860513e-08 2.549940388281993209e-08 9.750835210896208183e-09 3.222029400227863136e-09 9.368369307338719684e-10 2.433655401225828865e-10 5.721731471493858597e-11 1.231492526701885053e-11 2.453065588484180588e-12 4.575191045005500038e-13 8.101840475398441966e-14 1.386891750414238692e-14 2.348139520714857487e-15 4.033515698962510353e-16 7.176649932893130691e-17 1.331902136351848383e-17 2.554801118303840974e-18 4.972564276660971537e-19 9.640410689160282265e-20 1.834902031100756248e-20 3.326887828136136597e-21 0.000000000000000000e+00
0.000000000000000000e+00 1.168529824673438378e-23 1.125657820555713946e-22 1.034824991198814571e-21 9.148678073283472610e-21 7.762128093119164295e-20 6.305311936395380491e-19 4.891087639134150445e-18 3.612693085785321238e-17 2.532791966400971337e-16 1.679441532674093369e-15 1.049025972760590363e-14 6.144491477013796694e-14 3.357335553387216727e-13 1.700904990266004730e-12 7.933265989396394643e-12 3.377860354828179916e-11 1.299703619618356511e-10 4.464078474947399983e-10 1.348466969963048336e-09 3.518886798024778567e-09 7.770129086707676621e-09 1.420546064221210536e-08 2.113925828097189074e-08 2.556994443253807135e-08 2.557021426037214308e-08 2.114003243278576989e-08 1.420662049703172116e-08 7.771512000148763464e-09 3.520240601184589246e-09 1.349543164502136337e-09 4.471331793505047997e-10 1.303930545203169426e-10 3.399548108220225056e-11 8.032746248295708180e-12 1.742174695837488343e-12 3.513698288743737322e-13 6.689904013158777356e-14 1.225360724436854805e-14 2.210906220594046732e-15 4.033515698962508874e-16 7.600318698895637676e-17 1.490020205103530625e-17 3.012005099529510848e-18 6.164084395703314265e-19 1.253833806565548556e-19 2.500732006429382609e-20 4.846567567131875061e-21 8.890434857740408983e-22 0.000000000000000000e+00
0.000000000000000000e+00 1.644033721892831416e-24 1.574204455831250942e-23 1.438559178066654212e-22 1.264481663765897265e-21 1.066902910153413953e-20 8.620771569074849916e-20 6.653543311867801764e-19 4.891088514341672629e-18 3.413684855810576273e-17 2.254040489868457592e-16 1.402413534494127955e-15 8.184283218631771199e-15 4.456479789824454376e-14 2.250386066799308054e-13 1.046309581880304127e-12 4.441230896806321252e-12 1.703543861587550917e-11 5.832612457640410364e-11 1.756184317109889195e-10 4.568231535427766182e-10 1.005763860365381061e-09 1.834503584404506854e-09 2.726470277349446553e-09 3.297191580912591015e-09 3.297258275199074781e-09 2.726662250096101084e-09 1.834792835571730224e-09 1.006110312963243114e-09 4.571630754801425692e-10 1.758889953827874648e-10 5.850853991128226591e-11 1.714171498560585830e-11 4.495729439194278695e-12 1.071287567480757773e-12 2.353922872128129054e-13 4.848481090182846017e-14 9.550972187927351065e-15 1.844197462239532263e-15 3.585832331456433171e-16 7.176649932893131923e-17 1.490020205103530625e-17 3.181371180571893410e-18 6.859731924742750493e-19 1.466710558059683781e-19 3.068319609026355509e-20 6.229694419262195848e-21 1.221619921917224691e-21 2.259159092444163083e-22 0.000000000000000000e+00
0.000000000000000000e+00 2.204649630671654593e-25 2.098260704072525349e-24 1.905911947440725681e-23 1.665479020884133354e-22 1.397282487871307620e-21 1.122861944401128895e-20 8.620766567816727547e-20 6.305312464727000339e-19 4.379540772833479737e-18 2.878492289094885567e-17 1.783060796214191662e-16 1.036182830330411915e-15 5.619250740221704440e-15 2.826319301117415507e-14 1.308965336401748261e-13 5.534517382411760662e-13 2.114585083770049728e-12 7.211274056326139741e-12 2.162685550787139055e-11 5.603967367663166642e-11 1.229500125889256674e-10 2.236457988221645269e-10 3.318665920083495714e-10 4.011851192787194569e-10 4.012005852341151094e-10 3.319112468812115876e-10 2.237134537862038091e-10 1.230314122080283775e-10 5.611974151075823854e-11 2.169071183204335044e-11 7.254380002123496258e-12 2.139718934676052127e-12 5.663473248543378317e-13 1.368087001493103985e-13 3.071445434356973323e-14 6.547584139648111862e-15 1.359975020172321510e-15 2.830379756964010132e-16 6.038548853290253775e-17 1.331902136351849307e-17 3.012005099529511233e-18 6.859731924742748567e-19 1.545193562755430054e-19 3.397349489724866094e-20 7.233710386592084902e-21 1.485799689809091020e-21 2.937650908171990218e-22 5.466582855628972512e-23 0.000000000000000000e+00
0.000000000000000000e+00 2.825967412522359581e-26 2.673271647407371193e-25 2.413412865526482024e-24 2.096408959526323365e-23 1.748620430965132137e-22 1.397284859438255500e-21 1.066902546623695701e-20 7.762132563375505301e-20 5.363788572854853069e-19 3.507895769839125871e-18 2.162465924105254284e-17 1.250761130458782006e-16 6.751679201306916351e-16 3.380456043652165305e-15 1.558518654426824411e-14 6.559762413593288048e-14 2.494845701195090555e-13 8.468991028007312083e-13 2.528318539129928538e-12 6.522776573245972238e-12 1.425495268323385224e-11 2.585017928921376193e-11 3.829017056528117401e-11 4.626526283447163839e-11 4.626864373611809298e-11 3.829996117559216497e-11 2.586509270816404116e-11 1.427297580400186430e-11 6.540553923569029116e-12 2.542532182155229141e-12 8.565128530223534531e-13 2.550992641699457056e-13 6.848249089345894688e-14 1.690940277245046634e-14 3.930113563386895043e-15 8.835655730629021381e-16 1.978493967329733697e-16 4.519472431680404911e-17 1.063044645603073559e-17 2.554801118303843285e-18 6.164084395703318117e-19 1.466710558059683781e-19 3.397349489724866094e-20 7.602161156097980798e-21 1.637387701427979181e-21 3.390629518025821125e-22 6.746597861880655113e-23 1.262144963288476744e-23 0.000000000000000000e+00
0.000000000000000000e+00 3.471392127783580580e-27 3.263833631112403042e-26 2.928390722935267026e-25 2.528353994097350412e-24 2.096399561153400495e-23 1.665480977655786335e-22 1.264479399436126681e-21 9.148683662921553933e-21 6.287723704817147686e-20 4.090372512827231876e-19 2.508432628105195854e-18 1.443437904309760389e-17 7.752262433943296981e-17 3.861845462588927459e-16 1.771466026055403689e-15 7.418224422354908427e-15 2.806947864653810103e-14 9.479877816304280974e-14 2.815914951790211700e-13 7.230056698152121229e-13 1.573380034936475726e-12 2.843704192933649766e-12 4.203877377644387119e-12 5.076506638942405303e-12 5.077206284445124466e-12 4.205909248175373430e-12 2.846815519655506921e-12 1.577156665459923053e-12 7.267418248214688718e-13 2.845875118850431456e-13 9.683036600566345294e-14 2.925872829193320774e-14 8.030577530351694778e-15 2.053101072306141748e-15 5.033045116335270046e-16 1.220089637511711368e-16 2.999806556285690662e-17 7.559044766862275195e-18 1.938428424783252045e-18 4.972564276660977314e-19 1.253833806565549760e-19 3.068319609026357315e-20 7.233710386592087912e-21 1.637387701427980309e-21 3.555327015267461146e-22 7.408880043467544824e-23 1.482301182517112646e-23 2.786889470109476430e-24 0.000000000000000000e+00
0.000000000000000000e+00 4.095838077491657529e-28 3.827557942842082114e-27 3.412737987189956747e-26 2.928425323099349520e-25 2.413405674542496015e-24 1.905922079901760611e-23 1.438556158042168492e-22 1.034826989768214196e-21 7.071863367874336856e-21 4.574765832037779255e-20 2.789976387726720101e-19 1.596639028886713806e-18 8.528188845858797580e-18 4.225152643806530761e-17 1.927486590085709255e-16 8.027084931521566913e-16 3.020531675143433738e-15 1.014508322096997684e-14 2.997294535835976618e-14 7.656560537458782231e-14 1.658736431492824330e-13 2.987388643096035957e-13 4.406918746391505208e-13 5.318260085920200190e-13 5.319635762821974315e-13 4.410925015376346214e-13 2.993554890556034825e-13 1.666253734258973559e-13 7.731159481844965560e-14 3.057312824309568050e-14 1.055328969820336219e-14 3.260170969261689405e-15 9.264372658764773411e-16 2.498011179356949110e-16 6.603621869241051582e-17 1.758447304866201276e-17 4.772723141961046904e-18 1.312233560714237236e-18 3.594288799509396241e-19 9.640410689160288284e-20 2.500732006429384114e-20 6.229694419262198105e-21 1.485799689809090832e-21 3.390629518025822536e-22 7.408880043467545999e-23 1.552387138494260893e-23 3.121935954006944778e-24 5.898875472370731808e-25 0.000000000000000000e+00
0.000000000000000000e+00 4.650726102540944206e-29 4.320068641062639866e-28 3.827566482568441956e-27 3.263912426299786564e-26 2.673256547281581928e-25 2.098282860762233066e-24 1.574197864885064709e-23 1.125662031277514682e-22 7.647240355299460618e-22 4.918042883877994216e-21 2.981881223319533002e-20 1.696562726124942581e-19 9.009343864157850119e-19 4.437560426417212003e-18 2.012552987434039323e-17 8.332147344589859233e-17 3.116896958693656870e-16 1.040778468453726723e-15 3.057483009949790567e-15 7.768568083703886825e-15 1.675171583516242245e-14 3.005828575489747682e-14 4.424161838741676761e-14 5.335445864265677612e-14 5.338022660424832429e-14 4.431686384350698898e-14 3.017468284601236507e-14 1.689422415727886322e-14 7.910445886402082459e-15 3.172038288812779799e-15 1.118954948209590507e-15 3.577348705851055366e-16 1.071713568215504718e-16 3.115683330871453204e-17 9.050206173624605902e-18 2.662415779071681206e-18 7.892221541807756915e-19 2.319677194510431832e-19 6.647290234592843031e-20 1.834902031100757151e-20 4.846567567131880327e-21 1.221619921917224880e-21 2.937650908171991159e-22 6.746597861880652762e-23 1.482301182517112352e-23 3.121935954006943676e-24 6.310912392115545964e-25 1.198671433506067364e-25 0.000000000000000000e+00
0.000000000000000000e+00 5.037828334757244300e-30 4.653098571107188510e-29 4.096903603922624763e-28 3.471998811288186491e-27 2.826115347874712693e-26 2.204764165796286908e-25 1.644045559508658417e-24 1.168546990271882265e-23 7.891064348136345461e-23 5.044613835244052717e-22 3.040424312885189569e-21 1.719569745379463222e-20 9.076999797312735037e-20 4.444060013633105128e-19 2.003349321764176649e-18 8.243859415155250397e-18 3.065221495755117716e-17 1.017411361713161242e-16 2.971534487876529000e-16 7.509032656880211488e-16 1.611614014780722344e-15 2.880847631542240322e-15 4.230363781666443108e-15 5.098355094446152172e-15 5.102880014032679627e-15 4.243610593506307096e-15 2.901435182893685125e-15 1.636920648777884718e-15 7.761770369736911965e-16 3.176331410657665376e-16 1.157656396264184527e-16 3.894094425746682512e-17 1.255167894459684749e-17 4.002407784046001042e-18 1.282986844896045269e-18 4.120216642938467811e-19 1.305443271352731008e-19 4.013960581298099598e-20 1.183724989595119735e-20 3.326887828136138478e-21 8.890434857740416506e-22 2.259159092444164964e-22 5.466582855628974863e-23 1.262144963288476156e-23 2.786889470109475695e-24 5.898875472370729971e-25 1.198671433506067364e-25 2.289840942541874703e-26 0.000000000000000000e+00
0.000000000000000000e+00 0.000000000000000000e+00 0.000000000000000000e+00 0.000000000000000000e+00 0.000000000000000000e+00 0.000000000000000000e+00 0.000000000000000000e+00 0.000000000000000000e+00 0.000000000000000000e+00 0.000000000000000000e+00 0.000000000000000000e+00 0.000000000000000000e+00 0.000000000000000000e+00 0.000000000000000000e+00 0.000000000000000000e+00 0.000000000000000000e+00 0.000000000000000000e+00 0.000000000000000000e+00 0.000000000000000000e+00 0.000000000000000000e+00 0.000000000000000000e+00 0.000000000000000000e+00 0.000000000000000000e+00 0.000000000000000000e+00 0.000000000000000000e+00 0.000000000000000000e+00 0.000000000000000000e+00 0.000000000000000000e+00 0.000000000000000000e+00 0.000000000000000000e+00 0.000000000000000000e+00 0.000000000000000000e+00 0.000000000000000000e+00 0.000000000000000000e+00 0.000000000000000000e+00 0.000000000000000000e+00 0.000000000000000000e+00 0.000000000000000000e+00 0.000000000000000000e+00 0.000000000000000000e+00 0.000000000000000000e+00 0.000000000000000000e+00 0.000000000000000000e+00 0.000000000000000000e+00 0.000000000000000000e+00 0.000000000000000000e+00 0.000000000000000000e+00 0.000000000000000000e+00 0.000000000000000000e+00 0.000000000000000000e+00
