0.000000000000000000e+00 0.000000000000000000e+00 0.000000000000000000e+00 0.000000000000000000e+00 0.000000000000000000e+00 0.000000000000000000e+00 0.000000000000000000e+00 0.000000000000000000e+00 0.000000000000000000e+00 0.000000000000000000e+00 0.000000000000000000e+00 0.000000000000000000e+00 0.000000000000000000e+00 0.000000000000000000e+00 0.000000000000000000e+00 0.000000000000000000e+00 0.000000000000000000e+00 0.000000000000000000e+00 0.000000000000000000e+00 0.000000000000000000e+00 0.000000000000000000e+00 0.000000000000000000e+00 0.000000000000000000e+00 0.000000000000000000e+00 0.000000000000000000e+00 0.000000000000000000e+00 0.000000000000000000e+00 0.000000000000000000e+00 0.000000000000000000e+00 0.000000000000000000e+00 0.000000000000000000e+00 0.000000000000000000e+00 0.000000000000000000e+00 0.000000000000000000e+00 0.000000000000000000e+00 0.000000000000000000e+00 0.000000000000000000e+00 0.000000000000000000e+00 0.000000000000000000e+00 0.000000000000000000e+00 0.000000000000000000e+00 0.000000000000000000e+00 0.000000000000000000e+00 0.000000000000000000e+00 0.000000000000000000e+00 0.000000000000000000e+00 0.000000000000000000e+00 0.000000000000000000e+00 0.000000000000000000e+00 0.000000000000000000e+00
0.000000000000000000e+00 -9.014055405128070179e-35 3.640682693431006809e-34 -1.528425286013230181e-33 8.090057070247224435e-33 -1.285357011549371268e-32 2.543197977737913384e-31 1.257263292103246614e-30 1.768405709081356368e-29 1.502252492101725150e-28 1.448782059936932279e-27 1.207522216998342728e-26 9.950280131606356444e-26 7.449936164742766668e-25 5.265800885206033344e-24 3.398476051782718258e-23 2.008782091566152174e-22 1.067382893541401432e-21 5.034134115125927834e-21 2.064451916219612665e-20 7.180403307606466918e-20 2.050178275992184809e-19 4.612961587236875333e-19 7.828556515091936541e-19 9.856109700993409615e-19 9.856099666709864297e-19 7.828530693054618006e-19 4.612927715835600209e-19 2.050134533831682098e-19 7.180004053317699234e-20 2.064090877665901332e-20 5.031114419578448943e-21 1.065764259768842339e-21 1.998147876839948281e-22 3.354416670198132647e-23 5.051576402510609350e-24 6.686771196287189354e-25 7.078801634810236499e-26 3.071785170358319777e-27 -1.343087921593214307e-27 -6.228440896283441099e-28 -1.896220423312682502e-28 -4.966165286159856929e-29 -1.192657126523378198e-29 -2.687261973967187439e-30 -5.738452181597810025e-31 -1.167531283357340510e-31 -2.269224222825635523e-32 -4.174380740446049347e-33 0.000000000000000000e+00
0.000000000000000000e+00 3.640682693431727386e-34 -1.318815588248570551e-33 7.738378043426901836e-33 -1.014406080740373381e-32 2.895783694681633973e-31 1.675962318373928638e-30 2.349886300677203650e-29 2.163803096079101527e-28 2.193868020478039402e-27 1.969128844085958973e-26 1.736486092178825873e-25 1.408954683443363111e-24 1.083118940158140923e-23 7.680288950138991614e-23 5.035554334421371951e-22 3.006098452309165825e-21 1.617846642935491356e-20 7.721185427916992224e-20 3.205074111774637349e-19 1.127972673571381741e-18 3.256172775994354912e-18 7.394271801290640911e-18 1.262119343749251808e-17 1.590379477347546124e-17 1.590379290369262399e-17 1.262118693979059556e-17 7.394265505490337763e-18 3.256175634052687152e-18 1.127979228033580692e-18 3.205177611609801656e-19 7.722285876762641642e-20 1.618450934087083061e-20 3.010540475220428979e-21 5.053339944264738997e-22 7.772133447029528899e-23 1.114730017692522599e-23 1.531317870129496473e-24 2.111262000706446370e-25 3.140315654232539205e-26 5.390115022743941592e-27 1.070036609785859669e-27 2.309816464578517352e-28 5.081207481169809011e-29 1.096512046658889875e-29 2.282626299442626746e-30 4.556374715611967686e-31 8.703148996372539129e-32 1.583183587158763293e-32 0.000000000000000000e+00
0.000000000000000000e+00 -1.528425286013464015e-33 7.738378043428542614e-33 -1.122397024651426066e-32 3.210931624604764008e-31 1.913807839617822934e-30 2.863658243556900540e-29 2.772974306504615114e-28 2.988923588650449186e-27 2.851405929194613115e-26 2.690728367726177226e-25 2.344473728767755458e-24 1.949036287673701305e-23 1.504092450074678657e-22 1.082846503592378892e-21 7.169167435136895898e-21 4.333954708137344457e-20 2.359843011516194257e-19 1.140065924347947643e-18 4.790003437992877144e-18 1.705882397032620003e-17 4.979431946387076126e-17 1.141372889568617497e-16 1.959646853265593283e-16 2.471279227515390121e-16 2.471279280061162582e-16 1.959647095104706872e-16 1.141373118614323149e-16 4.979429348151347245e-17 1.705878256934364437e-17 4.789940858926024697e-18 1.140000742970327700e-18 2.359496250975596899e-19 4.331302563246234268e-20 7.159035976473221230e-21 1.077353844637218438e-21 1.485918062717928153e-22 1.876208261715614280e-23 2.126766030954695017e-24 1.998640619452489433e-25 9.848498308838630357e-27 -2.014979656409149075e-27 -9.328612294676843670e-28 -2.564071580202591501e-28 -5.983999028430545437e-29 -1.277767941752540522e-29 -2.559520265268676208e-30 -4.855103329866690953e-31 -8.705979039633246836e-32 0.000000000000000000e+00
0.000000000000000000e+00 8.090057070251622651e-33 -1.014406080741154084e-32 3.210931624605286429e-31 2.002942209761835548e-30 3.158378933534887499e-29 3.216767852337287556e-28 3.667879755037076771e-27 3.707225276219052367e-26 3.724694523959022217e-25 3.467524263173768996e-24 3.097440993210205465e-23 2.582503817769643997e-22 2.023481121962699521e-21 1.470054183970296786e-20 9.853248074139339194e-20 6.023496810469098661e-19 3.319141654104017591e-18 1.622718053067329755e-17 6.900255921938351178e-17 2.486593866571221337e-16 7.339311083048953650e-16 1.698179698059879405e-15 2.932890168338834244e-15 3.701200342956670601e-15 3.701200325028498598e-15 2.932890055079485434e-15 1.698179577835281458e-15 7.339312297811954766e-16 2.486595717951274486e-16 6.900287103990525153e-17 1.622751244130394634e-17 3.319312996183510912e-18 6.024892435795809051e-19 9.858259659652880177e-20 1.472965856542413041e-20 2.032580235182814526e-21 2.620863452994494692e-22 3.207675393147475506e-23 3.827478018979258609e-24 4.673399156821266816e-25 6.269920807984427702e-26 9.781940439407665216e-27 1.753689615577142191e-27 3.383423564896071468e-28 6.606129942813249329e-29 1.259793644991852772e-29 2.306346135706309593e-30 3.996569500640194253e-31 0.000000000000000000e+00
0.000000000000000000e+00 -1.285357011551142596e-32 2.895783694683090885e-31 1.913807839617212319e-30 3.158378933535290512e-29 3.379533510976619666e-28 4.061663050772690488e-27 4.335936200646763154e-26 4.619366200431457971e-25 4.574513469314641460e-24 4.367282111140135081e-23 3.909761735439746516e-22 3.309455244182512533e-21 2.615107696819056583e-20 1.922716686185771188e-19 1.302468552575028605e-18 8.054089736858065115e-18 4.489168574942548290e-17 2.220637550694339766e-16 9.554956766719562106e-16 3.483689861377948741e-15 1.039645166424269594e-14 2.428262567351251431e-14 4.218665207972891398e-14 5.326936135170012111e-14 5.326936057200207511e-14 4.218665030769450040e-14 2.428262378321495790e-14 1.039644954866231952e-14 3.483688311066199868e-15 9.554939126724135942e-16 2.220620946495645871e-16 4.489088341687433374e-17 8.053407658859284559e-18 1.302243571191072327e-18 1.921294609334204464e-19 2.611008786273117697e-20 3.290902199771215417e-21 3.859549217201890604e-22 4.196305688065779722e-23 4.140903574124029469e-24 3.430376263503527736e-25 1.569917825105336234e-26 -2.382439606027004946e-27 -1.011763632188667402e-27 -2.440900354632046668e-28 -4.930412632801490272e-29 -8.976060866830116505e-30 -1.490433754312219840e-30 0.000000000000000000e+00
0.000000000000000000e+00 2.543197977739776235e-31 1.675962318372678329e-30 2.863658243558005324e-29 3.216767852336685782e-28 4.061663050773001868e-27 4.567739410054593341e-26 5.142001428368919962e-25 5.396461320946409850e-24 5.481375603969018993e-23 5.241799206847765872e-22 4.763685999285482432e-21 4.064336221382629838e-20 3.249021026837022150e-19 2.412824833168039295e-18 1.652405461854642500e-17 1.032922246486623112e-16 5.821951137774101220e-16 2.912849212112844555e-15 1.267874789805270076e-14 4.675900055473842815e-14 1.410745998637431265e-13 3.325976167800539778e-13 5.812406489527806878e-13 7.342759463065994496e-13 7.342759818186999794e-13 5.812407475764218784e-13 3.325977259909947016e-13 1.410746770237563844e-13 4.675904500528361612e-14 1.267877250865112937e-14 2.912862606421332196e-15 5.822003865056229842e-16 1.032957886341307210e-16 1.652508356423277691e-17 2.413489432464575617e-18 3.250713944749951905e-19 4.072648106317620144e-20 4.784117344679960159e-21 5.315819582414310596e-22 5.656998145116897478e-23 5.891350976651938184e-24 6.239941723460184298e-25 7.112957351127743970e-26 9.156221957154223378e-27 1.323680682750349426e-27 2.023009106452244150e-28 3.033282382866236458e-29 4.104439852264245336e-30 0.000000000000000000e+00
0.000000000000000000e+00 1.257263292101382887e-30 2.349886300678686504e-29 2.772974306503503492e-28 3.667879755037916205e-27 4.335936200646288480e-26 5.142001428369117408e-25 5.701102181149108436e-24 6.137500855115718200e-23 6.242427933649024206e-22 6.059384614559160587e-21 5.548147013075827480e-20 4.787143667142481264e-19 3.863188571629402014e-18 2.898723664985556821e-17 2.005375840824080062e-16 1.266727004171941704e-15 7.216156873343267329e-15 3.650023594286179882e-14 1.606508247425636610e-13 5.991108244690966920e-13 1.826961774413719522e-12 4.347149402636168640e-12 7.641316808660522619e-12 9.656244266555348370e-12 9.656243352302707625e-12 7.641314152343420299e-12 4.347146416121080127e-12 1.826959689939264693e-12 5.991095793460951048e-13 1.606502319604642207e-13 3.649999278101932227e-14 7.216073932410929136e-15 1.266694508260314846e-15 2.005292474519724855e-16 2.898344151317339774e-17 3.862369746098433486e-18 4.783338794523008233e-19 5.540192297920752058e-20 6.029120899567945307e-21 6.179050683590103396e-22 5.951917036417681044e-23 5.327472639661340938e-24 4.281707412190213648e-25 2.783090980508118477e-26 8.576643672943384947e-28 -1.178837552067984106e-28 -2.154851629328051070e-29 1.262743289386307620e-30 0.000000000000000000e+00
0.000000000000000000e+00 1.768405709082825489e-29 2.163803096077696641e-28 2.988923588651555875e-27 3.707225276218243641e-26 4.619366200431978678e-25 5.396461320946130670e-24 6.137500855115818117e-23 6.615418796074411622e-22 6.829368829427463273e-21 6.677210823880660170e-20 6.181357176506777918e-19 5.381734007176006492e-18 4.385822935701786394e-17 3.322104075888935839e-16 2.320587207438111709e-15 1.480213671830963926e-14 8.517135259174467253e-14 4.352602249995115715e-13 1.936051804991529968e-12 7.297399353191472440e-12 2.248397687866585637e-11 5.398259439014950253e-11 9.543007010936398056e-11 1.206108592570861018e-10 1.206108762061870454e-10 9.543012105327585888e-11 5.398265228695772062e-11 2.248401816168414011e-11 7.297425336835910153e-12 1.936064049048878053e-12 4.352650973785007283e-13 8.517300129324215434e-14 1.480265504639326238e-14 2.320721109172441294e-15 3.322495951436124227e-16 4.386627041610980298e-17 5.384235552594883254e-18 6.185781251725482196e-19 6.691481880931554754e-20 6.853518029423086980e-21 6.684330287092009041e-22 6.249479480676593067e-23 5.644465865065602692e-24 4.949045892029599487e-25 4.136819202737606634e-26 2.889229567502994791e-27 2.261081939636391903e-29 -6.250493382322209588e-29 0.000000000000000000e+00
0.000000000000000000e+00 1.502252492100388872e-28 2.193868020479119187e-27 2.851405929193691890e-26 3.724694523959686187e-25 4.574513469314183752e-24 5.481375603969283479e-23 6.242427933648888789e-22 6.829368829427508412e-21 7.100730744275985648e-20 7.018203228655460094e-19 6.553838145794690672e-18 5.759964480779381019e-17 4.735870952241349081e-16 3.619433988407644620e-15 2.550778559707700321e-14 1.641697885177991944e-13 9.533185921914635060e-13 4.918064322756341878e-12 2.209026915584234441e-11 8.409741930895318861e-11 2.616600412026070041e-10 6.336717174994749411e-10 1.126329275130498654e-09 1.423432655983800079e-09 1.423432414646332952e-09 1.126328523145375994e-09 6.336708548426559045e-10 2.616594103059169941e-10 8.409700237392420453e-11 2.209007236032057372e-11 4.917984889128629372e-12 9.532913701519940472e-13 1.641615193986590900e-13 2.550559181453500992e-14 3.618877352986660352e-15 4.734678190646624930e-16 5.757199211895586652e-17 6.548943414161368838e-18 7.007084539035279017e-19 7.084080517796891538e-20 6.792643682608446833e-21 6.197134445556512340e-22 5.399924536998342706e-23 4.536889713387187417e-24 3.802540739168638993e-25 3.535362189434656712e-26 4.406292634861806521e-27 7.789239448921632816e-28 0.000000000000000000e+00
0.000000000000000000e+00 1.448782059937798439e-27 1.969128844085164022e-26 2.690728367726802625e-25 3.467524263173282635e-24 4.367282111140464808e-23 5.241799206847551462e-22 6.059384614559277948e-21 6.677210823880604800e-20 7.018203228655475501e-19 6.996566526076874574e-18 6.593962742032684631e-17 5.844597465304393433e-16 4.845825875888472786e-15 3.733496115145637778e-14 2.652187736576155717e-13 1.720557992830153696e-12 1.007193856015837242e-11 5.239426121547837531e-11 2.373904272423615039e-10 9.119249709469104595e-10 2.863029196612125816e-09 6.989651811698294183e-09 1.248742970475482200e-08 1.577630912723978157e-08 1.577631183649762589e-08 1.248743851027616110e-08 6.989662002620340936e-09 2.863036852978799290e-09 9.119302676194082527e-10 2.373929190370058687e-10 5.239528874077710810e-11 1.007229426102918535e-11 1.720666297250474729e-12 2.652479924628323052e-13 3.734218999013745769e-14 4.847422628756530100e-15 5.848005538001790041e-16 6.600289364793497886e-17 7.008777109218842811e-18 7.037365268631276440e-19 6.711188421958652535e-20 6.102409875138140335e-21 5.304887904934095245e-22 4.402076167137723318e-23 3.427627704013428245e-24 2.309676433080271480e-25 7.806515794272442952e-27 -1.793565315599861451e-27 0.000000000000000000e+00
0.000000000000000000e+00 1.207522216997802334e-26 1.736486092179295153e-25 2.344473728767367177e-24 3.097440993210501102e-23 3.909761735439533516e-22 4.763685999285623867e-21 5.548147013075744424e-20 6.181357176506825103e-19 6.553838145794668331e-18 6.593962742032692027e-17 6.266618069532491649e-16 5.599384646272485331e-15 4.677658080012991668e-14 3.629820151997417584e-13 2.596206817854206091e-12 1.695469688378555138e-11 9.991180202760630030e-11 5.233092436347738359e-10 2.388230899258600923e-09 9.244992241697049940e-09 2.925493167158065096e-08 7.194014623537582606e-08 1.291142959886610502e-07 1.630164915988905588e-07 1.630164674118325627e-07 1.291142131706178522e-07 7.194004956131563165e-08 2.925485690545999948e-08 9.244938195625547531e-09 2.388205753605345547e-09 5.232986126345037185e-10 9.990810588830985963e-11 1.695356220735038990e-11 2.595897567343351788e-12 3.629055459956802201e-13 4.675942832867438051e-14 5.595783363890384868e-15 6.259751016646942795e-16 6.581261260561871451e-17 6.532942307441507605e-18 6.146645330284505327e-19 5.499514299494543472e-20 4.693581301321712334e-21 3.837699953211508885e-22 3.039819029480470151e-23 2.416489140471805859e-24 2.125854540913924696e-25 2.432456771518780659e-26 0.000000000000000000e+00
0.000000000000000000e+00 9.950280131609260742e-26 1.408954683443115338e-24 1.949036287673913482e-23 2.582503817769485070e-22 3.309455244182633280e-21 4.064336221382550995e-20 4.787143667142533264e-19 5.381734007175973366e-18 5.759964480779399508e-17 5.844597465304388503e-16 5.599384646272484542e-15 5.040108361876727771e-14 4.238808073839537180e-13 3.309263025089099334e-12 2.379943320962506425e-11 1.562095468513827079e-10 9.249712892017176861e-10 4.868437380735567987e-09 2.233492101571183164e-08 8.696362627685206064e-08 2.769248459565113403e-07 6.850875978984435265e-07 1.234214717142107244e-06 1.556688232058587936e-06 1.556688403092325773e-06 1.234215343906211372e-06 6.850883357439791577e-07 2.769254351233067580e-07 8.696407084056325619e-08 2.233512363670610082e-08 4.868525677045634411e-09 9.250018848808211945e-10 1.562190292534332565e-10 2.380203169283540206e-11 3.309907475814678933e-12 4.240264364471444578e-13 5.043158217278296574e-14 5.605267579209148116e-15 5.855357781294193130e-16 5.778050138426313519e-17 5.411252867221547536e-18 4.830562521916171169e-19 4.127367820505007859e-20 3.387309273779848569e-21 2.673030889626353191e-22 2.011346056252581873e-23 1.381613471243183522e-24 6.921540793308721534e-26 0.000000000000000000e+00
0.000000000000000000e+00 7.449936164741458930e-25 1.083118940158265085e-23 1.504092450074581796e-22 2.023481121962781523e-21 2.615107696819002115e-20 3.249021026837063076e-19 3.863188571629376592e-18 4.385822935701802418e-17 4.735870952241339220e-16 4.845825875888474364e-15 4.677658080012995455e-14 4.238808073839537685e-13 3.585569465368858386e-12 2.812813183907903152e-11 2.030797573312933253e-10 1.337044540613657510e-09 7.936978778956808171e-09 4.187108046117175066e-08 1.925790894534525490e-07 7.522264372473192730e-07 2.404937436262125255e-06 5.974767609539961144e-06 1.079185460030218368e-05 1.359058138051774694e-05 1.359058043977132920e-05 1.079185081075009006e-05 5.974763110847639600e-06 2.404933711892925236e-06 7.522235050542812635e-07 1.925777967019583521e-07 4.187049435812820589e-08 7.936778676854054576e-09 1.336981779544512518e-09 2.030625636050939732e-10 2.812386186434361913e-11 3.584603431148283497e-12 4.236791410900278509e-13 4.673765916833864791e-14 4.838769325864734788e-15 4.723987127273998841e-16 4.366698088276900060e-17 3.834783482905584641e-18 3.208132479073178334e-19 2.562215407180176383e-20 1.957850862436978151e-21 1.438547980487702126e-22 1.034849643293416679e-23 7.727881613810347891e-25 0.000000000000000000e+00
0.000000000000000000e+00 5.265800885206630642e-24 7.680288950138475572e-23 1.082846503592424971e-21 1.470054183970263083e-20 1.922716686185797910e-19 2.412824833168023887e-18 2.898723664985566682e-17 3.322104075888928444e-16 3.619433988407647775e-15 3.733496115145638409e-14 3.629820151997417079e-13 3.309263025089100950e-12 2.812813183907903798e-11 2.214274113225406651e-10 1.601972819494751413e-09 1.055471904162356528e-08 6.262960522044467431e-08 3.300334534529260698e-07 1.516158373277766740e-06 5.919118023160894386e-06 1.893600581270276625e-05 4.711738390369556596e-05 8.517635669802876537e-05 1.070269901847324001e-04 1.070269940438603153e-04 8.517637468738535177e-05 4.711740543525554141e-05 1.893602440515688740e-05 5.919133297579138217e-06 1.516164765279695327e-06 3.300365203387474132e-07 6.263061672688669389e-08 1.055504229592494051e-08 1.602060412063506174e-09 2.214491001237354331e-10 2.813299592209900393e-11 3.310265132551892626e-12 3.631723589427832416e-13 3.736863051387736954e-14 3.624954904060487734e-15 3.330635497974901703e-16 2.910877284878444522e-17 2.429282658082895482e-18 1.942670881624610193e-19 1.492698033574267912e-20 1.102807106104089726e-21 7.790813910004352705e-23 5.104843282734237310e-24 0.000000000000000000e+00
0.000000000000000000e+00 3.398476051782482571e-23 5.035554334421589183e-22 7.169167435136713837e-21 9.853248074139489657e-20 1.302468552575018782e-18 1.652405461854648663e-17 2.005375840824077843e-16 2.320587207438114075e-15 2.550778559707698427e-14 2.652187736576155717e-13 2.596206817854207707e-12 2.379943320962505778e-11 2.030797573312934804e-10 1.601972819494750172e-09 1.159047355998684383e-08 7.620891719166956109e-08 4.503962961335554636e-07 2.360284403487511448e-06 1.077533227907575426e-05 4.182213941114527346e-05 1.332163209826664647e-04 3.306552764172843639e-04 5.966252821126451352e-04 7.472904736795534355e-04 7.472904630462266426e-04 5.966252172285651471e-04 3.306551981592367523e-04 1.332162498453276338e-04 4.182207837498957704e-05 1.077530883127722832e-05 2.360272080127245127e-06 4.503925241765580313e-07 7.620766579565246366e-08 1.159014700820092710e-08 1.601892989493593638e-09 2.030624943783903588e-10 2.379604450273664206e-11 2.595606590937662190e-12 2.651230000485077516e-13 2.549432106474474777e-14 2.318966579084169286e-15 2.003956759064048059e-16 1.652088372342332491e-17 1.305097261160066347e-18 9.933724203384437894e-20 7.346807626751923833e-21 5.358771044035183970e-22 3.942647483515917144e-23 0.000000000000000000e+00
0.000000000000000000e+00 2.008782091566239395e-22 3.006098452309084198e-21 4.333954708137410661e-20 6.023496810469051476e-19 8.054089736858097470e-18 1.032922246486621756e-16 1.266727004171941901e-15 1.480213671830963295e-14 1.641697885177992449e-13 1.720557992830153898e-12 1.695469688378553845e-11 1.562095468513829147e-10 1.337044540613657303e-09 1.055471904162357521e-08 7.620891719166954786e-08 4.985168054020519677e-07 2.921767352013522318e-06 1.513993941849214407e-05 6.820871788990036605e-05 2.611704983717666202e-04 8.221107985975199556e-04 2.022800033100349663e-03 3.627566979856727044e-03 4.522708137994240450e-03 4.522708150599172305e-03 3.627567146851129291e-03 2.022800235669311702e-03 8.221109956905833967e-04 2.611706754121078289e-04 6.820877580546104609e-05 1.513997571832216147e-05 2.921776633317958768e-06 4.985202004588538187e-07 7.620969464574429631e-08 1.055490014414126466e-08 1.337077379861530390e-09 1.562143620392831372e-10 1.695509308294678954e-11 1.720505720936878999e-12 1.641342983228227584e-13 1.479120301521357114e-14 1.264085637489574408e-15 1.027414291063226488e-16 7.949869629153997435e-18 5.842272542825443597e-19 4.037846415004646254e-20 2.551308718872729046e-21 1.348839405883453361e-22 0.000000000000000000e+00
0.000000000000000000e+00 1.067382893541371151e-21 1.617846642935517838e-20 2.359843011516172591e-19 3.319141654104031842e-18 4.489168574942542127e-17 5.821951137774107137e-16 7.216156873343264174e-15 8.517135259174469777e-14 9.533185921914631021e-13 1.007193856015837404e-11 9.991180202760633908e-11 9.249712892017179963e-10 7.936978778956808171e-09 6.262960522044470078e-08 4.503962961335551989e-07 2.921767352013521471e-06 1.689841025114209897e-05 8.597022176370800188e-05 3.786198979693999704e-04 1.414125551189050149e-03 4.347846411392248221e-03 1.049833502029039363e-02 1.858128852843385012e-02 2.300800762565442109e-02 2.300800766047272211e-02 1.858128826287665930e-02 1.049833469948690048e-02 4.347846063138909728e-03 1.414125221296164570e-03 3.786198284298972878e-04 8.597014983458394085e-05 1.689840082361429623e-05 2.921761960993823964e-06 4.503957967396217643e-07 6.262955554450467400e-08 7.937024692500107042e-09 9.249944420220372756e-10 9.991995208073691250e-11 1.007426008597376733e-11 9.538951474613639511e-13 8.530000428938976014e-14 7.242452206909384548e-15 5.871733316789831772e-16 4.577370422503054780e-17 3.466167621001418442e-18 2.592122770996744236e-19 1.966515253083921215e-20 1.562257244684008849e-21 0.000000000000000000e+00
0.000000000000000000e+00 5.034134115126010588e-21 7.721185427916915187e-20 1.140065924347953613e-18 1.622718053067325750e-17 2.220637550694342231e-16 2.912849212112844949e-15 3.650023594286178620e-14 4.352602249995120259e-13 4.918064322756339454e-12 5.239426121547839469e-11 5.233092436347738359e-10 4.868437380735567159e-09 4.187108046117178375e-08 3.300334534529259639e-07 2.360284403487511024e-06 1.513993941849214068e-05 8.597022176370801543e-05 4.258692876944717050e-04 1.810904542013487594e-03 6.489679888612705054e-03 1.912982935792952380e-02 4.456792617180429378e-02 7.691145044107852713e-02 9.421999808351598504e-02 9.421999789282781146e-02 7.691145058315995708e-02 4.456792632079564082e-02 1.912982959926951346e-02 6.489680140779411840e-03 1.810904477551974860e-03 4.258693679182409017e-04 8.597019793029673737e-05 1.513994057894259108e-05 2.360280209121772183e-06 3.300320740666323272e-07 4.187047488205978053e-08 4.868245021897353968e-09 5.232534957968255501e-10 5.237993071048896010e-11 4.914711238664379572e-12 4.345392290927502672e-13 3.635642625983132781e-14 2.886049128991932583e-15 2.173676658952556812e-16 1.544966108090429956e-17 1.017844338336695256e-18 5.891220705567585761e-20 2.442487884362033385e-21 0.000000000000000000e+00
0.000000000000000000e+00 2.064451916219592804e-20 3.205074111774657090e-19 4.790003437992862507e-18 6.900255921938358573e-17 9.554956766719566051e-16 1.267874789805269603e-14 1.606508247425638377e-13 1.936051804991527949e-12 2.209026915584235410e-11 2.373904272423614522e-10 2.388230899258602164e-09 2.233492101571182833e-08 1.925790894534525490e-07 1.516158373277767587e-06 1.077533227907574410e-05 6.820871788990036605e-05 3.786198979694001330e-04 1.810904542013487377e-03 7.325219388174913221e-03 2.461196630724615114e-02 6.751176020350269091e-02 1.473327185846647069e-01 2.423991088205784961e-01 2.916530900250775549e-01 2.916530903490037185e-01 2.423991090417410565e-01 1.473327189585172947e-01 6.751176052137465577e-02 2.461196660512939352e-02 7.325219701026806050e-03 1.810904504863028886e-03 3.786200031844539249e-04 6.820873111491757099e-05 1.077535085538334373e-05 1.516164147503765276e-06 1.925814867130225000e-07 2.233565150784698804e-08 2.388439838372322986e-09 2.374434590425522608e-10 2.210259889906261466e-11 1.938691853378216880e-12 1.611761114311203612e-13 1.277652694253345433e-14 9.726224685533180090e-16 7.183943733475152782e-17 5.236289766308461626e-18 3.874195013753570033e-19 3.013531916447338867e-20 0.000000000000000000e+00
0.000000000000000000e+00 7.180403307606506640e-20 1.127972673571377889e-18 1.705882397032622776e-17 2.486593866571223802e-16 3.483689861377945191e-15 4.675900055473847864e-14 5.991108244690961872e-13 7.297399353191480518e-12 8.409741930895312399e-11 9.119249709469109764e-10 9.244992241697048285e-09 8.696362627685206064e-08 7.522264372473191671e-07 5.919118023160887610e-06 4.182213941114527346e-05 2.611704983717665659e-04 1.414125551189051016e-03 6.489679888612706789e-03 2.461196630724615114e-02 7.534047072110393317e-02 1.837775746052890680e-01 3.567979069525949454e-01 5.360882752223887771e-01 6.239725853236918196e-01 6.239725852998978528e-01 5.360882751948221614e-01 3.567979066934120480e-01 1.837775741836799037e-01 7.534047024958079319e-02 2.461196622114772761e-02 6.489679952185288883e-03 1.414125401509235165e-03 2.611704726848696747e-04 4.182209923906055955e-05 5.919105213433883271e-06 7.522208366012023439e-07 8.696193324637351197e-08 9.244501960369614200e-09 9.118008536000691692e-10 8.406854475385180072e-11 7.291224688636532818e-12 5.978836660347395227e-13 4.653083276454729078e-14 3.443765413331214438e-15 2.420516403981774031e-16 1.601998888766247874e-17 9.722802747522157652e-19 4.972300243142792531e-20 0.000000000000000000e+00
0.000000000000000000e+00 2.050178275992182883e-19 3.256172775994353371e-18 4.979431946387082905e-17 7.339311083048944776e-16 1.039645166424270699e-14 1.410745998637430507e-13 1.826961774413721137e-12 2.248397687866583375e-11 2.616600412026072109e-10 2.863029196612124575e-09 2.925493167158066089e-08 2.769248459565113933e-07 2.404937436262123984e-06 1.893600581270275948e-05 1.332163209826664376e-04 8.221107985975199556e-04 4.347846411392249089e-03 1.912982935792951339e-02 6.751176020350273255e-02 1.837775746052890402e-01 3.778518122527740886e-01 6.073715451003152133e-01 7.796223939425526162e-01 8.534988317252928391e-01 8.534988312739633098e-01 7.796223931803870633e-01 6.073715443504997813e-01 3.778518115706069880e-01 1.837775739361581506e-01 6.751175959130195636e-02 1.912982925061263231e-02 4.347846490454788590e-03 8.221108356634916669e-04 1.332163677872707109e-04 1.893602090949025418e-05 2.404944160369809651e-06 2.769267808907203108e-07 2.925549060513353628e-08 2.863166642556205303e-09 2.616915135211841613e-10 2.249057914721322326e-11 1.828252167070141831e-12 1.413107108191380346e-13 1.043714677070392444e-14 7.405705587379939509e-16 5.082394155440581704e-17 3.408473226255729300e-18 2.263577597771801198e-19 0.000000000000000000e+00
0.000000000000000000e+00 4.612961587236873407e-19 7.394271801290642452e-18 1.141372889568616264e-16 1.698179698059880588e-15 2.428262567351248276e-14 3.325976167800539778e-13 4.347149402636166216e-12 5.398259439014949606e-11 6.336717174994744241e-10 6.989651811698300800e-09 7.194014623537581282e-08 6.850875978984428912e-07 5.974767609539966226e-06 4.711738390369554563e-05 3.306552764172843639e-04 2.022800033100349230e-03 1.049833502029039883e-02 4.456792617180426602e-02 1.473327185846646237e-01 3.567979069525946123e-01 6.073715451003152133e-01 8.044649171633238005e-01 9.136498919124235174e-01 9.539573787100457114e-01 9.539573785696162656e-01 9.136498915332177395e-01 8.044649169107013220e-01 6.073715451547535560e-01 3.567979071335705687e-01 1.473327183233454352e-01 4.456792584129713741e-02 1.049833502173884957e-02 2.022800000048550519e-03 3.306552896016227506e-04 4.711739054585222571e-05 5.974771082620308359e-06 6.850889308661081146e-07 7.194055900500346051e-08 6.989767845957487783e-09 6.337003910903917312e-10 5.398910930264797837e-11 4.348510393575222191e-12 3.328624622203260295e-13 2.433092799052365286e-14 1.706486658554687957e-15 1.154910844190887025e-16 7.604169287315858660e-18 4.920150357295403824e-19 0.000000000000000000e+00
0.000000000000000000e+00 7.828556515091938467e-19 1.262119343749250576e-17 1.959646853265595255e-16 2.932890168338832271e-15 4.218665207972892029e-14 5.812406489527805868e-13 7.641316808660517772e-12 9.543007010936401933e-11 1.126329275130498447e-09 1.248742970475482531e-08 1.291142959886610502e-07 1.234214717142106397e-06 1.079185460030218368e-05 8.517635669802871116e-05 5.966252821126447016e-04 3.627566979856725743e-03 1.858128852843385359e-02 7.691145044107852713e-02 2.423991088205784405e-01 5.360882752223882219e-01 7.796223939425520610e-01 9.136498919124226292e-01 9.697425565075955545e-01 9.872564837870211329e-01 9.872564842482498548e-01 9.697425576723442964e-01 9.136498929264610380e-01 7.796223952562005843e-01 5.360882766790238119e-01 2.423991096177094684e-01 7.691145049354246310e-02 1.858128817268199506e-02 3.627566806093476728e-03 5.966251389391194742e-04 8.517630694646586989e-05 1.079183421824294005e-05 1.234208716564721352e-06 1.291125809336741851e-07 1.248700373365919088e-08 1.126231088984382519e-09 9.540925969663578451e-11 7.637204675414701915e-12 5.804791599154753753e-13 4.205373780219814876e-14 2.910919108556904540e-15 1.925111039028413515e-16 1.210326000148189411e-17 7.092858754685163683e-19 0.000000000000000000e+00
0.000000000000000000e+00 9.856109700993415393e-19 1.590379477347544892e-17 2.471279227515391600e-16 3.701200342956667445e-15 5.326936135170014004e-14 7.342759463065999545e-13 9.656244266555340292e-12 1.206108592570861018e-10 1.423432655983799459e-09 1.577630912723977164e-08 1.630164915988904794e-07 1.556688232058587724e-06 1.359058138051774016e-05 1.070269901847323865e-04 7.472904736795531102e-04 4.522708137994237848e-03 2.300800762565441762e-02 9.421999808351594341e-02 2.916530900250774994e-01 6.239725853236911535e-01 8.534988317252922840e-01 9.539573787100454894e-01 9.872564837870205778e-01 9.959206167971487167e-01 9.959206176726959070e-01 9.872564857273778971e-01 9.539573808642228814e-01 8.534988340385358807e-01 6.239725877406407939e-01 2.916530920301366736e-01 9.421999911783425496e-02 2.300800797553920543e-02 4.522708277438941028e-03 7.472904868066084340e-04 1.070269893519992799e-04 1.359057816549723231e-05 1.556686661755291295e-06 1.630159340547895131e-07 1.577613910093557249e-08 1.423388202271315982e-09 1.206002760561956330e-10 9.653948547329011231e-12 7.338139074948592767e-13 5.318252051001088878e-14 3.685844701780645132e-15 2.445596312996058332e-16 1.549572785818838107e-17 9.245038592160286290e-19 0.000000000000000000e+00
0.000000000000000000e+00 9.856099666709862371e-19 1.590379290369263016e-17 2.471279280061162582e-16 3.701200325028501754e-15 5.326936057200209405e-14 7.342759818187001814e-13 9.656243352302709241e-12 1.206108762061869678e-10 1.423432414646333573e-09 1.577631183649761928e-08 1.630164674118323245e-07 1.556688403092324502e-06 1.359058043977132581e-05 1.070269940438602882e-04 7.472904630462267510e-04 4.522708150599173173e-03 2.300800766047270823e-02 9.421999789282779758e-02 2.916530903490034965e-01 6.239725852998972977e-01 8.534988312739626437e-01 9.539573785696161545e-01 9.872564842482498548e-01 9.959206176726972393e-01 9.959206183798301470e-01 9.872564868117787995e-01 9.539573815705542081e-01 8.534988343477865058e-01 6.239725883756752634e-01 2.916530931201954391e-01 9.422000023453316886e-02 2.300800877828833996e-02 4.522708724031338640e-03 7.472906904906131010e-04 1.070270683886074029e-04 1.359060493924182385e-05 1.556694730643560179e-06 1.630181290666557514e-07 1.577668430821891938e-08 1.423513007854889213e-09 1.206268102790128365e-10 9.659222091900600158e-12 7.347991296947925701e-13 5.335637425558613914e-14 3.714943102353518201e-15 2.491960966808253386e-16 1.620111583495842326e-17 1.026187680596433548e-18 0.000000000000000000e+00
0.000000000000000000e+00 7.828530693054616080e-19 1.262118693979060019e-17 1.959647095104704900e-16 2.932890055079486223e-15 4.218665030769446885e-14 5.812407475764220804e-13 7.641314152343421915e-12 9.543012105327588473e-11 1.126328523145375994e-09 1.248743851027616110e-08 1.291142131706176669e-07 1.234215343906210313e-06 1.079185081075008668e-05 8.517637468738532467e-05 5.966252172285656892e-04 3.627567146851126689e-03 1.858128826287665236e-02 7.691145058315995708e-02 2.423991090417409733e-01 5.360882751948219394e-01 7.796223931803868412e-01 9.136498915332176285e-01 9.697425576723437413e-01 9.872564857273776751e-01 9.872564868117791326e-01 9.697425597725070068e-01 9.136498947220339506e-01 7.796223964842001752e-01 5.360882783481428771e-01 2.423991122863570213e-01 7.691145337811824967e-02 1.858129036974159182e-02 3.627568085835680429e-03 5.966257429295195947e-04 8.517654723216135841e-05 1.079191708793661495e-05 1.234234011685908222e-06 1.291195238808462619e-07 1.248873892984059818e-08 1.126629960908745474e-09 9.549429602442483044e-11 7.654135481662496508e-12 5.836458863565911180e-13 4.261297755179123462e-14 3.004576671068980494e-15 2.074427843431408820e-16 1.437645855013651393e-17 1.037240493296309740e-18 0.000000000000000000e+00
0.000000000000000000e+00 4.612927715835597320e-19 7.394265505490348548e-18 1.141373118614320931e-16 1.698179577835282641e-15 2.428262378321494528e-14 3.325977259909946006e-13 4.347146416121079319e-12 5.398265228695766892e-11 6.336708548426558011e-10 6.989662002620340109e-09 7.194004956131555224e-08 6.850883357439790519e-07 5.974763110847635365e-06 4.711740543525554141e-05 3.306551981592366438e-04 2.022800235669312136e-03 1.049833469948689875e-02 4.456792632079564775e-02 1.473327189585172114e-01 3.567979066934119370e-01 6.073715443504994482e-01 8.044649169107013220e-01 9.136498929264611490e-01 9.539573808642226593e-01 9.539573815705535420e-01 9.136498947220339506e-01 8.044649206916552053e-01 6.073715483981665386e-01 3.567979103572610500e-01 1.473327221910886720e-01 4.456792966475908030e-02 1.049833787574101958e-02 2.022801665572293746e-03 3.306560833542147252e-04 4.711771039575401185e-05 5.974882955960075704e-06 6.851235806922898741e-07 7.195021096280885140e-08 6.992215963900422804e-09 6.342714769223764056e-10 5.411265081432117799e-11 4.373466448793635749e-12 3.375977418092612692e-13 2.517916378864209311e-14 1.850562975042047170e-15 1.387847994482172943e-16 1.119996256682546839e-17 1.017780982663532951e-18 0.000000000000000000e+00
0.000000000000000000e+00 2.050134533831683543e-19 3.256175634052686382e-18 4.979429348151339850e-17 7.339312297811959697e-16 1.039644954866230532e-14 1.410746770237564096e-13 1.826959689939263481e-12 2.248401816168412073e-11 2.616594103059170458e-10 2.863036852978798877e-09 2.925485690545998955e-08 2.769254351233067580e-07 2.404933711892923119e-06 1.893602440515688740e-05 1.332162498453276338e-04 8.221109956905829630e-04 4.347846063138911463e-03 1.912982959926950305e-02 6.751176052137462802e-02 1.837775741836797649e-01 3.778518115706066549e-01 6.073715451547536670e-01 7.796223952562005843e-01 8.534988340385358807e-01 8.534988343477860617e-01 7.796223964841991760e-01 6.073715483981664276e-01 3.778518149375462154e-01 1.837775771964708649e-01 6.751176368377949377e-02 1.912983349199149502e-02 4.347849765748946008e-03 8.221127961409391499e-04 1.332173213463688484e-04 1.893641186807967354e-05 2.405083012400936118e-06 2.769703865460897596e-07 2.926779341371616143e-08 2.866324554823873610e-09 2.624365000905701213e-10 2.265346702778485974e-11 1.861492584438481624e-12 1.476796143677366760e-13 1.158874281673646836e-14 9.379467191563637343e-16 8.301447764280151098e-17 8.419798965089980009e-18 9.649150313573118477e-19 0.000000000000000000e+00
0.000000000000000000e+00 7.180004053317711271e-20 1.127979228033579729e-18 1.705878256934364745e-17 2.486595717951273993e-16 3.483688311066197895e-15 4.675904500528362874e-14 5.991095793460950038e-13 7.297425336835906922e-12 8.409700237392425623e-11 9.119302676194080459e-10 9.244938195625545877e-09 8.696407084056324295e-08 7.522235050542814752e-07 5.919133297579139064e-06 4.182207837498959059e-05 2.611706754121078289e-04 1.414125221296164787e-03 6.489680140779408371e-03 2.461196660512937964e-02 7.534047024958077932e-02 1.837775739361582061e-01 3.567979071335705132e-01 5.360882766790239229e-01 6.239725877406409049e-01 6.239725883756747082e-01 5.360882783481426550e-01 3.567979103572610500e-01 1.837775771964708371e-01 7.534047340156334316e-02 2.461197038223890063e-02 6.489684293537161495e-03 1.414128741905888676e-03 2.611724631641461412e-04 4.182306394786193483e-05 5.919499786169297850e-06 7.523607769351513772e-07 8.700585790548652130e-08 9.256897531382936499e-09 9.149852913155678666e-10 8.482083711107839706e-11 7.456016745962914841e-12 6.315892150719211015e-13 5.300589354846718855e-14 4.618020366144921144e-15 4.439642532285660905e-16 4.906558660036395644e-17 6.135883689816739649e-18 8.135909355257390773e-19 0.000000000000000000e+00
0.000000000000000000e+00 2.064090877665904040e-20 3.205177611609800211e-19 4.789940858926025468e-18 6.900287103990521455e-17 9.554939126724135942e-16 1.267877250865112937e-14 1.606502319604642460e-13 1.936064049048878457e-12 2.209007236032058341e-11 2.373929190370058170e-10 2.388205753605345961e-09 2.233512363670609089e-08 1.925777967019583786e-07 1.516164765279695327e-06 1.077530883127723340e-05 6.820877580546104609e-05 3.786198284298972335e-04 1.810904477551973776e-03 7.325219701026799979e-03 2.461196622114772414e-02 6.751175959130192861e-02 1.473327183233454907e-01 2.423991096177094962e-01 2.916530920301369512e-01 2.916530931201951060e-01 2.423991122863569936e-01 1.473327221910886720e-01 6.751176368377950765e-02 2.461197038223889022e-02 7.325223979625340547e-03 1.810908316451641980e-03 3.786226462324189307e-04 6.821020709150195935e-05 1.077603790700272851e-05 1.516438268481227484e-06 1.926772942169785073e-07 2.236549121124610922e-08 2.396835559524173698e-09 2.396012194127553105e-10 2.261380921154438960e-11 2.051196011706851836e-12 1.843247261880473610e-13 1.725450071821065491e-14 1.790949094931113715e-15 2.137073532697261315e-16 2.865473567560239979e-17 4.079209798516234585e-18 5.810818150587842200e-19 0.000000000000000000e+00
0.000000000000000000e+00 5.031114419578454209e-21 7.722285876762641642e-20 1.140000742970328471e-18 1.622751244130391553e-17 2.220620946495646364e-16 2.912862606421330224e-15 3.649999278101933490e-14 4.352650973785005264e-13 4.917984889128631795e-12 5.239528874077710164e-11 5.232986126345040287e-10 4.868525677045632757e-09 4.187049435812821250e-08 3.300365203387474661e-07 2.360272080127246821e-06 1.513997571832215977e-05 8.597014983458392730e-05 4.258693679182407933e-04 1.810904504863027151e-03 6.489679952185288883e-03 1.912982925061261150e-02 4.456792584129712353e-02 7.691145049354244922e-02 9.421999911783419945e-02 9.422000023453309947e-02 7.691145337811824967e-02 4.456792966475908030e-02 1.912983349199149155e-02 6.489684293537157159e-03 1.810908316451642413e-03 4.258723142032702180e-04 8.597206106287756948e-05 1.514092449351243373e-05 2.360722757195581576e-06 3.302049089439434640e-07 4.193008440199982430e-08 4.886662056318748316e-09 5.284121703174512264e-10 5.370313069443001173e-11 5.228151692197666799e-12 5.036029781283310352e-13 5.059901477117362240e-14 5.649722501708250850e-15 7.243126478666706803e-16 1.037132654984554244e-16 1.565687066347929543e-17 2.378482072605050594e-18 3.504167593874104310e-19 0.000000000000000000e+00
0.000000000000000000e+00 1.065764259768841587e-21 1.618450934087085167e-20 2.359496250975596418e-19 3.319312996183505135e-18 4.489088341687439537e-17 5.822003865056220967e-16 7.216073932410933869e-15 8.517300129324206599e-14 9.532913701519940472e-13 1.007229426102918051e-11 9.990810588830995010e-11 9.250018848808212978e-10 7.936778676854054576e-09 6.263061672688669389e-08 4.503925241765584548e-07 2.921776633317958345e-06 1.689840082361430639e-05 8.597019793029675092e-05 3.786200031844537081e-04 1.414125401509234948e-03 4.347846490454785121e-03 1.049833502173884089e-02 1.858128817268199853e-02 2.300800797553920890e-02 2.300800877828832261e-02 1.858129036974159182e-02 1.049833787574101611e-02 4.347849765748943406e-03 1.414128741905887809e-03 3.786226462324190933e-04 8.597206106287761014e-05 1.689950382376512289e-05 2.922308444659633777e-06 4.506311394931712304e-07 6.271882725529532178e-08 7.967231138866960786e-09 9.342156778605964978e-10 1.024850634437977011e-10 1.073011083080229867e-11 1.109183220196021738e-12 1.195711868124129501e-13 1.433233429553028565e-14 1.968904378661753193e-15 3.005627947706682608e-16 4.809252483263443582e-17 7.709099219624392428e-18 1.208317206408804982e-18 1.811381569940656760e-19 0.000000000000000000e+00
0.000000000000000000e+00 1.998147876839930414e-22 3.010540475220446282e-21 4.331302563246210194e-20 6.024892435795813866e-19 8.053407658859287641e-18 1.032957886341305854e-16 1.266694508260315437e-15 1.480265504639324976e-14 1.641615193986591405e-13 1.720666297250473114e-12 1.695356220735039636e-11 1.562190292534332307e-10 1.336981779544512724e-09 1.055504229592494051e-08 7.620766579565246366e-08 4.985202004588540305e-07 2.921761960993826928e-06 1.513994057894259617e-05 6.820873111491754389e-05 2.611704726848696205e-04 8.221108356634914500e-04 2.022800000048549651e-03 3.627566806093478462e-03 4.522708277438938426e-03 4.522708724031336905e-03 3.627568085835682164e-03 2.022801665572292878e-03 8.221127961409391499e-04 2.611724631641461412e-04 6.821020709150200001e-05 1.514092449351245914e-05 2.922308444659636318e-06 4.987766890730901854e-07 7.631776635975188007e-08 1.059522486743928800e-08 1.350562334277393729e-09 1.602986208051662440e-10 1.808580054674315391e-11 2.008932603593066886e-12 2.323997281484060648e-13 2.987449796435650739e-14 4.391954063804733696e-15 7.143991433510025247e-16 1.212139871434734987e-16 2.051921600350649835e-17 3.386351898796616040e-18 5.395432219914915115e-19 8.175017320061585330e-20 0.000000000000000000e+00
0.000000000000000000e+00 3.354416670198052713e-23 5.053339944264804825e-22 7.159035976473117411e-21 9.858259659652937955e-20 1.302243571191067897e-18 1.652508356423277383e-17 2.005292474519724855e-16 2.320721109172440505e-15 2.550559181453500045e-14 2.652479924628323052e-13 2.595897567343353403e-12 2.380203169283539560e-11 2.030625636050939473e-10 1.602060412063506587e-09 1.159014700820092710e-08 7.620969464574432277e-08 4.503957967396219761e-07 2.360280209121772183e-06 1.077535085538334712e-05 4.182209923906057988e-05 1.332163677872707380e-04 3.306552896016226963e-04 5.966251389391195826e-04 7.472904868066080003e-04 7.472906904906124505e-04 5.966257429295198115e-04 3.306560833542147252e-04 1.332173213463688484e-04 4.182306394786197549e-05 1.077603790700273868e-05 2.360722757195584964e-06 4.506311394931718657e-07 7.631776635975188007e-08 1.163502389464644304e-08 1.618237596686568460e-09 2.084354086144171105e-10 2.540447535767429511e-11 3.037578770587557864e-12 3.773882420517825680e-13 5.202007245933247694e-14 8.181324117471337365e-15 1.418270621094298535e-15 2.553953213770940933e-16 4.571517105406610623e-17 7.952964478235395775e-18 1.332645467828052944e-18 2.144866600281896832e-19 3.275539655989711932e-20 0.000000000000000000e+00
0.000000000000000000e+00 5.051576402510385272e-24 7.772133447029713451e-23 1.077353844637189098e-21 1.472965856542432300e-20 1.921294609334187371e-19 2.413489432464580624e-18 2.898344151317335460e-17 3.322495951436125213e-16 3.618877352986658775e-15 3.734218999013745138e-14 3.629055459956804726e-13 3.309907475814678125e-12 2.812386186434360620e-11 2.214491001237355365e-10 1.601892989493593431e-09 1.055490014414126797e-08 6.262955554450467400e-08 3.300320740666325389e-07 1.516164147503766970e-06 5.919105213433885812e-06 1.893602090949026435e-05 4.711739054585223927e-05 8.517630694646588345e-05 1.070269893519992121e-04 1.070270683886072945e-04 8.517654723216134486e-05 4.711771039575401863e-05 1.893641186807969387e-05 5.919499786169306320e-06 1.516438268481229178e-06 3.302049089439439934e-07 6.271882725529540119e-08 1.059522486743929793e-08 1.618237596686569494e-09 2.272790776719722354e-10 3.003367199363165798e-11 3.875875594383753152e-12 5.180048605890942352e-13 7.662307587467386459e-14 1.289740841785035103e-14 2.384605836852729638e-15 4.562715830810377952e-16 8.648398792697567251e-17 1.588436034408001817e-17 2.802710258578918702e-18 4.740291455020013835e-19 7.686540792139284521e-20 1.181705137092520445e-20 0.000000000000000000e+00
0.000000000000000000e+00 6.686771196286804564e-25 1.114730017692559774e-23 1.485918062717867262e-22 2.032580235182857784e-21 2.611008786273083091e-20 3.250713944749967794e-19 3.862369746098426553e-18 4.386627041610979682e-17 4.734678190646626902e-16 4.847422628756527733e-15 4.675942832867441206e-14 4.240264364471444073e-13 3.584603431148281478e-12 2.813299592209901363e-11 2.030624943783902296e-10 1.337077379861530183e-09 7.937024692500108697e-09 4.187047488205981361e-08 1.925814867130226323e-07 7.522208366012025557e-07 2.404944160369810922e-06 5.974771082620309206e-06 1.079183421824294174e-05 1.359057816549722554e-05 1.359060493924181200e-05 1.079191708793661664e-05 5.974882955960079092e-06 2.405083012400938659e-06 7.523607769351528595e-07 1.926772942169788779e-07 4.193008440199991694e-08 7.967231138866975675e-09 1.350562334277396417e-09 2.084354086144173432e-10 3.003367199363167737e-11 4.200800078378645542e-12 6.056941033815305616e-13 9.632119661355083092e-14 1.737551537386164652e-14 3.431044736788879533e-15 6.986521586883266856e-16 1.404618815924257590e-16 2.728242528750112792e-17 5.077144503101957821e-18 9.034865020254312772e-19 1.538526183497501779e-19 2.510598841770123506e-20 3.883451753271194139e-21 0.000000000000000000e+00
0.000000000000000000e+00 7.078801634810011502e-26 1.531317870129554696e-24 1.876208261715514069e-23 2.620863452994576036e-22 3.290902199771153351e-21 4.072648106317652042e-20 4.783338794522997640e-19 5.384235552594884025e-18 5.757199211895589117e-17 5.848005538001785110e-16 5.595783363890395912e-15 5.043158217278292787e-14 4.236791410900276489e-13 3.310265132551893837e-12 2.379604450273663560e-11 1.562143620392830855e-10 9.249944420220373790e-10 4.868245021897353968e-09 2.233565150784700128e-08 8.696193324637349873e-08 2.769267808907203637e-07 6.850889308661081146e-07 1.234208716564721352e-06 1.556686661755289600e-06 1.556694730643558273e-06 1.234234011685909281e-06 6.851235806922906153e-07 2.769703865460900243e-07 8.700585790548666689e-08 2.236549121124614892e-08 4.886662056318759897e-09 9.342156778605987725e-10 1.602986208051665542e-10 2.540447535767433388e-11 3.875875594383755575e-12 6.056941033815307635e-13 1.038921708908844756e-13 2.013484273582356281e-14 4.255636724524363083e-15 9.241470032034789259e-16 1.974702208440896162e-16 4.063945512432175360e-17 7.990853330251358842e-18 1.498651072697947040e-18 2.683366460768204594e-19 4.595877389322687330e-20 7.543606318982515608e-21 1.173773788661301534e-21 0.000000000000000000e+00
0.000000000000000000e+00 3.071785170359386647e-27 2.111262000706510195e-25 2.126766030954558366e-24 3.207675393147624794e-23 3.859549217201786220e-22 4.784117344680019592e-21 5.540192297920731595e-20 6.185781251725486047e-19 6.548943414161375001e-18 6.600289364793488025e-17 6.259751016646954628e-16 5.605267579209141017e-15 4.673765916833864159e-14 3.631723589427832921e-13 2.595606590937663401e-12 1.695509308294677661e-11 9.991995208073693835e-11 5.232534957968254467e-10 2.388439838372324227e-09 9.244501960369612546e-09 2.925549060513353959e-08 7.194055900500343404e-08 1.291125809336741057e-07 1.630159340547893013e-07 1.630181290666555397e-07 1.291195238808463149e-07 7.195021096280890434e-08 2.926779341371617466e-08 9.256897531382949734e-09 2.396835559524177834e-09 5.284121703174526740e-10 1.024850634437979467e-10 1.808580054674318622e-11 3.037578770587561903e-12 5.180048605890947401e-13 9.632119661355093189e-14 2.013484273582356912e-14 4.570170411978075617e-15 1.061495990052756773e-15 2.416971305256285593e-16 5.282642501633673280e-17 1.099809674903267135e-17 2.178007845225225608e-18 4.107650932757457777e-19 7.393489103873721111e-20 1.273124864874680499e-20 2.101583987285885346e-21 3.289236441487718484e-22 0.000000000000000000e+00
0.000000000000000000e+00 -1.343087921592706880e-27 3.140315654232546666e-26 1.998640619452320226e-25 3.827478018979528972e-24 4.196305688065581063e-23 5.315819582414441311e-22 6.029120899567888883e-21 6.691481880931576421e-20 7.007084539035279017e-19 7.008777109218832025e-18 6.581261260561887474e-17 5.855357781294187214e-16 4.838769325864737943e-15 3.736863051387736954e-14 2.651230000485081555e-13 1.720505720936877585e-12 1.007426008597377057e-11 5.237993071048893425e-11 2.374434590425524159e-10 9.118008536000691692e-10 2.863166642556206544e-09 6.989767845957481993e-09 1.248700373365918426e-08 1.577613910093553941e-08 1.577668430821889622e-08 1.248873892984059487e-08 6.992215963900424458e-09 2.866324554823875678e-09 9.149852913155691073e-10 2.396012194127557758e-10 5.370313069443017975e-11 1.073011083080232614e-11 2.008932603593072137e-12 3.773882420517831234e-13 7.662307587467395294e-14 1.737551537386166230e-14 4.255636724524366239e-15 1.061495990052756773e-15 2.584415455557918844e-16 6.016756672226902844e-17 1.329745688844458451e-17 2.786960746422994753e-18 5.547527584381449282e-19 1.051273237865717558e-19 1.901600433863098133e-20 3.291813079731825587e-21 5.464860224461300536e-22 8.604067028984772402e-23 0.000000000000000000e+00
0.000000000000000000e+00 -6.228440896281961327e-28 5.390115022743704828e-27 9.848498308836489442e-27 4.673399156821770075e-25 4.140903574123599679e-24 5.656998145117211335e-23 6.179050683589920959e-22 6.853518029423171240e-21 7.084080517796860242e-20 7.037365268631277403e-19 6.532942307441523013e-18 5.778050138426307356e-17 4.723987127274004758e-16 3.624954904060486156e-15 2.549432106474480457e-14 1.641342983228225564e-13 9.538951474613641530e-13 4.914711238664377957e-12 2.210259889906263081e-11 8.406854475385182657e-11 2.616915135211843681e-10 6.337003910903914210e-10 1.126231088984382519e-09 1.423388202271312880e-09 1.423513007854887145e-09 1.126629960908745474e-09 6.342714769223760954e-10 2.624365000905702247e-10 8.482083711107853923e-11 2.261380921154443807e-11 5.228151692197684570e-12 1.109183220196025171e-12 2.323997281484066202e-13 5.202007245933251481e-14 1.289740841785035103e-14 3.431044736788879927e-15 9.241470032034791232e-16 2.416971305256284607e-16 6.016756672226904076e-17 1.416191612087654022e-17 3.150052558352420161e-18 6.634028381599011674e-19 1.326435404066400299e-19 2.525243170751429255e-20 4.590446842761310793e-21 7.989151688406440784e-22 1.334044055363670762e-22 2.113281818941875139e-23 0.000000000000000000e+00
0.000000000000000000e+00 -1.896220423312308524e-28 1.070036609785765501e-27 -2.014979656409379740e-27 6.269920807985355240e-26 3.430376263502604789e-25 5.891350976652664787e-24 5.951917036417189687e-23 6.684330287092281756e-22 6.792643682608318940e-21 6.711188421958705498e-20 6.146645330284500512e-19 5.411252867221549077e-18 4.366698088276905607e-17 3.330635497974899238e-16 2.318966579084175991e-15 1.479120301521354906e-14 8.530000428938983587e-14 4.345392290927501662e-13 1.938691853378216880e-12 7.291224688636536050e-12 2.249057914721323618e-11 5.398910930264797837e-11 9.540925969663578451e-11 1.206002760561954003e-10 1.206268102790126814e-10 9.549429602442481752e-11 5.411265081432115214e-11 2.265346702778485005e-11 7.456016745962926151e-12 2.051196011706856683e-12 5.036029781283327517e-13 1.195711868124132277e-13 2.987449796435655788e-14 8.181324117471346831e-15 2.384605836852730032e-15 6.986521586883265870e-16 1.974702208440896655e-16 5.282642501633672664e-17 1.329745688844458913e-17 3.150052558352420547e-18 7.039892133751833568e-19 1.488986401561853637e-19 2.990240189256285572e-20 5.719597142500167863e-21 1.045047073405850299e-21 1.828938723405029053e-22 3.072574387459328012e-23 4.898900269612301370e-24 0.000000000000000000e+00
0.000000000000000000e+00 -4.966165286158960659e-29 2.309816464578229918e-28 -9.328612294676791654e-28 9.781940439409235029e-27 1.569917825103538841e-26 6.239941723461704175e-25 5.327472639660241851e-24 6.249479480677260748e-23 6.197134445556166275e-22 6.102409875138305093e-21 5.499514299494488102e-20 4.830562521916194280e-19 3.834783482905581560e-18 2.910877284878443290e-17 2.003956759064055455e-16 1.264085637489571844e-15 7.242452206909403480e-15 3.635642625983131519e-14 1.611761114311202602e-13 5.978836660347398256e-13 1.828252167070141831e-12 4.348510393575225422e-12 7.637204675414703531e-12 9.653948547328993460e-12 9.659222091900587234e-12 7.654135481662498124e-12 4.373466448793633326e-12 1.861492584438479604e-12 6.315892150719217073e-13 1.843247261880477145e-13 5.059901477117372969e-14 1.433233429553029827e-14 4.391954063804737640e-15 1.418270621094298535e-15 4.562715830810378938e-16 1.404618815924258083e-16 4.063945512432176592e-17 1.099809674903267443e-17 2.786960746422996679e-18 6.634028381599014563e-19 1.488986401561853156e-19 3.162928942352130094e-20 6.381039716480118703e-21 1.226587307231335361e-21 2.253233384521287092e-22 3.966640681158371357e-23 6.706948618393803412e-24 1.076843309971803540e-24 0.000000000000000000e+00
0.000000000000000000e+00 -1.192657126523169685e-29 5.081207481169020921e-29 -2.564071580202434556e-28 1.753689615577355995e-27 -2.382439606030020451e-27 7.112957351130535769e-26 4.281707412188119799e-25 5.644465865066957449e-24 5.399924536997611549e-23 5.304887904934468582e-22 4.693581301321570146e-21 4.127367820505072860e-20 3.208132479073161963e-19 2.429282658082898564e-18 1.652088372342339270e-17 1.027414291063223406e-16 5.871733316789852479e-16 2.886049128991931795e-15 1.277652694253344644e-14 4.653083276454729709e-14 1.413107108191380598e-13 3.328624622203264839e-13 5.804791599154756782e-13 7.338139074948583680e-13 7.347991296947917623e-13 5.836458863565913199e-13 3.375977418092610672e-13 1.476796143677364993e-13 5.300589354846723272e-14 1.725450071821068331e-14 5.649722501708259527e-15 1.968904378661752798e-15 7.143991433510027220e-16 2.553953213770938961e-16 8.648398792697566019e-17 2.728242528750114025e-17 7.990853330251361923e-18 2.178007845225226764e-18 5.547527584381455059e-19 1.326435404066401022e-19 2.990240189256285572e-20 6.381039716480117951e-21 1.293649700667801776e-21 2.499879125944846519e-22 4.618769509961553237e-23 8.182502637251345531e-24 1.393232550731717884e-24 2.254264067376932158e-25 0.000000000000000000e+00
0.000000000000000000e+00 -2.687261973966725711e-30 1.096512046658692292e-29 -5.983999028429877298e-29 3.383423564896236036e-28 -1.011763632189080303e-27 9.156221957158677399e-27 2.783090980504650539e-26 4.949045892031977108e-25 4.536889713385875272e-24 4.402076167138425676e-23 3.837699953211228177e-22 3.387309273779977591e-21 2.562215407180137864e-20 1.942670881624619100e-19 1.305097261160071547e-18 7.949869629153961998e-18 4.577370422503073886e-17 2.173676658952555087e-16 9.726224685533172202e-16 3.443765413331218382e-15 1.043714677070391971e-14 2.433092799052368757e-14 4.205373780219818031e-14 5.318252051001085092e-14 5.335637425558605079e-14 4.261297755179127248e-14 2.517916378864208996e-14 1.158874281673646363e-14 4.618020366144923511e-15 1.790949094931116871e-15 7.243126478666708775e-16 3.005627947706681622e-16 1.212139871434735234e-16 4.571517105406607541e-17 1.588436034408001817e-17 5.077144503101963213e-18 1.498651072697948003e-18 4.107650932757459222e-19 1.051273237865718160e-19 2.525243170751429556e-20 5.719597142500168616e-21 1.226587307231335737e-21 2.499879125944847459e-22 4.858502544039916345e-23 9.032775416807470378e-24 1.611321871613205227e-24 2.764938129793001369e-25 4.513106013358592050e-26 0.000000000000000000e+00
0.000000000000000000e+00 -5.738452181596847508e-31 2.282626299442169572e-30 -1.277767941752339576e-29 6.606129942813020637e-29 -2.440900354632439031e-28 1.323680682750953173e-27 8.576643672893117569e-28 4.136819202741308179e-26 3.802540739166561215e-25 3.427627704014586842e-24 3.039819029479995251e-23 2.673030889626570422e-22 1.957850862436911947e-21 1.492698033574285366e-20 9.933724203384469190e-20 5.842272542825403152e-19 3.466167621001439242e-18 1.544966108090425950e-17 7.183943733475147851e-17 2.420516403981778962e-16 7.405705587379931620e-16 1.706486658554691309e-15 2.910919108556906512e-15 3.685844701780644343e-15 3.714943102353511890e-15 3.004576671068984438e-15 1.850562975042047564e-15 9.379467191563639316e-16 4.439642532285661891e-16 2.137073532697263041e-16 1.037132654984554368e-16 4.809252483263441117e-17 2.051921600350649527e-17 7.952964478235388072e-18 2.802710258578918316e-18 9.034865020254314698e-19 2.683366460768204594e-19 7.393489103873719908e-20 1.901600433863098735e-20 4.590446842761311546e-21 1.045047073405850299e-21 2.253233384521287562e-22 4.618769509961556763e-23 9.032775416807474787e-24 1.690936899897153118e-24 3.039754282997721843e-25 5.262144505464711868e-26 8.677461674057865895e-27 0.000000000000000000e+00
0.000000000000000000e+00 -1.167531283357151116e-31 4.556374715610980647e-31 -2.559520265268179098e-30 1.259793644991711101e-29 -4.930412632801499800e-29 2.023009106452893008e-28 -1.178837552074273582e-28 2.889229567508140090e-27 3.535362189431698461e-26 2.309676433081986967e-25 2.416489140471082563e-24 2.011346056252908955e-23 1.438547980487597507e-22 1.102807106104118502e-21 7.346807626751925337e-21 4.037846415004607134e-20 2.592122770996766866e-19 1.017844338336690442e-18 5.236289766308458545e-18 1.601998888766253421e-17 5.082394155440571227e-17 1.154910844190890230e-16 1.925111039028414748e-16 2.445596312996058825e-16 2.491960966808251414e-16 2.074427843431414244e-16 1.387847994482173929e-16 8.301447764280151098e-17 4.906558660036395644e-17 2.865473567560241211e-17 1.565687066347929235e-17 7.709099219624393969e-18 3.386351898796616040e-18 1.332645467828052366e-18 4.740291455020010946e-19 1.538526183497501779e-19 4.595877389322687330e-20 1.273124864874680348e-20 3.291813079731827092e-21 7.989151688406441725e-22 1.828938723405029758e-22 3.966640681158372532e-23 8.182502637251349939e-24 1.611321871613206145e-24 3.039754282997722761e-25 5.512779479869165780e-26 9.641345302575694093e-27 1.609402559862202402e-27 0.000000000000000000e+00
0.000000000000000000e+00 -2.269224222825291220e-32 8.703148996370568553e-32 -4.855103329865610202e-31 2.306346135705896210e-30 -8.976060866828988460e-30 3.033282382866636109e-29 -2.154851629334493680e-29 2.261081939700059058e-29 4.406292634857981716e-27 7.806515794295611326e-27 2.125854540912914506e-25 1.381613471243633516e-24 1.034849643293264158e-23 7.790813910004787637e-23 5.358771044035142593e-22 2.551308718872699706e-21 1.966515253083942581e-20 5.891220705567531594e-20 3.874195013753569070e-19 9.722802747522203875e-19 3.408473226255717359e-18 7.604169287315887934e-18 1.210326000148188487e-17 1.549572785818839340e-17 1.620111583495842634e-17 1.437645855013657556e-17 1.119996256682548842e-17 8.419798965089981550e-18 6.135883689816738879e-18 4.079209798516234585e-18 2.378482072605050209e-18 1.208317206408805368e-18 5.395432219914912226e-19 2.144866600281897072e-19 7.686540792139283317e-20 2.510598841770122904e-20 7.543606318982508085e-21 2.101583987285884970e-21 5.464860224461301476e-22 1.334044055363670997e-22 3.072574387459329188e-23 6.706948618393801943e-24 1.393232550731718068e-24 2.764938129793003205e-25 5.262144505464710720e-26 9.641345302575695528e-27 1.706737988802609937e-27 2.891368494939072258e-28 0.000000000000000000e+00
0.000000000000000000e+00 -4.174380740445455438e-33 1.583183587158390252e-32 -8.705979039631068254e-32 3.996569500639222978e-31 -1.490433754311849372e-30 4.104439852263765391e-30 1.262743289382178870e-30 -6.250493382315409367e-29 7.789239448917113684e-28 -1.793565315596976525e-27 2.432456771517456793e-26 6.921540793314523241e-26 7.727881613808248532e-25 5.104843282734845628e-24 3.942647483515811350e-23 1.348839405883442077e-22 1.562257244684024836e-21 2.442487884361982603e-21 3.013531916447338265e-20 4.972300243142831651e-20 2.263577597771791087e-19 4.920150357295429824e-19 7.092858754685145387e-19 9.245038592160305549e-19 1.026187680596435089e-18 1.037240493296315711e-18 1.017780982663535262e-18 9.649150313573128106e-19 8.135909355257396551e-19 5.810818150587846052e-19 3.504167593874104791e-19 1.811381569940657482e-19 8.175017320061581719e-20 3.275539655989710728e-20 1.181705137092520445e-20 3.883451753271190378e-21 1.173773788661300405e-21 3.289236441487716603e-22 8.604067028984771226e-23 2.113281818941876315e-23 4.898900269612304309e-24 1.076843309971803907e-24 2.254264067376932158e-25 4.513106013358593198e-26 8.677461674057865895e-27 1.609402559862202223e-27 2.891368494939070465e-28 4.990668478284487339e-29 0.000000000000000000e+00
0.000000000000000000e+00 0.000000000000000000e+00 0.000000000000000000e+00 0.000000000000000000e+00 0.000000000000000000e+00 0.000000000000000000e+00 0.000000000000000000e+00 0.000000000000000000e+00 0.000000000000000000e+00 0.000000000000000000e+00 0.000000000000000000e+00 0.000000000000000000e+00 0.000000000000000000e+00 0.000000000000000000e+00 0.000000000000000000e+00 0.000000000000000000e+00 0.000000000000000000e+00 0.000000000000000000e+00 0.000000000000000000e+00 0.000000000000000000e+00 0.000000000000000000e+00 0.000000000000000000e+00 0.000000000000000000e+00 0.000000000000000000e+00 0.000000000000000000e+00 0.000000000000000000e+00 0.000000000000000000e+00 0.000000000000000000e+00 0.000000000000000000e+00 0.000000000000000000e+00 0.000000000000000000e+00 0.000000000000000000e+00 0.000000000000000000e+00 0.000000000000000000e+00 0.000000000000000000e+00 0.000000000000000000e+00 0.000000000000000000e+00 0.000000000000000000e+00 0.000000000000000000e+00 0.000000000000000000e+00 0.000000000000000000e+00 0.000000000000000000e+00 0.000000000000000000e+00 0.000000000000000000e+00 0.000000000000000000e+00 0.000000000000000000e+00 0.000000000000000000e+00 0.000000000000000000e+00 0.000000000000000000e+00 0.000000000000000000e+00
