0.000000000000000000e+00 0.000000000000000000e+00 0.000000000000000000e+00 0.000000000000000000e+00 0.000000000000000000e+00 0.000000000000000000e+00 0.000000000000000000e+00 0.000000000000000000e+00 0.000000000000000000e+00 0.000000000000000000e+00 0.000000000000000000e+00 0.000000000000000000e+00 0.000000000000000000e+00 0.000000000000000000e+00 0.000000000000000000e+00 0.000000000000000000e+00 0.000000000000000000e+00 0.000000000000000000e+00 0.000000000000000000e+00 0.000000000000000000e+00 0.000000000000000000e+00 0.000000000000000000e+00 0.000000000000000000e+00 0.000000000000000000e+00 0.000000000000000000e+00 0.000000000000000000e+00 0.000000000000000000e+00 0.000000000000000000e+00 0.000000000000000000e+00 0.000000000000000000e+00 0.000000000000000000e+00 0.000000000000000000e+00 0.000000000000000000e+00 0.000000000000000000e+00 0.000000000000000000e+00 0.000000000000000000e+00 0.000000000000000000e+00 0.000000000000000000e+00 0.000000000000000000e+00 0.000000000000000000e+00 0.000000000000000000e+00 0.000000000000000000e+00 0.000000000000000000e+00 0.000000000000000000e+00 0.000000000000000000e+00 0.000000000000000000e+00 0.000000000000000000e+00 0.000000000000000000e+00 0.000000000000000000e+00 0.000000000000000000e+00
0.000000000000000000e+00 -9.581975822798754236e-34 3.936051736545112740e-33 -1.731984530482426319e-32 7.705272639672086798e-32 -3.658905227292381707e-31 1.901528314821456931e-30 -1.053620067856578816e-29 5.878720687246392158e-29 -3.136350647444006089e-28 1.546279828131821523e-27 -6.896200603908172072e-27 2.740165483582613901e-26 -9.560276545666377226e-26 2.883204681053261492e-25 -7.327266584192658019e-25 1.530924758658060700e-24 -2.366720104603304432e-24 2.870788832454607400e-24 1.241960822738895272e-24 6.260211567142805979e-24 3.682541383922021385e-23 9.426036418082649938e-23 1.879363317454946678e-22 2.343935380812752642e-22 2.283974407371341595e-22 1.720100536590135425e-22 7.822927998032612450e-23 1.669119537533260004e-23 -7.205328720708312106e-24 -1.178747866045253287e-23 -9.461173163167875483e-24 -5.855459698127189884e-24 -3.040935177653964384e-24 -1.370729415706756005e-24 -5.472936945381406559e-25 -1.964435044995063532e-25 -6.412500727641154636e-26 -1.921465254513630431e-26 -5.325425695314402017e-27 -1.373768472704150514e-27 -3.315616062071549498e-28 -7.519244728925731334e-29 -1.607973739442101161e-29 -3.251708029375268793e-30 -6.231716228838470493e-31 -1.133389721380934419e-31 -1.956701485967085624e-32 -3.207132969540509889e-33 0.000000000000000000e+00
0.000000000000000000e+00 3.936051736545101793e-33 -1.664756100495298007e-32 7.848027629585491019e-32 -3.942235444393651669e-31 2.171170353371724237e-30 -1.276309089155207257e-29 7.572180407371112722e-29 -4.312668798409767748e-28 2.282332130217178124e-27 -1.100302977575358071e-26 4.767904142794411947e-26 -1.834887675027266560e-25 6.197487913977280388e-25 -1.802811665802683394e-24 4.455714331703746852e-24 -8.717552338068234616e-24 1.465508052140014996e-23 -5.889829982801952704e-24 4.421560738903542968e-23 2.084482518519703346e-22 7.432296515073179747e-22 2.149069066167693134e-21 4.324607326272451902e-21 5.641630906026245221e-21 5.730948227016500484e-21 4.611261643792885615e-21 2.451990635817187728e-21 9.758622078048993870e-22 3.506397220721539979e-22 1.392931367976277696e-22 6.557262868788440272e-23 3.285405713935996642e-23 1.569138905458118354e-23 6.825084784094107027e-24 2.678811842209209977e-24 9.522154089138923142e-25 3.086860640334909920e-25 9.192174952652075409e-26 2.530830178950536635e-26 6.478475520135878957e-27 1.549055280221795726e-27 3.472825361706010130e-28 7.321336994569460762e-29 1.454391937993697621e-29 2.725362220334890975e-30 4.816733457329613900e-31 8.012272421477951225e-32 1.249390472996193467e-32 0.000000000000000000e+00
0.000000000000000000e+00 -1.731984530482413455e-32 7.848027629585462555e-32 -4.162405992185445489e-31 2.412393914528609151e-30 -1.495484737956434385e-29 9.387447868492201716e-29 -5.681420501572452736e-28 3.211516137804382586e-27 -1.663750369524274278e-26 7.803563962301805282e-26 -3.279932977301039458e-25 1.223891336499056803e-24 -3.995421863625288705e-24 1.131986401287321286e-23 -2.641953942946642129e-23 5.481556499127935946e-23 -5.256229542650739185e-23 2.243942409982003960e-22 8.479061400342497390e-22 4.264797540782006864e-21 1.612320751335395889e-20 4.895463544176855949e-20 9.893716869137174460e-20 1.244578900057314687e-19 1.226926169011798292e-19 9.263418921970460192e-20 4.212092471881675770e-20 1.170340403259158893e-20 1.500048474880613421e-21 -4.439200522351752227e-22 -4.288528686180575638e-22 -2.219832042167252857e-22 -9.695279583146554582e-23 -3.872793486582745569e-23 -1.434053293275824829e-23 -4.916357953157141004e-24 -1.558244148082753474e-24 -4.569965035129139038e-25 -1.243183144260934114e-25 -3.146418581063820641e-26 -7.430629579350472788e-27 -1.641339263461691403e-27 -3.396262673945344202e-28 -6.585427613623994499e-29 -1.194953366012321752e-29 -2.020834838967408313e-30 -3.156825861701670273e-31 -4.456983889489429169e-32 0.000000000000000000e+00
0.000000000000000000e+00 7.705272639672000311e-32 -3.942235444393609630e-31 2.412393914528604947e-30 -1.575005010482572670e-29 1.043580228218597495e-28 -6.687945230919595097e-28 4.019408378653063919e-27 -2.224721915271433122e-26 1.121390840647963416e-25 -5.101629624335856681e-25 2.078896451772850377e-24 -7.498587352069952652e-24 2.383063559244116715e-23 -6.399993288220650302e-23 1.559075084113839351e-22 -2.169776423750374400e-22 8.497414165292832057e-22 2.644334041799913518e-21 1.857468743776158055e-20 8.550682767117517843e-20 3.593745617405332019e-19 1.040519520402443333e-18 2.143026025454319752e-18 2.781519060724470380e-18 2.810988447052042901e-18 2.256151750507623944e-18 1.164087461183930224e-18 4.366398562823206248e-19 1.361405038209735912e-19 3.916740496303865022e-20 1.111319014176367287e-20 3.205109910445074065e-21 9.479884428954878609e-22 2.869637504042179742e-22 8.777150848032505406e-23 2.655781525570863824e-23 7.777861004000870377e-24 2.168560101036071151e-24 5.698204370058219122e-25 1.403656054167651426e-25 3.232961828720228026e-26 6.950335370899229948e-27 1.391499718653224444e-27 2.583099374629753917e-28 4.407266695315066677e-29 6.786026120097001220e-30 9.040635296747186249e-31 8.987049457776247368e-32 0.000000000000000000e+00
0.000000000000000000e+00 -3.658905227292295878e-31 2.171170353371703918e-30 -1.495484737956425416e-29 1.043580228218593459e-28 -7.060568752905891070e-28 4.494229687028206622e-27 -2.645154545013653915e-26 1.424625195804646798e-25 -6.965280032663889815e-25 3.072022170106208568e-24 -1.210187681695743281e-23 4.247930657019216999e-23 -1.282559790427643839e-22 3.560950375011393194e-22 -6.275647164298566160e-22 2.501411473137624091e-21 6.593269369274494717e-21 6.347740195545938952e-20 3.401049823740983915e-19 1.852736200573705621e-18 7.075002772823163002e-18 2.224174516052122153e-17 4.630836737207901715e-17 5.860829353627103448e-17 5.818778955269604011e-17 4.457245720771918053e-17 2.034132538751448737e-17 5.887010446497296970e-18 1.035531032282374636e-18 2.716178438372423559e-20 -5.963690484081355718e-20 -2.888268907622957406e-20 -9.532977029700430748e-21 -2.686791092844522902e-21 -7.027752763822309170e-22 -1.780707103560360504e-22 -4.449603238286259684e-23 -1.095145539079566497e-23 -2.623058692446140034e-24 -6.024075283782187642e-25 -1.308788147497490542e-25 -2.657868040719665072e-26 -4.979563623497484539e-27 -8.439148036860244869e-28 -1.243351471210721554e-28 -1.424979575930477517e-29 -6.509764144524120330e-31 2.889746371108719225e-31 0.000000000000000000e+00
0.000000000000000000e+00 1.901528314821427154e-30 -1.276309089155181753e-29 9.387447868492103065e-29 -6.687945230919552946e-28 4.494229687028193708e-27 -2.801682612292906427e-26 1.604591445728546310e-25 -8.382429610308222759e-25 3.972987294897751726e-24 -1.693970598726030134e-23 6.491830502864884840e-23 -2.167696532576686522e-22 6.724205717816402858e-22 -1.408108174184194633e-21 5.912212502230477446e-21 1.355661520105223901e-20 1.746285823164021624e-19 1.058108369042826482e-18 7.121253816968665452e-18 3.382249557912271026e-17 1.471081953827983956e-16 4.480300906351169325e-16 9.447504748766993954e-16 1.215202832339255379e-15 1.220322384660932044e-15 9.677517624561313224e-16 4.732116595660857267e-16 1.630018284426965987e-16 4.530043871498840442e-17 1.132725626794286160e-17 2.744653050138949070e-18 6.615215305514768024e-19 1.569293751561930792e-19 3.599264428563528877e-20 7.923654810557153190e-21 1.682521269203587680e-21 3.485307053926513597e-22 7.116243308870617825e-23 1.436077050703758500e-23 2.841720048199100861e-24 5.417075681290250016e-25 9.688608406752873504e-26 1.561256337378643667e-26 2.083527818840406444e-27 1.664456954414913881e-28 -2.028840134696038352e-29 -1.427822608904824154e-29 -4.689693923156023037e-30 0.000000000000000000e+00
0.000000000000000000e+00 -1.053620067856554433e-29 7.572180407370988287e-29 -5.681420501572386371e-28 4.019408378653037373e-27 -2.645154545013644731e-26 1.604591445728542636e-25 -8.913836037967193430e-25 4.514022932418171962e-24 -2.068250811145389990e-23 8.576619035713645072e-23 -3.128945245630376195e-22 1.069069939587971163e-21 -2.563597927488049027e-21 1.148705945374222328e-20 2.355910936273388758e-20 3.945798918134130539e-19 2.653445654130434919e-18 2.128549134013839760e-17 1.206916674588914134e-16 6.758867443547262928e-16 2.747119930844977285e-15 8.830336661296751288e-15 1.892377357414482388e-14 2.405476797542759709e-14 2.400187177861454187e-14 1.865984543009740590e-14 8.541845405555626870e-15 2.562452796663558501e-15 5.357946598222910599e-16 7.171465965080661315e-17 7.424341438930250215e-19 -3.164870645818147044e-18 -1.264761521413784426e-18 -3.508406494087981087e-19 -8.183143682766572362e-20 -1.710473321798726892e-20 -3.309482052437426663e-21 -6.049688796601975711e-22 -1.058235861743916203e-22 -1.777730479296437665e-23 -2.837657953590034531e-24 -4.152989252762557997e-25 -5.048159461263612190e-26 -3.201830489703121474e-27 7.625166189233165300e-28 4.201581194863435603e-28 1.306002677921966936e-28 3.389107876397321655e-29 0.000000000000000000e+00
0.000000000000000000e+00 5.878720687246226244e-29 -4.312668798409696898e-28 3.211516137804342049e-27 -2.224721915271410450e-26 1.424625195804641747e-25 -8.382429610308191535e-25 4.514022932418165350e-24 -2.209784160408996835e-23 9.845901292426484399e-23 -3.888173564265411426e-22 1.447851739543314530e-21 -3.880201822098498610e-21 1.865663549309574289e-20 3.532491362576527331e-20 7.439013387471493085e-19 5.483112838415200598e-18 5.099636009845424013e-17 3.351546781230438998e-16 2.297338030141383530e-15 1.169469684666507186e-14 5.166808776891408978e-14 1.657553236424866487e-13 3.595144976374930295e-13 4.591509736818840334e-13 4.596096782182449377e-13 3.621365883897241899e-13 1.686121224370711584e-13 5.352908689523436232e-14 1.317913133756099255e-14 2.787532580205322435e-15 5.541882741668384939e-16 1.107741104122057794e-16 2.275039145210952923e-17 4.704020034282921217e-18 9.487458803596621114e-19 1.826779807562064846e-19 3.327974110918806744e-20 5.728756765723288790e-21 9.328273128672709646e-22 1.434423850032240764e-22 2.058344551518466671e-23 2.650692544612350794e-24 2.686826822095467448e-25 7.353811728309726294e-27 -6.647381941809163453e-27 -2.701343692228056124e-27 -7.559152640807243695e-28 -1.841771534280638589e-28 0.000000000000000000e+00
0.000000000000000000e+00 -3.136350647443951831e-28 2.282332130217132565e-27 -1.663750369524257346e-26 1.121390840647954691e-25 -6.965280032663844816e-25 3.972987294897756134e-24 -2.068250811145388521e-23 9.845901292426485574e-23 -4.178165056294218587e-22 1.682119077864525066e-21 -4.951310754626178782e-21 2.562306510642821173e-20 4.650515114208862619e-20 1.184477848424394059e-18 9.490719439551555207e-18 1.001348279240324759e-16 7.462231920814638730e-16 6.035502071007544172e-15 3.682370155750885034e-14 2.078718184010784575e-13 9.007192861605673112e-13 2.982098984788398763e-12 6.575537178776468504e-12 8.357388421903310129e-12 8.354121651613086300e-12 6.553036266736182938e-12 2.957715151324233836e-12 8.844956883662316276e-13 1.942501042096935788e-13 3.263718560441667654e-14 4.001830948924650466e-15 2.226881612471392565e-16 -5.723582981384576777e-17 -2.611698993068222453e-17 -6.874964416335629145e-18 -1.475247914771359295e-18 -2.801411155005607234e-19 -4.862799938090268060e-20 -7.833812689976712441e-21 -1.177709680227476121e-21 -1.644282133171393250e-22 -2.079736452436021346e-23 -2.193910970177138865e-24 -1.275095655039619245e-25 2.281824966289548100e-26 1.185549960631995548e-26 3.407590690068926795e-27 8.257996621678150429e-28 0.000000000000000000e+00
0.000000000000000000e+00 1.546279828131785650e-27 -1.100302977575338843e-26 7.803563962301695080e-26 -5.101629624335816274e-25 3.072022170106198283e-24 -1.693970598726024550e-23 8.576619035713623913e-23 -3.888173564265385095e-22 1.682119077864520741e-21 -5.366239267621843626e-21 2.997525316292789334e-20 5.450881880249147394e-20 1.607139991227475216e-18 1.392714189661599886e-17 1.638240624172045622e-16 1.361599945948661334e-15 1.264403817796993015e-14 8.957942761331465693e-14 6.141442583195261025e-13 3.351908787069190068e-12 1.516977077346564008e-11 5.092469423621799243e-11 1.138428932092147218e-10 1.446180716532336208e-10 1.446363102797135347e-10 1.140089137931926676e-10 5.110314293658584786e-11 1.529155384802247935e-11 3.459671283155016410e-12 6.443372957111780964e-13 1.059614565895377419e-13 1.650518316959672005e-14 2.605847149192567388e-15 4.341466166629546639e-16 7.579956866003221121e-17 1.337357771950604777e-17 2.302973066459499103e-18 3.790431120117886028e-19 5.903191137940041637e-20 8.652851946944953684e-21 1.185637404450322220e-21 1.493509837324564933e-22 1.649147770261973512e-23 1.342360830241924451e-24 -8.322576646536345948e-27 -3.956190124345643832e-26 -1.282133493828065893e-26 -3.185353892551986886e-27 0.000000000000000000e+00
0.000000000000000000e+00 -6.896200603908031449e-27 4.767904142794316668e-26 -3.279932977301005938e-25 2.078896451772831643e-24 -1.210187681695740637e-23 6.491830502864843698e-23 -3.128945245630362089e-22 1.447851739543285189e-21 -4.951310754625992208e-21 2.997525316292713501e-20 5.740951711469586281e-20 1.869271676473766412e-18 1.747258305617047827e-17 2.259846677091613648e-16 2.068956078989336567e-15 2.160623869555992248e-14 1.736515803261326329e-13 1.394129179154354447e-12 9.135556903888778945e-12 5.242837244887213528e-11 2.391735169959806203e-10 8.208808254946960031e-10 1.864033198441653361e-09 2.360789773301277909e-09 2.360719645895704319e-09 1.862987350830340420e-09 8.197701717497573653e-10 2.383919451789555836e-10 5.169851642375045854e-11 8.954734591894542786e-12 1.280171592670236170e-12 1.501661662371127326e-13 1.311292712613087904e-14 3.649719250321990744e-16 -1.801118540866208456e-16 -5.775464136352019458e-17 -1.221690658665123588e-17 -2.170756675147271280e-18 -3.450065654424790222e-19 -5.016683945603035800e-20 -6.711873427974853937e-21 -8.188378634169990820e-22 -8.775379658079490788e-23 -7.202771028010413025e-24 -1.047259562866415126e-25 1.431173179786361533e-25 4.744813131406994965e-26 1.155446637525406647e-26 0.000000000000000000e+00
0.000000000000000000e+00 2.740165483582546746e-26 -1.834887675027233270e-25 1.223891336499039721e-24 -7.498587352069907101e-24 4.247930657019178208e-23 -2.167696532576669124e-22 1.069069939587929786e-21 -3.880201822098269153e-21 2.562306510642594575e-20 5.450881880250300544e-20 1.869271676473719420e-18 1.883427032225443838e-17 2.649005357218783585e-16 2.647487981065960843e-15 3.060835817926260811e-14 2.743127365133170988e-13 2.510806030156053047e-12 1.909194073349899680e-11 1.319584074981510097e-10 7.584281237292854097e-10 3.545922696266165988e-09 1.238998102945179814e-08 2.854635197120631208e-08 3.606171558372760795e-08 3.606179245537994938e-08 2.855191977256238012e-08 1.239579018357610221e-08 3.550166558282384205e-09 7.626173247347296651e-10 1.328320614022972641e-10 1.977205253832961954e-11 2.624020171211816990e-12 3.241942100138208853e-13 3.922400213975295201e-14 4.897549161621319223e-15 6.506224472144802387e-16 9.094522685298405101e-17 1.285394771102522691e-17 1.761504855554069427e-18 2.262868524628863852e-19 2.636733420974006559e-20 2.634555575215104096e-21 1.887323727560821140e-22 -1.492015897521339261e-24 -4.323029440837414447e-24 -1.205586268991090208e-24 -2.582285610654585430e-25 -5.040966342210514368e-26 0.000000000000000000e+00
0.000000000000000000e+00 -9.560276545666108607e-26 6.197487913977161002e-25 -3.995421863625227726e-24 2.383063559244086152e-23 -1.282559790427616567e-22 6.724205717816066197e-22 -2.563597927487795497e-21 1.865663549309283594e-20 4.650515114210552020e-20 1.607139991227352920e-18 1.747258305617114695e-17 2.649005357218755975e-16 2.872132318070910044e-15 3.633356494087341435e-14 3.586521402949291521e-13 3.670210904269281982e-12 3.160094074205201052e-11 2.536358974212497588e-10 1.744454933080627964e-09 1.026447811961890631e-08 4.870829512983643934e-08 1.733142211710613414e-07 4.051175499552166506e-07 5.100350686900766131e-07 5.100364212293660074e-07 4.050928613777285047e-07 1.732891298576983119e-07 4.868909080374936082e-08 1.024439521621835742e-08 1.741239501119841376e-09 2.501844180515169766e-10 3.120766745641045970e-11 3.418781542798756009e-12 3.264851835465013230e-13 2.593420276255177288e-14 1.412171997356482796e-15 -1.709204928670379574e-17 -1.879168443613952551e-17 -3.158883455693638203e-18 -3.060826535742021013e-19 -1.579616365253096811e-21 7.460946058633135403e-21 2.211976577971089883e-21 4.646878338449056990e-22 8.352956174500268331e-23 1.370996358291625139e-23 2.127364497871989958e-24 3.197826150455889400e-25 0.000000000000000000e+00
0.000000000000000000e+00 2.883204681053178381e-25 -1.802811665802629762e-24 1.131986401287296747e-23 -6.399993288220376412e-23 3.560950375011184427e-22 -1.408108174183941291e-21 1.148705945374000846e-20 3.532491362578400900e-20 1.184477848424256932e-18 1.392714189661711744e-17 2.259846677091552018e-16 2.647487981065999892e-15 3.633356494087328182e-14 3.917665921131360464e-13 4.420564241098442379e-12 4.236961235854366641e-11 3.848905004669586094e-10 3.056467121127361857e-09 2.145321686646066993e-08 1.274048676448553303e-07 6.139277409607763429e-07 2.218870750978459886e-06 5.254661409969821325e-06 6.589861844300219262e-06 6.589848676939019838e-06 5.254750704086995339e-06 2.218957908187958352e-06 6.139985623690424518e-07 1.274835891705435954e-07 2.146093329050407871e-08 3.071184180485793398e-09 3.855469607898019545e-10 4.345624889881534217e-11 4.484687573768135168e-12 4.314323631959861132e-13 3.920670410100991976e-14 3.339107017509036878e-15 2.440930047118511892e-16 8.261286884498908503e-18 -2.252438047003503185e-18 -7.906994536928713844e-19 -1.755303663125325654e-19 -3.276232207054371991e-20 -5.505455411261157391e-21 -8.568778489530947437e-22 -1.255399004668402622e-22 -1.751619339903600460e-23 -2.342482620684301871e-24 0.000000000000000000e+00
0.000000000000000000e+00 -7.327266584192322820e-25 4.455714331703568323e-24 -2.641953942946458751e-23 1.559075084113703464e-22 -6.275647164296778468e-22 5.912212502229078137e-21 2.355910936274950266e-20 7.439013387470411676e-19 9.490719439552716928e-18 1.638240624171978568e-16 2.068956078989400464e-15 3.060835817926224839e-14 3.586521402949311211e-13 4.420564241098433493e-12 4.664847145427034887e-11 4.714517694516372456e-10 4.219909699526216657e-09 3.407091666138697019e-08 2.397657283624143726e-07 1.436615496744000312e-06 6.989365805676339603e-06 2.557140862372255565e-05 6.121749035729615669e-05 7.641339248494993764e-05 7.641346434562443950e-05 6.121723500792188889e-05 2.557117547832807899e-05 6.989160283078760471e-06 1.436371274921982558e-06 2.397624261490596239e-07 3.401902051080292917e-08 4.222351099806158436e-09 4.674215963761632177e-10 4.681414998530469940e-11 4.296143749390905124e-12 3.680585406255895525e-13 3.081737661200939169e-14 2.827368123716868801e-15 3.350333577763259744e-16 5.225283888802517964e-17 9.188121844088952624e-18 1.610921427505656055e-18 2.690497700380354003e-19 4.239417651507204220e-20 6.312831164540959443e-21 8.924268431866686688e-22 1.203662646198102584e-22 1.548786730736921078e-23 0.000000000000000000e+00
0.000000000000000000e+00 1.530924758657949579e-24 -8.717552338067341240e-24 5.481556499127082537e-23 -2.169776423749524283e-22 2.501411473136760432e-21 1.355661520106112236e-20 3.945798918133371723e-19 5.483112838416010259e-18 1.001348279240267690e-16 1.361599945948719710e-15 2.160623869555951228e-14 2.743127365133200271e-13 3.670210904269264210e-12 4.236961235854375688e-11 4.714517694516371422e-10 4.687715301482215604e-09 4.255233188491709711e-08 3.425273759457064533e-07 2.413338901490016838e-06 1.445412486492658777e-05 7.050225991377474441e-05 2.595051371915013129e-04 6.253724978630637249e-04 7.761626956747152625e-04 7.761624234698950549e-04 6.253730474459106214e-04 2.595055795023257271e-04 7.050270156452275426e-05 1.445469252263735211e-05 2.413274171476788334e-06 3.426755676538169582e-07 4.252731088856257607e-08 4.700552493088647733e-09 4.692072069021335970e-10 4.269684549398531450e-11 3.545296334901624308e-12 2.621456495262511478e-13 1.517830298985916229e-14 1.223224017053095804e-16 -1.827348867973522938e-16 -4.731662201925807133e-17 -9.087465671450717405e-18 -1.541776581206301916e-18 -2.417909619111322223e-19 -3.565980292845260956e-20 -4.988935935795551007e-21 -6.657390798481843245e-22 -8.464037248165310282e-23 0.000000000000000000e+00
0.000000000000000000e+00 -2.366720104602919825e-24 1.465508052139618267e-23 -5.256229542647533024e-23 8.497414165288383986e-22 6.593269369278273603e-21 1.746285823163589493e-19 2.653445654130855542e-18 5.099636009845059781e-17 7.462231920815019355e-16 1.264403817796963827e-14 1.736515803261351068e-13 2.510806030156037295e-12 3.160094074205210746e-11 3.848905004669582992e-10 4.219909699526218311e-09 4.255233188491710373e-08 3.842415712721431489e-07 3.079986315464299588e-06 2.147580925903440488e-05 1.271304752415961957e-04 6.139491180427051947e-04 2.249117417250395389e-03 5.413395586601975860e-03 6.670302515315007161e-03 6.670303245890320948e-03 5.413394769133345746e-03 2.249116938610737967e-03 6.139485010430336797e-04 1.271295901727448167e-04 2.147611886645936854e-05 3.079653173772514159e-06 3.843521658955032852e-07 4.251746375982233062e-08 4.231609103851425468e-09 3.841227895856612331e-10 3.229788583718773512e-11 2.580015231594109983e-12 2.067861060510283471e-13 1.852010066500505463e-14 2.085162864929488873e-15 2.930180990943006335e-16 4.565968069270067248e-17 7.175268081237243541e-18 1.091483132110040590e-18 1.587504993393396753e-19 2.203999732946526774e-20 2.925611776558659810e-21 3.702772492692270013e-22 0.000000000000000000e+00
0.000000000000000000e+00 2.870788832453349621e-24 -5.889829982790678979e-24 2.243942409980433970e-22 2.644334041801228191e-21 6.347740195544073207e-20 1.058108369042993845e-18 2.128549134013661034e-17 3.351546781230615999e-16 6.035502071007387978e-15 8.957942761331610844e-14 1.394129179154344754e-12 1.909194073349905173e-11 2.536358974212495520e-10 3.056467121127361443e-09 3.407091666138699004e-08 3.425273759457063474e-07 3.079986315464300012e-06 2.432696979723952038e-05 1.657567088729842953e-04 9.519970499147866047e-04 4.455507911478814344e-03 1.592337784445969906e-02 3.769191170118214168e-02 4.599262824057522708e-02 4.599262692586495588e-02 3.769191241481155419e-02 1.592337783490148720e-02 4.455508256457257725e-03 9.519977055829073132e-04 1.657559831798311833e-04 2.432753587793986101e-05 3.079673433018756281e-06 3.426056005607670941e-07 3.403080481157793398e-08 3.058185635587916405e-09 2.510075808782052162e-10 1.885345646278295019e-11 1.270954782201346648e-12 6.946817785625935044e-14 1.283033443511105146e-15 -4.972836050096824870e-16 -1.273242239808319618e-16 -2.294067230192526843e-17 -3.639984511378423910e-18 -5.361051005664011440e-19 -7.464291658894091075e-20 -9.904779077646473797e-21 -1.251917707323978246e-21 0.000000000000000000e+00
0.000000000000000000e+00 1.241960822742430754e-24 4.421560738900138737e-23 8.479061400346759263e-22 1.857468743775648586e-20 3.401049823741554953e-19 7.121253816968038369e-18 1.206916674588977982e-16 2.297338030141321604e-15 3.682370155750946249e-14 6.141442583195216596e-13 9.135556903888801564e-12 1.319584074981509063e-10 1.744454933080628171e-09 2.145321686646068647e-08 2.397657283624143197e-07 2.413338901490017685e-06 2.147580925903440149e-05 1.657567088729842953e-04 1.084886302758099373e-03 5.878227678360675550e-03 2.566212056560555552e-02 8.599053642767780226e-02 1.935737693962472639e-01 2.327179091042364811e-01 2.327179104202037607e-01 1.935737690849413661e-01 8.599053711259847799e-02 2.566212092304416548e-02 5.878228010482195939e-03 1.084887093243621682e-03 1.657560347587598386e-04 2.147639261146682812e-05 2.413205928747764862e-06 2.398614458670194631e-07 2.144976071939226841e-08 1.751483105616032537e-09 1.325023991952192548e-10 9.467576804658291151e-12 6.628103256884571790e-13 4.915122826756677320e-14 4.361142517669268688e-15 4.952382935850818717e-16 6.680545044918542432e-17 9.545266866671686659e-18 1.352585580700669727e-18 1.854329218591298811e-19 2.442661948935355566e-20 3.074315908402629712e-21 0.000000000000000000e+00
0.000000000000000000e+00 6.260211567136662552e-24 2.084482518520581205e-22 4.264797540780944593e-21 8.550682767118911735e-20 1.852736200573541531e-18 3.382249557912450985e-17 6.758867443547076559e-16 1.169469684666524698e-14 2.078718184010770691e-13 3.351908787069195319e-12 5.242837244887214175e-11 7.584281237292850995e-10 1.026447811961890962e-08 1.274048676448552774e-07 1.436615496744001159e-06 1.445412486492658608e-05 1.271304752415962499e-04 9.519970499147870384e-04 5.878227678360673815e-03 2.889460823147202428e-02 1.098639672451661997e-01 3.167383842101422764e-01 6.221828672045293107e-01 7.267528228224926501e-01 7.267528226609161202e-01 6.221828676865476249e-01 3.167383839053360961e-01 1.098639668814971604e-01 2.889460755961202609e-02 5.878227808665920442e-03 9.519974804788933253e-04 1.271298209267508349e-04 1.445426129403413652e-05 1.436467089176164297e-06 1.274098712603995365e-07 1.025211844895410485e-08 7.577083465838927080e-10 5.183666065403883389e-11 3.279347481259204117e-12 1.869723615461745325e-13 8.482373723709627023e-15 7.110075013965437537e-17 -5.965794900935656491e-17 -1.259166733843622090e-17 -1.983891757385231512e-18 -2.801614651496621263e-19 -3.710320431859123611e-20 -4.657980946061025309e-21 0.000000000000000000e+00
0.000000000000000000e+00 3.682541383923112243e-23 7.432296515071653485e-22 1.612320751335625797e-20 3.593745617405020981e-19 7.075002772823537403e-18 1.471081953827942787e-16 2.747119930845015545e-15 5.166808776891374268e-14 9.007192861605680180e-13 1.516977077346564331e-11 2.391735169959802584e-10 3.545922696266168884e-09 4.870829512983639963e-08 6.139277409607766606e-07 6.989365805676337062e-06 7.050225991377477152e-05 6.139491180427054115e-04 4.455507911478814344e-03 2.566212056560553470e-02 1.098639672451661720e-01 3.261746911325663079e-01 6.707853350907048151e-01 8.775216515524382199e-01 9.362332653817811989e-01 9.362332645552853272e-01 8.775216507472201055e-01 6.707853344758841763e-01 3.261746905522677764e-01 1.098639666436507928e-01 2.566211972363456259e-02 4.455508102401164322e-03 6.139493682379172906e-04 7.050224877294413610e-05 6.989465858245516082e-06 6.139237324235915082e-07 4.871810714831841805e-08 3.546004619194391701e-09 2.396390445550508086e-10 1.519807259010161951e-11 9.149433779410613338e-13 5.318753212903203562e-14 3.088986419960399560e-15 1.919722538602658729e-16 1.410082928148705917e-17 1.290397772093590613e-18 1.388318182595675335e-19 1.594161318092652929e-20 1.829059197509772508e-21 0.000000000000000000e+00
0.000000000000000000e+00 9.426036418081362772e-23 2.149069066167940270e-21 4.895463544176468356e-20 1.040519520402495911e-18 2.224174516052060523e-17 4.480300906351225531e-16 8.830336661296691335e-15 1.657553236424870526e-13 2.982098984788394321e-12 5.092469423621800535e-11 8.208808254946964167e-10 1.238998102945178987e-08 1.733142211710616061e-07 2.218870750978457769e-06 2.557140862372256243e-05 2.595051371915013129e-04 2.249117417250394955e-03 1.592337784445970600e-02 8.599053642767787164e-02 3.167383842101422209e-01 6.707853350907048151e-01 8.878717003900890026e-01 9.689767082486521188e-01 9.883037198913069421e-01 9.883037199100704884e-01 9.689767073769681716e-01 8.878717001035705270e-01 6.707853350273085269e-01 3.167383844486634792e-01 8.599053599679506998e-02 1.592337722609228970e-02 2.249117903206389584e-03 2.595050206881380954e-04 2.557151999438401444e-05 2.218874539144105838e-06 1.733236136509723980e-07 1.239147163702541786e-08 8.213892180184452433e-10 5.103200604201017533e-11 3.003908895131943183e-12 1.701205344142420224e-13 9.570613311620921926e-15 5.753255178106519860e-16 4.180446929104818891e-17 3.976795519687728895e-18 4.619800988725015767e-19 5.798299487430015117e-20 7.271960547590552920e-21 0.000000000000000000e+00
0.000000000000000000e+00 1.879363317455100198e-22 4.324607326272168279e-21 9.893716869137592146e-20 2.143026025454269678e-18 4.630836737207954717e-17 9.447504748766934789e-16 1.892377357414486806e-14 3.595144976374924742e-13 6.575537178776470928e-12 1.138428932092146572e-10 1.864033198441653361e-09 2.854635197120631539e-08 4.051175499552167035e-07 5.254661409969822172e-06 6.121749035729617025e-05 6.253724978630636165e-04 5.413395586601974993e-03 3.769191170118213474e-02 1.935737693962470973e-01 6.221828672045291997e-01 8.775216515524382199e-01 9.689767082486524519e-01 9.932651002976570220e-01 9.981226444188346925e-01 9.981226445592311647e-01 9.932651017725800946e-01 9.689767084846037104e-01 8.775216524005912122e-01 6.221828683804268012e-01 1.935737697333096141e-01 3.769191163546926904e-02 5.413394653536162879e-03 6.253724766481170419e-04 6.121724190792772414e-05 5.254651818121277525e-06 4.050939596528500066e-07 2.854454471145167100e-08 1.862816296515958732e-09 1.137018837024540679e-10 6.532471190497278662e-12 3.533861949684535472e-13 1.772144770162834191e-14 7.663871439654885351e-16 1.851467184476489460e-17 -1.770921037247775270e-18 -4.364975978613961068e-19 -6.519594600796725706e-20 -8.442211997721734563e-21 0.000000000000000000e+00
0.000000000000000000e+00 2.343935380812676000e-22 5.641630906026315939e-21 1.244578900057307705e-19 2.781519060724478854e-18 5.860829353627086191e-17 1.215202832339258535e-15 2.405476797542754660e-14 4.591509736818846393e-13 8.357388421903298819e-12 1.446180716532337500e-10 2.360789773301275841e-09 3.606171558372760795e-08 5.100350686900766131e-07 6.589861844300215874e-06 7.641339248494992409e-05 7.761626956747145036e-04 6.670302515315003691e-03 4.599262824057520627e-02 2.327179091042362868e-01 7.267528228224918729e-01 9.362332653817805328e-01 9.883037198913063870e-01 9.981226444188342484e-01 9.996436406560662569e-01 9.996436419482014335e-01 9.981226453355400707e-01 9.883037211369494202e-01 9.362332665992391112e-01 7.267528241929183119e-01 2.327179106607900338e-01 4.599262831837092058e-02 6.670302800521330996e-03 7.761626912281540877e-04 7.641339564845377966e-05 6.589858065209338294e-06 5.100331749176743777e-07 3.606099714786055627e-08 2.360605588836860994e-09 1.445612492423874231e-10 8.346740336248092666e-12 4.565418571718661887e-13 2.361570066936186893e-14 1.130613509252067767e-15 4.525268120587270471e-17 6.351504170983646037e-19 -1.895381008565973275e-19 -3.890587447444912532e-20 -5.718006327508018722e-21 0.000000000000000000e+00
0.000000000000000000e+00 2.283974407371296456e-22 5.730948227016568192e-21 1.226926169011794922e-19 2.810988447052041360e-18 5.818778955269613872e-17 1.220322384660929086e-15 2.400187177861459551e-14 4.596096782182438270e-13 8.354121651613099224e-12 1.446363102797134054e-10 2.360719645895705560e-09 3.606179245537992291e-08 5.100364212293662192e-07 6.589848676939015602e-06 7.641346434562438529e-05 7.761624234698952718e-04 6.670303245890320948e-03 4.599262692586496282e-02 2.327179104202035664e-01 7.267528226609158981e-01 9.362332645552827737e-01 9.883037199100705994e-01 9.981226445592314978e-01 9.996436419482017666e-01 9.996436411293528890e-01 9.981226471735320516e-01 9.883037216266056246e-01 9.362332663468543315e-01 7.267528246998885555e-01 2.327179116236484657e-01 4.599262910288828832e-02 6.670303235838479644e-03 7.761628803464677619e-04 7.641346438305389032e-05 6.589879764985856641e-06 5.100392672737072829e-07 3.606254255232864808e-08 2.360963829959215016e-09 1.446378042046877584e-10 8.361928016695994986e-12 4.593556734494021819e-13 2.410503186678326268e-14 1.210848503611982293e-15 5.770687818209643344e-17 2.471760749149545267e-18 6.861210613545217487e-20 -4.225790488800561991e-21 -1.275214199158396174e-21 0.000000000000000000e+00
0.000000000000000000e+00 1.720100536590049144e-22 4.611261643793003729e-21 9.263418921970342229e-20 2.256151750507638196e-18 4.457245720771905111e-17 9.677517624561317168e-16 1.865984543009741536e-14 3.621365883897238870e-13 6.553036266736181322e-12 1.140089137931926547e-10 1.862987350830339593e-09 2.855191977256238012e-08 4.050928613777286106e-07 5.254750704086994492e-06 6.121723500792184823e-05 6.253730474459104046e-04 5.413394769133344012e-03 3.769191241481156113e-02 1.935737690849412551e-01 6.221828676865475138e-01 8.775216507472192173e-01 9.689767073769672834e-01 9.932651017725803166e-01 9.981226453355407369e-01 9.981226471735323846e-01 9.932651023669203383e-01 9.689767091394702048e-01 8.775216522556377186e-01 6.221828687937984714e-01 1.935737714365483308e-01 3.769191364305758685e-02 5.413396079570240160e-03 6.253732135376728184e-04 6.121754418953199908e-05 5.254755359483566475e-06 4.051245685427274846e-07 2.855253784110520120e-08 1.864692264451143079e-09 1.141029019240202493e-10 6.611381732338427955e-12 3.678034005725702919e-13 2.018467181851987009e-14 1.162312828779479368e-15 7.869235529232410352e-17 6.916425493326468923e-18 7.592446343713353788e-19 9.223307642050803655e-20 1.134955544330585648e-20 0.000000000000000000e+00
0.000000000000000000e+00 7.822927998030561213e-23 2.451990635817443139e-21 4.212092471881441649e-20 1.164087461183956224e-18 2.034132538751424393e-17 4.732116595660883891e-16 8.541845405555592160e-15 1.686121224370714361e-13 2.957715151324230201e-12 5.110314293658587370e-11 8.197701717497564347e-10 1.239579018357610717e-08 1.732891298576981795e-07 2.218957908187959622e-06 2.557117547832807561e-05 2.595055795023256187e-04 2.249116938610738400e-03 1.592337783490148373e-02 8.599053711259846411e-02 3.167383839053361516e-01 6.707853344758832881e-01 8.878717001035700829e-01 9.689767084846034884e-01 9.883037211369501973e-01 9.883037216266058467e-01 9.689767091394702048e-01 8.878717031320403352e-01 6.707853372491782151e-01 3.167383864721461384e-01 8.599053849294764629e-02 1.592337954393919022e-02 2.249119441770917969e-03 2.595058015798142330e-04 2.557184080152979263e-05 2.218985612500309497e-06 1.733569729692515822e-07 1.240034962135920711e-08 8.235171360719780171e-10 5.149724083258930706e-11 3.097645973821698516e-12 1.876720657748761029e-13 1.264612757013820044e-14 1.082647920709745977e-15 1.209829663604452885e-16 1.571990282519051180e-17 2.123344247011291517e-18 2.829066803497115632e-19 3.635216863043218543e-20 0.000000000000000000e+00
0.000000000000000000e+00 1.669119537531702180e-23 9.758622078051064621e-22 1.170340403259001358e-20 4.366398562823360322e-19 5.887010446497177563e-18 1.630018284426975109e-16 2.562452796663549823e-15 5.352908689523442543e-14 8.844956883662314256e-13 1.529155384802247612e-11 2.383919451789553251e-10 3.550166558282384619e-09 4.868909080374934097e-08 6.139985623690420283e-07 6.989160283078763859e-06 7.050270156452276781e-05 6.139485010430334629e-04 4.455508256457259460e-03 2.566212092304415507e-02 1.098639668814971326e-01 3.261746905522676654e-01 6.707853350273085269e-01 8.775216524005914343e-01 9.362332665992401104e-01 9.362332663468541094e-01 8.775216522556377186e-01 6.707853372491782151e-01 3.261746921949647549e-01 1.098639680543889163e-01 2.566212207403589796e-02 4.455510672488388960e-03 6.139512327776177692e-04 7.050325216781908207e-05 6.989896637170702722e-06 6.140783365193837181e-07 4.876599111581745044e-08 3.559099141962801716e-09 2.428554295216241202e-10 1.591720305110345027e-11 1.062861637523793674e-12 8.142153791484667710e-14 8.126126401290605657e-15 1.037037459214637347e-15 1.481117222237917089e-16 2.146825672438173973e-17 3.034754586773493258e-18 4.134019755776515642e-19 5.387239095537996792e-20 0.000000000000000000e+00
0.000000000000000000e+00 -7.205328720717254679e-24 3.506397220722614851e-22 1.500048474879884426e-21 1.361405038209813912e-19 1.035531032282343822e-18 4.530043871498869408e-17 5.357946598222915529e-16 1.317913133756098466e-14 1.942501042096936040e-13 3.459671283155016410e-12 5.169851642375041330e-11 7.626173247347296651e-10 1.024439521621835576e-08 1.274835891705435954e-07 1.436371274921982981e-06 1.445469252263734872e-05 1.271295901727447625e-04 9.519977055829076384e-04 5.878228010482198541e-03 2.889460755961201915e-02 1.098639666436507650e-01 3.167383844486634792e-01 6.221828683804266902e-01 7.267528241929186450e-01 7.267528246998878894e-01 6.221828687937981384e-01 3.167383864721459719e-01 1.098639680543888886e-01 2.889460860386934907e-02 5.878230200642224103e-03 9.520002974221990037e-04 1.271318999307252087e-04 1.445538208799158806e-05 1.436946710925926433e-06 1.275811680517858308e-07 1.030489886930695167e-08 7.720714876227618344e-10 5.534937057278081415e-11 4.061848555993585197e-12 3.474481115533937423e-13 3.904423844996734970e-14 5.515040419899235346e-15 8.528393489509288765e-16 1.320752070783583018e-16 1.980582055654081324e-17 2.849911476230374000e-18 3.931070119536190739e-19 5.177628264536220057e-20 0.000000000000000000e+00
0.000000000000000000e+00 -1.178747866045652661e-23 1.392931367976765056e-22 -4.439200522354880922e-22 3.916740496304238773e-20 2.716178438371228880e-20 1.132725626794296175e-17 7.171465965080756225e-17 2.787532580205314546e-15 3.263718560441676489e-14 6.443372957111778945e-13 8.954734591894541171e-12 1.328320614022973416e-10 1.741239501119840342e-09 2.146093329050407871e-08 2.397624261490597298e-07 2.413274171476787487e-06 2.147611886645935160e-05 1.657559831798313189e-04 1.084887093243622116e-03 5.878227808665920442e-03 2.566211972363455218e-02 8.599053599679502835e-02 1.935737697333095864e-01 2.327179106607900616e-01 2.327179116236483269e-01 1.935737714365483031e-01 8.599053849294763241e-02 2.566212207403588755e-02 5.878230200642226705e-03 1.084889813592042817e-03 1.657582572236591012e-04 2.147773498625150172e-05 2.413850950691339011e-06 2.401196742998463719e-07 2.153862886159308201e-08 1.778372768210088135e-09 1.397787838035853207e-10 1.125213343118236688e-11 1.063765981487847063e-12 1.324148682928138289e-13 2.046110675381948137e-14 3.412246503386463922e-15 5.647053281474049442e-16 8.998604183343082089e-17 1.370422245349794890e-17 1.994523532260176429e-18 2.779445572350867928e-19 3.696746628543737896e-20 0.000000000000000000e+00
0.000000000000000000e+00 -9.461173163169591705e-24 6.557262868790175301e-23 -4.288528686182066165e-22 1.111319014176511130e-20 -5.963690484082151368e-20 2.744653050138999144e-18 7.424341438930774068e-19 5.541882741668363245e-16 4.001830948924679654e-15 1.059614565895375525e-13 1.280171592670236574e-12 1.977205253832961308e-11 2.501844180515169766e-10 3.071184180485792571e-09 3.401902051080293579e-08 3.426755676538170111e-07 3.079653173772512889e-06 2.432753587793987118e-05 1.657560347587599199e-04 9.519974804788936505e-04 4.455508102401166057e-03 1.592337722609228276e-02 3.769191163546926904e-02 4.599262831837092058e-02 4.599262910288824668e-02 3.769191364305757991e-02 1.592337954393919022e-02 4.455510672488392429e-03 9.520002974221999795e-04 1.657582572236591554e-04 2.432915160669538179e-05 3.080600815343427267e-06 3.430434700419411219e-07 3.420508290498287234e-08 3.118023190561627404e-09 2.690816151497276248e-10 2.373435563240036302e-11 2.465089119936205722e-12 3.370434763748740742e-13 5.669576188216125185e-14 1.018942692809877358e-14 1.804415575788480133e-15 3.061535993690357657e-16 4.945217354241288399e-17 7.608748895007561771e-18 1.117869887023347135e-18 1.572424649464549183e-19 2.110895379864937249e-20 0.000000000000000000e+00
0.000000000000000000e+00 -5.855459698127847426e-24 3.285405713936506219e-23 -2.219832042167862704e-22 3.205109910445508151e-21 -2.888268907623348611e-20 6.615215305514940395e-19 -3.164870645818243341e-18 1.107741104122054219e-16 2.226881612471450250e-16 1.650518316959667271e-14 1.501661662371129346e-13 2.624020171211815375e-12 3.120766745641043385e-11 3.855469607898020062e-10 4.222351099806155954e-09 4.252731088856258269e-08 3.843521658955033381e-07 3.079673433018756281e-06 2.147639261146683151e-05 1.271298209267508891e-04 6.139493682379176158e-04 2.249117903206388717e-03 5.413394653536161144e-03 6.670302800521329262e-03 6.670303235838471838e-03 5.413396079570238426e-03 2.249119441770917969e-03 6.139512327776185281e-04 1.271318999307254527e-04 2.147773498625152205e-05 3.080600815343428114e-06 3.848225302408311008e-07 4.271784769981737690e-08 4.305996587336197732e-09 4.085338009185430277e-10 3.947073967090355130e-11 4.488410173942010507e-12 6.709817998895475215e-13 1.226085728275142305e-13 2.375716175499978085e-14 4.509092867840611943e-15 8.162199131219691907e-16 1.401232896520037209e-16 2.283746146558333754e-17 3.543574041318526380e-18 5.250944904767534690e-19 7.451563998724229954e-20 1.009290294984114465e-20 0.000000000000000000e+00
0.000000000000000000e+00 -3.040935177654165320e-24 1.569138905458255299e-23 -9.695279583148510604e-23 9.479884428956025891e-22 -9.532977029701783413e-21 1.569293751561984477e-19 -1.264761521413826604e-18 2.275039145210953539e-17 -5.723582981384438726e-17 2.605847149192553583e-15 1.311292712613096739e-14 3.241942100138204309e-13 3.418781542798754798e-12 4.345624889881536802e-11 4.674215963761628041e-10 4.700552493088648560e-09 4.251746375982233062e-08 3.426056005607670941e-07 2.413205928747765709e-06 1.445426129403413313e-05 7.050224877294416321e-05 2.595050206881382038e-04 6.253724766481166082e-04 7.761626912281543045e-04 7.761628803464673283e-04 6.253732135376726016e-04 2.595058015798143956e-04 7.050325216781923115e-05 1.445538208799161517e-05 2.413850950691342399e-06 3.430434700419413336e-07 4.271784769981739676e-08 4.783615563263039479e-09 5.004487595939225837e-10 5.302730935941421625e-11 6.594204903749006208e-12 1.075424283666755101e-12 2.133119527160774970e-13 4.460126150074886627e-14 9.088019332733045515e-15 1.758464662147501380e-15 3.214720372937276678e-16 5.560597349163033179e-17 9.129132749591708260e-18 1.427355813969466165e-18 2.132155291983111406e-19 3.051316045826788656e-20 4.168567736621496613e-21 0.000000000000000000e+00
0.000000000000000000e+00 -1.370729415706805229e-24 6.825084784094481716e-24 -3.872793486583249857e-23 2.869637504042476437e-22 -2.686791092844884390e-21 3.599264428563668507e-20 -3.508406494088098087e-19 4.704020034282927380e-18 -2.611698993068192870e-17 4.341466166629515085e-16 3.649719250322248110e-16 3.922400213975285104e-14 3.264851835465013735e-13 4.484687573768139207e-12 4.681414998530466709e-11 4.692072069021340106e-10 4.231609103851425468e-09 3.403080481157793398e-08 2.398614458670195160e-07 1.436467089176163874e-06 6.989465858245517776e-06 2.557151999438402122e-05 6.121724190792766993e-05 7.641339564845376611e-05 7.641346438305380900e-05 6.121754418953201263e-05 2.557184080152980618e-05 6.989896637170717121e-06 1.436946710925929821e-06 2.401196742998469013e-07 3.420508290498292528e-08 4.305996587336202695e-09 5.004487595939229973e-10 5.841285917219564638e-11 7.956747348152528133e-12 1.415772168278365661e-12 3.049843908131807511e-13 6.890513277481896572e-14 1.509982118931827181e-14 3.129064076788266876e-15 6.103331029723876920e-16 1.122543379030176303e-16 1.953498202115286989e-17 3.228311091785337601e-18 5.083722886056487979e-19 7.652402837947356011e-20 1.104046034414430719e-20 1.520903786865307653e-21 0.000000000000000000e+00
0.000000000000000000e+00 -5.472936945381523190e-25 2.678811842209306221e-24 -1.434053293275933563e-23 8.777150848033285934e-23 -7.027752763823092520e-22 7.923654810557551918e-21 -8.183143682766828751e-20 9.487458803596676966e-19 -6.874964416335575990e-18 7.579956866003147165e-17 -1.801118540866148551e-16 4.897549161621295557e-15 2.593420276255178235e-14 4.314323631959866685e-13 4.296143749390901085e-12 4.269684549398539205e-11 3.841227895856611297e-10 3.058185635587916819e-09 2.144976071939226841e-08 1.274098712603994836e-07 6.139237324235919317e-07 2.218874539144107956e-06 5.254651818121269902e-06 6.589858065209329824e-06 6.589879764985848170e-06 5.254755359483569016e-06 2.218985612500310344e-06 6.140783365193848828e-07 1.275811680517861485e-07 2.153862886159314157e-08 3.118023190561635262e-09 4.085338009185439066e-10 5.302730935941428733e-11 7.956747348152528133e-12 1.549552839495081300e-12 3.633963738403825716e-13 8.892147854435806221e-14 2.100457248235475532e-14 4.671788339803715269e-15 9.742737134575569116e-16 1.909115416880229788e-16 3.528232908112015263e-17 6.173772409100838037e-18 1.026615489264035580e-18 1.627752048188673110e-19 2.468413786101729251e-20 3.589426427639129149e-21 4.985048224555719669e-22 0.000000000000000000e+00
0.000000000000000000e+00 -1.964435044995087868e-25 9.522154089139150894e-25 -4.916357953157354063e-24 2.655781525571059543e-23 -1.780707103560507911e-22 1.682521269203697331e-21 -1.710473321798775642e-20 1.826779807562086272e-19 -1.475247914771352747e-18 1.337357771950590910e-17 -5.775464136351907292e-17 6.506224472144753083e-16 1.412171997356479246e-15 3.920670410101010909e-14 3.680585406255883408e-13 3.545296334901636425e-12 3.229788583718770281e-11 2.510075808782054747e-10 1.751483105616032123e-09 1.025211844895410485e-08 4.871810714831845113e-08 1.733236136509725568e-07 4.050939596528494243e-07 5.100331749176739542e-07 5.100392672737066476e-07 4.051245685427279610e-07 1.733569729692516351e-07 4.876599111581751661e-08 1.030489886930697980e-08 1.778372768210093098e-09 2.690816151497283486e-10 3.947073967090365470e-11 6.594204903749011863e-12 1.415772168278364853e-12 3.633963738403822687e-13 9.671462923354623905e-14 2.471087305680084105e-14 5.916381935410257126e-15 1.322546656011313345e-15 2.767407277031788703e-16 5.442791415001658978e-17 1.010379866085794614e-17 1.777349537298192045e-18 2.973357884703021742e-19 4.745966159911738414e-20 7.249262463253182405e-21 1.062313343310845364e-21 1.487238072503896410e-22 0.000000000000000000e+00
0.000000000000000000e+00 -6.412500727641215477e-26 3.086860640334960889e-25 -1.558244148082795535e-24 7.777861004001300902e-24 -4.449603238286534162e-23 3.485307053926765623e-22 -3.309482052437529730e-21 3.327974110918856096e-20 -2.801411155005609160e-19 2.302973066459479073e-18 -1.221690658665108181e-17 9.094522685298339774e-17 -1.709204928670486810e-17 3.339107017509077504e-15 3.081737661200910139e-14 2.621456495262530159e-13 2.580015231594104732e-12 1.885345646278298251e-11 1.325023991952191514e-10 7.577083465838931216e-10 3.546004619194395837e-09 1.239147163702542614e-08 2.854454471145161806e-08 3.606099714786052318e-08 3.606254255232861499e-08 2.855253784110523760e-08 1.240034962135920711e-08 3.559099141962803784e-09 7.720714876227628684e-10 1.397787838035856567e-10 2.373435563240041149e-11 4.488410173942014546e-12 1.075424283666755303e-12 3.049843908131808016e-13 8.892147854435801172e-14 2.471087305680084105e-14 6.396405773459663995e-15 1.538068127741257632e-15 3.446927532120843111e-16 7.232937294389864891e-17 1.427678416229692647e-17 2.662167079894257366e-18 4.707734663854586073e-19 7.922854085150471473e-20 1.272988674310708889e-20 1.958396428774476765e-21 2.891928279812422879e-22 4.081331548291184137e-23 0.000000000000000000e+00
0.000000000000000000e+00 -1.921465254513643633e-26 9.192174952652168393e-26 -4.569965035129225364e-25 2.168560101036158211e-24 -1.095145539079622039e-23 7.116243308871105656e-23 -6.049688796602203287e-22 5.728756765723386591e-21 -4.862799938090298754e-20 3.790431120117871102e-19 -2.170756675147254332e-18 1.285394771102516836e-17 -1.879168443613981517e-17 2.440930047118585848e-16 2.827368123716813975e-15 1.517830298985946521e-14 2.067861060510272616e-13 1.270954782201350687e-12 9.467576804658276610e-12 5.183666065403889851e-11 2.396390445550511187e-10 8.213892180184457602e-10 1.862816296515955010e-09 2.360605588836859340e-09 2.360963829959213362e-09 1.864692264451145147e-09 8.235171360719771899e-10 2.428554295216239652e-10 5.534937057278084000e-11 1.125213343118237819e-11 2.465089119936206530e-12 6.709817998895467137e-13 2.133119527160772698e-13 6.890513277481887737e-14 2.100457248235473954e-14 5.916381935410257126e-15 1.538068127741257829e-15 3.706706854845368975e-16 8.326447782617470998e-17 1.752516898354109002e-17 3.472599583977992539e-18 6.505498452866671532e-19 1.156624522277578914e-19 1.958306210882910551e-20 3.167380046737676952e-21 4.907892447286064394e-22 7.303590542635232964e-23 1.039210514067930179e-23 0.000000000000000000e+00
0.000000000000000000e+00 -5.325425695314433586e-27 2.530830178950556150e-26 -1.243183144260951103e-25 5.698204370058380752e-25 -2.623058692446255012e-24 1.436077050703846368e-23 -1.058235861743964280e-22 9.328273128672918414e-22 -7.833812689976813251e-21 5.903191137940048859e-20 -3.450065654424787333e-19 1.761504855554070583e-18 -3.158883455693710618e-18 8.261286884500170373e-18 3.350333577763174449e-16 1.223224017053565176e-16 1.852010066500487477e-14 6.946817785625995629e-14 6.628103256884555634e-13 3.279347481259208964e-12 1.519807259010165182e-11 5.103200604201020764e-11 1.137018837024537835e-10 1.445612492423872680e-10 1.446378042046878618e-10 1.141029019240203269e-10 5.149724083258922305e-11 1.591720305110342119e-11 4.061848555993581158e-12 1.063765981487846458e-12 3.370434763748736703e-13 1.226085728275140286e-13 4.460126150074882841e-14 1.509982118931825603e-14 4.671788339803710536e-15 1.322546656011312753e-15 3.446927532120843604e-16 8.326447782617469765e-17 1.875703806225757091e-17 3.961875815310404841e-18 7.883857401664337822e-19 1.484251869274394652e-19 2.653630546121005572e-20 4.520747760008003989e-21 7.361413593544578200e-22 1.149045009054861029e-22 1.723538044872511029e-23 2.473379621809040706e-24 0.000000000000000000e+00
0.000000000000000000e+00 -1.373768472704158586e-27 6.478475520135923440e-27 -3.146418581063857949e-26 1.403656054167681272e-25 -6.024075283782408965e-25 2.841720048199254410e-24 -1.777730479296528472e-23 1.434423850032284963e-22 -1.177709680227501136e-21 8.652851946945030420e-21 -5.016683945603064689e-20 2.262868524628884555e-19 -3.060826535742185680e-19 -2.252438047003298651e-18 5.225283888802389775e-17 -1.827348867973454159e-16 2.085162864929460474e-15 1.283033443511186004e-15 4.915122826756653970e-14 1.869723615461749364e-13 9.149433779410635552e-13 3.003908895131943990e-12 6.532471190497258467e-12 8.346740336248082972e-12 8.361928016696019220e-12 6.611381732338431994e-12 3.097645973821690842e-12 1.062861637523789433e-12 3.474481115533927325e-13 1.324148682928135764e-13 5.669576188216115718e-14 2.375716175499974614e-14 9.088019332733034471e-15 3.129064076788264115e-15 9.742737134575553338e-16 2.767407277031787224e-16 7.232937294389863658e-17 1.752516898354107770e-17 3.961875815310404071e-18 8.402753623743053369e-19 1.679964903079502115e-19 3.179524009550074167e-20 5.717871540401872794e-21 9.803647229336793856e-22 1.607578650508933007e-22 2.528434369427359738e-23 3.824241918541667903e-24 5.538364511929573611e-25 0.000000000000000000e+00
0.000000000000000000e+00 -3.315616062071569228e-28 1.549055280221806130e-27 -7.430629579350544535e-27 3.232961828720285423e-26 -1.308788147497529342e-25 5.417075681290527359e-25 -2.837657953590191019e-24 2.058344551518551600e-23 -1.644282133171438389e-22 1.185637404450342533e-21 -6.711873427974938197e-21 2.636733420974068550e-20 -1.579616365256491639e-21 -7.906994536928390288e-19 9.188121844088767735e-18 -4.731662201925710374e-17 2.930180990942968864e-16 -4.972836050096725276e-16 4.361142517669242655e-15 8.482373723709657000e-15 5.318753212903217446e-14 1.701205344142420224e-13 3.533861949684520326e-13 4.565418571718652799e-13 4.593556734494052112e-13 3.678034005725705443e-13 1.876720657748754213e-13 8.142153791484619747e-14 3.904423844996719193e-14 2.046110675381942457e-14 1.018942692809875307e-14 4.509092867840605632e-15 1.758464662147499605e-15 6.103331029723871990e-16 1.909115416880227569e-16 5.442791415001657745e-17 1.427678416229692339e-17 3.472599583977990998e-18 7.883857401664333970e-19 1.679964903079500670e-19 3.376194722574349009e-20 6.426192936369430108e-21 1.162825541105928765e-21 2.007220663156181084e-22 3.315677577025740402e-23 5.257210939952564233e-24 8.022917832979445564e-25 1.173690996278654472e-25 0.000000000000000000e+00
0.000000000000000000e+00 -7.519244728925764965e-29 3.472825361706033448e-28 -1.641339263461705393e-27 6.950335370899337568e-27 -2.657868040719732800e-26 9.688608406753345309e-26 -4.152989252762817891e-25 2.650692544612499200e-24 -2.079736452436097165e-23 1.493509837324604664e-22 -8.188378634170174197e-22 2.634555575215235751e-21 7.460946058632512485e-21 -1.755303663125275821e-19 1.610921427505629092e-18 -9.087465671450580279e-18 4.565968069270019177e-17 -1.273242239808306305e-16 4.952382935850788148e-16 7.110075013965665567e-17 3.088986419960409420e-15 9.570613311620929815e-15 1.772144770162822516e-14 2.361570066936179636e-14 2.410503186678360347e-14 2.018467181851992373e-14 1.264612757013814049e-14 8.126126401290553592e-15 5.515040419899213258e-15 3.412246503386455639e-15 1.804415575788476977e-15 8.162199131219685990e-16 3.214720372937274706e-16 1.122543379030175071e-16 3.528232908112012181e-17 1.010379866085793998e-17 2.662167079894257751e-18 6.505498452866670569e-19 1.484251869274394652e-19 3.179524009550074768e-20 6.426192936369430108e-21 1.230653533161001103e-21 2.241651449364243337e-22 3.897359647899020998e-23 6.488917784534919967e-24 1.037916552820286975e-24 1.599707188641951653e-25 2.367438324262311373e-26 0.000000000000000000e+00
0.000000000000000000e+00 -1.607973739442108728e-29 7.321336994569512330e-29 -3.396262673945372004e-28 1.391499718653244533e-27 -4.979563623497603639e-27 1.561256337378721153e-26 -5.048159461264027172e-26 2.686826822095710353e-25 -2.193910970177259353e-24 1.649147770262044041e-23 -8.775379658079808171e-23 1.887323727561058119e-22 2.211976577970984935e-21 -3.276232207054296157e-20 2.690497700380319336e-19 -1.541776581206282849e-18 7.175268081237186533e-18 -2.294067230192508663e-17 6.680545044918500524e-17 -5.965794900935633072e-17 1.919722538602665138e-16 5.753255178106533665e-16 7.663871439654789702e-16 1.130613509252063231e-15 1.210848503612015819e-15 1.162312828779487257e-15 1.082647920709740455e-15 1.037037459214631430e-15 8.528393489509257210e-16 5.647053281474036623e-16 3.061535993690352233e-16 1.401232896520036469e-16 5.560597349163030714e-17 1.953498202115284524e-17 6.173772409100830333e-18 1.777349537298190504e-18 4.707734663854584147e-19 1.156624522277578433e-19 2.653630546121005271e-20 5.717871540401872794e-21 1.162825541105928953e-21 2.241651449364243337e-22 4.112423945585164441e-23 7.205823407026150640e-24 1.210154108194338992e-24 1.954711508378999389e-25 3.047029052549815545e-26 4.571384080269959677e-27 0.000000000000000000e+00
0.000000000000000000e+00 -3.251708029375284207e-30 1.454391937993708551e-29 -6.585427613624051672e-29 2.583099374629791584e-28 -8.439148036860449346e-28 2.083527818840531641e-27 -3.201830489703773290e-27 7.353811728313424108e-27 -1.275095655039798783e-25 1.342360830242036858e-24 -7.202771028010903794e-24 -1.492015897517571067e-24 4.646878338448889600e-22 -5.505455411261053571e-21 4.239417651507153664e-20 -2.417909619111298631e-19 1.091483132110032116e-18 -3.639984511378400028e-18 9.545266866671641978e-18 -1.259166733843618084e-17 1.410082928148707150e-17 4.180446929104836148e-17 1.851467184476412731e-17 4.525268120587240273e-17 5.770687818209952725e-17 7.869235529232504029e-17 1.209829663604447462e-16 1.481117222237910186e-16 1.320752070783580306e-16 8.998604183343062367e-17 4.945217354241284085e-17 2.283746146558332829e-17 9.129132749591702097e-18 3.228311091785335675e-18 1.026615489264034809e-18 2.973357884703020779e-19 7.922854085150472677e-20 1.958306210882909949e-20 4.520747760008003236e-21 9.803647229336795737e-22 2.007220663156180848e-22 3.897359647899020998e-23 7.205823407026149170e-24 1.273523332393414611e-24 2.159664785192108864e-25 3.527918265362801664e-26 5.573226025920360785e-27 8.501444458321185866e-28 0.000000000000000000e+00
0.000000000000000000e+00 -6.231716228838502022e-31 2.725362220334912695e-30 -1.194953366012331701e-29 4.407266695315134500e-29 -1.243351471210756754e-28 1.664456954415116564e-28 7.625166189232162643e-28 -6.647381941808621050e-27 2.281824966289296700e-26 -8.322576646520326394e-27 -1.047259562867110780e-25 -4.323029440836879597e-24 8.352956174500022653e-23 -8.568778489530823305e-22 6.312831164540888725e-21 -3.565980292845228456e-20 1.587504993393386401e-19 -5.361051005663982551e-19 1.352585580700664719e-18 -1.983891757385224579e-18 1.290397772093585413e-18 3.976795519687748925e-18 -1.770921037247837285e-18 6.351504170983424555e-19 2.471760749149821060e-18 6.916425493326567530e-18 1.571990282519045017e-17 2.146825672438165344e-17 1.980582055654077935e-17 1.370422245349793504e-17 7.608748895007558690e-18 3.543574041318527921e-18 1.427355813969465780e-18 5.083722886056486053e-19 1.627752048188672388e-19 4.745966159911734803e-20 1.272988674310708739e-20 3.167380046737676952e-21 7.361413593544581021e-22 1.607578650508933007e-22 3.315677577025740402e-23 6.488917784534922171e-24 1.210154108194338992e-24 2.159664785192108864e-25 3.703767156547343474e-26 6.131466936132574961e-27 9.843824550294543879e-28 1.532794619397436456e-28 0.000000000000000000e+00
0.000000000000000000e+00 -1.133389721380940550e-31 4.816733457329652435e-31 -2.020834838967429682e-30 6.786026120097114725e-30 -1.424979575930539734e-29 -2.028840134695711009e-29 4.201581194863283142e-28 -2.701343692227978996e-27 1.185549960631963405e-26 -3.956190124345435480e-26 1.431173179786270846e-25 -1.205586268991024454e-24 1.370996358291589874e-23 -1.255399004668387340e-22 8.924268431866594529e-22 -4.988935935795511887e-21 2.203999732946514135e-20 -7.464291658894064593e-20 1.854329218591292311e-19 -2.801614651496611633e-19 1.388318182595664502e-19 4.619800988725040804e-19 -4.364975978614011142e-19 -1.895381008565993256e-19 6.861210613547615270e-20 7.592446343713444307e-19 2.123344247011285354e-18 3.034754586773485554e-18 2.849911476230369378e-18 1.994523532260175273e-18 1.117869887023347135e-18 5.250944904767535653e-19 2.132155291983111165e-19 7.652402837947357215e-20 2.468413786101728950e-20 7.249262463253179396e-21 1.958396428774476765e-21 4.907892447286065334e-22 1.149045009054861500e-22 2.528434369427361795e-23 5.257210939952566437e-24 1.037916552820287159e-24 1.954711508378998471e-25 3.527918265362801090e-26 6.131466936132575678e-27 1.031591682310662558e-27 1.689437724075923512e-28 2.698842209302195372e-29 0.000000000000000000e+00
0.000000000000000000e+00 -1.956701485967098488e-32 8.012272421478023479e-32 -3.156825861701709247e-31 9.040635296747385934e-31 -6.509764144525201081e-31 -1.427822608904772306e-29 1.306002677921944291e-28 -7.559152640807138766e-28 3.407590690068884465e-27 -1.282133493828041643e-26 4.744813131406884188e-26 -2.582285610654514257e-25 2.127364497871945142e-24 -1.751619339903582240e-23 1.203662646198092005e-22 -6.657390798481799046e-22 2.925611776558646644e-21 -9.904779077646442200e-21 2.442661948935346238e-20 -3.710320431859110972e-20 1.594161318092637281e-20 5.798299487430047617e-20 -6.519594600796765428e-20 -3.890587447444932995e-20 -4.225790488798504405e-21 9.223307642050878285e-20 2.829066803497109855e-19 4.134019755776507457e-19 3.931070119536184961e-19 2.779445572350866965e-19 1.572424649464549183e-19 7.451563998724231158e-20 3.051316045826789258e-20 1.104046034414431320e-20 3.589426427639129901e-21 1.062313343310845176e-21 2.891928279812422879e-22 7.303590542635230613e-23 1.723538044872510147e-23 3.824241918541667903e-24 8.022917832979448319e-25 1.599707188641952112e-25 3.047029052549814397e-26 5.573226025920358632e-27 9.843824550294545673e-28 1.689437724075923512e-28 2.835513210407897042e-29 4.674063654855449980e-30 0.000000000000000000e+00
0.000000000000000000e+00 -3.207132969540534522e-33 1.249390472996206057e-32 -4.456983889489498139e-32 8.987049457776610830e-32 2.889746371108535743e-31 -4.689693923155931252e-30 3.389107876397284660e-29 -1.841771534280623119e-28 8.257996621678085858e-28 -3.185353892551958187e-27 1.155446637525392584e-26 -5.040966342210446066e-26 3.197826150455835676e-25 -2.342482620684281300e-24 1.548786730736909323e-23 -8.464037248165267964e-23 3.702772492692255907e-22 -1.251917707323974297e-21 3.074315908402618804e-21 -4.657980946061011015e-21 1.829059197509753324e-21 7.271960547590587527e-21 -8.442211997721770674e-21 -5.718006327508039034e-21 -1.275214199158220320e-21 1.134955544330591667e-20 3.635216863043211923e-20 5.387239095537988968e-20 5.177628264536213437e-20 3.696746628543739701e-20 2.110895379864938453e-20 1.009290294984114615e-20 4.168567736621495860e-21 1.520903786865307653e-21 4.985048224555719669e-22 1.487238072503896645e-22 4.081331548291185312e-23 1.039210514067930179e-23 2.473379621809039971e-24 5.538364511929572693e-25 1.173690996278654702e-25 2.367438324262312521e-26 4.571384080269960395e-27 8.501444458321182278e-28 1.532794619397435559e-28 2.698842209302194251e-29 4.674063654855449980e-30 8.016938688066456455e-31 0.000000000000000000e+00
0.000000000000000000e+00 0.000000000000000000e+00 0.000000000000000000e+00 0.000000000000000000e+00 0.000000000000000000e+00 0.000000000000000000e+00 0.000000000000000000e+00 0.000000000000000000e+00 0.000000000000000000e+00 0.000000000000000000e+00 0.000000000000000000e+00 0.000000000000000000e+00 0.000000000000000000e+00 0.000000000000000000e+00 0.000000000000000000e+00 0.000000000000000000e+00 0.000000000000000000e+00 0.000000000000000000e+00 0.000000000000000000e+00 0.000000000000000000e+00 0.000000000000000000e+00 0.000000000000000000e+00 0.000000000000000000e+00 0.000000000000000000e+00 0.000000000000000000e+00 0.000000000000000000e+00 0.000000000000000000e+00 0.000000000000000000e+00 0.000000000000000000e+00 0.000000000000000000e+00 0.000000000000000000e+00 0.000000000000000000e+00 0.000000000000000000e+00 0.000000000000000000e+00 0.000000000000000000e+00 0.000000000000000000e+00 0.000000000000000000e+00 0.000000000000000000e+00 0.000000000000000000e+00 0.000000000000000000e+00 0.000000000000000000e+00 0.000000000000000000e+00 0.000000000000000000e+00 0.000000000000000000e+00 0.000000000000000000e+00 0.000000000000000000e+00 0.000000000000000000e+00 0.000000000000000000e+00 0.000000000000000000e+00 0.000000000000000000e+00
