0.000000000000000000e+00 0.000000000000000000e+00 0.000000000000000000e+00 0.000000000000000000e+00 0.000000000000000000e+00 0.000000000000000000e+00 0.000000000000000000e+00 0.000000000000000000e+00 0.000000000000000000e+00 0.000000000000000000e+00 0.000000000000000000e+00 0.000000000000000000e+00 0.000000000000000000e+00 0.000000000000000000e+00 0.000000000000000000e+00 0.000000000000000000e+00 0.000000000000000000e+00 0.000000000000000000e+00 0.000000000000000000e+00 0.000000000000000000e+00 0.000000000000000000e+00 0.000000000000000000e+00 0.000000000000000000e+00 0.000000000000000000e+00 0.000000000000000000e+00 0.000000000000000000e+00 0.000000000000000000e+00 0.000000000000000000e+00 0.000000000000000000e+00 0.000000000000000000e+00 0.000000000000000000e+00 0.000000000000000000e+00 0.000000000000000000e+00 0.000000000000000000e+00 0.000000000000000000e+00 0.000000000000000000e+00 0.000000000000000000e+00 0.000000000000000000e+00 0.000000000000000000e+00 0.000000000000000000e+00 0.000000000000000000e+00 0.000000000000000000e+00 0.000000000000000000e+00 0.000000000000000000e+00 0.000000000000000000e+00 0.000000000000000000e+00 0.000000000000000000e+00 0.000000000000000000e+00 0.000000000000000000e+00 0.000000000000000000e+00
0.000000000000000000e+00 4.469738877495567008e-35 8.986908641751694600e-34 8.635966123754113597e-33 9.976905889307065844e-32 1.008772566862940696e-30 1.017211032337130884e-29 9.684165995793776856e-29 8.854701443987723486e-28 7.692279043551070967e-27 6.343330899361141045e-26 4.938406564249493417e-25 3.613780007066651796e-24 2.470538349280039709e-23 1.567545442562118510e-22 9.155385934468286802e-22 4.874981680265345675e-21 2.338488914367627754e-20 9.958969703140892547e-20 3.697106283224077442e-19 1.169212048150580549e-18 3.060926952402298046e-18 6.412000101957454219e-18 1.040103622204559369e-17 1.295660950858101327e-17 1.295660866885006745e-17 1.040103398092516529e-17 6.411997196746174705e-18 3.060923847127502462e-18 1.169209362476749886e-18 3.697084517662464428e-19 9.958804915729022053e-20 2.338394235102405925e-20 4.874416125587672724e-21 9.152778784713023330e-22 1.566344202308677309e-22 2.465867552375683274e-23 3.596390348549583814e-24 4.880345228215804538e-25 6.160282333990852301e-26 7.159806844212318721e-27 7.386639896055440234e-28 5.906453167342604345e-29 8.690004327232876393e-31 -1.139557694605690759e-30 -3.796949926922572793e-31 -9.196239597700312860e-32 -1.963696556193245974e-32 -3.825008925214927682e-33 0.000000000000000000e+00
0.000000000000000000e+00 8.986908641764327155e-34 9.178343462842682648e-33 1.092329393168714717e-31 1.164111918132751788e-30 1.230658358785435802e-29 1.235224177838814993e-28 1.192909925383228460e-27 1.098710615022983140e-26 9.640383145369559789e-26 8.021489192432605018e-25 6.304763593900793564e-24 4.657034530101371681e-23 3.214628649684369101e-22 2.059472533141689751e-21 1.214789564646394909e-20 6.533180255348172920e-20 3.165705711065216723e-19 1.361900378643477216e-18 5.106798678816439692e-18 1.630736530658689594e-17 4.307208126648358535e-17 9.088441852983095790e-17 1.480837348548883958e-16 1.846437238772263762e-16 1.846437226199348365e-16 1.480837312796964478e-16 9.088441509342488673e-17 4.307208123131087836e-17 1.630736744309560148e-17 5.106802438769125739e-18 1.361904458969749620e-18 3.165731555762620131e-19 6.533354401864717893e-20 1.214870678483205525e-20 2.059860849157446480e-21 3.216126795400397829e-22 4.662646192904602584e-23 6.323281939303234264e-24 8.079458173451599617e-25 9.806784661717311224e-26 1.144036934213068099e-26 1.307828678416058007e-27 1.514419258839360113e-28 1.864797057363617367e-29 2.560413540336878864e-30 3.968395022256297032e-31 6.714346356715040475e-32 1.174148680801766885e-32 0.000000000000000000e+00
0.000000000000000000e+00 8.635966123739796816e-33 1.092329393169139048e-31 1.217551113001245975e-30 1.349673682974363869e-29 1.423194578901816885e-28 1.448009457769647966e-27 1.409020887212348127e-26 1.310540917724536227e-25 1.160256112621318639e-24 9.745123198031481936e-24 7.730555628716450084e-23 5.764328525148167523e-22 4.016747850877604977e-21 2.598245110282828621e-20 1.547569988509856318e-19 8.405591852074161058e-19 4.113934928722323437e-18 1.787743077020992009e-17 6.771004642956138091e-17 2.183219516951656812e-16 5.818119625405448110e-16 1.236681313976028145e-15 2.024070813368179710e-15 2.526036296873802409e-15 2.526036299367178738e-15 2.024070821935262783e-15 1.236681319780403774e-15 5.818119502229834915e-16 2.183219305498506086e-16 6.771001798054459614e-17 1.787740238713983931e-17 4.113917598202786580e-18 8.405474352174787593e-19 1.547516536721161629e-19 2.597984686256826679e-20 4.015755490536610895e-21 5.760566494732917261e-22 7.718186196072817549e-23 9.706182699435042187e-24 1.149068715277615717e-24 1.280030982163153180e-25 1.331501828551406702e-26 1.260104460452594039e-27 9.957656877108130251e-29 4.138335401354247369e-30 -7.089338082579283639e-31 -2.754474678039295094e-31 -6.284394673433460864e-32 0.000000000000000000e+00
0.000000000000000000e+00 9.976905889318696621e-32 1.164111918132400938e-30 1.349673682974428609e-29 1.491856355644082880e-28 1.594803877368011537e-27 1.634684320802122617e-26 1.606224116898551802e-25 1.507161241811589876e-24 1.346657629879063118e-23 1.141285824549139247e-22 9.136782459870315115e-22 6.875277481506068922e-21 4.835438071244196377e-20 3.157120224480064267e-19 1.898356593071378748e-18 1.041046484783644467e-17 5.145127654957804644e-17 2.257977647681612731e-16 8.636414419902994213e-16 2.811443614459880275e-15 7.558811059020101498e-15 1.618436302449970087e-14 2.660736496687757101e-14 3.323284683998518145e-14 3.323284682624361576e-14 2.660736491587673215e-14 1.618436298295946890e-14 7.558811115339125042e-15 2.811443717440393578e-15 8.636415923299918734e-16 2.257979183753089386e-16 5.145136913303027526e-17 1.041052999199272380e-17 1.898385461416712974e-18 3.157265241531295613e-19 4.835979963975150076e-20 6.877367079124489411e-21 9.143581148138384658e-22 1.143438954953162533e-22 1.352811003603642256e-23 1.523925676717246983e-24 1.648649188343991960e-25 1.736946421958445338e-26 1.826181626121846234e-27 1.993599531476101481e-28 2.373770150815265993e-29 3.180535938511737476e-30 4.695244859051578342e-31 0.000000000000000000e+00
0.000000000000000000e+00 1.008772566862331481e-30 1.230658358785596811e-29 1.423194578901827872e-28 1.594803877367983735e-27 1.717473869965461798e-26 1.777555170457858337e-25 1.761860590986797019e-24 1.668249741880614660e-23 1.503762519049355312e-22 1.285840826281716159e-21 1.038515368744937698e-20 7.884482295886469572e-20 5.594825010190366509e-19 3.686016906811765407e-18 2.236686338226390204e-17 1.238010654589960214e-16 6.176490507494548985e-16 2.736588937552571619e-15 1.056759606729017118e-14 3.472446430683538847e-14 9.417562056733962693e-14 2.031015530361476815e-13 3.353771903247747609e-13 4.191889072910051134e-13 4.191889073919009028e-13 3.353771906855325407e-13 2.031015533865604024e-13 9.417562040112594000e-14 3.472446388498509005e-14 1.056759535172962016e-14 2.736588181716107827e-15 6.176486012102042782e-16 1.238007348758241732e-16 2.236672182649376770e-17 3.685942952207534177e-18 5.594556369823994313e-19 7.883421495398332274e-20 1.038176084963825120e-20 1.284756300276744199e-21 1.500693214198364593e-22 1.659892948673648985e-23 1.740876022648676013e-24 1.727350415691875040e-25 1.604998588895811813e-26 1.354229763886326896e-27 9.396585632743135888e-29 2.989136975286261116e-30 -6.574762680274464806e-31 0.000000000000000000e+00
0.000000000000000000e+00 1.017211032337326365e-29 1.235224177838838759e-28 1.448009457769572991e-27 1.634684320802185180e-26 1.777555170457829179e-25 1.855739636165196159e-24 1.855969914703880713e-23 1.772670337528037357e-22 1.611909374821583558e-21 1.390176397053939027e-20 1.132462106827592566e-19 8.671273393696226414e-19 6.205995021033206573e-18 4.123950157299794186e-17 2.524279467446329618e-16 1.409581496497219785e-15 7.095960128338218171e-15 3.172828906043276560e-14 1.236546569634786144e-13 4.100211016408429337e-13 1.121488555716039440e-12 2.435804510059137395e-12 4.039577040496501296e-12 5.052121766647739149e-12 5.052121765472372852e-12 4.039577036722054350e-12 2.435804505831246840e-12 1.121488554341411675e-12 4.100211020044157225e-13 1.236546594394609643e-13 3.172829215923361758e-14 7.095961996433867377e-15 1.409582987248627475e-15 2.524285601395181415e-16 4.123984152620856204e-17 6.206113760911859423e-18 8.671759465984122753e-19 1.132613434518552145e-19 1.390667508623493142e-20 1.613275372993982159e-21 1.776389019099476892e-22 1.865172657750756495e-23 1.877503883504203046e-24 1.825413719090697286e-25 1.734706133743810187e-26 1.643087233687844044e-27 1.596207578789709255e-28 1.628339701292856670e-29 0.000000000000000000e+00
0.000000000000000000e+00 9.684165995794097473e-29 1.192909925383122455e-27 1.409020887212450007e-26 1.606224116898478563e-25 1.761860590986837060e-24 1.855969914703865432e-23 1.872293940377534390e-22 1.803787369581369043e-21 1.654059711024287506e-20 1.438496965002260292e-19 1.181475551529114099e-18 9.120581988106162470e-18 6.580566958009759268e-17 4.408416882474210286e-16 2.720490815589539033e-15 1.531761073932749834e-14 7.776278973724738744e-14 3.507052746432660680e-13 1.378772555327630460e-12 4.611552141184167630e-12 1.271701092958602975e-11 2.781070696798642991e-11 4.631439290734286188e-11 5.795047713499981311e-11 5.795047712451675287e-11 4.631439288515099545e-11 2.781070694726500627e-11 1.271701091535405612e-11 4.611552136011800797e-12 1.378772545943898913e-12 3.507052633189164993e-13 7.776278315886870920e-14 1.531760485990364870e-14 2.720488536737333244e-15 4.408403014303136107e-16 6.580521189186064727e-17 9.120383245799992558e-18 1.181416237408038806e-18 1.438299198978109371e-19 1.653525908783299789e-20 1.802331461936386562e-21 1.868787145312404575e-22 1.847833813008506199e-23 1.744613010976374395e-24 1.571758436372279199e-25 1.346152633713290726e-26 1.087345620023766582e-27 8.165388221137219329e-29 0.000000000000000000e+00
0.000000000000000000e+00 8.854701443986604241e-28 1.098710615023093773e-26 1.310540917724446687e-25 1.507161241811650671e-24 1.668249741880579689e-23 1.772670337528052403e-22 1.803787369581364905e-21 1.752371954384591364e-20 1.620196939085307382e-19 1.420359517885254258e-18 1.175766044348439955e-17 9.146395622699197319e-17 6.649273445151129618e-16 4.487927080356304086e-15 2.790380070099327075e-14 1.583039281459831070e-13 8.098788775325750396e-13 3.681464061123438446e-12 1.459067565400182437e-11 4.919768464619162967e-11 1.367219049014239576e-10 3.009582394101366059e-10 5.031861785511850288e-10 6.297993052893458575e-10 6.297993063325428259e-10 5.031861813561501433e-10 3.009582425211096917e-10 1.367219070383113770e-10 4.919768579985343773e-11 1.459067619897638743e-11 3.681464290606330174e-12 8.098789593776305630e-13 1.583039661647281392e-13 2.790381226847789259e-14 4.487933090095780901e-15 6.649290563374080677e-16 9.146471456746003478e-17 1.175786692365104367e-17 1.420430506270108280e-18 1.620377013945792890e-19 1.752864181386497416e-20 1.804907872967409298e-21 1.775174638592379236e-22 1.673128284373342193e-23 1.515872231138626705e-24 1.323349507799370619e-25 1.112226770579730487e-26 8.826467591246269529e-28 0.000000000000000000e+00
0.000000000000000000e+00 7.692279043552033804e-27 9.640383145368739010e-26 1.160256112621378515e-24 1.346657629879022857e-23 1.503762519049377176e-22 1.611909374821574531e-21 1.654059711024289312e-20 1.620196939085307863e-19 1.509909795435147580e-18 1.333883431465135210e-17 1.112377743770529271e-16 8.715400360666088228e-16 6.379989859437389714e-15 4.335404327159541016e-14 2.713602973717251755e-13 1.549803172900532741e-12 7.982765953863975521e-12 3.654149688114097873e-11 1.458714123481076617e-10 4.954753509482134685e-10 1.386756969910980086e-09 3.071220010242237270e-09 5.153714297542212418e-09 6.451190122385162939e-09 6.451190093551362358e-09 5.153714217018722539e-09 3.071219918643631546e-09 1.386756903642761681e-09 4.954753110804970478e-10 1.458713930857615227e-10 3.654148913659032866e-11 7.982763287737879539e-12 1.549802324162355077e-12 2.713600687891631510e-13 4.335397646121260535e-14 6.379974576067768375e-15 8.715354684370426927e-16 1.112367897825551213e-16 1.333854558674554299e-17 1.509848799691091766e-18 1.620041682927597059e-19 1.653759255158721293e-20 1.611313205771457920e-21 1.502900266150376944e-22 1.345842382937327654e-23 1.161444944677078094e-24 9.728519471306001190e-26 8.009486497101568521e-27 0.000000000000000000e+00
0.000000000000000000e+00 6.343330899360534931e-26 8.021489192433066950e-25 9.745123198031164553e-24 1.141285824549158526e-22 1.285840826281706755e-21 1.390176397053941735e-20 1.438496965002261015e-19 1.420359517885252717e-18 1.333883431465135364e-17 1.187011091958269924e-16 9.967800987596844309e-16 7.861030015285721337e-15 5.790367447508738372e-14 3.958033109776925087e-13 2.491530202834771084e-12 1.430941561934453033e-11 7.412064613646815056e-11 3.412613068047911442e-10 1.370568474140023417e-09 4.684728276091721328e-09 1.319387431989928070e-08 2.937946203559361776e-08 4.946001161203424499e-08 6.190313131084118031e-08 6.190313181243156590e-08 4.946001305595266883e-08 2.937946370560508351e-08 1.319387557647772857e-08 4.684729085070519806e-09 1.370568875802662986e-09 3.412614728825816442e-10 7.412070504962889630e-11 1.430943405496036450e-11 2.491535292616891417e-12 3.958046200555557410e-13 5.790397151550591877e-14 7.861097193007655653e-15 9.967931549443742580e-16 1.187038315901534317e-16 1.333930175366622323e-17 1.420448206131984038e-18 1.438624443457157761e-19 1.390351945630993943e-20 1.285896015091974351e-21 1.140776864894802062e-22 9.719173309022325202e-24 7.937581870828307147e-25 6.111751960477187412e-26 0.000000000000000000e+00
0.000000000000000000e+00 4.938406564249793719e-25 6.304763593900590057e-24 7.730555628716588792e-23 9.136782459870245525e-22 1.038515368744940557e-20 1.132462106827593529e-19 1.181475551529111403e-18 1.175766044348442420e-17 1.112377743770528532e-16 9.967800987596850225e-16 8.424253833623400320e-15 6.683011077845318877e-14 4.949182667486735510e-13 3.399642258651097040e-12 2.149677015480123898e-11 1.239839345730006804e-10 6.448789021531773056e-10 2.981724361692186852e-09 1.202946860768803684e-08 4.131893750674675560e-08 1.169571540133800459e-07 2.616148524682664910e-07 4.415823282262188777e-07 5.524256106445175747e-07 5.524256043776926454e-07 4.415823095925647407e-07 2.616148306047229425e-07 1.169571369739940110e-07 4.131892593115554814e-08 1.202946277756511479e-08 2.981721888686970574e-09 6.448780051791598297e-10 1.239836496633959571e-10 2.149668969172129732e-11 3.399621602750489559e-12 4.949134634598511518e-13 6.682906355171976475e-14 8.424046273332277018e-15 9.967403725997323642e-16 1.112309394353122998e-16 1.175650550690312015e-17 1.181307329546883392e-18 1.132234378956807379e-19 1.038318738666324689e-20 9.137459964470957923e-22 7.741516786411362339e-23 6.343741311605242347e-24 5.046955019588280874e-25 0.000000000000000000e+00
0.000000000000000000e+00 3.613780007066542329e-24 4.657034530101450439e-23 5.764328525148128026e-22 6.875277481506092997e-21 7.884482295886476794e-20 8.671273393696206191e-19 9.120581988106193285e-18 9.146395622699182528e-17 8.715400360666104005e-16 7.861030015285713449e-15 6.683011077845325188e-14 5.329250416564272748e-13 3.964268254342381793e-12 2.733290214943803176e-11 1.733663735396942345e-10 1.002468391385237410e-09 5.225922201583243504e-09 2.421681326258418512e-08 9.794296801427861506e-08 3.374097467689306665e-07 9.582990388844971112e-07 2.150502402162351676e-06 3.636281375994552747e-06 4.545159530861573604e-06 4.545159589586038341e-06 3.636281557452065015e-06 2.150502618052579108e-06 9.582992130912347679e-07 3.374098708474063366e-07 9.794303074461129351e-08 2.421684048830388601e-08 5.225932220280575869e-09 1.002471617186584545e-09 1.733672984301742653e-10 2.733314202179027543e-11 3.964324955443079303e-12 5.329374548015325261e-13 6.683261929880803377e-14 7.861508366461722694e-15 8.716245524792126474e-16 9.147822322313304815e-17 9.122794456522546823e-18 8.674523071727884900e-19 7.888643098217510847e-20 6.879699562935821715e-21 5.766232400011773497e-22 4.649825614580532049e-23 3.581607454435225375e-24 0.000000000000000000e+00
0.000000000000000000e+00 2.470538349280072329e-23 3.214628649684355935e-22 4.016747850877610244e-21 4.835438071244202395e-20 5.594825010190353991e-19 6.205995021033228143e-18 6.580566958009740779e-17 6.649273445151144409e-16 6.379989859437383403e-15 5.790367447508747208e-14 4.949182667486734501e-13 3.964268254342383408e-12 2.959130251108841141e-11 2.045238454423428959e-10 1.299106004838877793e-09 7.516006219017184627e-09 3.917710424112312945e-08 1.814720253045623793e-07 7.337549382129768873e-07 2.528500943930321005e-06 7.188765436644235555e-06 1.615462186561830726e-05 2.733083740851227142e-05 3.411487588771993691e-05 3.411487547093205585e-05 2.733083605536849506e-05 1.615462023254943724e-05 7.188764069801024336e-06 2.528499926735217782e-06 7.337544271544148814e-07 1.814717982718668517e-07 3.917702008256406052e-08 7.515978840945798452e-09 1.299098077765596899e-09 2.045217724283100341e-10 2.959080767757594370e-11 3.964159202365411300e-12 4.948959869211980849e-13 5.789940455055867725e-14 6.379224458906027749e-15 6.647971528160648082e-16 6.578490893251667414e-17 6.202843301146530098e-18 5.590388694111327845e-19 4.829635646206306632e-20 4.010205606332509545e-21 3.209169689133701267e-22 2.471134693442272329e-23 0.000000000000000000e+00
0.000000000000000000e+00 1.567545442562116159e-22 2.059472533141686742e-21 2.598245110282836144e-20 3.157120224480054637e-19 3.686016906811780044e-18 4.123950157299781244e-17 4.408416882474219654e-16 4.487927080356296197e-15 4.335404327159546065e-14 3.958033109776923067e-13 3.399642258651099868e-12 2.733290214943804469e-11 2.045238454423429476e-10 1.415029342902389392e-09 8.984004866904187198e-09 5.188045531748543338e-08 2.696019066190461523e-07 1.244058205819157077e-06 5.010237614341054617e-06 1.720641842055676537e-05 4.880646989197956091e-05 1.095382694784353825e-04 1.850934209613338502e-04 2.305509857674752094e-04 2.305509879763803331e-04 1.850934286485886001e-04 1.095382789002269358e-04 4.880647810247752303e-05 1.720642479278710818e-05 5.010240757641676846e-06 1.244059640851822709e-06 2.696024377208985494e-07 5.188062947807889238e-08 8.984055527983181709e-09 1.415042642406005234e-09 2.045270317704843501e-10 2.733360574466095613e-11 3.399786368978998288e-12 3.958309259897463107e-13 4.335900403981927548e-14 4.488770119230852478e-15 4.409767950210658935e-16 4.126012055678337095e-17 3.688982561315862693e-18 3.161164454293492730e-19 2.603339897840554879e-20 2.065271791460675555e-21 1.572757536110645391e-22 0.000000000000000000e+00
0.000000000000000000e+00 9.155385934468247306e-22 1.214789564646399724e-20 1.547569988509850781e-19 1.898356593071385297e-18 2.236686338226384658e-17 2.524279467446335041e-16 2.720490815589534695e-15 2.790380070099330231e-14 2.713602973717251250e-13 2.491530202834772699e-12 2.149677015480123575e-11 1.733663735396943120e-10 1.299106004838877172e-09 8.984004866904188853e-09 5.689593845881728852e-08 3.270346293436117735e-07 1.688187711888426587e-06 7.726194938750260161e-06 3.083766740672359239e-05 1.049945958214826514e-04 2.956921438240335347e-04 6.601808553301190263e-04 1.111251048933199672e-03 1.379839325887984676e-03 1.379839317545429080e-03 1.111251016491352070e-03 6.601808148590040688e-04 2.956921068638030856e-04 1.049945659307655933e-04 3.083765319323104041e-05 7.726188199748926943e-06 1.688185259156053948e-06 3.270338190650325102e-07 5.689570366073273237e-08 8.983943476041709252e-09 1.299091396861116072e-09 1.733631818030198339e-10 2.149612552894382778e-11 2.491409029838494469e-12 2.713390332268257822e-13 2.790029476019897630e-14 2.719948286399092802e-15 2.523486344732778671e-16 2.235599197906075459e-17 1.896954161737103920e-18 1.545906664002842613e-19 1.213015580727647718e-20 9.140488482021609848e-22 0.000000000000000000e+00
0.000000000000000000e+00 4.874981680265370501e-21 6.533180255348142827e-20 8.405591852074187058e-19 1.041046484783641386e-17 1.238010654589962433e-16 1.409581496497218207e-15 1.531761073932751096e-14 1.583039281459830818e-13 1.549803172900533953e-12 1.430941561934452549e-11 1.239839345730006804e-10 1.002468391385237203e-09 7.516006219017184627e-09 5.188045531748542676e-08 3.270346293436117205e-07 1.865260822278997544e-06 9.523887411032663029e-06 4.298906946972351679e-05 1.689001528912416718e-04 5.658954844156795141e-04 1.570952286941011558e-03 3.468335647364272772e-03 5.792124369528840744e-03 7.158713401001669946e-03 7.158713420734600513e-03 5.792124465501533211e-03 3.468335769777130834e-03 1.570952405524165705e-03 5.658955843833448447e-04 1.689001970980186099e-04 4.298909184720494932e-05 9.523895145629551368e-06 1.865263406650186919e-06 3.270353580217841437e-07 5.188064093261612149e-08 7.516048577295950088e-09 1.002477104619742450e-09 1.239855486995141952e-10 1.430968307946958383e-11 1.549841962898434190e-12 1.583086035406292634e-13 1.531799281468778516e-14 1.409573614105939253e-15 1.237884645667347298e-16 1.040685863953668353e-17 8.397852807086028574e-19 6.518876891972358176e-20 4.851155988143252026e-21 0.000000000000000000e+00
0.000000000000000000e+00 2.338488914367617824e-20 3.165705711065228278e-19 4.113934928722314193e-18 5.145127654957816354e-17 6.176490507494542083e-16 7.095960128338219748e-15 7.776278973724736220e-14 8.098788775325750396e-13 7.982765953863975521e-12 7.412064613646809886e-11 6.448789021531777192e-10 5.225922201583245159e-09 3.917710424112314269e-08 2.696019066190460993e-07 1.688187711888426587e-06 9.523887411032661335e-06 4.786780705030095856e-05 2.116451283743154611e-04 8.111807117538371789e-04 2.646118362864620984e-03 7.162021866615164364e-03 1.548994097156332003e-02 2.549947534190497717e-02 3.129499447411572544e-02 3.129499445918833972e-02 2.549947516946784315e-02 1.548994074408064671e-02 7.162021625839184481e-03 2.646118150651648095e-03 8.111806332683968099e-04 2.116450815233369607e-04 4.786779350128354788e-05 9.523882709008169050e-06 1.688186573256238148e-06 2.696016615097216327e-07 3.917706634539198641e-08 5.225919987352324974e-09 6.448801038392477446e-10 7.412128059441527165e-11 7.982970800817535879e-12 8.099324836173051675e-13 7.777506946536692875e-14 7.098504059171717875e-15 6.181350405036244093e-16 5.153784569436364076e-17 4.128447933083301375e-18 3.188727643411290941e-19 2.372807062614793389e-20 0.000000000000000000e+00
0.000000000000000000e+00 9.958969703140923843e-20 1.361900378643475483e-18 1.787743077020993858e-17 2.257977647681612731e-16 2.736588937552572014e-15 3.172828906043275298e-14 3.507052746432659670e-13 3.681464061123440870e-12 3.654149688114097227e-11 3.412613068047915061e-10 2.981724361692185612e-09 2.421681326258417850e-08 1.814720253045623264e-07 1.244058205819156442e-06 7.726194938750258467e-06 4.298906946972351001e-05 2.116451283743155153e-04 9.094613682826472971e-04 3.361345042573538836e-03 1.051498897618739076e-02 2.728345329209515974e-02 5.693106954559033761e-02 9.139348669053547203e-02 1.109361650996070203e-01 1.109361650356509854e-01 9.139348678791642255e-02 5.693106968854898253e-02 2.728345348987247510e-02 1.051498916207609102e-02 3.361345056900634336e-03 9.094614105938619419e-04 2.116451276323785130e-04 4.298907026826476971e-05 7.726193778652644723e-06 1.244057582688460704e-06 1.814717433595432444e-07 2.421671220782393941e-08 2.981693056680351995e-09 3.412527023954546881e-10 3.653935887382846312e-11 3.680977417206961874e-12 3.506027832513951783e-13 3.170815992305159926e-14 2.732878074256216479e-15 2.251522220173792511e-16 1.777096077046174450e-17 1.345192405122255422e-18 9.711765010314251085e-20 0.000000000000000000e+00
0.000000000000000000e+00 3.697106283224079368e-19 5.106798678816438922e-18 6.771004642956141789e-17 8.636414419902997171e-16 1.056759606729016961e-14 1.236546569634786144e-13 1.378772555327630258e-12 1.459067565400182437e-11 1.458714123481077134e-10 1.370568474140024451e-09 1.202946860768804015e-08 9.794296801427853565e-08 7.337549382129770990e-07 5.010237614341055464e-06 3.083766740672358561e-05 1.689001528912416718e-04 8.111807117538371789e-04 3.361345042573538403e-03 1.181975039534780177e-02 3.473808696846188149e-02 8.420233568864893270e-02 1.652848795904513779e-01 2.539423242005893200e-01 3.026891910049778756e-01 3.026891911913390798e-01 2.539423244141269520e-01 1.652848798749939618e-01 8.420233593797761540e-02 3.473808719557518881e-02 1.181975060979233681e-02 3.361345068995396593e-03 8.111807671145205558e-04 1.689001685852333781e-04 3.083767773287072919e-05 5.010241637017862296e-06 7.337564887008886282e-07 9.794347943274183647e-08 1.202962034984950253e-08 1.370609146440882351e-09 1.458813723779394245e-10 1.459292414757312110e-11 1.379244091487114379e-12 1.237471232675499859e-13 1.058464701358159918e-14 8.666125996399709037e-16 6.820136560114824031e-17 5.184164495726142012e-18 3.812028828038605119e-19 0.000000000000000000e+00
0.000000000000000000e+00 1.169212048150577467e-18 1.630736530658693600e-17 2.183219516951652375e-16 2.811443614459885008e-15 3.472446430683538847e-14 4.100211016408431861e-13 4.611552141184166015e-12 4.919768464619163613e-11 4.954753509482135719e-10 4.684728276091725464e-09 4.131893750674672251e-08 3.374097467689307195e-07 2.528500943930319734e-06 1.720641842055676198e-05 1.049945958214826649e-04 5.658954844156797309e-04 2.646118362864621418e-03 1.051498897618739423e-02 3.473808696846187455e-02 9.364402055596403318e-02 2.044258264728404939e-01 3.625806079207924415e-01 5.161689295927721632e-01 5.961972703969824483e-01 5.961972703559246245e-01 5.161689294746540924e-01 3.625806076410528767e-01 2.044258260664494342e-01 9.364402014017136899e-02 3.473808682152474542e-02 1.051498896968482664e-02 2.646118280832926613e-03 5.658954569534417351e-04 1.049945717925522488e-04 1.720640840242221618e-05 2.528496812814623659e-06 3.374083512067645563e-07 4.131851558927230659e-08 4.684614007960164641e-09 4.954471658085489548e-10 4.919128843923163922e-11 4.610205196750883484e-12 4.097560176963834272e-13 3.467541898283065845e-14 2.802869407788733183e-15 2.168994327621072329e-16 1.608261055957355194e-17 1.135706756751706828e-18 0.000000000000000000e+00
0.000000000000000000e+00 3.060926952402308831e-18 4.307208126648348674e-17 5.818119625405463887e-16 7.558811059020090454e-15 9.417562056733970266e-14 1.121488555716039238e-12 1.271701092958603460e-11 1.367219049014240093e-10 1.386756969910980914e-09 1.319387431989927574e-08 1.169571540133800988e-07 9.582990388844966877e-07 7.188765436644234708e-06 4.880646989197956091e-05 2.956921438240335347e-04 1.570952286941011775e-03 7.162021866615164364e-03 2.728345329209515627e-02 8.420233568864896045e-02 2.044258264728404939e-01 3.869155420466942608e-01 5.910135000018389428e-01 7.480251574360026190e-01 8.211652424761394231e-01 8.211652421295614346e-01 7.480251567644947697e-01 5.910134992947349009e-01 3.869155414013650263e-01 2.044258258631397873e-01 8.420233516179553845e-02 2.728345312568022235e-02 7.162021883315379360e-03 1.570952311871124654e-03 2.956921755009742818e-04 4.880648393587626917e-05 7.188771472192356480e-06 9.583010640693648449e-07 1.169577649512468237e-07 1.319403817783545345e-08 1.386797015843008143e-09 1.367309083875302750e-10 1.271889040914705850e-11 1.121855481635086547e-12 9.424301461287721804e-14 7.570515835908968687e-15 5.837424656716088064e-16 4.337549601497595774e-17 3.105964546902548527e-18 0.000000000000000000e+00
0.000000000000000000e+00 6.412000101957440352e-18 9.088441852983109348e-17 1.236681313976026765e-15 1.618436302449970087e-14 2.031015530361475805e-13 2.435804510059138203e-12 2.781070696798642022e-11 3.009582394101366576e-10 3.071220010242237270e-09 2.937946203559363099e-08 2.616148524682664381e-07 2.150502402162351253e-06 1.615462186561830387e-05 1.095382694784353283e-04 6.601808553301192432e-04 3.468335647364271905e-03 1.548994097156332697e-02 5.693106954559026822e-02 1.652848795904513224e-01 3.625806079207922750e-01 5.910135000018389428e-01 7.775726903982661531e-01 8.894553855060783887e-01 9.350423592832353137e-01 9.350423591842830229e-01 8.894553852858467780e-01 7.775726902703802290e-01 5.910135001371690233e-01 3.625806081389729152e-01 1.652848794589832915e-01 5.693106930909684615e-02 1.548994090722366143e-02 3.468335605076621093e-03 6.601808481210958259e-04 1.095382694889892504e-04 1.615462275545361150e-05 2.150502966975064895e-06 2.616150734842361931e-07 2.937953421604579456e-08 3.071240247132621329e-09 3.009633181231666533e-10 2.781186740797273917e-11 2.436049183093421712e-12 2.031496144150230585e-13 1.619322365752525046e-14 1.238223625475146474e-15 9.113904629352498089e-17 6.451481021710509007e-18 0.000000000000000000e+00
0.000000000000000000e+00 1.040103622204558753e-17 1.480837348548883465e-16 2.024070813368180498e-15 2.660736496687756470e-14 3.353771903247747105e-13 4.039577040496500488e-12 4.631439290734286834e-11 5.031861785511852356e-10 5.153714297542212418e-09 4.946001161203424499e-08 4.415823282262184542e-07 3.636281375994553170e-06 2.733083740851226804e-05 1.850934209613337418e-04 1.111251048933198588e-03 5.792124369528839009e-03 2.549947534190498064e-02 9.139348669053547203e-02 2.539423242005893200e-01 5.161689295927720522e-01 7.480251574360023969e-01 8.894553855060777225e-01 9.558326672647523559e-01 9.790118962380697232e-01 9.790118967146401729e-01 9.558326684370694881e-01 8.894553867586818541e-01 7.480251589494331110e-01 5.161689311727387652e-01 2.539423251723288977e-01 9.139348692709992061e-02 2.549947517006410230e-02 5.792124231234826483e-03 1.111250936685320712e-03 1.850933720293685455e-04 2.733081739782184348e-05 3.636274718314928336e-06 4.415803326230325441e-07 4.945947602789951090e-08 5.153582933268530494e-09 5.031564678503196526e-10 4.630814402969972048e-11 4.038346471101454999e-12 3.351490066408312502e-13 2.656733007331860227e-14 2.017396975995898788e-15 1.470231912709337928e-16 1.024187411244228878e-17 0.000000000000000000e+00
0.000000000000000000e+00 1.295660950858101790e-17 1.846437238772263023e-16 2.526036296873804381e-15 3.323284683998514990e-14 4.191889072910052144e-13 5.052121766647736726e-12 5.795047713499981957e-11 6.297993052893460643e-10 6.451190122385162939e-09 6.190313131084118031e-08 5.524256106445173629e-07 4.545159530861572757e-06 3.411487588771991658e-05 2.305509857674752907e-04 1.379839325887983591e-03 7.158713401001664742e-03 3.129499447411573931e-02 1.109361650996069371e-01 3.026891910049778200e-01 5.961972703969822263e-01 8.211652424761390900e-01 9.350423592832344255e-01 9.790118962380691681e-01 9.921595230139163002e-01 9.921595238879556966e-01 9.790118983659820140e-01 9.350423617979987112e-01 8.211652451916556794e-01 5.961972731522489077e-01 3.026891932670999763e-01 1.109361664253167151e-01 3.129499501198577949e-02 7.158713618007804362e-03 1.379839378727769740e-03 2.305509959166990644e-04 3.411487601984237897e-05 4.545158666647083093e-06 5.524251613480675434e-07 6.190296680927543876e-08 6.451141009075467124e-09 6.297864369544279143e-10 5.794743934076056799e-11 5.051463637301836974e-12 4.190565141815419032e-13 3.320790275542332898e-14 2.521605355482458667e-15 1.838979576814576197e-16 1.283883602483934631e-17 0.000000000000000000e+00
0.000000000000000000e+00 1.295660866885007516e-17 1.846437226199348365e-16 2.526036299367179527e-15 3.323284682624362207e-14 4.191889073919011552e-13 5.052121765472371236e-12 5.795047712451670764e-11 6.297993063325424123e-10 6.451190093551360703e-09 6.190313181243149972e-08 5.524256043776926454e-07 4.545159589586038341e-06 3.411487547093206940e-05 2.305509879763801976e-04 1.379839317545428212e-03 7.158713420734599646e-03 3.129499445918832584e-02 1.109361650356510132e-01 3.026891911913388578e-01 5.961972703559241804e-01 8.211652421295613236e-01 9.350423591842830229e-01 9.790118967146400619e-01 9.921595238879565848e-01 9.921595248105304909e-01 9.790118994236394201e-01 9.350423626028890878e-01 8.211652457191449539e-01 5.961972739149105083e-01 3.026891944196677398e-01 1.109361676276287567e-01 3.129499592390903168e-02 7.158714158256313485e-03 1.379839641623675306e-03 2.305511047225470493e-04 3.411491529114800100e-05 4.545171261583827574e-06 5.524288031907139975e-07 6.190392725598380845e-08 6.451374216914148137e-09 6.298389812440173691e-10 5.795849746612115844e-11 5.053649657676195472e-12 4.194644137431850952e-13 3.328004968433825707e-14 2.533746620124148977e-15 1.858476474613654702e-16 1.313470191334355762e-17 0.000000000000000000e+00
0.000000000000000000e+00 1.040103398092517916e-17 1.480837312796962753e-16 2.024070821935263177e-15 2.660736491587671637e-14 3.353771906855326921e-13 4.039577036722053543e-12 4.631439288515100837e-11 5.031861813561502467e-10 5.153714217018722539e-09 4.946001305595261589e-08 4.415823095925644231e-07 3.636281557452064591e-06 2.733083605536849845e-05 1.850934286485887085e-04 1.111251016491351636e-03 5.792124465501533211e-03 2.549947516946786397e-02 9.139348678791646419e-02 2.539423244141269520e-01 5.161689294746540924e-01 7.480251567644944366e-01 8.894553852858464449e-01 9.558326684370690440e-01 9.790118983659823471e-01 9.790118994236384209e-01 9.558326709494294748e-01 8.894553889995263640e-01 7.480251607446417594e-01 5.161689333371004551e-01 2.539423281778590002e-01 9.139349009690291015e-02 2.549947764319145799e-02 5.792125735728619051e-03 1.111251684721136293e-03 1.850936868593865581e-04 2.733093250948717736e-05 3.636312007081099867e-06 4.415911987575139827e-07 4.946235926433958885e-08 5.154286450621971680e-09 5.033156151802519438e-10 4.634175080291196755e-11 4.045009723033251058e-12 3.363956821933504065e-13 2.678839446642141041e-14 2.054690861974522108e-15 1.530268241428649568e-16 1.115516234934547168e-17 0.000000000000000000e+00
0.000000000000000000e+00 6.411997196746178557e-18 9.088441509342477579e-17 1.236681319780404366e-15 1.618436298295945943e-14 2.031015533865604529e-13 2.435804505831245224e-12 2.781070694726499658e-11 3.009582425211095366e-10 3.071219918643629065e-09 2.937946370560505042e-08 2.616148306047227837e-07 2.150502618052579108e-06 1.615462023254943046e-05 1.095382789002269630e-04 6.601808148590040688e-04 3.468335769777131268e-03 1.548994074408065191e-02 5.693106968854898253e-02 1.652848798749939896e-01 3.625806076410525991e-01 5.910134992947345678e-01 7.775726902703798959e-01 8.894553867586822982e-01 9.350423617979986002e-01 9.350423626028890878e-01 8.894553889995261420e-01 7.775726943763198173e-01 5.910135038308457212e-01 3.625806118858618809e-01 1.652848838254942498e-01 5.693107363908556789e-02 1.548994424126687829e-02 3.468337640077120369e-03 6.601818692526833154e-04 1.095387041428263022e-04 1.615478360158631284e-05 2.150555710074061448e-06 2.616306306597608479e-07 2.938371189063943502e-08 3.072271685925882843e-09 3.011993629762412321e-10 2.786228272491820591e-11 2.446157533017629371e-12 2.050617920523631653e-13 1.653599253378525938e-14 1.296670229980638971e-15 1.006474248376917837e-16 7.912533451711073662e-18 0.000000000000000000e+00
0.000000000000000000e+00 3.060923847127501691e-18 4.307208123131085987e-17 5.818119502229836887e-16 7.558811115339117154e-15 9.417562040112597787e-14 1.121488554341410665e-12 1.271701091535405773e-11 1.367219070383113253e-10 1.386756903642761888e-09 1.319387557647772360e-08 1.169571369739939845e-07 9.582992130912345562e-07 7.188764069801012478e-06 4.880647810247752303e-05 2.956921068638031398e-04 1.570952405524165705e-03 7.162021625839183614e-03 2.728345348987247510e-02 8.420233593797758764e-02 2.044258260664492399e-01 3.869155414013650818e-01 5.910135001371698005e-01 7.480251589494338882e-01 8.211652451916560125e-01 8.211652457191446208e-01 7.480251607446410933e-01 5.910135038308458322e-01 3.869155454565357255e-01 2.044258299037580162e-01 8.420233993164612241e-02 2.728345796748404828e-02 7.162025689099626134e-03 1.570954674807557979e-03 2.956933785487868022e-04 4.880700262325312510e-05 7.188965651319869424e-06 9.583654209743616206e-07 1.169769381979386851e-07 1.319923566417638622e-08 1.388091798860410296e-09 1.370297731757452314e-10 1.278325168000428825e-11 1.134863093990341045e-12 9.672265391361529319e-14 8.018336511223562594e-15 6.606579372859571355e-16 5.597719510209890112e-17 5.055187358592090370e-18 0.000000000000000000e+00
0.000000000000000000e+00 1.169209362476749693e-18 1.630736744309559531e-17 2.183219305498506333e-16 2.811443717440392789e-15 3.472446388498509005e-14 4.100211020044155710e-13 4.611552136011800797e-12 4.919768579985341835e-11 4.954753110804967376e-10 4.684729085070517324e-09 4.131892593115555476e-08 3.374098708474064425e-07 2.528499926735218205e-06 1.720642479278710818e-05 1.049945659307657017e-04 5.658955843833449531e-04 2.646118150651648095e-03 1.051498916207608929e-02 3.473808719557514024e-02 9.364402014017132736e-02 2.044258258631398983e-01 3.625806081389729707e-01 5.161689311727387652e-01 5.961972731522489077e-01 5.961972739149106193e-01 5.161689333370999000e-01 3.625806118858618809e-01 2.044258299037579607e-01 9.364402417907284615e-02 3.473809168993031993e-02 1.051499388459017047e-02 2.646122110059863884e-03 5.658978181606601991e-04 1.049957684801390551e-04 1.720692294926753332e-05 2.528689191513173532e-06 3.374720974295834534e-07 4.133751875035180712e-08 4.689772058803800161e-09 4.967344887109175399e-10 4.948911146747920298e-11 4.674513064549237168e-12 4.227916168193668968e-13 3.716848473961564091e-14 3.254686597793685283e-15 2.947879939780859864e-16 2.889311709687918978e-17 3.124847515105476509e-18 0.000000000000000000e+00
0.000000000000000000e+00 3.697084517662461058e-19 5.106802438769128821e-18 6.771001798054457149e-17 8.636415923299913803e-16 1.056759535172962332e-14 1.236546594394609391e-13 1.378772545943898711e-12 1.459067619897639066e-11 1.458713930857613934e-10 1.370568875802664020e-09 1.202946277756510652e-08 9.794303074461133322e-08 7.337544271544150932e-07 5.010240757641675999e-06 3.083765319323104041e-05 1.689001970980186099e-04 8.111806332683968099e-04 3.361345056900633468e-03 1.181975060979232987e-02 3.473808682152475236e-02 8.420233516179553845e-02 1.652848794589832360e-01 2.539423251723289532e-01 3.026891932670999208e-01 3.026891944196675177e-01 2.539423281778588337e-01 1.652848838254942498e-01 8.420233993164617792e-02 3.473809168993033381e-02 1.181975550406874284e-02 3.361349464692543147e-03 8.111839203919847833e-04 1.689020115790531087e-04 3.083858030575489762e-05 5.010621379116729276e-06 7.338965788146062512e-07 9.798954433973852885e-08 1.204330226197836467e-08 1.374319888553286330e-09 1.468086929843498687e-10 1.480807602217767124e-11 1.425888892408735587e-12 1.332489316800732095e-13 1.241206020810282654e-14 1.199820660790565948e-15 1.260169389460691185e-16 1.475787140103867972e-17 1.877814051527582972e-18 0.000000000000000000e+00
0.000000000000000000e+00 9.958804915729001590e-20 1.361904458969751161e-18 1.787740238713982699e-17 2.257979183753089879e-16 2.736588181716105855e-15 3.172829215923363021e-14 3.507052633189163478e-13 3.681464290606331789e-12 3.654148913659030281e-11 3.412614728825818510e-10 2.981721888686969747e-09 2.421684048830389263e-08 1.814717982718669047e-07 1.244059640851823132e-06 7.726188199748928637e-06 4.298909184720495609e-05 2.116450815233368251e-04 9.094614105938613998e-04 3.361345068995394425e-03 1.051498896968482664e-02 2.728345312568021888e-02 5.693106930909680452e-02 9.139348692709989286e-02 1.109361664253167151e-01 1.109361676276287151e-01 9.139349009690289627e-02 5.693107363908556096e-02 2.728345796748405175e-02 1.051499388459016526e-02 3.361349464692541845e-03 9.094648851379757374e-04 2.116474098857244843e-04 4.299033071173330098e-05 7.726789031435012396e-06 1.244302230805904132e-06 1.815606518664843425e-07 2.424567452573844076e-08 2.990248199833917367e-09 3.435666946820965973e-10 3.711723044901565428e-11 3.815162745738873227e-12 3.797518186662889204e-13 3.766311864558582386e-14 3.882271645267596975e-15 4.356042031908723022e-16 5.445577756648389413e-17 7.450182740747625496e-18 1.056335722052188656e-18 0.000000000000000000e+00
0.000000000000000000e+00 2.338394235102396898e-20 3.165731555762626872e-19 4.113917598202778876e-18 5.145136913303032457e-17 6.176486012102039824e-16 7.095961996433868955e-15 7.776278315886867134e-14 8.098789593776307650e-13 7.982763287737874692e-12 7.412070504962896092e-11 6.448780051791598297e-10 5.225932220280576696e-09 3.917702008256406713e-08 2.696024377208988141e-07 1.688185259156054583e-06 9.523895145629549674e-06 4.786779350128352755e-05 2.116451276323785401e-04 8.111807671145195801e-04 2.646118280832925745e-03 7.162021883315374156e-03 1.548994090722365449e-02 2.549947517006409536e-02 3.129499501198578643e-02 3.129499592390901086e-02 2.549947764319145799e-02 1.548994424126688176e-02 7.162025689099627002e-03 2.646122110059863017e-03 8.111839203919845665e-04 2.116474098857245114e-04 4.786920286823840811e-05 9.524617058215270122e-06 1.688519670049235063e-06 2.697348484352427225e-07 3.922458282659513539e-08 5.241213672506435373e-09 6.493644727827362665e-10 7.532939887546275853e-11 8.284238449412249565e-12 8.799215635320117611e-13 9.300817494681953521e-14 1.022007243300261995e-14 1.223024101037409631e-15 1.628068408999885336e-16 2.362510659575346804e-17 3.581731279720984542e-18 5.393394899451302404e-19 0.000000000000000000e+00
0.000000000000000000e+00 4.874416125587650155e-21 6.533354401864741968e-20 8.405474352174766408e-19 1.041052999199274383e-17 1.238007348758240253e-16 1.409582987248627081e-15 1.531760485990364238e-14 1.583039661647282150e-13 1.549802324162354471e-12 1.430943405496037743e-11 1.239836496633958537e-10 1.002471617186584752e-09 7.515978840945801760e-09 5.188062947807891885e-08 3.270338190650328279e-07 1.865263406650186707e-06 9.523882709008169050e-06 4.298907026826479004e-05 1.689001685852332968e-04 5.658954569534416267e-04 1.570952311871124654e-03 3.468335605076622394e-03 5.792124231234828217e-03 7.158713618007805229e-03 7.158714158256308281e-03 5.792125735728619051e-03 3.468337640077119935e-03 1.570954674807558413e-03 5.658978181606600906e-04 1.689020115790529190e-04 4.299033071173331453e-05 9.524617058215271816e-06 1.865627398577619555e-06 3.271962257118765943e-07 5.194371989405922872e-08 7.538238746395746008e-09 1.009550417671678174e-09 1.260466708452517145e-10 1.486300355831668513e-11 1.687628081925340920e-12 1.903266708559553443e-13 2.229776840383781908e-14 2.843657457980094641e-15 4.026550901073029467e-16 6.191952421761304459e-17 9.908867605409832258e-18 1.590863211824225864e-18 2.472417119352800208e-19 0.000000000000000000e+00
0.000000000000000000e+00 9.152778784712985714e-22 1.214870678483210189e-20 1.547516536721155370e-19 1.898385461416719137e-18 2.236672182649371532e-17 2.524285601395181415e-16 2.720488536737333244e-15 2.790381226847789890e-14 2.713600687891630501e-13 2.491535292616894245e-12 2.149668969172127794e-11 1.733672984301743428e-10 1.299098077765597726e-09 8.984055527983180054e-09 5.689570366073274560e-08 3.270353580217843555e-07 1.688186573256238148e-06 7.726193778652646417e-06 3.083767773287072241e-05 1.049945717925522759e-04 2.956921755009744445e-04 6.601808481210960427e-04 1.111250936685321145e-03 1.379839378727769090e-03 1.379839641623674005e-03 1.111251684721136076e-03 6.601818692526829901e-04 2.956933785487870191e-04 1.049957684801390958e-04 3.083858030575488407e-05 7.726789031435017479e-06 1.688519670049234851e-06 3.271962257118764355e-07 5.696541433570763236e-08 9.010684340234634794e-09 1.308348927214281854e-09 1.762810445757928693e-10 2.234000744003956926e-11 2.716921833241793709e-12 3.273695779905092438e-13 4.091507368602196317e-14 5.560086172043798079e-15 8.371870483186802823e-16 1.364412119152970445e-16 2.305369782310037048e-17 3.896293009791569750e-18 6.447697559743578167e-19 1.019522248677266178e-19 0.000000000000000000e+00
0.000000000000000000e+00 1.566344202308675193e-22 2.059860849157449113e-21 2.597984686256815846e-20 3.157265241531306687e-19 3.685942952207521081e-18 4.123984152620861135e-17 4.408403014303137094e-16 4.487933090095778535e-15 4.335397646121263690e-14 3.958046200555557410e-13 3.399621602750488348e-12 2.733314202179029805e-11 2.045217724283100858e-10 1.415042642406006475e-09 8.983943476041709252e-09 5.188064093261613472e-08 2.696016615097217386e-07 1.244057582688461551e-06 5.010241637017863143e-06 1.720640840242221957e-05 4.880648393587631661e-05 1.095382694889893724e-04 1.850933720293685726e-04 2.305509959166989289e-04 2.305511047225468325e-04 1.850936868593866394e-04 1.095387041428262886e-04 4.880700262325315221e-05 1.720692294926755026e-05 5.010621379116730970e-06 1.244302230805904767e-06 2.697348484352427225e-07 5.194371989405921548e-08 9.010684340234633140e-09 1.425116919573121313e-09 2.079773149599776639e-10 2.841251686776983883e-11 3.710138221278066873e-12 4.784968863585718888e-13 6.386802468162946395e-14 9.252774559808944831e-15 1.481926230730920739e-15 2.561064462607101015e-16 4.573200702867260197e-17 8.143095100138237851e-18 1.416474425161454500e-18 2.383254733742434074e-19 3.808521033867813014e-20 0.000000000000000000e+00
0.000000000000000000e+00 2.465867552375694735e-23 3.216126795400389836e-22 4.015755490536594344e-21 4.835979963975169937e-20 5.594556369823972165e-19 6.206113760911873289e-18 6.580521189186064727e-17 6.649290563374073774e-16 6.379974576067771530e-15 5.790397151550591877e-14 4.949134634598510508e-13 3.964324955443080918e-12 2.959080767757593078e-11 2.045270317704846086e-10 1.299091396861115452e-09 7.516048577295955051e-09 3.917706634539199964e-08 1.814717433595434032e-07 7.337564887008887341e-07 2.528496812814624083e-06 7.188771472192364103e-06 1.615462275545362505e-05 2.733081739782185026e-05 3.411487601984236541e-05 3.411491529114796711e-05 2.733093250948718752e-05 1.615478360158632300e-05 7.188965651319875354e-06 2.528689191513175226e-06 7.338965788146067806e-07 1.815606518664843690e-07 3.922458282659514200e-08 7.538238746395744353e-09 1.308348927214282681e-09 2.079773149599778190e-10 3.076254454103799819e-11 4.327863428888195242e-12 5.989826714112695086e-13 8.553723443477001011e-14 1.322606428901028191e-14 2.255185974825856395e-15 4.136941041016133249e-16 7.816508751794910560e-17 1.468364475001281005e-17 2.687597610911074866e-18 4.748991897637431447e-19 8.071869654018476931e-20 1.299636248092483848e-20 0.000000000000000000e+00
0.000000000000000000e+00 3.596390348549649200e-24 4.662646192904562617e-23 5.760566494732905976e-22 6.877367079124516495e-21 7.883421495398291348e-20 8.671759465984147790e-19 9.120383245799984855e-18 9.146471456746003478e-17 8.715354684370426927e-16 7.861097193007657230e-15 6.682906355171975213e-14 5.329374548015329300e-13 3.964159202365408069e-12 2.733360574466097229e-11 1.733631818030197305e-10 1.002477104619742656e-09 5.225919987352327456e-09 2.421671220782394934e-08 9.794347943274184970e-08 3.374083512067646622e-07 9.583010640693646331e-07 2.150502966975065318e-06 3.636274718314930877e-06 4.545158666647083940e-06 4.545171261583823338e-06 3.636312007081097749e-06 2.150555710074061872e-06 9.583654209743622559e-07 3.374720974295838240e-07 9.798954433973862149e-08 2.424567452573845730e-08 5.241213672506437854e-09 1.009550417671678381e-09 1.762810445757929727e-10 2.841251686776985176e-11 4.327863428888194435e-12 6.452029615916307934e-13 9.884833795295272608e-14 1.634515811006302710e-14 2.971796994223289170e-15 5.795244130623291347e-16 1.160424361687733477e-16 2.303468608138404660e-17 4.443308162239541974e-18 8.254683292434683501e-19 1.472549708869162750e-19 2.521004405085613042e-20 4.083950666996682008e-21 0.000000000000000000e+00
0.000000000000000000e+00 4.880345228216025862e-25 6.323281939303092470e-24 7.718186196072858691e-23 9.143581148138399704e-22 1.038176084963820606e-20 1.132613434518556237e-19 1.181416237408036302e-18 1.175786692365105445e-17 1.112367897825550227e-16 9.967931549443746525e-16 8.424046273332272285e-15 6.683261929880808426e-14 4.948959869211971762e-13 3.399786368979001520e-12 2.149612552894380193e-11 1.239855486995142727e-10 6.448801038392481582e-10 2.981693056680351995e-09 1.202962034984950584e-08 4.131851558927233968e-08 1.169577649512467973e-07 2.616150734842360342e-07 4.415803326230325970e-07 5.524251613480673317e-07 5.524288031907132563e-07 4.415911987575139298e-07 2.616306306597611126e-07 1.169769381979388704e-07 4.133751875035183359e-08 1.204330226197838121e-08 2.990248199833921089e-09 6.493644727827366801e-10 1.260466708452517662e-10 2.234000744003956280e-11 3.710138221278066873e-12 5.989826714112691047e-13 9.884833795295268822e-14 1.753282446586910144e-14 3.407349514554981207e-15 7.078859437581229912e-16 1.505231859014152803e-16 3.163377673414435547e-17 6.442543919249292182e-18 1.260502567290316589e-18 2.362733720252601691e-19 4.243244553774747422e-20 7.307407614475985945e-21 1.190334708550267287e-21 0.000000000000000000e+00
0.000000000000000000e+00 6.160282333991443492e-26 8.079458173451204724e-25 9.706182699435255245e-24 1.143438954953156185e-22 1.284756300276742318e-21 1.390667508623499160e-20 1.438299198978105279e-19 1.420430506270111169e-18 1.333854558674552296e-17 1.187038315901535303e-16 9.967403725997311809e-16 7.861508366461729005e-15 5.789940455055856366e-14 3.958309259897468156e-13 2.491409029838491641e-12 1.430968307946958868e-11 7.412128059441532335e-11 3.412527023954545847e-10 1.370609146440882351e-09 4.684614007960165469e-09 1.319403817783544517e-08 2.937953421604579787e-08 4.945947602789952414e-08 6.190296680927539905e-08 6.190392725598375551e-08 4.946235926433960870e-08 2.938371189063945818e-08 1.319923566417640939e-08 4.689772058803803470e-09 1.374319888553288191e-09 3.435666946820972177e-10 7.532939887546284901e-11 1.486300355831670451e-11 2.716921833241794921e-12 4.784968863585718888e-13 8.553723443476999749e-14 1.634515811006302710e-14 3.407349514554982390e-15 7.564317802510827136e-16 1.712665572200514074e-16 3.819900935744406978e-17 8.231660474613724898e-18 1.699509807466731942e-18 3.353319973022135097e-19 6.325074085479774561e-20 1.142184196898054118e-20 1.977563015668823917e-21 3.238507838229651335e-22 0.000000000000000000e+00
0.000000000000000000e+00 7.159806844213638856e-27 9.806784661716399757e-26 1.149068715277673573e-24 1.352811003603614632e-23 1.500693214198372822e-22 1.613275372993984792e-21 1.653525908783294673e-20 1.620377013945796742e-19 1.509848799691089262e-18 1.333930175366624480e-17 1.112309394353121026e-16 8.716245524792143238e-16 6.379224458906014338e-15 4.335900403981935753e-14 2.713390332268254792e-13 1.549841962898434190e-12 7.982970800817543957e-12 3.653935887382846959e-11 1.458813723779393728e-10 4.954471658085493684e-10 1.386797015843007523e-09 3.071240247132622570e-09 5.153582933268532149e-09 6.451141009075461334e-09 6.451374216914141520e-09 5.154286450621970853e-09 3.072271685925884911e-09 1.388091798860411743e-09 4.967344887109180569e-10 1.468086929843501530e-10 3.711723044901573183e-11 8.284238449412262490e-12 1.687628081925343142e-12 3.273695779905093952e-13 6.386802468162945133e-14 1.322606428901028191e-14 2.971796994223289959e-15 7.078859437581231885e-16 1.712665572200514321e-16 4.066548391008624563e-17 9.297419960026728297e-18 2.030394283302601001e-18 4.225994465944835314e-19 8.387785077650323754e-20 1.590289659886543093e-20 2.886266675983580960e-21 5.023366736032595344e-22 8.270362552564040355e-23 0.000000000000000000e+00
0.000000000000000000e+00 7.386639896058006964e-28 1.144036934212886724e-26 1.280030982163278306e-25 1.523925676717179208e-24 1.659892948673678666e-23 1.776389019099468664e-22 1.802331461936384305e-21 1.752864181386501329e-20 1.620041682927595133e-19 1.420448206131986734e-18 1.175650550690308779e-17 9.147822322313330699e-17 6.647971528160636249e-16 4.488770119230862733e-15 2.790029476019895106e-14 1.583086035406293392e-13 8.099324836173058744e-13 3.680977417206961874e-12 1.459292414757312110e-11 4.919128843923165860e-11 1.367309083875301975e-10 3.009633181231665499e-10 5.031564678503195492e-10 6.297864369544273973e-10 6.298389812440164385e-10 5.033156151802517370e-10 3.011993629762413872e-10 1.370297731757453865e-10 4.948911146747926760e-11 1.480807602217770032e-11 3.815162745738881305e-12 8.799215635320134777e-13 1.903266708559556725e-13 4.091507368602202627e-14 9.252774559808946408e-15 2.255185974825858367e-15 5.795244130623292334e-16 1.505231859014152310e-16 3.819900935744406361e-17 9.297419960026732919e-18 2.153927096700476111e-18 4.741122797932209741e-19 9.924283784854665004e-20 1.979467305735921317e-20 3.770987038096877742e-21 6.878142260717681253e-22 1.203437298175845127e-22 1.992240215162672160e-23 0.000000000000000000e+00
0.000000000000000000e+00 5.906453167347030206e-29 1.307828678415742143e-27 1.331501828551633995e-26 1.648649188343858110e-25 1.740876022648745074e-24 1.865172657750726814e-23 1.868787145312413273e-22 1.804907872967409298e-21 1.653759255158720992e-20 1.438624443457160650e-19 1.181307329546879541e-18 9.122794456522577638e-18 6.578490893251652623e-17 4.409767950210670275e-16 2.719948286399091619e-15 1.531799281468779462e-14 7.777506946536697923e-14 3.506027832513949259e-13 1.379244091487114581e-12 4.610205196750884292e-12 1.271889040914705527e-11 2.781186740797274563e-11 4.630814402969968817e-11 5.794743934076048398e-11 5.795849746612108089e-11 4.634175080291194170e-11 2.786228272491821560e-11 1.278325168000429310e-11 4.674513064549241207e-12 1.425888892408737606e-12 3.797518186662896272e-13 9.300817494681964880e-14 2.229776840383784748e-14 5.560086172043809123e-15 1.481926230730922711e-15 4.136941041016136207e-16 1.160424361687734217e-16 3.163377673414436779e-17 8.231660474613727979e-18 2.030394283302602157e-18 4.741122797932209741e-19 1.049463197059399158e-19 2.207290834674268494e-20 4.422980313325828310e-21 8.466365186688884648e-22 1.552122921114469922e-22 2.730655192783752428e-23 4.546823989307654578e-24 0.000000000000000000e+00
0.000000000000000000e+00 8.690004327299339979e-31 1.514419258838892192e-28 1.260104460452943265e-27 1.736946421958227516e-26 1.727350415692000395e-25 1.877503883504138761e-24 1.847833813008535586e-23 1.775174638592369362e-22 1.611313205771461869e-21 1.390351945630996351e-20 1.132234378956803286e-19 8.674523071727923419e-19 6.202843301146515461e-18 4.126012055678349421e-17 2.523486344732778671e-16 1.409573614105939056e-15 7.098504059171722608e-15 3.170815992305156771e-14 1.237471232675500868e-13 4.097560176963833767e-13 1.121855481635086144e-12 2.436049183093422116e-12 4.038346471101451767e-12 5.051463637301828088e-12 5.053649657676189817e-12 4.045009723033248635e-12 2.446157533017629371e-12 1.134863093990341448e-12 4.227916168193668968e-13 1.332489316800734115e-13 3.766311864558588697e-14 1.022007243300262942e-14 2.843657457980095825e-15 8.371870483186813669e-16 2.561064462607104959e-16 7.816508751794922886e-17 2.303468608138406201e-17 6.442543919249296804e-18 1.699509807466732712e-18 4.225994465944840129e-19 9.924283784854669819e-20 2.207290834674269095e-20 4.663732347469192035e-21 9.389061220782445088e-22 1.806188417851887669e-22 3.329078052939879856e-23 5.891223516548785595e-24 9.871244041429303539e-25 0.000000000000000000e+00
0.000000000000000000e+00 -1.139557694604867496e-30 1.864797057363071421e-29 9.957656877112482124e-29 1.826181626121560683e-27 1.604998588895998928e-26 1.825413719090588921e-25 1.744613010976436476e-24 1.673128284373315744e-23 1.502900266150388699e-22 1.285896015091976043e-21 1.038318738666321229e-20 7.888643098217556587e-20 5.590388694111307623e-19 3.688982561315875019e-18 2.235599197906077307e-17 1.237884645667346312e-16 6.181350405036250996e-16 2.732878074256212929e-15 1.058464701358161338e-14 3.467541898283062058e-14 9.424301461287723067e-14 2.031496144150230585e-13 3.351490066408309473e-13 4.190565141815411459e-13 4.194644137431843884e-13 3.363956821933501540e-13 2.050617920523631148e-13 9.672265391361530582e-14 3.716848473961562829e-14 1.241206020810283759e-14 3.882271645267598553e-15 1.223024101037409434e-15 4.026550901073028974e-16 1.364412119152971677e-16 4.573200702867264511e-17 1.468364475001283471e-17 4.443308162239548137e-18 1.260502567290318130e-18 3.353319973022137023e-19 8.387785077650329772e-20 1.979467305735922220e-20 4.422980313325829063e-21 9.389061220782445088e-22 1.899551337040615118e-22 3.673598644867508969e-23 6.810168802572454216e-24 1.212819391023836249e-24 2.046320024956079717e-25 0.000000000000000000e+00
0.000000000000000000e+00 -3.796949926921897980e-31 2.560413540336545706e-30 4.138335401357837496e-30 1.993599531475844090e-28 1.354229763886547875e-27 1.734706133743661815e-26 1.571758436372382743e-25 1.515872231138578032e-24 1.345842382937351164e-23 1.140776864894800887e-22 9.137459964470931592e-22 6.879699562935871368e-21 4.829635646206283160e-20 3.161164454293504767e-19 1.896954161737104690e-18 1.040685863953666966e-17 5.153784569436373936e-17 2.251522220173789060e-16 8.666125996399728758e-16 2.802869407788729633e-15 7.570515835908970265e-15 1.619322365752525361e-14 2.656733007331858965e-14 3.320790275542326587e-14 3.328004968433819396e-14 2.678839446642139779e-14 1.653599253378525938e-14 8.018336511223565750e-15 3.254686597793683311e-15 1.199820660790566540e-15 4.356042031908723022e-16 1.628068408999884597e-16 6.191952421761304459e-17 2.305369782310038589e-17 8.143095100138244014e-18 2.687597610911078333e-18 8.254683292434693130e-19 2.362733720252605543e-19 6.325074085479780580e-20 1.590289659886544297e-20 3.770987038096879247e-21 8.466365186688883707e-22 1.806188417851888140e-22 3.673598644867510145e-23 7.145350826897784614e-24 1.332996372958600119e-24 2.390665911227087900e-25 4.065388169431610783e-26 0.000000000000000000e+00
0.000000000000000000e+00 -9.196239597700633626e-32 3.968395022256867186e-31 -7.089338082580517657e-31 2.373770150815277484e-29 9.396585632744756910e-29 1.643087233687690506e-27 1.346152633713437376e-26 1.323349507799296233e-25 1.161444944677118318e-24 9.719173309022273774e-24 7.741516786411351759e-23 5.766232400011822398e-22 4.010205606332483214e-21 2.603339897840566615e-20 1.545906664002842854e-19 8.397852807086014129e-19 4.128447933083310620e-18 1.777096077046171677e-17 6.820136560114841288e-17 2.168994327621068631e-16 5.837424656716087078e-16 1.238223625475147460e-15 2.017396975995898788e-15 2.521605355482453145e-15 2.533746620124144638e-15 2.054690861974521319e-15 1.296670229980640154e-15 6.606579372859578257e-16 2.947879939780858878e-16 1.260169389460691185e-16 5.445577756648391262e-17 2.362510659575346188e-17 9.908867605409835340e-18 3.896293009791570521e-18 1.416474425161454885e-18 4.748991897637435299e-19 1.472549708869163713e-19 4.243244553774749829e-20 1.142184196898055171e-20 2.886266675983582841e-21 6.878142260717683134e-22 1.552122921114469452e-22 3.329078052939880444e-23 6.810168802572452747e-24 1.332996372958600854e-24 2.504284655430649211e-25 4.527131649786880202e-26 7.768710547973104123e-27 0.000000000000000000e+00
0.000000000000000000e+00 -1.963696556193560992e-32 6.714346356717893431e-32 -2.754474678040711720e-31 3.180535938512486470e-30 2.989136975285326449e-30 1.596207578789632800e-28 1.087345620023942899e-27 1.112226770579633486e-26 9.728519471306608453e-26 7.937581870828207965e-25 6.343741311605245286e-24 4.649825614580582595e-23 3.209169689133672585e-22 2.065271791460686840e-21 1.213015580727647868e-20 6.518876891972342528e-20 3.188727643411301534e-19 1.345192405122252148e-18 5.184164495726155108e-18 1.608261055957352112e-17 4.337549601497593925e-17 9.113904629352506717e-17 1.470231912709339407e-16 1.838979576814572006e-16 1.858476474613653223e-16 1.530268241428650061e-16 1.006474248376919932e-16 5.597719510209898740e-17 2.889311709687917129e-17 1.475787140103867664e-17 7.450182740747623955e-18 3.581731279720983001e-18 1.590863211824226249e-18 6.447697559743581056e-19 2.383254733742434555e-19 8.071869654018485357e-20 2.521004405085613944e-20 7.307407614475985945e-21 1.977563015668824293e-21 5.023366736032596284e-22 1.203437298175845127e-22 2.730655192783753016e-23 5.891223516548785595e-24 1.212819391023836800e-24 2.390665911227088819e-25 4.527131649786878480e-26 8.259090145718677954e-27 1.432528642278938752e-27 0.000000000000000000e+00
0.000000000000000000e+00 -3.825008925215937602e-33 1.174148680802558126e-32 -6.284394673437800510e-32 4.695244859053963177e-31 -6.574762680281954746e-31 1.628339701293022023e-29 8.165388221138829141e-29 8.826467591245177189e-28 8.009486497102377821e-27 6.111751960477033588e-26 5.046955019588292812e-25 3.581607454435282680e-24 2.471134693442240296e-23 1.572757536110656440e-22 9.140488482021609848e-22 4.851155988143236979e-21 2.372807062614803921e-20 9.711765010314216177e-20 3.812028828038615712e-19 1.135706756751704902e-18 3.105964546902545445e-18 6.451481021710517481e-18 1.024187411244230727e-17 1.283883602483932319e-17 1.313470191334354684e-17 1.115516234934548401e-17 7.912533451711092151e-18 5.055187358592101155e-18 3.124847515105477279e-18 1.877814051527581431e-18 1.056335722052188463e-18 5.393394899451302404e-19 2.472417119352801653e-19 1.019522248677266660e-19 3.808521033867815422e-20 1.299636248092484901e-20 4.083950666996682008e-21 1.190334708550267852e-21 3.238507838229651805e-22 8.270362552564043882e-23 1.992240215162672160e-23 4.546823989307656782e-24 9.871244041429309049e-25 2.046320024956079717e-25 4.065388169431610783e-26 7.768710547973102688e-27 1.432528642278938752e-27 2.517680078343450193e-28 0.000000000000000000e+00
0.000000000000000000e+00 0.000000000000000000e+00 0.000000000000000000e+00 0.000000000000000000e+00 0.000000000000000000e+00 0.000000000000000000e+00 0.000000000000000000e+00 0.000000000000000000e+00 0.000000000000000000e+00 0.000000000000000000e+00 0.000000000000000000e+00 0.000000000000000000e+00 0.000000000000000000e+00 0.000000000000000000e+00 0.000000000000000000e+00 0.000000000000000000e+00 0.000000000000000000e+00 0.000000000000000000e+00 0.000000000000000000e+00 0.000000000000000000e+00 0.000000000000000000e+00 0.000000000000000000e+00 0.000000000000000000e+00 0.000000000000000000e+00 0.000000000000000000e+00 0.000000000000000000e+00 0.000000000000000000e+00 0.000000000000000000e+00 0.000000000000000000e+00 0.000000000000000000e+00 0.000000000000000000e+00 0.000000000000000000e+00 0.000000000000000000e+00 0.000000000000000000e+00 0.000000000000000000e+00 0.000000000000000000e+00 0.000000000000000000e+00 0.000000000000000000e+00 0.000000000000000000e+00 0.000000000000000000e+00 0.000000000000000000e+00 0.000000000000000000e+00 0.000000000000000000e+00 0.000000000000000000e+00 0.000000000000000000e+00 0.000000000000000000e+00 0.000000000000000000e+00 0.000000000000000000e+00 0.000000000000000000e+00 0.000000000000000000e+00
