0.000000000000000000e+00 0.000000000000000000e+00 0.000000000000000000e+00 0.000000000000000000e+00 0.000000000000000000e+00 0.000000000000000000e+00 0.000000000000000000e+00 0.000000000000000000e+00 0.000000000000000000e+00 0.000000000000000000e+00 0.000000000000000000e+00 0.000000000000000000e+00 0.000000000000000000e+00 0.000000000000000000e+00 0.000000000000000000e+00 0.000000000000000000e+00 0.000000000000000000e+00 0.000000000000000000e+00 0.000000000000000000e+00 0.000000000000000000e+00 0.000000000000000000e+00 0.000000000000000000e+00 0.000000000000000000e+00 0.000000000000000000e+00 0.000000000000000000e+00 0.000000000000000000e+00 0.000000000000000000e+00 0.000000000000000000e+00 0.000000000000000000e+00 0.000000000000000000e+00 0.000000000000000000e+00 0.000000000000000000e+00 0.000000000000000000e+00 0.000000000000000000e+00 0.000000000000000000e+00 0.000000000000000000e+00 0.000000000000000000e+00 0.000000000000000000e+00 0.000000000000000000e+00 0.000000000000000000e+00 0.000000000000000000e+00 0.000000000000000000e+00 0.000000000000000000e+00 0.000000000000000000e+00 0.000000000000000000e+00 0.000000000000000000e+00 0.000000000000000000e+00 0.000000000000000000e+00 0.000000000000000000e+00 0.000000000000000000e+00
0.000000000000000000e+00 6.707474216583250538e-33 7.135423167312001342e-32 7.261161788444787226e-31 7.124895374648744367e-30 6.722422295787632323e-29 6.086756030219101309e-28 5.274170655113496759e-27 4.361110079097312131e-26 3.429871109230912371e-25 2.556175469500032998e-24 1.797606697302112770e-23 1.187070113425402108e-22 7.319504764925147042e-22 4.186376406445951139e-21 2.203680990815405909e-20 1.057683113403740354e-19 4.576804457749743808e-19 1.761190090914891770e-18 5.926236189089745830e-18 1.708190754806783120e-17 4.114930995663685995e-17 8.060199747661907832e-17 1.253602105592341369e-16 1.542231630520602117e-16 1.542231623764369860e-16 1.253602087560080797e-16 8.060199516692876462e-17 4.114930769038819185e-17 1.708190568790315896e-17 5.926234800465678208e-18 1.761189128167986461e-18 4.576798812467735939e-19 1.057679919258795089e-19 2.203665483138640323e-20 4.186305476234616457e-21 7.319214630012932627e-22 1.186959646337736840e-22 1.797220349896402367e-23 2.554913405244971537e-24 3.426028960686406178e-25 4.350091872462309122e-26 5.244459475662062422e-27 6.010657651653667666e-28 6.537918370764688211e-29 6.697153250613234474e-30 6.317229005040100470e-31 5.136088407167647229e-32 2.770055780679988358e-33 0.000000000000000000e+00
0.000000000000000000e+00 7.135423167312929702e-32 7.639595410795545804e-31 7.839339549567508976e-30 7.751451649622383636e-29 7.372177893518633969e-28 6.727431196362060749e-27 5.875380051065924106e-26 4.896483711469166138e-25 3.881322682380817679e-24 2.915512187682433963e-23 2.066608475181203972e-22 1.375630763130811753e-21 8.550656401106365554e-21 4.930416337922808462e-20 2.616736355378260732e-19 1.266390963221781786e-18 5.525837069888719692e-18 2.144166996598513253e-17 7.274194542787426694e-17 2.113157560343371137e-16 5.126383870892278777e-16 1.009803284732421497e-15 1.575919015662537214e-15 1.940576825966634901e-15 1.940576825150820591e-15 1.575919013520049765e-15 1.009803282431221151e-15 5.126383858487386808e-16 2.113157558299945537e-16 7.274194598657102543e-17 2.144167082503548530e-17 5.525837723408830049e-18 1.266391407897630049e-18 2.616738659634006016e-19 4.930427316206387708e-20 8.550701546568491158e-21 1.375647848605670104e-21 2.066667142386438730e-22 2.915699557353343810e-23 3.881877029048072634e-24 4.898029504873872846e-25 5.879413915946754692e-26 6.737471492280578171e-27 7.395716982065258312e-28 7.804588069386127783e-29 7.952927022391020679e-30 7.874792010684960364e-31 7.598421886521963317e-32 0.000000000000000000e+00
0.000000000000000000e+00 7.261161788443727494e-31 7.839339549567815860e-30 8.107522088793059944e-29 8.081365067373783133e-28 7.746781550627941417e-27 7.125332107114407554e-26 6.271880826437178341e-25 5.267989917005663938e-24 4.208534038956420471e-23 3.186077404464029061e-22 2.276125748629740356e-21 1.527043517471040703e-20 9.567177272655838925e-20 5.560762433958136685e-19 2.975186244819328509e-18 1.451653784977901248e-17 6.386498905179998230e-17 2.498594699294608745e-16 8.545632149334669182e-16 2.501863904604577238e-15 6.112127835513266607e-15 1.210777224723891456e-14 1.896013417131155535e-14 2.336813380756441626e-14 2.336813380832849115e-14 1.896013417335308004e-14 1.210777224765999905e-14 6.112127830486950997e-15 2.501863896197456618e-15 8.545632046025634361e-16 2.498594600517779998e-16 6.386498245884232278e-17 1.451653363161996558e-17 2.975184127083271118e-18 5.560752392732625031e-19 9.567136117525620880e-20 1.527027826556020151e-20 2.276071425670889447e-21 3.185902074121536345e-22 4.208008629224311902e-23 5.266508842958036028e-24 6.267961205355134943e-25 7.115483352718949758e-26 7.723388355322043683e-27 8.028206645339706453e-28 7.992754035804739288e-29 7.601163470826811146e-30 6.795714156583906525e-31 0.000000000000000000e+00
0.000000000000000000e+00 7.124895374649617376e-30 7.751451649622063018e-29 8.081365067373874610e-28 8.118886038789722563e-27 7.844131571109206154e-26 7.271146711709860745e-25 6.449827532979250803e-24 5.459118324085126288e-23 4.394577123158442176e-22 3.352258895334680927e-21 2.413053819350286972e-20 1.631230547869357364e-19 1.029805791189286506e-18 6.031681227058570894e-18 3.252257649206575999e-17 1.599334955591473256e-16 7.092175159471430541e-16 2.796834587097993024e-15 9.641293236616666623e-15 2.844104107501078784e-14 6.996229128410922389e-14 1.393612263019099859e-13 2.189619711703401492e-13 2.700881362264618928e-13 2.700881362199874274e-13 2.189619711519697876e-13 1.393612262901450027e-13 6.996229130446937045e-14 2.844104111652937032e-14 9.641293293150279266e-15 2.796834643473604717e-15 7.092175537409233287e-16 1.599335204021210573e-16 3.252258889466567493e-17 6.031687196158765359e-18 1.029808230210751580e-18 1.631239905566853537e-19 2.413086191856784016e-20 3.352363534944158432e-21 4.394890552260176326e-22 5.460000757601907857e-23 6.452159545180089063e-24 7.276986767306539770e-25 7.857959927643208070e-26 8.150136837782192429e-27 8.148470310582574331e-28 7.889613031715446433e-29 7.392860136572314974e-30 0.000000000000000000e+00
0.000000000000000000e+00 6.722422295787050504e-29 7.372177893518880597e-28 7.746781550627839537e-27 7.844131571109239444e-26 7.637591803270633271e-25 7.134153410317758635e-24 6.376380290236373086e-23 5.437481915662510468e-22 4.409674546319292240e-21 3.388535878472740414e-20 2.457000216801674035e-19 1.673039728552895295e-18 1.063898574523618975e-17 6.277001759602712999e-17 3.409540134867158147e-16 1.689215926635315962e-15 7.547439086581694115e-15 2.999072457722614329e-14 1.041691560058415843e-13 3.095473392931648547e-13 7.665655344302671973e-13 1.535228258366261136e-12 2.419944599560981681e-12 2.987160503303129946e-12 2.987160503329990698e-12 2.419944599645860186e-12 1.535228258423453729e-12 7.665655343255711936e-13 3.095473390842470221e-13 1.041691557083431033e-13 2.999072427550432189e-14 7.547438885441141700e-15 1.689215791135333578e-15 3.409539466026555621e-16 6.276998485942772070e-17 1.063897245528988504e-17 1.673034589104144954e-18 2.456982480929861616e-19 3.388478425411669349e-20 4.409502695836525278e-21 5.436998690927364892e-22 6.375106255424741700e-23 7.130975307556739679e-24 7.630099934599876504e-25 7.827314648556346243e-26 7.710939594007119914e-27 7.299134835050605386e-28 6.582360382205514505e-29 0.000000000000000000e+00
0.000000000000000000e+00 6.086756030219451969e-28 6.727431196361891428e-27 7.125332107114487910e-26 7.271146711709827684e-25 7.134153410317768921e-24 6.714304622264585459e-23 6.045759259834091775e-22 5.193220216617466006e-21 4.241841678495827299e-20 3.282615080989683999e-19 2.396799591814764332e-18 1.643314665136791744e-17 1.052170321802711536e-16 6.250420485752960258e-16 3.418546128455266193e-15 1.705503822831295219e-14 7.674169486280786276e-14 3.071281522562623657e-13 1.074424720864651368e-12 3.215062887852630857e-12 8.013013454231152804e-12 1.613165858379053756e-11 2.550682422861597054e-11 3.150504687932848181e-11 3.150504687932428128e-11 2.550682422850954859e-11 1.613165858382670410e-11 8.013013454951375086e-12 3.215062888957898848e-12 1.074424722369600469e-12 3.071281537527667934e-13 7.674169584036884035e-14 1.705503889984682426e-14 3.418546453327639090e-15 6.250422106216094682e-16 1.052170971533717492e-16 1.643317202115317375e-17 2.396808292685714678e-18 3.282643326841301464e-19 4.241925814962406277e-20 5.193456134233651801e-21 6.046377929946274559e-22 6.715837290817159548e-23 7.137735136421953675e-24 7.279093816329891821e-25 7.142034577229510175e-26 6.760859769836344074e-27 6.149472049855113000e-28 0.000000000000000000e+00
0.000000000000000000e+00 5.274170655113298021e-27 5.875380051066023977e-26 6.271880826437125995e-25 6.449827532979270640e-24 6.376380290236370735e-23 6.045759259834090835e-22 5.483338641407022475e-21 4.743510476949835933e-20 3.901310272382623752e-19 3.039456127510171123e-18 2.233884159177550521e-17 1.541510439921762891e-16 9.932700492619717698e-16 5.937781605970061985e-15 3.268064474758546559e-14 1.640814039542629991e-13 7.430823996415041153e-13 2.993439926477369790e-12 1.054135894189417205e-11 3.174920816130700677e-11 7.960872415984603307e-11 1.610583848414198629e-10 2.554010191601372213e-10 3.156177237311853739e-10 3.156177237325475335e-10 2.554010191640012921e-10 1.610583848448915399e-10 7.960872415879042136e-11 3.174920815715350027e-11 1.054135893524919432e-11 2.993439919770162465e-12 7.430823953224134644e-13 1.640814009272906147e-13 3.268064332517226145e-14 5.937780881397969459e-15 9.932697649530883242e-16 1.541509317016483141e-16 2.233880356970414165e-17 3.039443763262841837e-18 3.901273779562624248e-19 4.743408736190373113e-20 5.483074711491198789e-21 6.045113613557360881e-22 6.374896550301632046e-23 6.446605947549168252e-24 6.265295368222025199e-25 5.862671204568368657e-26 5.251444446253837963e-27 0.000000000000000000e+00
0.000000000000000000e+00 4.361110079097406262e-26 4.896483711469117465e-25 5.267989917005689652e-24 5.459118324085120411e-23 5.437481915662509527e-22 5.193220216617469767e-21 4.743510476949833526e-20 4.131658135827238959e-19 3.420601540037802629e-18 2.681962948065926803e-17 1.983279863574162834e-16 1.376724037953063010e-15 8.922174563643595041e-15 5.363866023049707915e-14 2.968720673278821102e-13 1.498885567214681045e-12 6.826703137171551313e-12 2.766066795910847745e-11 9.798352093431642198e-11 2.968544350354134331e-10 7.484675573477638481e-10 1.521145608709000556e-09 2.418576436485915486e-09 2.989822286791033864e-09 2.989822286721207412e-09 2.418576436298438722e-09 1.521145608496428580e-09 7.484675572016953325e-10 2.968544349602418956e-10 9.798352091477072571e-11 2.766066796649935884e-11 6.826703147187538846e-12 1.498885577231324911e-12 2.968720722446445295e-13 5.363866297477720127e-14 8.922175629413268290e-15 1.376724472636604083e-15 1.983281312888798493e-16 2.681967691183023954e-17 3.420615323469893257e-18 4.131696206143447397e-19 4.743607229378807803e-20 5.193451340924565471e-21 5.437995333440485991e-22 5.460183638528655551e-23 5.270033195002568035e-24 4.900080007137037950e-25 4.366678903011800096e-26 0.000000000000000000e+00
0.000000000000000000e+00 3.429871109230875178e-25 3.881322682380835311e-24 4.208534038956416944e-23 4.394577123158437474e-22 4.409674546319296754e-21 4.241841678495826095e-20 3.901310272382626159e-19 3.420601540037802244e-18 2.849803168011724211e-17 2.247821865731463947e-16 1.671676540161401544e-15 1.166656068443299111e-14 7.599352899938432432e-14 4.590908172286091527e-13 2.552944071178411186e-12 1.294993222208310106e-11 5.925911409442272166e-11 2.412714896659854040e-10 8.589405594190155789e-10 2.615485632862002945e-09 6.626560090736215669e-09 1.352188817954055378e-08 2.154889127213668578e-08 2.664235658208298913e-08 2.664235658264055850e-08 2.154889127376907709e-08 1.352188818160666567e-08 6.626560092574445082e-09 2.615485634256722929e-09 8.589405601897410112e-10 2.412714899856103708e-10 5.925911420328038820e-11 1.294993223740408543e-11 2.552944070645227446e-12 4.590908120431789854e-13 7.599352656640779322e-14 1.166655944977542086e-14 1.671676115747665296e-15 2.247820396427903751e-16 2.849798932236891297e-17 3.420589862681218839e-18 3.901281579420397389e-19 4.241776148547398727e-20 4.409539885470232781e-21 4.394329703813889065e-22 4.208152460607664104e-23 3.880907214153572311e-24 3.429931219380666241e-25 0.000000000000000000e+00
0.000000000000000000e+00 2.556175469500045855e-24 2.915512187682430437e-23 3.186077404464027180e-22 3.352258895334687322e-21 3.388535878472736803e-20 3.282615080989689296e-19 3.039456127510169968e-18 2.681962948065927111e-17 2.247821865731463454e-16 1.782899243360913467e-15 1.332754607737661003e-14 9.345219825544357785e-14 6.113606767271577820e-13 3.708006264253583249e-12 2.069595447230517667e-11 1.053520706569132216e-10 4.837809330845126275e-10 1.976797496059785606e-09 7.064268843405802280e-09 2.159651547787156618e-08 5.493239303822043741e-08 1.124669456176665990e-07 1.795588984078999131e-07 2.219781943662435930e-07 2.219781943859087069e-07 1.795588984581441605e-07 1.124669456718434483e-07 5.493239307287325012e-08 2.159651549305688169e-08 7.064268848764612469e-09 1.976797497424893765e-09 4.837809332418545809e-10 1.053520706510568991e-10 2.069595444653875262e-11 3.708006264406301469e-12 6.113606772479128101e-13 9.345220003209717592e-14 1.332754674440659120e-14 1.782899536428777303e-15 2.247822715378896217e-16 2.681965371229330975e-17 3.039461639298509064e-18 3.282626148182803080e-19 3.388552030215610171e-20 3.352267083089935490e-21 3.186017837747778761e-22 2.915198526753430262e-23 2.555112252594022821e-24 0.000000000000000000e+00
0.000000000000000000e+00 1.797606697302109538e-23 2.066608475181203502e-22 2.276125748629744118e-21 2.413053819350283060e-20 2.457000216801679331e-19 2.396799591814762021e-18 2.233884159177552061e-17 1.983279863574163574e-16 1.671676540161402135e-15 1.332754607737660846e-14 1.000841999066611470e-13 7.046078563429062950e-13 4.625415346573749277e-12 2.813570749266228076e-11 1.574237067708385925e-10 8.030691383139726403e-10 3.695010070976310259e-09 1.512874839351897228e-08 5.418465755075806570e-08 1.660700940513597643e-07 4.235532629618480830e-07 8.692332745447487790e-07 1.389426367617227428e-06 1.716953278479314727e-06 1.716953277805621567e-06 1.389426365799484347e-06 8.692332724562730041e-07 4.235532613972609154e-07 1.660700931009713804e-07 5.418465707773017373e-08 1.512874819880300528e-08 3.695010002431758430e-09 8.030691170881648126e-10 1.574237009839292458e-10 2.813570603784902742e-11 4.625415022367669610e-12 7.046077855005958099e-13 1.000841862776149501e-13 1.332754333933347151e-14 1.671676068865680237e-15 1.983279037431726485e-16 2.233883159558827822e-17 2.396799342764383117e-18 2.457005591314398905e-19 2.413080335574263422e-20 2.276219684952585609e-21 2.066890244659914449e-22 1.798362798895407431e-23 0.000000000000000000e+00
0.000000000000000000e+00 1.187070113425403518e-22 1.375630763130813069e-21 1.527043517471039500e-20 1.631230547869360253e-19 1.673039728552892984e-18 1.643314665136792669e-17 1.541510439921762891e-16 1.376724037953063010e-15 1.166656068443299269e-14 9.345219825544355260e-14 7.046078563429064970e-13 4.976734413109596631e-12 3.275095596624425780e-11 1.995600691621856272e-10 1.117693948103884810e-09 5.704195861274111646e-09 2.624745832353506411e-08 1.074640760104868896e-07 3.849549597925101298e-07 1.180535666119931775e-06 3.013940701813938737e-06 6.191891405025595656e-06 9.900545515714850438e-06 1.222430548010745923e-05 1.222430549098771603e-05 9.900545545987801197e-06 6.191891440764251817e-06 3.013940730245696520e-06 1.180535685034372093e-06 3.849549697533248867e-07 1.074640803628493412e-07 2.624745995754384111e-08 5.704196398980158165e-09 1.117694105504791187e-09 1.995601108572161666e-10 3.275096600820575957e-11 4.976736653431394932e-12 7.046083160237491196e-13 9.345228708982585615e-14 1.166657649369465547e-14 1.376726686700971658e-15 1.541514400662433740e-16 1.643319769153059312e-17 1.673043745537575344e-18 1.631226028398694505e-19 1.527008670680100637e-20 1.375510812778647488e-21 1.186738482436863289e-22 0.000000000000000000e+00
0.000000000000000000e+00 7.319504764925144221e-22 8.550656401106370068e-21 9.567177272655842536e-20 1.029805791189286506e-18 1.063898574523619437e-17 1.052170321802711782e-16 9.932700492619715726e-16 8.922174563643606085e-15 7.599352899938431170e-14 6.113606767271577820e-13 4.625415346573751701e-12 3.275095596624426426e-11 2.158386424385423444e-10 1.315645814821733656e-09 7.363676689321744458e-09 3.752060876520649047e-08 1.722517113624008330e-07 7.033791612614619348e-07 2.513181816822118352e-06 7.691329902421081889e-06 1.961031151385636030e-05 4.025654704131560252e-05 6.431006023446608224e-05 7.929565271164537186e-05 7.929565259756383034e-05 6.431005990709828357e-05 4.025654664631739331e-05 1.961031118473180514e-05 7.691329669869673610e-06 2.513181691311384242e-06 7.033791046508560087e-07 1.722516894570640436e-07 3.752060134843200314e-08 7.363674452713976529e-09 1.315645205375948153e-09 2.158384909085169416e-10 3.275092120996141163e-11 4.625407958949850886e-12 6.113592070626356617e-13 7.599325552719042990e-14 8.922126555639615834e-15 9.932621560741148804e-16 1.052158153412828606e-16 1.063881423651972485e-17 1.029784594324296769e-18 9.566984948629130293e-20 8.550661215164906520e-21 7.320146455364504345e-22 0.000000000000000000e+00
0.000000000000000000e+00 4.186376406445955653e-21 4.930416337922804851e-20 5.560762433958141500e-19 6.031681227058570894e-18 6.277001759602715465e-17 6.250420485752961245e-16 5.937781605970067507e-15 5.363866023049709808e-14 4.590908172286091527e-13 3.708006264253585672e-12 2.813570749266226784e-11 1.995600691621857047e-10 1.315645814821732828e-09 8.010856639001857396e-09 4.472137343413015084e-08 2.269594618865346917e-07 1.036510741742662656e-06 4.207147544441673910e-06 1.493935079872022713e-05 4.546171269257925229e-05 1.153821489671748594e-04 2.360608295157593450e-04 3.761148411838067303e-04 4.627767682900407200e-04 4.627767691223275961e-04 3.761148436636548172e-04 2.360608325726076579e-04 1.153821516284029766e-04 4.546171466826254791e-05 1.493935187491545476e-05 4.207148041304169548e-06 1.036510937400167077e-06 2.269595292380166031e-07 4.472139408854288227e-08 8.010862360131286334e-09 1.315647261897145659e-09 1.995604066609447312e-10 2.813578057345264943e-11 3.708021066924472364e-12 4.590936325296638482e-13 5.363916604474751421e-14 5.937867529804995988e-15 6.250559004278679913e-16 6.277212927184649560e-17 6.031984618764059112e-18 5.561166280532762564e-19 4.930897238789334173e-20 4.186827380393602628e-21 0.000000000000000000e+00
0.000000000000000000e+00 2.203680990815403802e-20 2.616736355378263139e-19 2.975186244819326583e-18 3.252257649206578464e-17 3.409540134867156175e-16 3.418546128455268560e-15 3.268064474758546559e-14 2.968720673278823122e-13 2.552944071178410782e-12 2.069595447230517667e-11 1.574237067708386184e-10 1.117693948103884190e-09 7.363676689321743631e-09 4.472137343413015746e-08 2.485031883941047423e-07 1.252626048432477366e-06 5.670765456300907644e-06 2.278143121820899909e-05 8.000708652312661661e-05 2.408787127802183999e-04 6.057290783419446399e-04 1.230438133010652337e-03 1.950365141186669688e-03 2.392142266289375412e-03 2.392142262064236510e-03 1.950365127911935078e-03 1.230438116256534929e-03 6.057290630650913983e-04 2.408787009235308118e-04 8.000708009293458511e-05 2.278142818625563166e-05 5.670764252692033869e-06 1.252625630238708804e-06 2.485030589895685386e-07 4.472133728833806747e-08 7.363667470240665891e-09 1.117691780572559492e-09 1.574232334662237662e-10 2.069585781481812336e-11 2.552925517581539677e-12 2.968687015099530122e-13 3.268006592371502377e-14 3.418451380701697997e-15 3.409392371565627622e-16 3.252037750193233571e-17 2.974874892653106606e-18 2.616319192540910228e-19 2.203166838612719842e-20 0.000000000000000000e+00
0.000000000000000000e+00 1.057683113403742280e-19 1.266390963221779475e-18 1.451653784977903405e-17 1.599334955591472516e-16 1.689215926635317737e-15 1.705503822831294588e-14 1.640814039542630244e-13 1.498885567214680642e-12 1.294993222208310590e-11 1.053520706569131699e-10 8.030691383139725369e-10 5.704195861274114128e-09 3.752060876520649047e-08 2.269594618865346652e-07 1.252626048432477154e-06 6.252402054974546653e-06 2.794202216917502892e-05 1.105074340526285607e-04 3.813672227044199244e-04 1.128020844087664325e-03 2.791535378937004108e-03 5.598712523960972312e-03 8.795570418247125252e-03 1.073681830111631805e-02 1.073681831516092033e-02 8.795570466566449488e-03 5.598712586773159187e-03 2.791535439384900362e-03 1.128020893022367837e-03 3.813672486108404878e-04 1.105074465714271263e-04 2.794202711329636738e-05 6.252403777153593430e-06 1.252626581086312498e-06 2.269596103116391214e-07 3.752064646443999889e-08 5.704204668064641105e-09 8.030710446082578096e-10 1.053524555383064004e-10 1.295000508780446351e-11 1.498898570518558584e-12 1.640835995356404756e-13 1.705539049901781645e-14 1.689269759986700179e-15 1.599413543061790048e-16 1.451763386921693149e-17 1.266536878622867461e-18 1.057865247663297233e-19 0.000000000000000000e+00
0.000000000000000000e+00 4.576804457749738993e-19 5.525837069888728936e-18 6.386498905179992067e-17 7.092175159471433499e-16 7.547439086581695693e-15 7.674169486280785014e-14 7.430823996415039134e-13 6.826703137171552121e-12 5.925911409442269581e-11 4.837809330845126275e-10 3.695010070976310259e-09 2.624745832353507073e-08 1.722517113624008065e-07 1.036510741742662444e-06 5.670765456300905103e-06 2.794202216917503570e-05 1.227036296286625151e-04 4.746504748265911494e-04 1.596155375779720418e-03 4.592783313308710161e-03 1.107383107551140715e-02 2.174169659995533327e-02 3.365479315666505128e-02 4.078964784618693828e-02 4.078964782175047155e-02 3.365479305107211411e-02 2.174169645615997570e-02 1.107383092644446086e-02 4.592783187401644138e-03 1.596155313675820921e-03 4.746504434389301245e-04 1.227036177276196740e-04 2.794201806312258290e-05 5.670764223500824652e-06 1.036510411854512159e-06 1.722516322429105350e-07 2.624744129028590200e-08 3.695006788516497907e-09 4.837803732828736272e-10 5.925903218320633469e-11 6.826693731499326896e-12 7.430818639413439057e-13 7.674180786297834366e-14 7.547491878636509497e-15 7.092312231932774555e-16 6.386787312934512360e-17 5.526373047378218106e-18 4.577702759108233771e-19 0.000000000000000000e+00
0.000000000000000000e+00 1.761190090914893310e-18 2.144166996598512020e-17 2.498594699294607759e-16 2.796834587097992630e-15 2.999072457722615591e-14 3.071281522562624162e-13 2.993439926477370598e-12 2.766066795910846775e-11 2.412714896659854040e-10 1.976797496059783538e-09 1.512874839351897228e-08 1.074640760104868235e-07 7.033791612614615112e-07 4.207147544441672216e-06 2.278143121820899909e-05 1.105074340526285607e-04 4.746504748265910410e-04 1.782877467553302051e-03 5.781091977188153666e-03 1.596428291645706626e-02 3.694796050471053223e-02 7.007053977616872764e-02 1.058738118017579083e-01 1.269059464543831894e-01 1.269059464479677657e-01 1.058738118803002337e-01 7.007053990137375454e-02 3.694796066070010765e-02 1.596428305530029484e-02 5.781092024830427473e-03 1.782877498173258274e-03 4.746504830265836465e-04 1.105074365656273758e-04 2.278143162025993666e-05 4.207147520102394776e-06 7.033791060015368640e-07 1.074640475161389445e-07 1.512873778614560004e-08 1.976794203814928706e-09 2.412705923134201979e-10 2.766044743496065071e-11 2.993390264699171721e-12 3.071177894696050305e-13 2.998870413991430131e-14 2.796464140117108108e-15 2.497952547630022251e-16 2.143110324754404978e-17 1.759557402977852636e-18 0.000000000000000000e+00
0.000000000000000000e+00 5.926236189089746600e-18 7.274194542787431624e-17 8.545632149334670168e-16 9.641293236616669779e-15 1.041691560058415465e-13 1.074424720864651570e-12 1.054135894189416398e-11 9.798352093431648660e-11 8.589405594190156823e-10 7.064268843405803935e-09 5.418465755075811202e-08 3.849549597925101828e-07 2.513181816822117505e-06 1.493935079872022543e-05 8.000708652312660306e-05 3.813672227044198702e-04 1.596155375779720201e-03 5.781091977188153666e-03 1.786272812731715467e-02 4.651569560731311226e-02 1.011222392653673835e-01 1.814122294604386121e-01 2.634824488936776676e-01 3.102891850937229967e-01 3.102891851972078285e-01 2.634824490565791377e-01 1.814122296552026503e-01 1.011222394344502007e-01 4.651569575615324692e-02 1.786272826189464619e-02 5.781092019855524171e-03 1.596155407154514240e-03 3.813672349878280475e-04 8.000709232724569704e-05 1.493935315514543732e-05 2.513182699493045126e-06 3.849552584507512609e-07 5.418474911926218061e-08 7.064294436422483703e-09 8.589471247996262809e-10 9.798507744844001743e-11 1.054170217323011728e-11 1.074495527463082298e-12 1.041828917584153875e-13 9.643810365585800166e-15 8.550007279484251777e-16 7.281430835050782841e-17 5.937494212893762102e-18 0.000000000000000000e+00
0.000000000000000000e+00 1.708190754806783428e-17 2.113157560343370150e-16 2.501863904604578421e-15 2.844104107501076891e-14 3.095473392931648547e-13 3.215062887852630453e-12 3.174920816130700030e-11 2.968544350354132780e-10 2.615485632862002945e-09 2.159651547787156618e-08 1.660700940513596849e-07 1.180535666119931775e-06 7.691329902421081889e-06 4.546171269257924552e-05 2.408787127802184541e-04 1.128020844087664542e-03 4.592783313308709293e-03 1.596428291645706279e-02 4.651569560731308450e-02 1.120462072189876285e-01 2.224240999261888341e-01 3.661943062559026574e-01 4.992144692407246009e-01 5.713429950472520558e-01 5.713429949875054037e-01 4.992144690674162888e-01 3.661943059603184336e-01 2.224240995436994328e-01 1.120462068498696145e-01 4.651569542140054914e-02 1.596428285996879734e-02 4.592783260682153403e-03 1.128020821099544888e-03 2.408786986057570448e-04 4.546170611956367618e-05 7.691327175989295050e-06 1.180534683459924164e-06 1.660697795413896545e-07 2.159642487684574731e-08 2.615461864807582815e-09 2.968487003727729371e-10 3.174792511009272914e-11 3.214794844988588711e-12 3.094947453701183398e-13 2.843129961104102148e-14 2.500153264579391211e-15 2.110299802454834835e-16 1.703700752256084694e-17 0.000000000000000000e+00
0.000000000000000000e+00 4.114930995663687843e-17 5.126383870892279763e-16 6.112127835513265029e-15 6.996229128410926176e-14 7.665655344302671973e-13 8.013013454231149573e-12 7.960872415984600722e-11 7.484675573477639515e-10 6.626560090736216496e-09 5.493239303822047050e-08 4.235532629618476066e-07 3.013940701813937467e-06 1.961031151385635691e-05 1.153821489671748730e-04 6.057290783419451820e-04 2.791535378937004541e-03 1.107383107551141582e-02 3.694796050471053223e-02 1.011222392653673835e-01 2.224240999261888896e-01 3.930026989289397976e-01 5.756375798376985875e-01 7.178323583004807551e-01 7.881211326895469771e-01 7.881211324315844369e-01 7.178323577459024829e-01 5.756375792214744047e-01 3.930026983651436212e-01 2.224240994113896031e-01 1.011222388313691711e-01 3.694796031285583343e-02 1.107383104216633392e-02 2.791535384245362895e-03 6.057290953197744807e-04 1.153821592030423109e-04 1.961031631618409540e-05 3.013942521178547809e-06 4.235538600628410340e-07 5.493256715368075168e-08 6.626606047510815545e-09 7.484786809033303400e-10 7.961121750388573777e-11 8.013535056101071114e-12 7.666680199835389157e-13 6.998130415835621648e-14 6.115473179616376324e-15 5.131985897256049838e-16 4.123759525224439522e-17 0.000000000000000000e+00
0.000000000000000000e+00 8.060199747661901669e-17 1.009803284732422089e-15 1.210777224723890667e-14 1.393612263019100111e-13 1.535228258366260329e-12 1.613165858379054079e-11 1.610583848414197853e-10 1.521145608709000970e-09 1.352188817954055875e-08 1.124669456176665196e-07 8.692332745447481438e-07 6.191891405025591420e-06 4.025654704131558897e-05 2.360608295157591552e-04 1.230438133010652553e-03 5.598712523960971445e-03 2.174169659995534021e-02 7.007053977616868601e-02 1.814122294604385843e-01 3.661943062559027684e-01 5.756375798376990316e-01 7.513446880890145563e-01 8.632152940536041985e-01 9.124398774322818317e-01 9.124398773943693808e-01 8.632152939985298090e-01 7.513446881313426973e-01 5.756375800947832744e-01 3.661943065603195380e-01 1.814122294854471629e-01 7.007053965137255425e-02 2.174169652369211184e-02 5.598712475408095315e-03 1.230438112487350312e-03 2.360608226560560285e-04 4.025654504617127771e-05 6.191890940461978249e-06 8.692331865493998354e-07 1.124669343728437824e-07 1.352188824133725693e-08 1.521146230901592563e-09 1.610586400711193097e-10 1.613173299114001886e-11 1.535246517611951500e-12 1.393652163725185411e-13 1.210856991216735616e-14 1.009951423577161081e-15 8.062733750209831017e-17 0.000000000000000000e+00
0.000000000000000000e+00 1.253602105592341615e-16 1.575919015662537016e-15 1.896013417131155850e-14 2.189619711703401240e-13 2.419944599560980469e-12 2.550682422861597377e-11 2.554010191601371696e-10 2.418576436485915486e-09 2.154889127213667255e-08 1.795588984078999925e-07 1.389426367617226157e-06 9.900545515714853826e-06 6.431006023446606869e-05 3.761148411838064593e-04 1.950365141186668387e-03 8.795570418247125252e-03 3.365479315666506516e-02 1.058738118017578528e-01 2.634824488936775566e-01 4.992144692407243234e-01 7.178323583004802000e-01 8.632152940536038654e-01 9.384898371860974642e-01 9.673804733828803570e-01 9.673804738706096584e-01 9.384898384127337012e-01 8.632152955445153708e-01 7.178323600365913437e-01 4.992144709779574585e-01 2.634824500701800076e-01 1.058738122693406725e-01 3.365479318180832069e-02 8.795570352951545545e-03 1.950365067569486376e-03 3.761148007683645243e-04 6.431004218541344619e-05 9.900538817012456469e-06 1.389424189897160528e-06 1.795582651707001484e-07 2.154872392379411131e-08 2.418535768298419356e-09 2.553918491178045917e-10 2.550489173087507430e-11 2.419561691285317834e-12 2.188902766351974552e-13 1.894739436546603262e-14 1.573763446992617808e-15 1.250169436723002736e-16 0.000000000000000000e+00
0.000000000000000000e+00 1.542231630520601377e-16 1.940576825966634901e-15 2.336813380756440679e-14 2.700881362264620948e-13 2.987160503303129138e-12 3.150504687932848181e-11 3.156177237311854773e-10 2.989822286791033864e-09 2.664235658208298251e-08 2.219781943662436194e-07 1.716953278479313669e-06 1.222430548010745923e-05 7.929565271164533120e-05 4.627767682900404489e-04 2.392142266289372810e-03 1.073681830111631978e-02 4.078964784618690359e-02 1.269059464543831062e-01 3.102891850937229967e-01 5.713429950472517227e-01 7.881211326895467550e-01 9.124398774322812766e-01 9.673804733828792468e-01 9.859407033824925115e-01 9.859407042771789476e-01 9.673804756655736137e-01 9.124398803015105752e-01 7.881211358137398815e-01 5.713429981511761735e-01 3.102891876544954242e-01 1.269059480896596870e-01 4.078964863205953445e-02 1.073681864110056366e-02 2.392142383000971963e-03 4.627768023627389419e-04 7.929566100275041126e-05 1.222430701669929350e-05 1.716953443578609928e-06 2.219781699963723023e-07 2.664233524631654465e-08 2.989814147297801651e-09 3.156153267082316733e-10 3.150443932165737992e-11 2.987022200852599439e-12 2.700592282688503851e-13 2.336250982908619170e-14 1.939549430643756090e-15 1.540487818874323798e-16 0.000000000000000000e+00
0.000000000000000000e+00 1.542231623764370846e-16 1.940576825150820591e-15 2.336813380832850062e-14 2.700881362199872759e-13 2.987160503329989082e-12 3.150504687932427482e-11 3.156177237325473267e-10 2.989822286721204103e-09 2.664235658264054857e-08 2.219781943859084952e-07 1.716953277805622626e-06 1.222430549098771772e-05 7.929565259756385744e-05 4.627767691223271082e-04 2.392142262064236077e-03 1.073681831516091513e-02 4.078964782175046461e-02 1.269059464479677102e-01 3.102891851972073844e-01 5.713429949875048486e-01 7.881211324315835487e-01 9.124398773943693808e-01 9.673804738706101025e-01 9.859407042771796137e-01 9.859407053314264147e-01 9.673804767668207072e-01 9.124398812333138764e-01 7.881211365646384470e-01 5.713429990732044050e-01 3.102891888890830785e-01 1.269059493722471954e-01 4.078964964434919627e-02 1.073681927505170698e-02 2.392142711071547443e-03 4.627769470873904214e-04 7.929571671828573246e-05 1.222432607589140629e-05 1.716959319689752648e-06 2.219798215277422820e-07 2.664276237054665879e-08 2.989916588269769210e-09 3.156382619102121812e-10 3.150925974232468524e-11 2.987977927721772749e-12 2.702387399943623756e-13 2.339457119281592500e-14 1.945009990469133635e-15 1.549250510780873281e-16 0.000000000000000000e+00
0.000000000000000000e+00 1.253602087560079811e-16 1.575919013520051343e-15 1.896013417335308635e-14 2.189619711519698633e-13 2.419944599645859782e-12 2.550682422850954536e-11 2.554010191640011370e-10 2.418576436298437895e-09 2.154889127376907378e-08 1.795588984581440546e-07 1.389426365799484558e-06 9.900545545987799503e-06 6.431005990709833778e-05 3.761148436636549256e-04 1.950365127911935946e-03 8.795570466566446019e-03 3.365479305107210023e-02 1.058738118803002060e-01 2.634824490565791932e-01 4.992144690674161223e-01 7.178323577459022609e-01 8.632152939985296980e-01 9.384898384127327020e-01 9.673804756655736137e-01 9.673804767668202631e-01 9.384898413069335810e-01 8.632152982367857774e-01 7.178323624105430456e-01 4.992144736551736295e-01 2.634824534214619818e-01 1.058738157206212255e-01 3.365479593465343922e-02 8.795572101137483570e-03 1.950365984048938383e-03 3.761152095525748906e-04 6.431020101206178549e-05 9.900593566019691267e-06 1.389441178352526078e-06 1.795630661604214020e-07 2.154997149249344869e-08 2.418836247668795693e-09 2.554593796321826570e-10 2.551913510252410715e-11 2.422395062207938838e-12 2.194241581887583185e-13 1.904304326948255429e-14 1.590103792072368019e-15 1.276468051885519035e-16 0.000000000000000000e+00
0.000000000000000000e+00 8.060199516692867834e-17 1.009803282431221743e-15 1.210777224765999589e-14 1.393612262901449522e-13 1.535228258423453325e-12 1.613165858382671056e-11 1.610583848448914107e-10 1.521145608496428167e-09 1.352188818160666567e-08 1.124669456718433954e-07 8.692332724562726864e-07 6.191891440764250970e-06 4.025654664631741364e-05 2.360608325726076579e-04 1.230438116256535363e-03 5.598712586773160922e-03 2.174169645615996183e-02 7.007053990137379618e-02 1.814122296552027336e-01 3.661943059603182671e-01 5.756375792214745157e-01 7.513446881313426973e-01 8.632152955445159259e-01 9.124398803015109083e-01 9.124398812333139874e-01 8.632152982367862215e-01 7.513446926319216068e-01 5.756375843132208736e-01 3.661943108955348913e-01 1.814122343757039457e-01 7.007054448064314878e-02 2.174170034020567535e-02 5.598714906625564848e-03 1.230439396791873068e-03 2.360614008112228094e-04 4.025677186988845543e-05 6.191969894077617464e-06 8.692579219507876197e-07 1.124739906429904348e-07 1.352373874796932732e-08 1.521595934373810612e-09 1.611605943686766571e-10 1.615342135069942929e-11 1.539597090017468616e-12 1.401917173623171434e-13 1.225783747714096541e-14 1.035653398554072940e-15 8.479478686600271521e-17 0.000000000000000000e+00
0.000000000000000000e+00 4.114930769038817953e-17 5.126383858487386808e-16 6.112127830486944686e-15 6.996229130446939569e-14 7.665655343255705877e-13 8.013013454951379933e-12 7.960872415879035674e-11 7.484675572016950223e-10 6.626560092574445082e-09 5.493239307287324350e-08 4.235532613972607036e-07 3.013940730245696096e-06 1.961031118473179497e-05 1.153821516284029089e-04 6.057290630650916151e-04 2.791535439384901229e-03 1.107383092644446260e-02 3.694796066070009377e-02 1.011222394344501313e-01 2.224240995436992385e-01 3.930026983651437322e-01 5.756375800947839405e-01 7.178323600365918988e-01 7.881211358137402145e-01 7.881211365646383360e-01 7.178323624105429346e-01 5.756375843132210957e-01 3.930027031687881034e-01 2.224241042923089107e-01 1.011222443177776792e-01 3.694796576870038041e-02 1.107383539714412723e-02 2.791538186587793919e-03 6.057305898432076589e-04 1.153828380250153629e-04 1.961058488147083810e-05 3.014036752224945460e-06 4.235836070782361388e-07 5.494111522922693712e-08 6.628863599057410848e-09 7.490310470630447473e-10 7.973727590176394503e-11 8.040523600902281798e-12 7.721157372658787141e-13 7.102257168242720587e-14 6.304653482344229324e-15 5.459637735677578583e-16 4.657940977404049280e-17 0.000000000000000000e+00
0.000000000000000000e+00 1.708190568790315896e-17 2.113157558299946523e-16 2.501863896197456224e-15 2.844104111652937032e-14 3.095473390842469716e-13 3.215062888957898040e-12 3.174920815715348734e-11 2.968544349602419473e-10 2.615485634256721275e-09 2.159651549305687838e-08 1.660700931009713275e-07 1.180535685034372517e-06 7.691329669869673610e-06 4.546171466826256146e-05 2.408787009235308389e-04 1.128020893022368704e-03 4.592783187401643270e-03 1.596428305530029138e-02 4.651569575615322610e-02 1.120462068498696284e-01 2.224240994113897696e-01 3.661943065603195380e-01 4.992144709779574585e-01 5.713429981511759514e-01 5.713429990732046271e-01 4.992144736551733519e-01 3.661943108955350024e-01 2.224241042923089107e-01 1.120462118431673204e-01 4.651570105170398789e-02 1.596428838500468794e-02 4.592787614999069117e-03 1.128023597960920279e-03 2.408801710991715446e-04 4.546237271849725304e-05 7.691590484511772195e-06 1.180627038690086219e-06 1.660989518786542669e-07 2.160481886591183806e-08 2.617682890212423965e-09 2.973933942985466224e-10 3.187256686275232278e-11 3.241559761349728251e-12 3.149147790362886338e-13 2.947083591988579878e-14 2.689700715810690829e-15 2.439819585866741542e-16 2.242907258115893348e-17 0.000000000000000000e+00
0.000000000000000000e+00 5.926234800465676667e-18 7.274194598657103776e-17 8.545632046025631402e-16 9.641293293150277689e-15 1.041691557083430781e-13 1.074424722369599662e-12 1.054135893524919270e-11 9.798352091477075156e-11 8.589405601897408044e-10 7.064268848764610815e-09 5.418465707773020020e-08 3.849549697533250455e-07 2.513181691311384666e-06 1.493935187491545984e-05 8.000708009293458511e-05 3.813672486108404878e-04 1.596155313675820921e-03 5.781092024830423136e-03 1.786272826189463578e-02 4.651569542140053526e-02 1.011222388313692960e-01 1.814122294854471906e-01 2.634824500701798966e-01 3.102891876544956462e-01 3.102891888890827454e-01 2.634824534214616487e-01 1.814122343757039180e-01 1.011222443177777486e-01 4.651570105170400177e-02 1.786273382864869697e-02 5.781097027948981469e-03 1.596159103117176029e-03 3.813694895325462817e-04 8.000825330066697807e-05 1.493986876639030461e-05 2.513383892314737916e-06 3.850253037217955880e-07 5.420678520382711451e-08 7.070625083057934542e-09 8.606226109753089283e-10 9.839664531630829521e-11 1.063613125247335662e-11 1.094842902780617779e-12 1.083201583866870659e-13 1.044094096255375440e-14 1.001066836172486421e-15 9.834010656183395938e-17 1.013621240286875014e-17 0.000000000000000000e+00
0.000000000000000000e+00 1.761189128167985690e-18 2.144167082503547605e-17 2.498594600517780984e-16 2.796834643473602745e-15 2.999072427550432189e-14 3.071281537527666924e-13 2.993439919770162869e-12 2.766066796649936853e-11 2.412714899856104742e-10 1.976797497424893351e-09 1.512874819880300859e-08 1.074640803628493677e-07 7.033791046508560087e-07 4.207148041304171243e-06 2.278142818625562149e-05 1.105074465714271805e-04 4.746504434389299618e-04 1.782877498173255672e-03 5.781092019855517232e-03 1.596428285996879387e-02 3.694796031285584731e-02 7.007053965137255425e-02 1.058738122693406863e-01 1.269059480896595760e-01 1.269059493722470566e-01 1.058738157206211977e-01 7.007054448064316265e-02 3.694796576870038735e-02 1.596428838500468794e-02 5.781097027948980602e-03 1.782881536830202085e-03 4.746532361136025302e-04 1.105090279235971726e-04 2.278222219049103896e-05 4.207490347147797700e-06 7.035107853875052582e-07 1.075094263667682277e-07 1.514292442123398546e-08 1.980855732757983454e-09 2.423440442470919757e-10 2.792417946047804500e-11 3.053983820654785573e-12 3.202045387652455320e-13 3.265775508066075313e-14 3.312577425328373557e-15 3.447549879203481034e-16 3.809991077612998742e-17 4.513877163420303382e-18 0.000000000000000000e+00
0.000000000000000000e+00 4.576798812467734014e-19 5.525837723408823886e-18 6.386498245884234743e-17 7.092175537409227371e-16 7.547438885441140122e-15 7.674169584036877724e-14 7.430823953224136664e-13 6.826703147187542885e-12 5.925911420328042698e-11 4.837809332418544775e-10 3.695010002431759671e-09 2.624745995754386097e-08 1.722516894570641495e-07 1.036510937400167077e-06 5.670764252692037257e-06 2.794202711329638094e-05 1.227036177276196198e-04 4.746504830265834839e-04 1.596155407154513589e-03 4.592783260682151668e-03 1.107383104216633218e-02 2.174169652369211531e-02 3.365479318180832069e-02 4.078964863205953445e-02 4.078964964434913382e-02 3.365479593465341840e-02 2.174170034020566494e-02 1.107383539714412550e-02 4.592787614999069117e-03 1.596159103117175595e-03 4.746532361136024760e-04 1.227053877050621720e-04 2.794298786130672743e-05 5.671228073054754426e-06 1.036706305762089797e-06 1.723255185838419195e-07 2.627259421731133455e-08 3.702808465249699402e-09 4.860034975440972002e-10 5.984525937836289616e-11 6.970656055710242084e-12 7.761893541502270359e-13 8.390690063791622888e-14 9.013080988035537490e-15 9.936535987263927725e-16 1.164163375766937427e-16 1.479287407045586496e-17 1.996186057974439978e-18 0.000000000000000000e+00
0.000000000000000000e+00 1.057679919258796052e-19 1.266391407897628700e-18 1.451653363161997483e-17 1.599335204021209587e-16 1.689215791135333775e-15 1.705503889984681479e-14 1.640814009272906652e-13 1.498885577231325718e-12 1.294993223740408866e-11 1.053520706510569508e-10 8.030691170881649160e-10 5.704196398980158993e-09 3.752060134843202961e-08 2.269595292380166561e-07 1.252625630238709016e-06 6.252403777153593430e-06 2.794201806312256596e-05 1.105074365656274029e-04 3.813672349878277222e-04 1.128020821099544671e-03 2.791535384245362461e-03 5.598712475408095315e-03 8.795570352951547280e-03 1.073681864110056540e-02 1.073681927505169657e-02 8.795572101137476631e-03 5.598714906625560511e-03 2.791538186587793919e-03 1.128023597960921363e-03 3.813694895325459022e-04 1.105090279235970913e-04 2.794298786130673421e-05 6.252911658000680623e-06 1.252862738147642756e-06 2.270572443397607751e-07 3.755690389624684089e-08 5.716413109941628873e-09 8.068298915763719698e-10 1.064186597568499565e-10 1.323048620162732955e-11 1.567731469077098299e-12 1.799243657493446993e-13 2.048976679327308391e-14 2.393630157232082107e-15 2.970961433769412092e-16 3.995793840654605472e-17 5.772575910212294514e-18 8.573082156271618321e-19 0.000000000000000000e+00
0.000000000000000000e+00 2.203665483138643332e-20 2.616738659634002164e-19 2.975184127083273814e-18 3.252258889466565644e-17 3.409539466026557100e-16 3.418546453327639879e-15 3.268064332517226776e-14 2.968720722446446305e-13 2.552944070645226234e-12 2.069595444653876554e-11 1.574237009839293492e-10 1.117694105504791601e-09 7.363674452713983147e-09 4.472139408854290874e-08 2.485030589895685915e-07 1.252626581086312921e-06 5.670764223500822958e-06 2.278143162025994683e-05 8.000709232724572415e-05 2.408786986057570719e-04 6.057290953197741554e-04 1.230438112487350528e-03 1.950365067569487893e-03 2.392142383000971529e-03 2.392142711071544407e-03 1.950365984048938600e-03 1.230439396791872851e-03 6.057305898432079842e-04 2.408801710991717343e-04 8.000825330066696451e-05 2.278222219049103219e-05 5.671228073054755273e-06 1.252862738147642756e-06 2.486103765124852557e-07 4.476478956215502114e-08 7.379553890437047472e-09 1.122980818554224481e-09 1.590389448949439062e-10 2.115183611448128886e-11 2.672533512335530131e-12 3.261891717691059102e-13 3.942974903831991242e-14 4.883940064395740658e-15 6.422108787849263003e-16 9.136817557095437692e-17 1.393121642653222902e-17 2.210488319107343645e-18 3.485105566085910944e-19 0.000000000000000000e+00
0.000000000000000000e+00 4.186305476234624733e-21 4.930427316206379282e-20 5.560752392732626957e-19 6.031687196158765359e-18 6.276998485942770837e-17 6.250422106216095668e-16 5.937780881397967881e-15 5.363866297477720758e-14 4.590908120431791873e-13 3.708006264406303893e-12 2.813570603784903388e-11 1.995601108572161407e-10 1.315645205375948359e-09 8.010862360131286334e-09 4.472133728833808071e-08 2.269596103116391743e-07 1.036510411854511948e-06 4.207147520102395623e-06 1.493935315514544071e-05 4.546170611956371006e-05 1.153821592030423516e-04 2.360608226560563267e-04 3.761148007683650122e-04 4.627768023627387792e-04 4.627769470873901504e-04 3.761152095525748906e-04 2.360614008112227823e-04 1.153828380250154984e-04 4.546237271849730725e-05 1.493986876639030631e-05 4.207490347147795159e-06 1.036706305762090009e-06 2.270572443397608016e-07 4.476478956215502776e-08 8.028161214388905279e-09 1.321894918493308990e-09 2.016213942402534596e-10 2.876126541871952343e-11 3.883781898152451029e-12 5.050847049372124622e-13 6.490314518706501146e-14 8.531855062953596066e-15 1.189070676840478450e-15 1.789894425993769520e-16 2.880203269316788150e-17 4.810967350477370903e-18 8.092873866632166173e-19 1.320572649307742067e-19 0.000000000000000000e+00
0.000000000000000000e+00 7.319214630012948614e-22 8.550701546568483634e-21 9.567136117525619676e-20 1.029808230210752928e-18 1.063897245528987272e-17 1.052170971533718108e-16 9.932697649530875353e-16 8.922175629413271446e-15 7.599352656640783108e-14 6.113606772479131131e-13 4.625415022367673649e-12 3.275096600820575957e-11 2.158384909085169675e-10 1.315647261897145038e-09 7.363667470240670027e-09 3.752064646444000550e-08 1.722516322429106144e-07 7.033791060015370758e-07 2.513182699493044702e-06 7.691327175989306908e-06 1.961031631618409879e-05 4.025654504617133192e-05 6.431004218541354106e-05 7.929566100275041126e-05 7.929571671828574602e-05 6.431020101206181259e-05 4.025677186988846899e-05 1.961058488147086521e-05 7.691590484511782360e-06 2.513383892314737916e-06 7.035107853875049405e-07 1.723255185838419725e-07 3.755690389624686075e-08 7.379553890437053262e-09 1.321894918493309611e-09 2.180725799817864581e-10 3.348212656210502415e-11 4.846057872132011777e-12 6.731265865494469233e-13 9.212097325360764663e-14 1.286905950718477335e-14 1.902582815267299730e-15 3.032103561172545155e-16 5.152826965149903179e-17 9.064848592039131928e-18 1.602464857183365713e-18 2.787799505054840376e-19 4.639418470249690161e-20 0.000000000000000000e+00
0.000000000000000000e+00 1.186959646337740132e-22 1.375647848605668411e-21 1.527027826556018646e-20 1.631239905566857630e-19 1.673034589104142643e-18 1.643317202115318607e-17 1.541509317016482402e-16 1.376724472636603886e-15 1.166655944977542559e-14 9.345220003209712544e-14 7.046077855005966177e-13 4.976736653431393316e-12 3.275092120996143748e-11 1.995604066609445502e-10 1.117691780572559906e-09 5.704204668064640278e-09 2.624744129028591193e-08 1.074640475161389842e-07 3.849552584507512079e-07 1.180534683459926070e-06 3.013942521178548233e-06 6.191890940461986720e-06 9.900538817012471715e-06 1.222430701669929520e-05 1.222432607589140460e-05 9.900593566019701432e-06 6.191969894077624240e-06 3.014036752224948848e-06 1.180627038690087066e-06 3.850253037217957468e-07 1.075094263667682012e-07 2.627259421731132793e-08 5.716413109941630528e-09 1.122980818554224688e-09 2.016213942402535629e-10 3.348212656210503061e-11 5.214596576216784758e-12 7.760684928238255812e-13 1.133980896230764580e-13 1.686633508852666692e-14 2.648775314316459200e-15 4.474051379604653034e-16 8.038456981446499551e-17 1.491072576953128975e-17 2.772163723419384326e-18 5.062726659550412768e-19 8.978729197722006249e-20 1.512156998415094297e-20 0.000000000000000000e+00
0.000000000000000000e+00 1.797220349896408539e-23 2.066667142386437555e-22 2.276071425670884557e-21 2.413086191856790637e-20 2.456982480929857283e-19 2.396808292685717374e-18 2.233880356970412008e-17 1.983281312888798493e-16 1.671676115747666084e-15 1.332754674440658331e-14 1.000841862776150006e-13 7.046083160237489177e-13 4.625407958949856541e-12 2.813578057345263005e-11 1.574232334662237662e-10 8.030710446082574994e-10 3.695006788516500388e-09 1.512873778614560996e-08 5.418474911926217399e-08 1.660697795413899192e-07 4.235538600628412458e-07 8.692331865494005765e-07 1.389424189897162434e-06 1.716953443578610563e-06 1.716959319689752437e-06 1.389441178352526289e-06 8.692579219507888902e-07 4.235836070782367741e-07 1.660989518786544522e-07 5.420678520382718069e-08 1.514292442123399538e-08 3.702808465249698575e-09 8.068298915763721766e-10 1.590389448949438028e-10 2.876126541871952666e-11 4.846057872132012585e-12 7.760684928238254803e-13 1.214840663185888259e-13 1.928845734172307016e-14 3.224189950151212453e-15 5.781498295778819774e-16 1.099845831155815456e-16 2.154335612685854834e-17 4.218597077735942063e-18 8.095377862255103993e-19 1.506126527100981756e-19 2.702461485152779892e-20 4.588133025087355734e-21 0.000000000000000000e+00
0.000000000000000000e+00 2.554913405244987333e-24 2.915699557353342047e-23 3.185902074121530233e-22 3.352363534944170093e-21 3.388478425411662729e-20 3.282643326841305315e-19 3.039443763262839911e-18 2.681967691183022413e-17 2.247820396427906216e-16 1.782899536428776120e-15 1.332754333933348098e-14 9.345228708982586878e-14 6.113592070626360655e-13 3.708021066924473172e-12 2.069585781481812982e-11 1.053524555383064650e-10 4.837803732828738340e-10 1.976794203814929946e-09 7.064294436422482049e-09 2.159642487684576716e-08 5.493256715368076491e-08 1.124669343728438882e-07 1.795582651707003601e-07 2.219781699963722229e-07 2.219798215277422291e-07 1.795630661604213756e-07 1.124739906429904612e-07 5.494111522922701652e-08 2.160481886591186453e-08 7.070625083057943641e-09 1.980855732757985108e-09 4.860034975440975104e-10 1.064186597568499952e-10 2.115183611448126947e-11 3.883781898152447797e-12 6.731265865494465194e-13 1.133980896230764580e-13 1.928845734172308278e-14 3.441421748980393236e-15 6.566292786371245694e-16 1.325295961916156448e-16 2.746447654822552350e-17 5.674636096329761089e-18 1.146148122883683419e-18 2.239320313278413988e-19 4.213094430551053288e-20 7.619439999488848113e-21 1.301605212914048021e-21 0.000000000000000000e+00
0.000000000000000000e+00 3.426028960686451636e-25 3.881877029048056471e-24 4.208008629224310139e-23 4.394890552260189491e-22 4.409502695836517754e-21 4.241925814962408685e-20 3.901273779562624729e-19 3.420615323469890561e-18 2.849798932236894379e-17 2.247822715378894245e-16 1.671676068865682406e-15 1.166657649369464443e-14 7.599325552719048038e-14 4.590936325296637473e-13 2.552925517581538870e-12 1.295000508780447967e-11 5.925903218320636053e-11 2.412705923134203013e-10 8.589471247996258673e-10 2.615461864807584056e-09 6.626606047510817199e-09 1.352188824133726355e-08 2.154872392379412123e-08 2.664233524631653142e-08 2.664276237054665217e-08 2.154997149249345861e-08 1.352373874796933063e-08 6.628863599057418292e-09 2.617682890212426860e-09 8.606226109753097554e-10 2.423440442470921825e-10 5.984525937836296078e-11 1.323048620162733278e-11 2.672533512335528516e-12 5.050847049372120583e-13 9.212097325360754565e-14 1.686633508852665430e-14 3.224189950151212059e-15 6.566292786371245694e-16 1.409897339810928312e-16 3.098669916836487032e-17 6.770339937084708023e-18 1.442176916637060457e-18 2.964404044443425834e-19 5.854655867508556709e-20 1.109835388333787228e-20 2.019385373771989257e-21 3.468056181349173966e-22 0.000000000000000000e+00
0.000000000000000000e+00 4.350091872462434822e-26 4.898029504873812235e-25 5.266508842958058069e-24 5.460000757601913735e-23 5.436998690927359250e-22 5.193456134233650296e-21 4.743408736190378530e-20 4.131696206143442101e-19 3.420589862681222306e-18 2.681965371229326353e-17 1.983279037431728950e-16 1.376726686700969291e-15 8.922126555639626878e-15 5.363916604474749528e-14 2.968687015099528608e-13 1.498898570518559190e-12 6.826693731499330127e-12 2.766044743496067333e-11 9.798507744843996573e-11 2.968487003727732473e-10 7.484786809033301332e-10 1.521146230901592976e-09 2.418535768298419770e-09 2.989814147297799583e-09 2.989916588269767142e-09 2.418836247668795693e-09 1.521595934373810405e-09 7.490310470630457812e-10 2.973933942985467775e-10 9.839664531630838568e-11 2.792417946047806116e-11 6.970656055710250162e-12 1.567731469077099713e-12 3.261891717691058597e-13 6.490314518706498622e-14 1.286905950718476073e-14 2.648775314316456834e-15 5.781498295778818788e-16 1.325295961916155955e-16 3.098669916836488881e-17 7.179097564186209377e-18 1.616742619335391701e-18 3.503856596091149511e-19 7.278330746593085612e-20 1.447929269551821419e-20 2.760771462312775137e-21 5.049933609558218192e-22 8.716216410775115662e-23 0.000000000000000000e+00
0.000000000000000000e+00 5.244459475662385282e-27 5.879413915946569873e-26 6.267961205355224941e-25 6.452159545180056002e-24 6.375106255424755806e-23 6.046377929946267035e-22 5.483074711491212331e-21 4.743607229378795765e-20 3.901281579420405574e-19 3.039461639298500205e-18 2.233883159558830596e-17 1.541514400662432015e-16 9.932621560741158665e-16 5.937867529804995199e-15 3.268006592371501746e-14 1.640835995356405513e-13 7.430818639413442087e-13 2.993390264699172529e-12 1.054170217323011081e-11 3.174792511009277438e-11 7.961121750388575069e-11 1.610586400711192580e-10 2.553918491178046951e-10 3.156153267082313631e-10 3.156382619102118710e-10 2.554593796321825019e-10 1.611605943686766571e-10 7.973727590176399673e-11 3.187256686275234863e-11 1.063613125247337601e-11 3.053983820654787592e-12 7.761893541502279447e-13 1.799243657493449517e-13 3.942974903831992505e-14 8.531855062953597644e-15 1.902582815267299730e-15 4.474051379604653034e-16 1.099845831155816196e-16 2.746447654822553582e-17 6.770339937084708023e-18 1.616742619335391701e-18 3.703982034094794060e-19 8.111060803436011013e-20 1.696829718863311346e-20 3.394657822290848751e-21 6.505655598371527044e-22 1.195990159667058680e-22 2.074638084141732136e-23 0.000000000000000000e+00
0.000000000000000000e+00 6.010657651654421004e-28 6.737471492280116123e-27 7.115483352719212638e-26 7.276986767306408446e-25 7.130975307556808739e-24 6.715837290817119582e-23 6.045113613557389093e-22 5.193451340924540645e-21 4.241776148547417384e-20 3.282626148182791043e-19 2.396799342764387354e-18 1.643319769153057463e-17 1.052158153412830332e-16 6.250559004278678927e-16 3.418451380701697997e-15 1.705539049901781330e-14 7.674180786297840676e-14 3.071177894696051820e-13 1.074495527463081894e-12 3.214794844988591134e-12 8.013535056101071114e-12 1.613173299114001886e-11 2.550489173087508077e-11 3.150443932165734761e-11 3.150925974232465939e-11 2.551913510252409423e-11 1.615342135069942606e-11 8.040523600902281798e-12 3.241559761349729463e-12 1.094842902780620000e-12 3.202045387652457844e-13 8.390690063791635509e-14 2.048976679327311862e-14 4.883940064395740658e-15 1.189070676840479239e-15 3.032103561172549099e-16 8.038456981446509412e-17 2.154335612685856374e-17 5.674636096329762630e-18 1.442176916637060457e-18 3.503856596091149029e-19 8.111060803436012216e-20 1.788691320554646151e-20 3.762655725054023405e-21 7.565000446373720914e-22 1.456893361976008083e-22 2.691919722929860511e-23 4.693894616168921326e-24 0.000000000000000000e+00
0.000000000000000000e+00 6.537918370766305870e-29 7.395716982064256552e-28 7.723388355322639179e-27 7.857959927642887793e-26 7.630099934600048237e-25 7.137735136421859635e-24 6.374896550301690821e-23 5.437995333440445554e-22 4.409539885470263626e-21 3.388552030215593921e-20 2.457005591314406128e-19 1.673043745537571878e-18 1.063881423651974334e-17 6.277212927184652025e-17 3.409392371565627622e-16 1.689269759986700573e-15 7.547491878636517386e-15 2.998870413991430131e-14 1.041828917584154001e-13 3.094947453701183903e-13 7.666680199835388148e-13 1.535246517611950894e-12 2.419561691285318238e-12 2.987022200852597824e-12 2.987977927721771941e-12 2.422395062207937626e-12 1.539597090017468212e-12 7.721157372658783102e-13 3.149147790362886843e-13 1.083201583866871669e-13 3.265775508066078469e-14 9.013080988035543801e-15 2.393630157232084473e-15 6.422108787849263003e-16 1.789894425993771246e-16 5.152826965149907493e-17 1.491072576953130208e-17 4.218597077735944374e-18 1.146148122883683804e-18 2.964404044443425834e-19 7.278330746593082001e-20 1.696829718863311647e-20 3.762655725054025662e-21 7.954105360682222689e-22 1.606930499538003256e-22 3.110120771488767524e-23 5.777103821235097835e-24 1.012963148223961375e-24 0.000000000000000000e+00
0.000000000000000000e+00 6.697153250616491092e-30 7.804588069384150270e-29 8.028206645340871437e-28 8.150136837781571105e-27 7.827314648556674555e-26 7.279093816329720089e-25 6.446605947549274046e-24 5.460183638528596776e-23 4.394329703813928561e-22 3.352267083089914425e-21 2.413080335574273052e-20 1.631226028398690894e-19 1.029784594324298888e-18 6.031984618764059882e-18 3.252037750193234803e-17 1.599413543061790048e-16 7.092312231932778499e-16 2.796464140117107713e-15 9.643810365585804899e-15 2.843129961104100886e-14 6.998130415835620386e-14 1.393652163725185158e-13 2.188902766351973542e-13 2.700592282688500317e-13 2.702387399943620727e-13 2.194241581887582933e-13 1.401917173623171182e-13 7.102257168242719324e-14 2.947083591988578616e-14 1.044094096255376071e-14 3.312577425328375924e-15 9.936535987263931669e-16 2.970961433769415050e-16 9.136817557095438924e-17 2.880203269316789998e-17 9.064848592039136551e-18 2.772163723419386637e-18 8.095377862255106882e-19 2.239320313278414469e-19 5.854655867508560320e-20 1.447929269551822623e-20 3.394657822290850256e-21 7.565000446373724676e-22 1.606930499538002551e-22 3.262495757715293333e-23 6.347607552529968020e-24 1.185798158703248424e-24 2.091874323852713358e-25 0.000000000000000000e+00
0.000000000000000000e+00 6.317229005046326614e-31 7.952927022387406730e-30 7.992754035806804241e-29 8.148470310581532213e-28 7.710939594007656578e-27 7.142034577229251888e-26 6.265295368222178564e-25 5.270033195002489424e-24 4.208152460607715238e-23 3.186017837747752900e-22 2.276219684952598022e-21 1.527008670680096725e-20 9.566984948629149552e-20 5.561166280532763527e-19 2.974874892653107762e-18 1.451763386921693765e-17 6.386787312934509895e-17 2.497952547630021758e-16 8.550007279484257694e-16 2.500153264579388845e-15 6.115473179616374746e-15 1.210856991216735143e-14 1.894739436546601368e-14 2.336250982908616015e-14 2.339457119281587767e-14 1.904304326948257322e-14 1.225783747714097330e-14 6.304653482344234057e-15 2.689700715810690434e-15 1.001066836172487013e-15 3.447549879203483006e-16 1.164163375766937427e-16 3.995793840654606088e-17 1.393121642653223210e-17 4.810967350477373985e-18 1.602464857183367061e-18 5.062726659550413731e-19 1.506126527100981997e-19 4.213094430551054492e-20 1.109835388333787980e-20 2.760771462312776265e-21 6.505655598371526103e-22 1.456893361976008318e-22 3.110120771488765173e-23 6.347607552529965816e-24 1.242035881425911176e-24 2.334755630245538825e-25 4.146898072044327382e-26 0.000000000000000000e+00
0.000000000000000000e+00 5.136088407179057958e-32 7.874792010678714076e-31 7.601163470830196683e-30 7.889613031713872495e-29 7.299134835051366795e-28 6.760859769836019780e-27 5.862671204568560363e-26 4.900080007136947033e-25 3.880907214153631820e-24 2.915198526753402638e-23 2.066890244659927614e-22 1.375510812778643539e-21 8.550661215164923071e-21 4.930897238789335376e-20 2.616319192540909265e-19 1.266536878622867654e-18 5.526373047378215795e-18 2.143110324754403745e-17 7.281430835050786538e-17 2.110299802454831877e-16 5.131985897256044907e-16 1.009951423577160490e-15 1.573763446992616033e-15 1.939549430643753329e-15 1.945009990469128902e-15 1.590103792072370189e-15 1.035653398554074518e-15 5.459637735677582527e-16 2.439819585866741542e-16 9.834010656183402101e-17 3.809991077613000591e-17 1.479287407045586804e-17 5.772575910212292202e-18 2.210488319107343645e-18 8.092873866632169062e-19 2.787799505054841339e-19 8.978729197722007453e-20 2.702461485152779290e-20 7.619439999488852627e-21 2.019385373771989633e-21 5.049933609558219132e-22 1.195990159667058445e-22 2.691919722929859923e-23 5.777103821235096366e-24 1.185798158703248057e-24 2.334755630245537907e-25 4.419430068176401292e-26 7.910741242126152633e-27 0.000000000000000000e+00
0.000000000000000000e+00 2.770055780700810778e-33 7.598421886511256521e-32 6.795714156589312910e-31 7.392860136570078501e-30 6.582360382206481962e-29 6.149472049854776688e-28 5.251444446254036701e-27 4.366678903011713426e-26 3.429931219380729148e-25 2.555112252593995638e-24 1.798362798895419774e-23 1.186738482436859762e-22 7.320146455364515630e-22 4.186827380393604885e-21 2.203166838612717736e-20 1.057865247663297714e-19 4.577702759108228956e-19 1.759557402977851866e-18 5.937494212893766724e-18 1.703700752256083461e-17 4.123759525224432126e-17 8.062733750209829784e-17 1.250169436723001011e-16 1.540487818874321333e-16 1.549250510780870076e-16 1.276468051885521007e-16 8.479478686600294941e-17 4.657940977404056059e-17 2.242907258115894889e-17 1.013621240286875939e-17 4.513877163420306463e-18 1.996186057974440364e-18 8.573082156271616395e-19 3.485105566085912870e-19 1.320572649307742549e-19 4.639418470249692568e-20 1.512156998415094297e-20 4.588133025087354229e-21 1.301605212914048209e-21 3.468056181349173966e-22 8.716216410775121540e-23 2.074638084141733605e-23 4.693894616168922061e-24 1.012963148223961192e-24 2.091874323852713817e-25 4.146898072044326808e-26 7.910741242126155502e-27 1.429117193914163000e-27 0.000000000000000000e+00
0.000000000000000000e+00 0.000000000000000000e+00 0.000000000000000000e+00 0.000000000000000000e+00 0.000000000000000000e+00 0.000000000000000000e+00 0.000000000000000000e+00 0.000000000000000000e+00 0.000000000000000000e+00 0.000000000000000000e+00 0.000000000000000000e+00 0.000000000000000000e+00 0.000000000000000000e+00 0.000000000000000000e+00 0.000000000000000000e+00 0.000000000000000000e+00 0.000000000000000000e+00 0.000000000000000000e+00 0.000000000000000000e+00 0.000000000000000000e+00 0.000000000000000000e+00 0.000000000000000000e+00 0.000000000000000000e+00 0.000000000000000000e+00 0.000000000000000000e+00 0.000000000000000000e+00 0.000000000000000000e+00 0.000000000000000000e+00 0.000000000000000000e+00 0.000000000000000000e+00 0.000000000000000000e+00 0.000000000000000000e+00 0.000000000000000000e+00 0.000000000000000000e+00 0.000000000000000000e+00 0.000000000000000000e+00 0.000000000000000000e+00 0.000000000000000000e+00 0.000000000000000000e+00 0.000000000000000000e+00 0.000000000000000000e+00 0.000000000000000000e+00 0.000000000000000000e+00 0.000000000000000000e+00 0.000000000000000000e+00 0.000000000000000000e+00 0.000000000000000000e+00 0.000000000000000000e+00 0.000000000000000000e+00 0.000000000000000000e+00
