0.000000000000000000e+00 0.000000000000000000e+00 0.000000000000000000e+00 0.000000000000000000e+00 0.000000000000000000e+00 0.000000000000000000e+00 0.000000000000000000e+00 0.000000000000000000e+00 0.000000000000000000e+00 0.000000000000000000e+00 0.000000000000000000e+00 0.000000000000000000e+00 0.000000000000000000e+00 0.000000000000000000e+00 0.000000000000000000e+00 0.000000000000000000e+00 0.000000000000000000e+00 0.000000000000000000e+00 0.000000000000000000e+00 0.000000000000000000e+00 0.000000000000000000e+00 0.000000000000000000e+00 0.000000000000000000e+00 0.000000000000000000e+00 0.000000000000000000e+00 0.000000000000000000e+00 0.000000000000000000e+00 0.000000000000000000e+00 0.000000000000000000e+00 0.000000000000000000e+00 0.000000000000000000e+00 0.000000000000000000e+00 0.000000000000000000e+00 0.000000000000000000e+00 0.000000000000000000e+00 0.000000000000000000e+00 0.000000000000000000e+00 0.000000000000000000e+00 0.000000000000000000e+00 0.000000000000000000e+00 0.000000000000000000e+00 0.000000000000000000e+00 0.000000000000000000e+00 0.000000000000000000e+00 0.000000000000000000e+00 0.000000000000000000e+00 0.000000000000000000e+00 0.000000000000000000e+00 0.000000000000000000e+00 0.000000000000000000e+00
0.000000000000000000e+00 -1.293965659916841783e-34 5.155688794384499572e-34 -2.294156600894871858e-33 9.945275294603701756e-33 -3.400372990676649550e-32 1.817985982029894540e-31 -8.401244563983660360e-32 6.716389935577416341e-30 3.566274233342306688e-29 4.728364111284523748e-28 3.528172958855219946e-27 3.254714040505772439e-26 2.407626298231617349e-25 1.796204460600734888e-24 1.184035634342531850e-23 7.258979031284194740e-23 3.975403227615805222e-22 1.936578033031910122e-21 8.192703923792922108e-21 2.936502895738619669e-20 8.620120561258540259e-20 1.985002759823435336e-19 3.418891354191061247e-19 4.316687898105549929e-19 4.316677307610864111e-19 3.418864832103388017e-19 1.984968041275588841e-19 8.619632010081121724e-20 2.936052949810508194e-20 8.188486324783461327e-21 1.932945327010407670e-21 3.956592439200940311e-22 7.130235894848436286e-23 1.133278807511468450e-23 1.541218219567398876e-24 1.535847427687928769e-25 -7.869784640340732624e-28 -6.634189123871808731e-27 -2.686454700706744381e-27 -8.225487228765385857e-28 -2.223756172049138334e-28 -5.546619236023928875e-29 -1.298359468566525945e-29 -2.875714098778686424e-30 -6.055472706515984128e-31 -1.216156475390101170e-31 -2.333723117376865046e-32 -4.245064398010212973e-33 0.000000000000000000e+00
0.000000000000000000e+00 5.155688794385032415e-34 -2.034943548593298799e-33 9.439856794608535795e-33 -3.317857418399457939e-32 1.965229113221914367e-31 -1.032952925438325775e-32 8.595201691742633020e-30 5.340629132312754367e-29 7.056579141198342291e-28 5.812849877683837179e-27 5.656703895594958656e-26 4.567083673796217717e-25 3.694662246961811936e-24 2.679940222536508898e-23 1.822601778185657023e-22 1.122059517609573198e-21 6.242830066652365826e-21 3.077045049620051750e-20 1.318776028715974736e-19 4.786228591314621964e-19 1.421498510619695643e-18 3.305901488953332596e-18 5.729574851947427901e-18 7.240079437376393067e-18 7.240077375917196179e-18 5.729567009665424115e-18 3.305893662442087731e-18 1.421502722268740720e-18 4.786311428445547558e-19 1.318908107239214934e-19 3.078457229321437258e-20 6.250193771442649837e-21 1.127717207658411425e-21 1.843829558277364392e-22 2.794591730761294828e-23 4.068538162055278135e-24 6.055074139364030991e-25 1.005017593168951423e-25 1.968331242606037092e-26 4.403940704523108428e-27 1.040234672947558037e-27 2.444444948075072883e-28 5.553511843905215185e-29 1.206961551612296716e-29 2.502340134734452425e-30 4.949511957315215877e-31 9.343938887044538668e-32 1.678109398785335129e-32 0.000000000000000000e+00
0.000000000000000000e+00 -2.294156600895053863e-33 9.439856794609688035e-33 -3.550296106765269301e-32 2.201338759607975356e-31 -3.646560830716134449e-32 1.057088710283256131e-29 6.788519943664243297e-29 9.649486141071480052e-28 8.400354148035484572e-27 8.783233936685019579e-26 7.597311577582638897e-25 6.658734314692283971e-24 5.252347043668714776e-23 3.925929575724512415e-22 2.680659009948644057e-21 1.676531918904037140e-20 9.434675247974902336e-20 4.711853730332009157e-19 2.045323689670135648e-18 7.517172552115658798e-18 2.259195257505863036e-17 5.307151107969385243e-17 9.256675819388768319e-17 1.170565213703170487e-16 1.170565264675950605e-16 9.256678703653020850e-17 5.307154035172149125e-17 2.259191889939966171e-17 7.517123301724245669e-18 2.045246655853710740e-18 4.711041911445129401e-19 9.430590697263811142e-20 1.673232521514598129e-20 2.668994479180239406e-21 3.858814341621029899e-22 5.044889052614624255e-23 5.792592526441548661e-24 5.129923267864553325e-25 7.898116848090630358e-27 -1.250535540052491698e-26 -4.656688195878995374e-27 -1.263660197642143234e-27 -3.014835423073419062e-28 -6.642207646877910439e-29 -1.375493785223469236e-29 -2.697260842201966971e-30 -5.023010371641826201e-31 -8.849686279253298288e-32 0.000000000000000000e+00
0.000000000000000000e+00 9.945275294606682252e-33 -3.317857418399295914e-32 2.201338759607862814e-31 -4.330960430807106756e-32 1.169539311264260476e-29 7.847699512030468070e-29 1.186349175719671198e-27 1.091046131705113690e-26 1.217403823833612823e-25 1.123529790094189788e-24 1.059402869421509339e-23 9.023529990114719479e-23 7.345636883130259579e-22 5.503994403339706540e-21 3.818732508958557888e-20 2.413878116324598980e-19 1.376172549465999523e-18 6.959285144002787298e-18 3.059688034674723273e-17 1.138739742414156884e-16 3.463194909072218105e-16 8.218340508083880183e-16 1.442668900233245494e-15 1.825506734041645774e-15 1.825506776318139778e-15 1.442668925407946428e-15 8.218340723149003373e-16 3.463197596534260099e-16 1.138742471368525059e-16 3.059728368241851077e-17 6.959700842523422551e-18 1.376372390934109226e-18 2.415599286239849995e-19 3.824349588355847489e-20 5.539225958032202460e-21 7.446474585904972157e-22 9.474823757904584356e-23 1.180929514330621492e-23 1.533564184812023527e-24 2.253288837059737756e-25 3.918967570853861308e-26 7.749434490227559557e-27 1.611394579056969895e-27 3.328870746582663778e-28 6.642254157338376726e-29 1.264830858063228284e-29 2.285142728821647246e-30 3.880757662352979414e-31 0.000000000000000000e+00
0.000000000000000000e+00 -3.400372990676321120e-32 1.965229113221501422e-31 -3.646560830657776937e-32 1.169539311264057849e-29 8.234907641439655017e-29 1.314954745155620184e-27 1.275274989788859700e-26 1.511112011230882989e-25 1.482067138577925506e-24 1.494936419333471283e-23 1.366683976492395021e-22 1.202547965660926562e-21 9.800723040572078020e-21 7.462137527257531022e-20 5.228650539575354578e-19 3.347145645691388170e-18 1.931245648384854129e-17 9.889108409498447132e-17 4.402746287848717521e-16 1.659138065829523658e-15 5.105966772611047760e-15 1.224050907300358312e-14 2.162659716641815550e-14 2.737987418638686062e-14 2.737987116284591700e-14 2.162658908519354506e-14 1.224050023787696070e-14 5.105959794085407960e-15 1.659133780169342712e-15 4.402714072690519436e-16 9.888867144880928808e-17 1.931142289885468592e-17 3.346281758213560921e-18 5.226129413676384140e-19 7.444898916393608358e-20 9.756516742262694478e-21 1.180830791463888532e-21 1.312997356021132851e-22 1.302135541138874635e-23 1.022181559980757634e-24 2.202025227651976478e-26 -1.610208750237145056e-26 -5.423097986523712700e-27 -1.286649923193123861e-27 -2.649732253822840201e-28 -4.974444766868553299e-29 -8.614646043159138984e-30 -1.361880960774169484e-30 0.000000000000000000e+00
0.000000000000000000e+00 1.817985982028831305e-31 -1.032952925329090181e-32 1.057088710282636898e-29 7.847699512034534077e-29 1.314954745155495704e-27 1.343170242710418954e-26 1.682790048211569581e-25 1.748255676311635492e-24 1.877288415734916134e-23 1.832821746979454223e-22 1.732150266050465076e-21 1.524276305838389548e-20 1.262256779115944800e-19 9.698471594951973263e-19 6.878845069200395014e-18 4.453634610341914538e-17 2.600572312088768634e-16 1.347864107870620486e-15 6.075207982718256843e-15 2.317669208214233909e-14 7.216818591138478862e-14 1.747726866815230177e-13 3.107929951204626738e-13 3.936260961319913545e-13 3.936261858738181287e-13 3.107932549338141231e-13 1.747729762588192458e-13 7.216838677864924316e-14 2.317681021080427562e-14 6.075267053080943942e-15 1.347891356573365178e-15 2.600668981407576149e-16 4.454167320123968354e-17 6.880201614601675397e-18 9.707001720341823971e-19 1.264125255890894430e-19 1.534185233706638008e-20 1.753532503635258227e-21 1.916438513927863014e-22 2.057881880434548945e-23 2.280080445096563844e-24 2.789776584606110165e-25 3.942542964414702187e-26 6.268288124524896213e-27 1.040366628837902809e-27 1.676797831384579379e-28 2.468079119978283320e-29 3.004609009484043069e-30 0.000000000000000000e+00
0.000000000000000000e+00 -8.401244563850821645e-32 8.595201691732277425e-30 6.788519943671407855e-29 1.186349175719313901e-27 1.275274989789046671e-26 1.682790048211514480e-25 1.846908490050294901e-24 2.102550134004496754e-23 2.183049234987227495e-22 2.204255332123631283e-21 2.081749461318132864e-20 1.861171964617744379e-19 1.554249683772414872e-18 1.208207612806185895e-17 8.660579119801305283e-17 5.670584787406226785e-16 3.349028745269656855e-15 1.756210925846498894e-14 8.010745567310280872e-14 3.092894335748240420e-13 9.742561125834619465e-13 2.383237410726729514e-12 4.265365790485843344e-12 5.403453898731884252e-12 5.403452013885585600e-12 4.265360118349172610e-12 2.383231019169867384e-12 9.742516597459792586e-13 3.092866971806781224e-13 8.010617748342421094e-14 1.756159846436287325e-14 3.348858058380830751e-15 5.669985665981363528e-16 8.659102667201016929e-17 1.207628805967003274e-17 1.553133294252489830e-18 1.856196537543950325e-19 2.072901601757713980e-20 2.168579605294445327e-21 2.118491772550044871e-22 1.900737097566860394e-23 1.483888885035177558e-24 8.194788611788282696e-26 -1.354185434649981864e-27 -1.311359766335130079e-27 -2.230832832523018295e-28 -1.350128381670041564e-29 5.398085620594941636e-30 0.000000000000000000e+00
0.000000000000000000e+00 6.716389935564074578e-30 5.340629132321092654e-29 9.649486141066073955e-28 1.091046131705436406e-26 1.511112011230726179e-25 1.748255676311696839e-24 2.102550134004480885e-23 2.313610379830381724e-22 2.484891781248738670e-21 2.506080514451339422e-20 2.404333585028223067e-19 2.166527947334935100e-18 1.829609770215539041e-17 1.436355595087855230e-16 1.040430897199039569e-15 6.884042190052068110e-15 4.109793076022515657e-14 2.179179901529527234e-13 1.005392526283554154e-12 3.926763453457155824e-12 1.250879772603280979e-11 3.090236507187614647e-11 5.565790071133601730e-11 7.051264990430595854e-11 7.051268033796043970e-11 5.565799568564983291e-11 3.090247301987557715e-11 1.250887448560384915e-11 3.926812956854503224e-12 1.005415474942901500e-12 2.179270900320621776e-13 4.110098584110744286e-14 6.884978449972745242e-15 1.040670679274865924e-15 1.437016454320536428e-16 1.830930608257396466e-17 2.170309969202220114e-18 2.410459682125588044e-19 2.525102583697217798e-20 2.512435920278628097e-21 2.394970406449970299e-22 2.212468018273242531e-23 2.004541083995620241e-24 1.771068288797933545e-25 1.381889759326616298e-26 3.792698369091848250e-28 -2.417099262620191711e-28 -9.717467277445482922e-29 0.000000000000000000e+00
0.000000000000000000e+00 3.566274233350362473e-29 7.056579141192352356e-28 8.400354148039081940e-27 1.217403823833388056e-25 1.482067138578033688e-24 1.877288415734871465e-23 2.183049234987235959e-22 2.484891781248739046e-21 2.665275308269366013e-20 2.730452745573350447e-19 2.639319002530278148e-18 2.404157232051913294e-17 2.049179760398950866e-16 1.624485635916459642e-15 1.188012482921024943e-14 7.937492790667587718e-14 4.786104604800804615e-13 2.564006199617467261e-12 1.195580709183764472e-11 4.720664285170563038e-11 1.519979989626377318e-10 3.790995292199319648e-10 6.869896538716811176e-10 8.702064000569213242e-10 8.702060103883571065e-10 6.869883869189666506e-10 3.790980779547659936e-10 1.519969421733149378e-10 4.720592911882667927e-11 1.195547762156987194e-11 2.563873297430522508e-12 4.785653970779156416e-13 7.936139797674535526e-14 1.187656715210090240e-14 1.623599624824960308e-15 2.047301851674023898e-16 2.399925004456077846e-17 2.632007053778400878e-18 2.714352800476395475e-19 2.642599262929478620e-20 2.435357825132597352e-21 2.129113722574200744e-22 1.776281759708542774e-23 1.456804817244154256e-24 1.320220133333183522e-25 1.686422722623956231e-26 3.246450563551417256e-27 7.457435508644867310e-28 0.000000000000000000e+00
0.000000000000000000e+00 4.728364111279495216e-28 5.812849877686975370e-27 8.783233936682779941e-26 1.123529790094313766e-24 1.494936419333402516e-23 1.832821746979475617e-22 2.204255332123628273e-21 2.506080514451336112e-20 2.730452745573350928e-19 2.817938544975886394e-18 2.752984669003490582e-17 2.530025110719314737e-16 2.176361900545852087e-15 1.740514955760765398e-14 1.284033911442243114e-13 8.654212648919747813e-13 5.264845201334408919e-12 2.846506555325735915e-11 1.340099899666386089e-10 5.344207869284031461e-10 1.738003304640900769e-09 4.373980174865540840e-09 7.972540001619418072e-09 1.009462080769540877e-08 1.009462481423943935e-08 7.972553687718968228e-09 4.373995967579917712e-09 1.738015106370328881e-09 5.344291202118529416e-10 1.340137982999709160e-10 2.846663829474191111e-11 5.265381411169042902e-12 8.655828017103027816e-13 1.284464747240132210e-13 1.741567226461380726e-14 2.178658942169563895e-15 2.534861675689749929e-16 2.761830586418938048e-17 2.834815692358260816e-18 2.756310386221515525e-19 2.551910507757821438e-20 2.260132028074412845e-21 1.918106561776149312e-22 1.542873175136293571e-23 1.103472824985906872e-24 4.723476083950570336e-26 -6.620425696459163540e-27 -2.966489159493573628e-27 0.000000000000000000e+00
0.000000000000000000e+00 3.528172958857448391e-27 5.656703895593369902e-26 7.597311577583679393e-25 1.059402869421442630e-23 1.366683976492426289e-22 1.732150266050453791e-21 2.081749461318134068e-20 2.404333585028224511e-19 2.639319002530278918e-18 2.752984669003489349e-17 2.713097420119009055e-16 2.515605136447958487e-15 2.181854646845516753e-14 1.758804795232699164e-13 1.307447146462939167e-12 8.878072535031627020e-12 5.441660779137265267e-11 2.964951128831034822e-10 1.407295492346161384e-09 5.660946268093241267e-09 1.857445567800053217e-08 4.713127435911209349e-08 8.636448167672303962e-08 1.092729430053065888e-07 1.092729098869168858e-07 8.636436127947294002e-08 4.713113445078565050e-08 1.857434810443004010e-08 5.660866930045204892e-09 1.407259891632552488e-09 2.964799822408810393e-10 5.441145535400471518e-11 8.876507133259941319e-12 1.307026417847846742e-12 1.757778373594744115e-13 2.179583515052613834e-14 2.510899400733825971e-15 2.704258034427544591e-16 2.736815886447385565e-17 2.613216148563640890e-18 2.361165979969888540e-19 2.022787964285721818e-20 1.646005210896917562e-21 1.280225558472805732e-22 9.803228627091797908e-24 8.233988593169644873e-25 9.437973713316199719e-26 1.601030715471513296e-26 0.000000000000000000e+00
0.000000000000000000e+00 3.254714040504966583e-26 4.567083673796841280e-25 6.658734314691860793e-24 9.023529990115015704e-23 1.202547965660912268e-21 1.524276305838397673e-20 1.861171964617743176e-19 2.166527947334937412e-18 2.404157232051912061e-17 2.530025110719316216e-16 2.515605136447957699e-15 2.351330022400310114e-14 2.054701378614864959e-13 1.667678365908865712e-12 1.247543950724515474e-11 8.521368416010635503e-11 5.252915762802557011e-10 2.878758980347850230e-09 1.374891714906835520e-08 5.568386501248835352e-08 1.840507123665944292e-07 4.703063608081215888e-07 8.657288900512035725e-07 1.094140617642877775e-06 1.094140835615804004e-06 8.657297508127079464e-07 4.703073677468213380e-07 1.840515117165242934e-07 5.568448050820432821e-08 1.374918548492938877e-08 2.878877269827062515e-09 5.253314305647421005e-10 8.522593014923293601e-11 1.247873867478196666e-11 1.668484606120973767e-12 2.056495013619806983e-13 2.355028985988239933e-14 2.522620932129665883e-15 2.542669987994585082e-16 2.424994530803933076e-17 2.200134499888850786e-18 1.909359896373723298e-19 1.593860348432830978e-20 1.285511561963354015e-21 9.996796356709781792e-23 7.284575272854851495e-24 4.312323157801431002e-25 1.317306153759814052e-27 0.000000000000000000e+00
0.000000000000000000e+00 2.407626298231865305e-25 3.694662246961648836e-24 5.252347043668889924e-23 7.345636883130160837e-22 9.800723040572174317e-21 1.262256779115941188e-19 1.554249683772418917e-18 1.829609770215537808e-17 2.049179760398951606e-16 2.176361900545852087e-15 2.181854646845517069e-14 2.054701378614865211e-13 1.807318754545817204e-12 1.475191652250583197e-11 1.108789496783930929e-10 7.603645667031881622e-10 4.703221667348839001e-09 2.585887027056408654e-08 1.239365183712891155e-07 5.040727285392049046e-07 1.674524689465868867e-06 4.301489835279593608e-06 7.945017114613143634e-06 1.002488122109145150e-05 1.002488010654664794e-05 7.945012160835505905e-06 4.301484004596138632e-06 1.674519888211850728e-06 5.040688688647593448e-07 1.239349071586773401e-07 2.585812395300136659e-08 4.702976536075692344e-09 7.602879809939646931e-10 1.108584239824930329e-10 1.474689860155518083e-11 1.806204363682753985e-12 2.052418214541294880e-13 2.177537642186581608e-14 2.168692575644556624e-15 2.036579628210709363e-16 1.809762572316316390e-17 1.525718811955011958e-18 1.222085694895563992e-19 9.306153545082819571e-21 6.749467744371490900e-22 4.722117874703514963e-23 3.379858004631304528e-24 2.946999417339149536e-25 0.000000000000000000e+00
0.000000000000000000e+00 1.796204460600709541e-24 2.679940222536561208e-23 3.925929575724469627e-22 5.503994403339769735e-21 7.462137527257498522e-20 9.698471594952015634e-19 1.208207612806183738e-17 1.436355595087855476e-16 1.624485635916459445e-15 1.740514955760766345e-14 1.758804795232699164e-13 1.667678365908866317e-12 1.475191652250584166e-11 1.209304948643535958e-10 9.116194110047423338e-10 6.261646653437100002e-09 3.875171443490267763e-08 2.130300910543263457e-07 1.020839323581735088e-06 4.154078839600988261e-06 1.382342728705486916e-05 3.560215523938809205e-05 6.586663041440182916e-05 8.291813313575076370e-05 8.291813732767698878e-05 6.586665293354271875e-05 3.560218188278214637e-05 1.382345019514552422e-05 4.154098075262513794e-06 1.020846840237504555e-06 2.130338350410310012e-07 3.875288223785295132e-08 6.262022331256061446e-09 9.117180349389950837e-10 1.209545317660736963e-10 1.475717602639961227e-11 1.668734950571969674e-12 1.760753226746415854e-13 1.743848652867996959e-14 1.629727776840156668e-15 1.444084977902277577e-16 1.218483635680742137e-17 9.827252817393926763e-19 7.596240202400396849e-20 5.627101640090765320e-21 3.962753656976575907e-22 2.566219620564186525e-23 1.326697221108872785e-24 0.000000000000000000e+00
0.000000000000000000e+00 1.184035634342529939e-23 1.822601778185648559e-22 2.680659009948665498e-21 3.818732508958539832e-20 5.228650539575375764e-19 6.878845069200384229e-18 8.660579119801313912e-17 1.040430897199039569e-15 1.188012482921023997e-14 1.284033911442243619e-13 1.307447146462938763e-12 1.247543950724515636e-11 1.108789496783931187e-10 9.116194110047425406e-10 6.878631797104009254e-09 4.719449093734431110e-08 2.911777172117386699e-07 1.593385679255257506e-06 7.595356871128956622e-06 3.075927314259183863e-05 1.020228940111602610e-04 2.623841671395124630e-04 4.849111233144569322e-04 6.084663450035216262e-04 6.084663350237810679e-04 4.849110451352466478e-04 2.623840743444121374e-04 1.020228098550014399e-04 3.075919923326680803e-05 7.595330929979128378e-06 1.593371125343199153e-06 2.911736355089186069e-07 4.719309459761657983e-08 6.878286887251667844e-09 9.115362343387023084e-10 1.108617217904940381e-10 1.247220813910283244e-11 1.306912045165619351e-12 1.283262440311745099e-13 1.187113294006536536e-14 1.039750981782932739e-15 8.664543597356886157e-17 6.907575932807394493e-18 5.308072931551515104e-19 3.980762959218975498e-20 2.979190105712601545e-21 2.311507215735032759e-22 1.947946944172648471e-23 0.000000000000000000e+00
0.000000000000000000e+00 7.258979031284204144e-23 1.122059517609575266e-21 1.676531918904030219e-20 2.413878116324606202e-19 3.347145645691385859e-18 4.453634610341915155e-17 5.670584787406227771e-16 6.884042190052063377e-15 7.937492790667590242e-14 8.654212648919744784e-13 8.878072535031627020e-12 8.521368416010640673e-11 7.603645667031886792e-10 6.261646653437098348e-09 4.719449093734434419e-08 3.224446731672837973e-07 1.974745972950776084e-06 1.069535357171945745e-05 5.036028220536667904e-05 2.013938196381631553e-04 6.607777633566959755e-04 1.686272468856895310e-03 3.099645915245000712e-03 3.871461154425524537e-03 3.871461159391785013e-03 3.099646109907787037e-03 1.686272699443061790e-03 6.607779880019146353e-04 2.013940266427022621e-04 5.036034141568306391e-05 1.069539556522219455e-05 1.974755095253114174e-06 3.224483552655272470e-07 4.719523088748213276e-08 6.261818327212830227e-09 7.603911157161384408e-10 8.521654709323934094e-11 8.877922994663700263e-12 8.652375738357027673e-13 7.931091828239543340e-14 6.867472377877576747e-15 5.633861406955267037e-16 4.381084538609197630e-17 3.215053032239809354e-18 2.191130128140395044e-19 1.321482206041245649e-20 5.889470530737975352e-22 -3.338721182578443528e-24 0.000000000000000000e+00
0.000000000000000000e+00 3.975403227615796288e-22 6.242830066652352284e-21 9.434675247974917984e-20 1.376172549465998174e-18 1.931245648384854129e-17 2.600572312088770607e-16 3.349028745269654883e-15 4.109793076022517550e-14 4.786104604800801586e-13 5.264845201334411342e-12 5.441660779137263974e-11 5.252915762802559079e-10 4.703221667348837347e-09 3.875171443490270410e-08 2.911777172117384052e-07 1.974745972950776084e-06 1.194554097991676400e-05 6.357784070608633528e-05 2.928937288816260242e-04 1.143467175762925489e-03 3.667454332723954838e-03 9.192004522142022474e-03 1.668561602212670358e-02 2.069875880444730504e-02 2.069875886825929545e-02 1.668561572022250403e-02 9.192004172535142570e-03 3.667453949533366637e-03 1.143466801875949639e-03 2.928936708906515886e-04 6.357775713207549143e-05 1.194553499972487876e-05 1.974740079976661740e-06 2.911775987172872059e-07 3.875173583110355309e-08 4.703302884398896960e-09 5.253241033621203353e-10 5.442723933622037042e-11 5.267732851659415429e-12 4.793047820337216426e-13 4.124892111761462932e-14 3.379225153017086858e-15 2.656640129288423690e-16 2.028851309145650521e-17 1.536191305275582810e-18 1.192403758451337765e-19 9.923678760091738080e-21 9.129813503895774076e-22 0.000000000000000000e+00
0.000000000000000000e+00 1.936578033031901847e-21 3.077045049620058370e-20 4.711853730332002416e-19 6.959285144002790379e-18 9.889108409498447132e-17 1.347864107870620486e-15 1.756210925846497632e-14 2.179179901529529001e-13 2.564006199617467261e-12 2.846506555325734300e-11 2.964951128831036373e-10 2.878758980347850230e-09 2.585887027056409977e-08 2.130300910543263192e-07 1.593385679255257295e-06 1.069535357171946253e-05 6.357784070608632173e-05 3.297463835218339846e-04 1.467675984097101000e-03 5.500344896671599711e-03 1.691926701895763926e-02 4.092927703651470100e-02 7.245206160755872371e-02 8.893197565906259261e-02 8.893197540835477699e-02 7.245206177353133437e-02 4.092927718359402195e-02 1.691926727392615779e-02 5.500345175347770392e-03 1.467675882506205582e-03 3.297464847367646812e-04 6.357780470773720404e-05 1.069535604084686852e-05 1.593380023308331767e-06 2.130284986124743041e-07 2.585814280101952478e-08 2.878537716032570100e-09 2.964317277755503763e-10 2.844909490754194879e-11 2.560331123287843669e-12 2.171407679153932767e-13 1.740954714735831583e-14 1.319873229644557714e-15 9.406026024869210706e-17 6.171275335222000793e-18 3.490958559587366511e-19 1.274921649586912410e-20 -5.820540867850864880e-22 0.000000000000000000e+00
0.000000000000000000e+00 8.192703923792950696e-21 1.318776028715973291e-19 2.045323689670136033e-18 3.059688034674722657e-17 4.402746287848719986e-16 6.075207982718253688e-15 8.010745567310285921e-14 1.005392526283553952e-12 1.195580709183764795e-11 1.340099899666386348e-10 1.407295492346161177e-09 1.374891714906836017e-08 1.239365183712890361e-07 1.020839323581735512e-06 7.595356871128956622e-06 5.036028220536663838e-05 2.928937288816261869e-04 1.467675984097100783e-03 6.215930905865876821e-03 2.183466585497615201e-02 6.245004469501824057e-02 1.413744912753163163e-01 2.383439659588175163e-01 2.873932847210807773e-01 2.873932851039561753e-01 2.383439661682015542e-01 1.413744916772619875e-01 6.245004503013432129e-02 2.183466617132518925e-02 6.215931254587490906e-03 1.467675913900229898e-03 2.928938581975113354e-04 5.036029203334584168e-05 7.595379212623825078e-06 1.020845489460788022e-06 1.239392156451238719e-07 1.374970584817306945e-08 1.407519834903722695e-09 1.340658083795814401e-10 1.196858633206841252e-11 1.008084014548589503e-12 8.063445105623932612e-14 6.171762862009655702e-15 4.569253803768371339e-16 3.331296006083484770e-17 2.466220801938794883e-18 1.940567564920618480e-19 1.689031872236061108e-20 0.000000000000000000e+00
0.000000000000000000e+00 2.936502895738621474e-20 4.786228591314621001e-19 7.517172552115655717e-18 1.138739742414158363e-16 1.659138065829521883e-15 2.317669208214236749e-14 3.092894335748237390e-13 3.926763453457159863e-12 4.720664285170561745e-11 5.344207869284031461e-10 5.660946268093244576e-09 5.568386501248832043e-08 5.040727285392050104e-07 4.154078839600984873e-06 3.075927314259183185e-05 2.013938196381630740e-04 1.143467175762925706e-03 5.500344896671602313e-03 2.183466585497615201e-02 6.976329034032870136e-02 1.768067174299023936e-01 3.544204745282791280e-01 5.430575154952890227e-01 6.333094521213514794e-01 6.333094521001413346e-01 5.430575155039873980e-01 3.544204742742411152e-01 1.768067170058294502e-01 6.976328984913149345e-02 2.183466579143341149e-02 5.500344986992549215e-03 1.143466995016381672e-03 2.013937977342360511e-04 3.075922630140274193e-05 4.154065630999699423e-06 5.040666556820740507e-07 5.568212115000265689e-08 5.660443087984194617e-09 5.342964810616516164e-10 4.717818162066117773e-11 3.920787205007626924e-12 3.081218886523807662e-13 2.296325638814730947e-14 1.622406643676398372e-15 1.078929341022057391e-16 6.591805469013837404e-18 3.420970031523341729e-19 1.028754454500978141e-20 0.000000000000000000e+00
0.000000000000000000e+00 8.620120561258522203e-20 1.421498510619695836e-18 2.259195257505863960e-17 3.463194909072215146e-16 5.105966772611054071e-15 7.216818591138471289e-14 9.742561125834623504e-13 1.250879772603280494e-11 1.519979989626376801e-10 1.738003304640900976e-09 1.857445567800053217e-08 1.840507123665944557e-07 1.674524689465868443e-06 1.382342728705486916e-05 1.020228940111602475e-04 6.607777633566959755e-04 3.667454332723954404e-03 1.691926701895763233e-02 6.245004469501826833e-02 1.768067174299023658e-01 3.743206404700941681e-01 6.127920838359026678e-01 7.897371186988464409e-01 8.633034753278104878e-01 8.633034748402425018e-01 7.897371179150013409e-01 6.127920830827092713e-01 3.743206397850746270e-01 1.768067167501264914e-01 6.245004405685339322e-02 1.691926693614790103e-02 3.667454432313317202e-03 6.607778016928228916e-04 1.020229456932837805e-04 1.382344200846333337e-05 1.674531577162617306e-06 1.840525643552856342e-07 1.857499247424665988e-08 1.738130925524904166e-09 1.520267744782725501e-10 1.251470182150017765e-11 9.753880683362970498e-13 7.237128103978972900e-14 5.140306263535663516e-15 3.518169172116197954e-16 2.342864455743122413e-17 1.542994049075981809e-18 1.029265254998963217e-19 0.000000000000000000e+00
0.000000000000000000e+00 1.985002759823439670e-19 3.305901488953330670e-18 5.307151107969383394e-17 8.218340508083885114e-16 1.224050907300357523e-14 1.747726866815229420e-13 2.383237410726729918e-12 3.090236507187612708e-11 3.790995292199319131e-10 4.373980174865542494e-09 4.713127435911210673e-08 4.703063608081210065e-07 4.301489835279596149e-06 3.560215523938807850e-05 2.623841671395124630e-04 1.686272468856894443e-03 9.192004522142022474e-03 4.092927703651468713e-02 1.413744912753162331e-01 3.544204745282787949e-01 6.127920838359026678e-01 8.130161010188693416e-01 9.207107306578834471e-01 9.590778726497770634e-01 9.590778725029914797e-01 9.207107302292844020e-01 8.130161007378674531e-01 6.127920838716593988e-01 3.544204747061533434e-01 1.413744909794045490e-01 4.092927667827968297e-02 9.192004555264223636e-03 1.686272436943268621e-03 2.623841879588460248e-04 3.560216351119166293e-05 4.301494011697245127e-06 4.703078655330794095e-07 4.713172404674103775e-08 4.374103284829688552e-09 3.791291014739091744e-10 3.090893980124157392e-11 2.384580774293335691e-12 1.750289233973821916e-13 1.228634735574128573e-14 8.295731604957057087e-16 5.431051976556517014e-17 3.494722909052752321e-18 2.256955404479510769e-19 0.000000000000000000e+00
0.000000000000000000e+00 3.418891354191054025e-19 5.729574851947431752e-18 9.256675819388762156e-17 1.442668900233246086e-15 2.162659716641814919e-14 3.107929951204624214e-13 4.265365790485844152e-12 5.565790071133600437e-11 6.869896538716812210e-10 7.972540001619423035e-09 8.636448167672303962e-08 8.657288900512036784e-07 7.945017114613140246e-06 6.586663041440176140e-05 4.849111233144567153e-04 3.099645915244997243e-03 1.668561602212671052e-02 7.245206160755869595e-02 2.383439659588174608e-01 5.430575154952885786e-01 7.897371186988461078e-01 9.207107306578822259e-01 9.734077127209074254e-01 9.892369462656995793e-01 9.892369467178731002e-01 9.734077138942348606e-01 9.207107315961550187e-01 7.897371199545318854e-01 5.430575169184747031e-01 2.383439667059564782e-01 7.245206161444416038e-02 1.668561560961626111e-02 3.099645738591357176e-03 4.849109709613080095e-04 6.586658184929713262e-05 7.944996718954028784e-06 8.657231762799145633e-07 8.636285413972907318e-08 7.972146788107960824e-09 6.869004061306950177e-10 5.563935800291634700e-11 4.261766756175732540e-12 3.101384763904851141e-13 2.151436370847314997e-14 1.424438620845526737e-15 8.975034596052210760e-17 5.314348791666258663e-18 2.838587812288137920e-19 0.000000000000000000e+00
0.000000000000000000e+00 4.316687898105550410e-19 7.240079437376386904e-18 1.170565213703170240e-16 1.825506734041646563e-15 2.737987418638685747e-14 3.936260961319914049e-13 5.403453898731889098e-12 7.051264990430593269e-11 8.702064000569211174e-10 1.009462080769540380e-08 1.092729430053064962e-07 1.094140617642877351e-06 1.002488122109144303e-05 8.291813313575075014e-05 6.084663450035215177e-04 3.871461154425520634e-03 2.069875880444729810e-02 8.893197565906255098e-02 2.873932847210806107e-01 6.333094521213507022e-01 8.633034753278100437e-01 9.590778726497771745e-01 9.892369462656989132e-01 9.967241028583971874e-01 9.967241037430087935e-01 9.892369481363283423e-01 9.590778746926437170e-01 8.633034775177396147e-01 6.333094544330376552e-01 2.873932866552885157e-01 8.893197660291950191e-02 2.069875911017775641e-02 3.871461276580361564e-03 6.084663497741365189e-04 8.291813075111922253e-05 1.002487756587015883e-05 1.094139024187131530e-06 1.092724019018770463e-07 1.009446050471950097e-08 8.701656726238993625e-10 7.050314401695074779e-11 5.401434544288631838e-12 3.932269414459355934e-13 2.730616491339881062e-14 1.812689455057758006e-15 1.149472784652515312e-16 6.910180602396930306e-18 3.829865963651622530e-19 0.000000000000000000e+00
0.000000000000000000e+00 4.316677307610876148e-19 7.240077375917183853e-18 1.170565264675951591e-16 1.825506776318138990e-15 2.737987116284592647e-14 3.936261858738183812e-13 5.403452013885585600e-12 7.051268033796046555e-11 8.702060103883572099e-10 1.009462481423943274e-08 1.092729098869168196e-07 1.094140835615803157e-06 1.002488010654663947e-05 8.291813732767698878e-05 6.084663350237808511e-04 3.871461159391785447e-03 2.069875886825928851e-02 8.893197540835476311e-02 2.873932851039560088e-01 6.333094521001405575e-01 8.633034748402420577e-01 9.590778725029912577e-01 9.892369467178726561e-01 9.967241037430099038e-01 9.967241043581392956e-01 9.892369492488438665e-01 9.590778753736944884e-01 8.633034777606818366e-01 6.333094550364125608e-01 2.873932877294408383e-01 8.893197769091326643e-02 2.069875987691275829e-02 3.871461694164453002e-03 6.084665362743141249e-04 8.291820166608650743e-05 1.002490112291538934e-05 1.094145990666953954e-06 1.092742625799303193e-07 1.009491448792993893e-08 8.702677977400674546e-10 7.052448798224468304e-11 5.405605826398213559e-12 3.939934373830763600e-13 2.743923023706495852e-14 1.834604392336454018e-15 1.183838421414164333e-16 7.424826308240225381e-18 4.560689125269921624e-19 0.000000000000000000e+00
0.000000000000000000e+00 3.418864832103385609e-19 5.729567009665426426e-18 9.256678703653017152e-17 1.442668925407946823e-15 2.162658908519351982e-14 3.107932549338143250e-13 4.265360118349172610e-12 5.565799568564985876e-11 6.869883869189662370e-10 7.972553687718968228e-09 8.636436127947287385e-08 8.657297508127075229e-07 7.945012160835499129e-06 6.586665293354273230e-05 4.849110451352468105e-04 3.099646109907787904e-03 1.668561572022249362e-02 7.245206177353134824e-02 2.383439661682014155e-01 5.430575155039869539e-01 7.897371179150010079e-01 9.207107302292842910e-01 9.734077138942338614e-01 9.892369481363280093e-01 9.892369492488437555e-01 9.734077158575253907e-01 9.207107332556531132e-01 7.897371210113132145e-01 5.430575184382978593e-01 2.383439692708998470e-01 7.245206440901898193e-02 1.668561772181174907e-02 3.099646952484310346e-03 4.849115348310144161e-04 6.586680237384505529e-05 7.945071442206418457e-06 8.657455796697775224e-07 8.636889362067362894e-08 7.973629272694496750e-09 6.872351372531247385e-10 5.570946176018221387e-11 4.275480418388715047e-12 3.126590409932488575e-13 2.195185980257057282e-14 1.496464458782647058e-15 1.010406553943047934e-16 7.004704485519084801e-18 5.238890367350855287e-19 0.000000000000000000e+00
0.000000000000000000e+00 1.984968041275586193e-19 3.305893662442090042e-18 5.307154035172147277e-17 8.218340723148995485e-16 1.224050023787696070e-14 1.747729762588191448e-13 2.383231019169866576e-12 3.090247301987553838e-11 3.790980779547658902e-10 4.373995967579916885e-09 4.713113445078561742e-08 4.703073677468210733e-07 4.301484004596136938e-06 3.560218188278213282e-05 2.623840743444121916e-04 1.686272699443062007e-03 9.192004172535140835e-03 4.092927718359402195e-02 1.413744916772618765e-01 3.544204742742410597e-01 6.127920830827089382e-01 8.130161007378672311e-01 9.207107315961546856e-01 9.590778746926432730e-01 9.590778753736937112e-01 9.207107332556525581e-01 8.130161044294889061e-01 6.127920869885523647e-01 3.544204777800420425e-01 1.413744946960534266e-01 4.092928034246347269e-02 9.192007261350273323e-03 1.686273993660685703e-03 2.623849180714500260e-04 3.560245282006308491e-05 4.301593485319503802e-06 4.703381488142422573e-07 4.714001584063995821e-08 4.376170759641587883e-09 3.796032863453609951e-10 3.100981250360252964e-11 2.404622487667393940e-12 1.787699528920746716e-13 1.294573356152413842e-14 9.397996981390426726e-16 7.185319457467155749e-17 6.161070877427179853e-18 6.098914111008048267e-19 0.000000000000000000e+00
0.000000000000000000e+00 8.619632010081091631e-20 1.421502722268743801e-18 2.259191889939960624e-17 3.463197596534263057e-16 5.105959794085401649e-15 7.216838677864925578e-14 9.742516597459788547e-13 1.250887448560383785e-11 1.519969421733148861e-10 1.738015106370328260e-09 1.857434810443003348e-08 1.840515117165242405e-07 1.674519888211850305e-06 1.382345019514552422e-05 1.020228098550014263e-04 6.607779880019144184e-04 3.667453949533366637e-03 1.691926727392614391e-02 6.245004503013428659e-02 1.768067170058293391e-01 3.743206397850744049e-01 6.127920838716592877e-01 7.897371199545318854e-01 8.633034775177396147e-01 8.633034777606811705e-01 7.897371210113122153e-01 6.127920869885521427e-01 3.743206429486528042e-01 1.768067197810588020e-01 6.245004794668283787e-02 1.691927099330035877e-02 3.667457546728249747e-03 6.607796445948259855e-04 1.020238296017950656e-04 1.382379893472341807e-05 1.674656351188666200e-06 1.840911223258697972e-07 1.858569603054994476e-08 1.740834110381832136e-09 1.526542606101285372e-10 1.264971342853319514e-11 1.002504607101653378e-12 7.748556480881980249e-14 6.050733005942334447e-15 5.054695985401964083e-16 4.810906938847647615e-17 5.327808200277838000e-18 6.528501799032661716e-19 0.000000000000000000e+00
0.000000000000000000e+00 2.936052949810499166e-20 4.786311428445556225e-19 7.517123301724241047e-18 1.138742471368525552e-16 1.659133780169341726e-15 2.317681021080427878e-14 3.092866971806780719e-13 3.926812956854499993e-12 4.720592911882669220e-11 5.344291202118529416e-10 5.660866930045206546e-09 5.568448050820430174e-08 5.040688688647595565e-07 4.154098075262512947e-06 3.075919923326682158e-05 2.013940266427021537e-04 1.143466801875949856e-03 5.500345175347770392e-03 2.183466617132517190e-02 6.976328984913150733e-02 1.768067167501265469e-01 3.544204747061532879e-01 5.430575169184749251e-01 6.333094544330377662e-01 6.333094550364122277e-01 5.430575184382973042e-01 3.544204777800420980e-01 1.768067197810587465e-01 6.976329274027147365e-02 2.183466974330164692e-02 5.500349156381221204e-03 1.143470190033244946e-03 2.013956812920046017e-04 3.076012672746304721e-05 4.154428347594475678e-06 5.041932605468419137e-07 5.572121683633571108e-08 5.671295832426414679e-09 5.370390256625101882e-10 4.781554222610991211e-11 4.058148416788842137e-12 3.357673837626666236e-13 2.819007086520683933e-14 2.555461274523846794e-15 2.658519971262880977e-16 3.204947142293552454e-17 4.260230999088815726e-18 5.816824906480105635e-19 0.000000000000000000e+00
0.000000000000000000e+00 8.188486324783440262e-21 1.318908107239215415e-19 2.045246655853714206e-18 3.059728368241842449e-17 4.402714072690523380e-16 6.075267053080936842e-15 8.010617748342426143e-14 1.005415474942900692e-12 1.195547762156988325e-11 1.340137982999708384e-10 1.407259891632552902e-09 1.374918548492938546e-08 1.239349071586773401e-07 1.020846840237504555e-06 7.595330929979130919e-06 5.036034141568307068e-05 2.928936708906514801e-04 1.467675882506205582e-03 6.215931254587486569e-03 2.183466579143339761e-02 6.245004405685335158e-02 1.413744909794045490e-01 2.383439667059564226e-01 2.873932866552887377e-01 2.873932877294406163e-01 2.383439692708999025e-01 1.413744946960534266e-01 6.245004794668281012e-02 2.183466974330162610e-02 6.215935351957544396e-03 1.467679548349359354e-03 2.928963487863190090e-04 5.036166248512101591e-05 7.596007083098885335e-06 1.021091950747280709e-06 1.240239578488364944e-07 1.377567274038672974e-08 1.414708864876861115e-09 1.358841623593132594e-10 1.239263998060739919e-11 1.099964203220596707e-12 9.925093295384445128e-14 9.718758494694114897e-15 1.095481288401613553e-15 1.423905006348219504e-16 2.021109888513187817e-17 2.951511485716442854e-18 4.228649623710986759e-19 0.000000000000000000e+00
0.000000000000000000e+00 1.932945327010396761e-21 3.078457229321442073e-20 4.711041911445140956e-19 6.959700842523394818e-18 9.888867144880955926e-17 1.347891356573362417e-15 1.756159846436288903e-14 2.179270900320619757e-13 2.563873297430525335e-12 2.846663829474190465e-11 2.964799822408809876e-10 2.878877269827064170e-09 2.585812395300136990e-08 2.130338350410311071e-07 1.593371125343200847e-06 1.069539556522219455e-05 6.357775713207546432e-05 3.297464847367647897e-04 1.467675913900228163e-03 5.500344986992547480e-03 1.691926693614789062e-02 4.092927667827967603e-02 7.245206161444417425e-02 8.893197660291944640e-02 8.893197769091325255e-02 7.245206440901896805e-02 4.092928034246347269e-02 1.691927099330035530e-02 5.500349156381217734e-03 1.467679548349359138e-03 3.297492737982839618e-04 6.357954786033306394e-05 1.069626420740853230e-05 1.593782567869945257e-06 2.131833292194075394e-07 2.591071584346365433e-08 2.894526612199011606e-09 3.008400083788313205e-10 2.956211881564920480e-11 2.819881061509007439e-12 2.734471805062128142e-13 2.884370932127378434e-14 3.505032923242522375e-15 4.888961931010016794e-16 7.390086623202186699e-17 1.141874048646986934e-17 1.741560358364555473e-18 2.552609175514267483e-19 0.000000000000000000e+00
0.000000000000000000e+00 3.956592439200863199e-22 6.250193771442695728e-21 9.430590697263811142e-20 1.376372390934104411e-18 1.931142289885474755e-17 2.600668981407570726e-16 3.348858058380835089e-15 4.110098584110739237e-14 4.785653970779158436e-13 5.265381411169038863e-12 5.441145535400474103e-11 5.253314305647422039e-10 4.702976536075689862e-09 3.875288223785294470e-08 2.911736355089187128e-07 1.974755095253115021e-06 1.194553499972488553e-05 6.357780470773723115e-05 2.928938581975112270e-04 1.143466995016381021e-03 3.667454432313314167e-03 9.192004555264214963e-03 1.668561560961626805e-02 2.069875911017774947e-02 2.069875987691275482e-02 1.668561772181175948e-02 9.192007261350271588e-03 3.667457546728248446e-03 1.143470190033244946e-03 2.928963487863190090e-04 6.357954786033309105e-05 1.194655290056683099e-05 1.975236543545266717e-06 2.913880182956236315e-07 3.883028630700947679e-08 4.729460994552987781e-09 5.331840120954570337e-10 5.657963510437705148e-11 5.809588318799082876e-12 6.056501045989059060e-13 6.871366502605343251e-14 8.976735285494491209e-15 1.340576709064511727e-15 2.156363147975261158e-16 3.526343828368589994e-17 5.670405074247734142e-18 8.833487391643033228e-19 1.311453531726199151e-19 0.000000000000000000e+00
0.000000000000000000e+00 7.130235894848087164e-23 1.127717207658433054e-21 1.673232521514583685e-20 2.415599286239850476e-19 3.346281758213561306e-18 4.454167320123962191e-17 5.669985665981368458e-16 6.884978449972738142e-15 7.936139797674539312e-14 8.655828017103022767e-13 8.876507133259947782e-12 8.522593014923291016e-11 7.602879809939643829e-10 6.262022331256063101e-09 4.719309459761654674e-08 3.224483552655273529e-07 1.974740079976663434e-06 1.069535604084687699e-05 5.036029203334582813e-05 2.013937977342360511e-04 6.607778016928230001e-04 1.686272436943268187e-03 3.099645738591358043e-03 3.871461276580358962e-03 3.871461694164449966e-03 3.099646952484311213e-03 1.686273993660685486e-03 6.607796445948262024e-04 2.013956812920046830e-04 5.036166248512106335e-05 1.069626420740854924e-05 1.975236543545267988e-06 3.226775384917832438e-07 4.729044352709517053e-08 6.296826333491047582e-09 7.719236865943957324e-10 8.865698267488648690e-11 9.816057108414409176e-12 1.100952491709259898e-12 1.342690018659496695e-13 1.883109910171803612e-14 3.008035660095693815e-15 5.149506444184648535e-16 8.921191144416549016e-17 1.514133135201399335e-17 2.482930901390760573e-18 3.915104541340487898e-19 5.864504111866520262e-20 0.000000000000000000e+00
0.000000000000000000e+00 1.133278807511350901e-23 1.843829558277438214e-22 2.668994479180166055e-21 3.824349588355881193e-20 5.226129413676353325e-19 6.880201614601684642e-18 8.659102667201014464e-17 1.040670679274865530e-15 1.187656715210090871e-14 1.284464747240131200e-13 1.307026417847847752e-12 1.247873867478196343e-11 1.108584239824929295e-10 9.117180349389957041e-10 6.878286887251667017e-09 4.719523088748214599e-08 2.911775987172872588e-07 1.593380023308332403e-06 7.595379212623826772e-06 3.075922630140276903e-05 1.020229456932838347e-04 2.623841879588459164e-04 4.849109709613080637e-04 6.084663497741359768e-04 6.084665362743135828e-04 4.849115348310143077e-04 2.623849180714499718e-04 1.020238296017951605e-04 3.076012672746307431e-05 7.596007083098895499e-06 1.593782567869947798e-06 2.913880182956241609e-07 4.729044352709522347e-08 6.917340484665913754e-09 9.255376788642368637e-10 1.153931901657109353e-10 1.380799391511962632e-11 1.668415169100450850e-12 2.187795260802101144e-13 3.292777304456158035e-14 5.625574561685218691e-15 1.025618487713014301e-15 1.884622165884949685e-16 3.381117783143996963e-17 5.843807360356290778e-18 9.690358037963198211e-19 1.540907640647368832e-19 2.324994495087075650e-20 0.000000000000000000e+00
0.000000000000000000e+00 1.541218219567066064e-24 2.794591730761521699e-23 3.858814341620782105e-22 5.539225958032353676e-21 7.444898916393475950e-20 9.707001720341895230e-19 1.207628805966999422e-17 1.437016454320537167e-16 1.623599624824960900e-15 1.741567226461379148e-14 1.757778373594745377e-13 1.668484606120973969e-12 1.474689860155516791e-11 1.209545317660737480e-10 9.115362343387024118e-10 6.261818327212831881e-09 3.875173583110355970e-08 2.130284986124744365e-07 1.020845489460788445e-06 4.154065630999700270e-06 1.382344200846334014e-05 3.560216351119167648e-05 6.586658184929713262e-05 8.291813075111914122e-05 8.291820166608643967e-05 6.586680237384506884e-05 3.560245282006309846e-05 1.382379893472343331e-05 4.154428347594480761e-06 1.021091950747282403e-06 2.131833292194078835e-07 3.883028630700954297e-08 6.296826333491058335e-09 9.255376788642375875e-10 1.258643542100264422e-10 1.633482011770729434e-11 2.131412775952661740e-12 3.008947702931794665e-13 4.862688752294124782e-14 8.891225458804317952e-15 1.728186973821963971e-15 3.373118581007399271e-16 6.406916464074991003e-17 1.169007997093408989e-17 2.041174646686841148e-18 3.410821254566473991e-19 5.461113859485875369e-20 8.294103958713274130e-21 0.000000000000000000e+00
0.000000000000000000e+00 1.535847427687087556e-25 4.068538162055945228e-24 5.044889052613929537e-23 7.446474585905464924e-22 9.756516742262292741e-21 1.264125255890920430e-19 1.553133294252475193e-18 1.830930608257400780e-17 2.047301851674024884e-16 2.178658942169560740e-15 2.179583515052618252e-14 2.056495013619806478e-13 1.806204363682753783e-12 1.475717602639961227e-11 1.108617217904940640e-10 7.603911157161382340e-10 4.703302884398897787e-09 2.585814280101954132e-08 1.239392156451239513e-07 5.040666556820741566e-07 1.674531577162617729e-06 4.301494011697245974e-06 7.944996718954028784e-06 1.002487756587015036e-05 1.002490112291537917e-05 7.945071442206418457e-06 4.301593485319507190e-06 1.674656351188669164e-06 5.041932605468429725e-07 1.240239578488367855e-07 2.591071584346372712e-08 4.729460994552998534e-09 7.719236865943973867e-10 1.153931901657110904e-10 1.633482011770730080e-11 2.310962780771621691e-12 3.521507645811803172e-13 6.121348811369303359e-14 1.199674370265033312e-14 2.490046809515350765e-15 5.171387358725737288e-16 1.041770444795246502e-16 2.010116314161781668e-17 3.701848642654952967e-18 6.508597320261299923e-19 1.094399445059412268e-19 1.763163642744635446e-20 2.694507531651424306e-21 0.000000000000000000e+00
0.000000000000000000e+00 -7.869784640536514422e-28 6.055074139365861273e-25 5.792592526439803052e-24 9.474823757905960860e-23 1.180830791463784524e-21 1.534185233706708425e-20 1.856196537543911325e-19 2.170309969202237062e-18 2.399925004456076306e-17 2.534861675689744999e-16 2.510899400733833860e-15 2.355028985988236462e-14 2.052418214541296647e-13 1.668734950571969069e-12 1.247220813910284052e-11 8.521654709323931509e-11 5.253241033621204387e-10 2.878537716032572168e-09 1.374970584817306945e-08 5.568212115000263042e-08 1.840525643552855812e-07 4.703078655330794625e-07 8.657231762799141397e-07 1.094139024187130260e-06 1.094145990666952471e-06 8.657455796697776283e-07 4.703381488142425220e-07 1.840911223258699824e-07 5.572121683633582358e-08 1.377567274038676118e-08 2.894526612199020292e-09 5.331840120954583779e-10 8.865698267488671954e-11 1.380799391511965056e-11 2.131412775952663355e-12 3.521507645811804686e-13 6.605410533703428932e-14 1.391184286658667809e-14 3.090890102625295962e-15 6.845727194521203263e-16 1.465703707953692451e-16 2.996581173220698622e-17 5.831070243678140355e-18 1.080542025272786564e-18 1.910498490227819592e-19 3.230653442151548451e-20 5.235762804231539427e-21 8.050206071472765268e-22 0.000000000000000000e+00
0.000000000000000000e+00 -6.634189123876083386e-27 1.005017593169404746e-25 5.129923267860476747e-25 1.180929514330964443e-23 1.312997356020884821e-22 1.753532503635427122e-21 2.072901601757618587e-20 2.410459682125631859e-19 2.632007053778392019e-18 2.761830586418931885e-17 2.704258034427553959e-16 2.522620932129658783e-15 2.177537642186586341e-14 1.760753226746413329e-13 1.306912045165620563e-12 8.877922994663701878e-12 5.442723933622034458e-11 2.964317277755505831e-10 1.407519834903723316e-09 5.660443087984192135e-09 1.857499247424665326e-08 4.713172404674101128e-08 8.636285413972900701e-08 1.092724019018768742e-07 1.092742625799302001e-07 8.636889362067360247e-08 4.714001584064000454e-08 1.858569603054995138e-08 5.671295832426424605e-09 1.414708864876864838e-09 3.008400083788323545e-10 5.657963510437723889e-11 9.816057108414441488e-12 1.668415169100454889e-12 3.008947702931798199e-13 6.121348811369312194e-14 1.391184286658669071e-14 3.320165875794048872e-15 7.866031494887995233e-16 1.794753992541008290e-16 3.897121175025813889e-17 8.029936373772601461e-18 1.571318884746184951e-18 2.926491509652851302e-19 5.200921084582641887e-20 8.842845049839408896e-21 1.441518427145105799e-21 2.229902089064825993e-22 0.000000000000000000e+00
0.000000000000000000e+00 -2.686454700707621123e-27 1.968331242607038099e-26 7.898116848001740772e-27 1.533564184812790537e-24 1.302135541138322888e-23 1.916438513928237761e-22 2.168579605294229412e-21 2.525102583697319512e-20 2.714352800476365623e-19 2.834815692358257349e-18 2.736815886447400048e-17 2.542669987994574235e-16 2.168692575644564513e-15 1.743848652867992541e-14 1.283262440311747875e-13 8.652375738357020605e-13 5.267732851659417044e-12 2.844909490754195525e-11 1.340658083795814918e-10 5.342964810616515130e-10 1.738130925524904166e-09 4.374103284829687725e-09 7.972146788107954206e-09 1.009446050471948442e-08 1.009491448792992735e-08 7.973629272694493442e-09 4.376170759641587883e-09 1.740834110381832756e-09 5.370390256625111188e-10 1.358841623593135955e-10 2.956211881564932113e-11 5.809588318799103879e-12 1.100952491709263735e-12 2.187795260802105688e-13 4.862688752294132355e-14 1.199674370265034574e-14 3.090890102625297934e-15 7.866031494887997205e-16 1.919363174953528365e-16 4.439754642089734954e-17 9.711835640642579372e-18 2.011424755906461015e-18 3.954103355659932932e-19 7.398872490915708362e-20 1.321543700861499063e-20 2.259232388033179092e-21 3.704678754565678905e-22 5.766372151003517154e-23 0.000000000000000000e+00
0.000000000000000000e+00 -8.225487228767055757e-28 4.403940704525086478e-27 -1.250535540054290813e-26 2.253288837061294827e-25 1.022181559979622915e-24 2.057881880435311841e-23 2.118491772549594422e-22 2.512435920278847773e-21 2.642599262929400379e-20 2.756310386221525155e-19 2.613216148563658223e-18 2.424994530803917053e-17 2.036579628210722428e-16 1.629727776840149372e-15 1.187113294006540322e-14 7.931091828239537029e-14 4.793047820337218445e-13 2.560331123287844073e-12 1.196858633206841575e-11 4.717818162066118419e-11 1.520267744782726535e-10 3.791291014739091744e-10 6.869004061306950177e-10 8.701656726238981217e-10 8.702677977400667308e-10 6.872351372531247385e-10 3.796032863453607883e-10 1.526542606101284855e-10 4.781554222610999612e-11 1.239263998060742989e-11 2.819881061509019152e-12 6.056501045989080265e-13 1.342690018659499976e-13 3.292777304456161821e-14 8.891225458804322686e-15 2.490046809515351949e-15 6.845727194521203263e-16 1.794753992541008290e-16 4.439754642089736186e-17 1.034427188001120209e-17 2.273906238407782523e-18 4.729758119112328820e-19 9.338486413238004805e-20 1.755619571423892507e-20 3.151866160531686832e-21 5.418388725947683966e-22 8.939081994628297498e-23 1.400339851562741482e-23 0.000000000000000000e+00
0.000000000000000000e+00 -2.223756172049422181e-28 1.040234672947912824e-27 -4.656688195882322976e-27 3.918967570856756422e-26 2.202025227630546378e-26 2.280080445098001253e-24 1.900737097565996111e-23 2.394970406450403351e-22 2.435357825132424695e-21 2.551910507757866277e-20 2.361165979969900577e-19 2.200134499888832297e-18 1.809762572316333647e-17 1.444084977902267717e-16 1.039750981782937472e-15 6.867472377877567280e-15 4.124892111761465456e-14 2.171407679153933020e-13 1.008084014548588695e-12 3.920787205007629347e-12 1.251470182150017926e-11 3.090893980124158038e-11 5.563935800291632761e-11 7.050314401695067024e-11 7.052448798224460549e-11 5.570946176018222033e-11 3.100981250360249087e-11 1.264971342853318222e-11 4.058148416788846175e-12 1.099964203220598727e-12 2.734471805062134705e-13 6.871366502605360922e-14 1.883109910171805821e-14 5.625574561685223424e-15 1.728186973821964168e-15 5.171387358725740246e-16 1.465703707953693437e-16 3.897121175025814505e-17 9.711835640642580913e-18 2.273906238407782523e-18 5.019548842865205377e-19 1.048454860815307052e-19 2.079358681735250065e-20 3.928247752480726218e-21 7.090029858474237352e-22 1.225957989732941885e-22 2.035423238212390208e-23 3.210344633789054164e-24 0.000000000000000000e+00
0.000000000000000000e+00 -5.546619236024324602e-29 2.444444948075641026e-28 -1.263660197642701960e-27 7.749434490232520109e-27 -1.610208750240856645e-26 2.789776584608614519e-25 1.483888885033660436e-24 2.212468018274028642e-23 2.129113722573863612e-22 2.260132028074524564e-21 2.022787964285714596e-20 1.909359896373710057e-19 1.525718811955030832e-18 1.218483635680731814e-17 8.664543597356940391e-17 5.633861406955257177e-16 3.379225153017089225e-15 1.740954714735833161e-14 8.063445105623922514e-14 3.081218886523810692e-13 9.753880683362968478e-13 2.384580774293338115e-12 4.261766756175731732e-12 5.401434544288626991e-12 5.405605826398208713e-12 4.275480418388715855e-12 2.404622487667392325e-12 1.002504607101651964e-12 3.357673837626667750e-13 9.925093295384459012e-14 2.884370932127383483e-14 8.976735285494494365e-15 3.008035660095695392e-15 1.025618487713013907e-15 3.373118581007398778e-16 1.041770444795246625e-16 2.996581173220699239e-17 8.029936373772604542e-18 2.011424755906462170e-18 4.729758119112331709e-19 1.048454860815307052e-19 2.199603264310345257e-20 4.383126189878060521e-21 8.323275498912651886e-22 1.510735182982129441e-22 2.628403919988736744e-23 4.393526199201383192e-24 6.981044911368793868e-25 0.000000000000000000e+00
0.000000000000000000e+00 -1.298359468566564341e-29 5.553511843906014485e-29 -3.014835423074260290e-28 1.611394579057747088e-27 -5.423097986529616718e-27 3.942542964418742374e-26 8.194788611763795909e-26 2.004541083996928713e-24 1.776281759707962374e-23 1.918106561776371480e-22 1.646005210896875245e-21 1.593860348432830075e-20 1.222085694895579641e-19 9.827252817393834319e-19 6.907575932807449189e-18 4.381084538609182839e-17 2.656640129288427141e-16 1.319873229644558897e-15 6.171762862009645446e-15 2.296325638814735049e-14 7.237128103978967851e-14 1.750289233973824440e-13 3.101384763904853160e-13 3.932269414459356439e-13 3.939934373830759561e-13 3.126590409932489080e-13 1.787699528920745201e-13 7.748556480881972676e-14 2.819007086520685511e-14 9.718758494694132252e-15 3.505032923242525136e-15 1.340576709064511530e-15 5.149506444184649521e-16 1.884622165884947712e-16 6.406916464074989770e-17 2.010116314161782284e-17 5.831070243678144207e-18 1.571318884746185143e-18 3.954103355659935339e-19 9.338486413238009620e-20 2.079358681735250065e-20 4.383126189878060521e-21 8.778898112026190454e-22 1.676305687788659891e-22 3.061045847599749969e-23 5.361178897121920341e-24 9.027959742182172399e-25 1.446356698328719377e-25 0.000000000000000000e+00
0.000000000000000000e+00 -2.875714098778684322e-30 1.206961551612389202e-29 -6.642207646879010178e-29 3.328870746583774503e-28 -1.286649923193984102e-27 6.268288124530943007e-27 -1.354185434686548176e-27 1.771068288799944743e-25 1.456804817243250595e-24 1.542873175136672668e-23 1.280225558472709577e-22 1.285511561963376584e-21 9.306153545082905335e-21 7.596240202400322219e-20 5.308072931551565179e-19 3.215053032239793947e-18 2.028851309145652370e-17 9.406026024869225497e-17 4.569253803768358520e-16 1.622406643676402514e-15 5.140306263535655628e-15 1.228634735574130624e-14 2.151436370847317522e-14 2.730616491339881378e-14 2.743923023706493959e-14 2.195185980257058228e-14 1.294573356152413368e-14 6.050733005942334447e-15 2.555461274523848372e-15 1.095481288401615722e-15 4.888961931010017780e-16 2.156363147975261158e-16 8.921191144416549016e-17 3.381117783143993882e-17 1.169007997093408989e-17 3.701848642654954508e-18 1.080542025272786950e-18 2.926491509652851302e-19 7.398872490915709566e-20 1.755619571423893409e-20 3.928247752480725465e-21 8.323275498912653767e-22 1.676305687788661066e-22 3.220108857213809595e-23 5.918918217323365653e-24 1.044257210883513521e-24 1.773040518189513103e-25 2.867504792784152396e-26 0.000000000000000000e+00
0.000000000000000000e+00 -6.055472706515858887e-31 2.502340134734518636e-30 -1.375493785223584423e-29 6.642254157339790356e-29 -2.649732253823984557e-28 1.040366628838742422e-27 -1.311359766340210626e-27 1.381889759329496775e-26 1.320220133331888412e-25 1.103472824986487272e-24 9.803228627090127236e-24 9.996796356710340152e-23 6.749467744371472092e-22 5.627101640090730713e-21 3.980762959219017026e-20 2.191130128140381081e-19 1.536191305275583773e-18 6.171275335222015430e-18 3.331296006083471828e-17 1.078929341022061951e-16 3.518169172116189572e-16 8.295731604957076809e-16 1.424438620845528710e-15 1.812689455057759583e-15 1.834604392336454807e-15 1.496464458782648635e-15 9.397996981390430670e-16 5.054695985401964083e-16 2.658519971262882949e-16 1.423905006348220243e-16 7.390086623202184234e-17 3.526343828368589994e-17 1.514133135201399643e-17 5.843807360356286156e-18 2.041174646686841533e-18 6.508597320261297034e-19 1.910498490227819352e-19 5.200921084582641285e-20 1.321543700861498913e-20 3.151866160531687208e-21 7.090029858474237352e-22 1.510735182982129676e-22 3.061045847599752320e-23 5.918918217323366388e-24 1.095910527006998853e-24 1.949427882666550823e-25 3.341316530198493079e-26 5.464178233160966524e-27 0.000000000000000000e+00
0.000000000000000000e+00 -1.216156475390059350e-31 4.949511957315158950e-31 -2.697260842202036685e-30 1.264830858063380465e-29 -4.974444766869923209e-29 1.676797831385660508e-28 -2.230832832529628837e-28 3.792698369130668926e-28 1.686422722622216809e-26 4.723476083958754600e-26 8.233988593167087255e-25 7.284575272855813931e-24 4.722117874703340402e-23 3.962753656976595185e-22 2.979190105712626747e-21 1.321482206041235267e-20 1.192403758451338488e-19 3.490958559587379511e-19 2.466220801938782557e-18 6.591805469013882086e-18 2.342864455743113476e-17 5.431051976556535503e-17 8.975034596052226783e-17 1.149472784652516791e-16 1.183838421414166305e-16 1.010406553943050399e-16 7.185319457467161912e-17 4.810906938847649464e-17 3.204947142293551838e-17 2.021109888513188741e-17 1.141874048646986164e-17 5.670405074247734142e-18 2.482930901390759418e-18 9.690358037963188581e-19 3.410821254566474954e-19 1.094399445059412508e-19 3.230653442151549053e-20 8.842845049839410401e-21 2.259232388033179468e-21 5.418388725947683026e-22 1.225957989732942120e-22 2.628403919988737919e-23 5.361178897121924749e-24 1.044257210883514072e-24 1.949427882666550363e-25 3.500574130409775554e-26 6.066751789182988588e-27 1.005457098523357838e-27 0.000000000000000000e+00
0.000000000000000000e+00 -2.333723117376769254e-32 9.343938887044179585e-32 -5.023010371641746502e-31 2.285142728821762853e-30 -8.614646043160551493e-30 2.468079119979568591e-29 -1.350128381678136025e-29 -2.417099262615219680e-28 3.246450563549184506e-27 -6.620425696448322647e-27 9.437973713312576809e-26 4.312323157802837004e-25 3.379858004630922492e-24 2.566219620564274100e-23 2.311507215735033700e-22 5.889470530737934915e-22 9.923678760091732061e-21 1.274921649586927456e-20 1.940567564920607165e-19 3.420970031523384099e-19 1.542994049075972372e-18 3.494722909052770040e-18 5.314348791666265596e-18 6.910180602396944173e-18 7.424826308240254655e-18 7.004704485519112534e-18 6.161070877427188327e-18 5.327808200277844163e-18 4.260230999088813415e-18 2.951511485716442469e-18 1.741560358364555088e-18 8.833487391643033228e-19 3.915104541340485491e-19 1.540907640647369072e-19 5.461113859485876573e-20 1.763163642744634844e-20 5.235762804231535665e-21 1.441518427145105987e-21 3.704678754565679845e-22 8.939081994628296322e-23 2.035423238212390502e-23 4.393526199201381722e-24 9.027959742182176072e-25 1.773040518189514022e-25 3.341316530198491357e-26 6.066751789182985719e-27 1.065396820108334561e-27 1.794651561699170460e-28 0.000000000000000000e+00
0.000000000000000000e+00 -4.245064398010017968e-33 1.678109398785235232e-32 -8.849686279252873519e-32 3.880757662352969780e-31 -1.361880960774280362e-30 3.004609009485439113e-30 5.398085620585424017e-30 -9.717467277439295909e-29 7.457435508642018077e-28 -2.966489159492180312e-27 1.601030715471009349e-26 1.317306153779015563e-27 2.946999417338490616e-25 1.326697221109046537e-24 1.947946944172611443e-23 -3.338721182577841087e-24 9.129813503895738341e-22 -5.820540867850687146e-22 1.689031872236049974e-20 1.028754454501020270e-20 1.029265254998954069e-19 2.256955404479526658e-19 2.838587812288138401e-19 3.829865963651632641e-19 4.560689125269954365e-19 5.238890367350882250e-19 6.098914111008058860e-19 6.528501799032667493e-19 5.816824906480106598e-19 4.228649623710989167e-19 2.552609175514268446e-19 1.311453531726199151e-19 5.864504111866517855e-20 2.324994495087075951e-20 8.294103958713274130e-21 2.694507531651423177e-21 8.050206071472757745e-22 2.229902089064826464e-22 5.766372151003520681e-23 1.400339851562742069e-23 3.210344633789054531e-24 6.981044911368792031e-25 1.446356698328719606e-25 2.867504792784153544e-26 5.464178233160966524e-27 1.005457098523357479e-27 1.794651561699169563e-28 3.086330902138511641e-29 0.000000000000000000e+00
0.000000000000000000e+00 0.000000000000000000e+00 0.000000000000000000e+00 0.000000000000000000e+00 0.000000000000000000e+00 0.000000000000000000e+00 0.000000000000000000e+00 0.000000000000000000e+00 0.000000000000000000e+00 0.000000000000000000e+00 0.000000000000000000e+00 0.000000000000000000e+00 0.000000000000000000e+00 0.000000000000000000e+00 0.000000000000000000e+00 0.000000000000000000e+00 0.000000000000000000e+00 0.000000000000000000e+00 0.000000000000000000e+00 0.000000000000000000e+00 0.000000000000000000e+00 0.000000000000000000e+00 0.000000000000000000e+00 0.000000000000000000e+00 0.000000000000000000e+00 0.000000000000000000e+00 0.000000000000000000e+00 0.000000000000000000e+00 0.000000000000000000e+00 0.000000000000000000e+00 0.000000000000000000e+00 0.000000000000000000e+00 0.000000000000000000e+00 0.000000000000000000e+00 0.000000000000000000e+00 0.000000000000000000e+00 0.000000000000000000e+00 0.000000000000000000e+00 0.000000000000000000e+00 0.000000000000000000e+00 0.000000000000000000e+00 0.000000000000000000e+00 0.000000000000000000e+00 0.000000000000000000e+00 0.000000000000000000e+00 0.000000000000000000e+00 0.000000000000000000e+00 0.000000000000000000e+00 0.000000000000000000e+00 0.000000000000000000e+00
