0.000000000000000000e+00 0.000000000000000000e+00 0.000000000000000000e+00 0.000000000000000000e+00 0.000000000000000000e+00 0.000000000000000000e+00 0.000000000000000000e+00 0.000000000000000000e+00 0.000000000000000000e+00 0.000000000000000000e+00 0.000000000000000000e+00 0.000000000000000000e+00 0.000000000000000000e+00 0.000000000000000000e+00 0.000000000000000000e+00 0.000000000000000000e+00 0.000000000000000000e+00 0.000000000000000000e+00 0.000000000000000000e+00 0.000000000000000000e+00 0.000000000000000000e+00 0.000000000000000000e+00 0.000000000000000000e+00 0.000000000000000000e+00 0.000000000000000000e+00 0.000000000000000000e+00 0.000000000000000000e+00 0.000000000000000000e+00 0.000000000000000000e+00 0.000000000000000000e+00 0.000000000000000000e+00 0.000000000000000000e+00 0.000000000000000000e+00 0.000000000000000000e+00 0.000000000000000000e+00 0.000000000000000000e+00 0.000000000000000000e+00 0.000000000000000000e+00 0.000000000000000000e+00 0.000000000000000000e+00 0.000000000000000000e+00 0.000000000000000000e+00 0.000000000000000000e+00 0.000000000000000000e+00 0.000000000000000000e+00 0.000000000000000000e+00 0.000000000000000000e+00 0.000000000000000000e+00 0.000000000000000000e+00 0.000000000000000000e+00
0.000000000000000000e+00 1.248885354091740699e-07 2.680105946757541634e-07 4.500173063812148249e-07 6.945835960620595477e-07 1.030617676010986110e-06 1.494253081762244720e-06 2.129843512305550407e-06 2.990604980431079701e-06 4.138714462373264570e-06 5.643959572122354728e-06 7.580036816799163717e-06 1.001869016981579323e-05 1.302135881403552907e-05 1.662815583162331192e-05 2.084485585019477336e-05 2.562950508857289310e-05 3.088099253393169341e-05 3.643224852276480592e-05 4.205095691669377103e-05 4.745019555574232295e-05 5.230993522075620797e-05 5.630803670528138934e-05 5.915685897481857503e-05 6.063959356121156793e-05 6.063960998212385953e-05 5.915689182654165979e-05 5.630805789574128503e-05 5.230994111923009665e-05 4.745021072996361813e-05 4.205099865210128651e-05 3.643230108271568402e-05 3.088103253237179356e-05 2.562954053835368907e-05 2.084491646694952257e-05 1.662824034444148301e-05 1.302142865161625313e-05 1.001874023307041982e-05 7.580108977202951973e-06 5.644065919455677072e-06 4.138797298887977907e-06 2.990640909263617683e-06 2.129916261064572861e-06 1.494363296616159176e-06 1.030661769523883370e-06 6.945549980347947443e-07 4.500484930860687873e-07 2.680599818947546413e-07 1.247938889111303024e-07 0.000000000000000000e+00
0.000000000000000000e+00 2.680105946645541643e-07 5.763473801992770157e-07 9.696201801420242782e-07 1.499977216407782600e-06 2.231760407353503710e-06 3.245461496687746045e-06 4.640302906898736282e-06 6.536508385095265202e-06 9.075719901647467188e-06 1.241785518047246713e-05 1.673344471688593352e-05 2.219078313630514618e-05 2.893688903542054002e-05 3.707194788515102415e-05 4.661892900388048949e-05 5.749185385443516378e-05 6.946782730622244758e-05 8.216936449832528636e-05 9.506421617833628259e-05 1.074887769917714174e-04 1.186976185489733993e-04 1.279362638924969281e-04 1.345281968772321516e-04 1.379619780030639262e-04 1.379620077724089827e-04 1.345282632362752764e-04 1.279363234637234334e-04 1.186976545832718421e-04 1.074888160916543625e-04 9.506429109335454966e-05 8.216946542878191928e-05 6.946791293189093620e-05 5.749191470944452285e-05 4.661900972992993756e-05 3.707207668910322194e-05 2.893702260757481651e-05 2.219087181251110840e-05 1.673352360995055430e-05 1.241799100428046312e-05 9.075871397191776841e-06 6.536599623915293879e-06 4.640389604684484416e-06 3.245631575160124143e-06 2.231928484907407929e-06 1.500017758189026071e-06 9.696793114272599625e-07 5.764958464312894567e-07 2.680627243888465823e-07 0.000000000000000000e+00
0.000000000000000000e+00 4.500173063727085494e-07 9.696201801453791640e-07 1.635681197446667519e-06 2.539422972182816913e-06 3.794208517400511383e-06 5.542548832665245259e-06 7.962212794280952580e-06 1.127103642203448053e-05 1.572814325527905428e-05 2.162938656938018380e-05 2.929489050342107156e-05 3.904646347861589746e-05 5.117274631102006752e-05 6.588167664673693388e-05 8.324280304631385421e-05 1.031253027308397311e-04 1.251412750272608938e-04 1.486073256538768391e-04 1.725391066322900569e-04 1.956915404887392483e-04 2.166509236917599690e-04 2.339745038394746917e-04 2.463605137147454856e-04 2.528205272331160609e-04 2.528205522383141684e-04 2.463605760439962957e-04 2.339745738989973552e-04 2.166509783684970110e-04 1.956915839244895248e-04 1.725391618538403169e-04 1.486074004897209851e-04 1.251413463763523237e-04 1.031253513560216015e-04 8.324285236196302053e-05 6.588176266708192861e-05 5.117285462218414837e-05 3.904654187686715369e-05 2.929493600486950922e-05 2.162945950223384549e-05 1.572825437025076676e-05 1.127112191508667132e-05 7.962266046320491702e-06 5.542640392904542327e-06 3.794342668199831184e-06 2.539496529379740121e-06 1.635708498019496983e-06 9.696834592549806728e-07 4.500519541286152073e-07 0.000000000000000000e+00
0.000000000000000000e+00 6.945835960674214781e-07 1.499977216411847723e-06 2.539422972193882552e-06 3.960690828617771851e-06 5.948859828926499340e-06 8.739349389659384473e-06 1.262955793971951146e-05 1.798820948161810533e-05 2.525932414024241790e-05 3.495713103840335836e-05 4.764744649938167044e-05 6.391083688395681752e-05 8.428360288474243329e-05 1.091749734971670017e-04 1.387636057964308138e-04 1.728827826522621612e-04 2.109112826606081498e-04 2.516940788213893631e-04 2.935209988028224270e-04 3.341890731278208916e-04 3.711631130684998046e-04 4.018291789976972841e-04 4.238105701727341097e-04 4.352929350149510363e-04 4.352929547361861521e-04 4.238106266019766818e-04 4.018292617310311940e-04 3.711632038796258931e-04 3.341891575050188828e-04 2.935210778680252710e-04 2.516941616160843997e-04 2.109113697675193250e-04 1.728828677625219028e-04 1.387636913716985517e-04 1.091750685449552181e-04 8.428370373293297664e-05 6.391092574882756110e-05 4.764752088265126085e-05 3.495721112372620568e-05 2.525940713134924997e-05 1.798827879018375674e-05 1.262961628234372570e-05 8.739413526245603836e-06 5.948931516376865598e-06 3.960748992693489475e-06 2.539504075727746628e-06 1.500024262792127381e-06 6.945581111308594670e-07 0.000000000000000000e+00
0.000000000000000000e+00 1.030617675997511934e-06 2.231760407351932040e-06 3.794208517394893437e-06 5.948859828924033627e-06 8.988546837987725931e-06 1.329044607326600011e-05 1.933713341670650001e-05 2.773468960054167773e-05 3.922325905550734520e-05 5.467328677913523227e-05 7.505945737307216940e-05 1.014035931886871127e-04 1.346783654383907844e-04 1.756670983518903632e-04 2.247826489399079716e-04 2.818598481890631740e-04 3.459503231398381633e-04 4.151630042461484861e-04 4.866032206742280800e-04 5.564616487970056600e-04 6.202859121661045191e-04 6.734310564142958122e-04 7.116363823917846608e-04 7.316291726996952812e-04 7.316291904616585139e-04 7.116364326749116068e-04 6.734311309015680652e-04 6.202860006373689047e-04 5.564617432202471296e-04 4.866033158892505784e-04 4.151630965677428659e-04 3.459504119465826736e-04 2.818599421568447009e-04 2.247827604009362584e-04 1.756672222083022791e-04 1.346784797812107732e-04 1.014036923957387169e-04 7.505957146080397132e-05 5.467343369238619928e-05 3.922339770830332941e-05 2.773478918720912549e-05 1.933723290974791989e-05 1.329058220427008799e-05 8.988667547197902607e-06 5.948938937947477522e-06 3.794352794749342212e-06 2.231932905062779122e-06 1.030662502269480636e-06 0.000000000000000000e+00
0.000000000000000000e+00 1.494253081761266821e-06 3.245461496677120017e-06 5.542548832668599509e-06 8.739349389645808229e-06 1.329044607326066041e-05 1.978879159233439352e-05 2.900315550570532459e-05 4.191256357153951435e-05 5.973009679843943446e-05 8.390503951047113839e-05 1.160896044799595965e-04 1.580539430068440387e-04 2.115330649843406581e-04 2.779942405209570957e-04 3.583257937452736597e-04 4.524680657148804556e-04 5.590337765577512753e-04 6.749938092718091049e-04 7.955264392408241186e-04 9.141306171973146094e-04 1.023074800989803032e-03 1.114186897410036122e-03 1.179897190746291655e-03 1.214351188557538088e-03 1.214351205375235714e-03 1.179897232502118967e-03 1.114186947573555077e-03 1.023074852632080943e-03 9.141306779753469560e-04 7.955265160268548859e-04 6.749938905725636450e-04 5.590338426387422149e-04 4.524681210449719841e-04 3.583258697609324880e-04 2.779943496990582800e-04 2.115331743647999921e-04 1.580540224466009489e-04 1.160896880281527406e-04 8.390517802321822754e-05 5.973025726669084631e-05 4.191267700861277311e-05 2.900323751702958011e-05 1.978891630896444933e-05 1.329058355110156815e-05 8.739418482553425540e-06 5.542643942345563646e-06 3.245628631430020089e-06 1.494358857206343557e-06 0.000000000000000000e+00
0.000000000000000000e+00 2.129843512309628447e-06 4.640302906905184744e-06 7.962212794285077630e-06 1.262955793972297243e-05 1.933713341670400973e-05 2.900315550570877710e-05 4.283466843421333169e-05 6.239064229108380762e-05 8.963137670123630830e-05 1.269366496666167465e-04 1.770689927826432099e-04 2.430524554590205181e-04 3.279354418807314516e-04 4.344125214703795871e-04 5.642987615583773108e-04 7.178835187158021883e-04 8.932384976932918269e-04 1.085610774126945363e-03 1.287079332097420311e-03 1.486669333530002803e-03 1.671075715074042678e-03 1.826031582270164688e-03 1.938178898668567116e-03 1.997108169068260303e-03 1.997108182836736245e-03 1.938178931843391331e-03 1.826031618359745447e-03 1.671075746518463530e-03 1.486669370535311343e-03 1.287079388111271854e-03 1.085610841182799505e-03 8.932385478479796300e-04 7.178835428167281959e-04 5.642987917899111670e-04 4.344125908493034712e-04 3.279355316648161324e-04 2.430525167628084105e-04 1.770690313380271117e-04 1.269367258441107197e-04 8.963150310231615106e-05 6.239075956572402899e-05 4.283474329232242304e-05 2.900324084971253919e-05 1.933723416675785453e-05 1.262961652287933430e-05 7.962263682572363196e-06 4.640381582376375669e-06 2.129910354755631533e-06 0.000000000000000000e+00
0.000000000000000000e+00 2.990604980424213229e-06 6.536508385095043280e-06 1.127103642203154133e-05 1.798820948161892526e-05 2.773468960053895028e-05 4.191256357154362754e-05 6.239064229108489182e-05 9.161692677992378528e-05 1.327156828893892885e-04 1.895414513890748473e-04 2.666501885033285640e-04 3.691356585759470138e-04 5.022728337661895581e-04 6.709161626285663465e-04 8.786273564785506600e-04 1.126561879337542333e-03 1.412227762303814096e-03 1.728335828353596984e-03 2.062060279401507247e-03 2.395078082753156895e-03 2.704700753717116483e-03 2.966213234743823000e-03 3.156201089550931746e-03 3.256266827404641611e-03 3.256266833976095062e-03 3.156201108658618533e-03 2.966213262638560302e-03 2.704700784940444660e-03 2.395078116937279442e-03 2.062060321700712184e-03 1.728335877060487502e-03 1.412227801582529143e-03 1.126561899857251095e-03 8.786273773136328005e-04 6.709162138325070650e-04 5.022729123999793589e-04 3.691357260465196540e-04 2.666502327897440276e-04 1.895415094835125279e-04 1.327157846750876751e-04 9.161705375982859344e-05 6.239076407721237986e-05 4.191268393052770508e-05 2.773479084556661477e-05 1.798827765566734607e-05 1.127111924699090415e-05 6.536593746140017291e-06 2.990638246496115073e-06 0.000000000000000000e+00
0.000000000000000000e+00 4.138714462382002562e-06 9.075719901642429036e-06 1.572814325528106344e-05 2.525932414023438464e-05 3.922325905550323879e-05 5.973009679843119452e-05 8.963137670122892217e-05 1.327156828893983958e-04 1.938909997814328287e-04 2.793110382492680881e-04 3.963807835907803660e-04 5.535530454327994808e-04 7.598110457087449421e-04 1.023733854402491877e-03 1.352077371416863768e-03 1.747889321793407759e-03 2.208321130808527273e-03 2.722493057331526120e-03 3.269969950607038572e-03 3.820533209901484737e-03 4.335882023802251940e-03 4.773568695000645311e-03 5.092858702606565396e-03 5.261455193512395295e-03 5.261455194489098389e-03 5.092858710519277549e-03 4.773568717450038350e-03 4.335882059690013453e-03 3.820533250545961237e-03 3.269969989178379138e-03 2.722493090595335796e-03 2.208321155992017115e-03 1.747889340919531187e-03 1.352077396988684036e-03 1.023733900116048298e-03 7.598111050508825912e-04 5.535530970738286073e-04 3.963808277358232932e-04 2.793110958754828690e-04 1.938910808359287075e-04 1.327157834493572204e-04 8.963150536384646954e-05 5.973026138804110716e-05 3.922339601051574154e-05 2.525940352024438933e-05 1.572825240625349343e-05 9.075868307921443223e-06 4.138794416026441983e-06 0.000000000000000000e+00
0.000000000000000000e+00 5.643959572130901291e-06 1.241785518048023103e-05 2.162938656938504238e-05 3.495713103840776971e-05 5.467328677912638925e-05 8.390503951046665251e-05 1.269366496666404092e-04 1.895414513890539764e-04 2.793110382492711239e-04 4.059180686458363149e-04 5.812106260769065455e-04 8.189920817422999353e-04 1.134302722119201468e-03 1.542007858037689047e-03 2.054539599323696331e-03 2.678768011401696202e-03 3.412216151280649500e-03 4.239178330680330904e-03 5.127691338596513000e-03 6.028606533558580720e-03 6.878008979927175554e-03 7.603715119126931016e-03 8.135474381329641652e-03 8.417035864339781834e-03 8.417035864525735517e-03 8.135474385553360249e-03 7.603715133081108239e-03 6.878009004409890020e-03 6.028606564017278784e-03 5.127691367968719056e-03 4.239178351426172581e-03 3.412216158726287790e-03 2.678768012185333679e-03 2.054539611160695594e-03 1.542007889883131996e-03 1.134302756130747434e-03 8.189920966272821795e-04 5.812106374259911950e-04 4.059181065065055045e-04 2.793110981284733607e-04 1.895415076403448738e-04 1.269367251079609718e-04 8.390517991914424355e-05 5.467343080040396589e-05 3.495720741710069081e-05 2.162945955359900423e-05 1.241798684175730798e-05 5.644059583832524457e-06 0.000000000000000000e+00
0.000000000000000000e+00 7.580036816794955657e-06 1.673344471689101572e-05 2.929489050342015338e-05 4.764744649937587673e-05 7.505945737307567951e-05 1.160896044799791528e-04 1.770689927826322866e-04 2.666501885033311118e-04 3.963807835907821550e-04 5.812106260769083887e-04 8.397767325930438230e-04 1.194230868643849459e-03 1.669298061000542774e-03 2.290211163614586619e-03 3.079204998217635603e-03 4.050434878964013011e-03 5.203564832220976960e-03 6.516866055643644705e-03 7.941397515826783410e-03 9.398483561050144722e-03 1.078287596849249186e-02 1.197323957741647238e-02 1.284966532168102527e-02 1.331510436951816381e-02 1.331510437205662110e-02 1.284966532717330898e-02 1.197323958175794401e-02 1.078287597060509015e-02 9.398483566149307133e-03 7.941397529647158809e-03 6.516866072162461401e-03 5.203564836248943289e-03 4.050434867652928997e-03 3.079204992027031584e-03 2.290211181912958551e-03 1.669298087086718962e-03 1.194230871187706077e-03 8.397767211891676072e-04 5.812106414146687473e-04 3.963808325123698018e-04 2.666502309683689456e-04 1.770690309224051749e-04 1.160896936373315657e-04 7.505957360628196689e-05 4.764752145357867399e-05 2.929493708236062611e-05 1.673351642806704504e-05 7.580100918420368696e-06 0.000000000000000000e+00
0.000000000000000000e+00 1.001869016981944055e-05 2.219078313630386886e-05 3.904646347860254145e-05 6.391083688396040894e-05 1.014035931886882782e-04 1.580539430068458547e-04 2.430524554590114922e-04 3.691356585759534648e-04 5.535530454327996976e-04 8.189920817422942975e-04 1.194230868643849459e-03 1.714152001749345063e-03 2.418605398435521442e-03 3.349499157189927013e-03 4.545505365852796006e-03 6.034003528768532021e-03 7.820465736916396363e-03 9.876480158853295083e-03 1.212892931201936184e-02 1.445414306432761878e-02 1.668146510250262393e-02 1.860970869403500219e-02 2.003671778022014446e-02 2.079696851502322447e-02 2.079696851902198065e-02 2.003671778765064512e-02 1.860970869515659112e-02 1.668146509282158671e-02 1.445414305305477327e-02 1.212892931473438622e-02 9.876480177090217472e-03 7.820465751960398865e-03 6.034003524966257553e-03 4.545505356394242275e-03 3.349499168810732893e-03 2.418605428160092771e-03 1.714152019157802551e-03 1.194230867424219376e-03 8.189920957237601306e-04 5.535530965406943067e-04 3.691357200690588316e-04 2.430525156926017973e-04 1.580540311151799600e-04 1.014036970004496301e-04 6.391092364076885195e-05 3.904653638647499585e-05 2.219085997311284509e-05 1.001872962592859004e-05 0.000000000000000000e+00
0.000000000000000000e+00 1.302135881404201734e-05 2.893688903541253047e-05 5.117274631102567149e-05 8.428360288473702583e-05 1.346783654383960970e-04 2.115330649843272682e-04 3.279354418807348668e-04 5.022728337661800171e-04 7.598110457087386537e-04 1.134302722119197998e-03 1.669298061000553833e-03 2.418605398435505829e-03 3.445087121770850670e-03 4.816743715776080834e-03 6.598961635163499463e-03 8.842071787639026875e-03 1.156421271063773522e-02 1.473108786199868458e-02 1.823649879091434819e-02 2.189003447286537105e-02 2.541989570901984075e-02 2.849785836267520328e-02 3.078816112428032353e-02 3.201245852439735945e-02 3.201245852625213273e-02 3.078816112784495129e-02 2.849785836222224963e-02 2.541989569934151316e-02 2.189003445803543862e-02 1.823649878468109817e-02 1.473108787204021122e-02 1.156421272634884818e-02 8.842071792638123498e-03 6.598961631968225557e-03 4.816743724718962859e-03 3.445087148284716426e-03 2.418605424461771174e-03 1.669298077741769885e-03 1.134302748583026306e-03 7.598110997844210622e-04 5.022729050703382330e-04 3.279355313475977129e-04 2.115331839669104129e-04 1.346784806701064197e-04 8.428369123179525128e-05 5.117284093343575104e-05 2.893700701277236923e-05 1.302141550830044629e-05 0.000000000000000000e+00
0.000000000000000000e+00 1.662815583162285114e-05 3.707194788515559135e-05 6.588167664674545842e-05 1.091749734971715418e-04 1.756670983518973021e-04 2.779942405209537347e-04 4.344125214703677693e-04 6.709161626285731770e-04 1.023733854402474530e-03 1.542007858037696202e-03 2.290211163614573608e-03 3.349499157189965177e-03 4.816743715776045272e-03 6.799546995952050060e-03 9.405270384123603014e-03 1.272236026764764216e-02 1.679342268495284674e-02 2.158197059203166915e-02 2.693859972636622815e-02 3.257688909160379176e-02 3.807283537710883653e-02 4.290121263583671074e-02 4.651444789460416895e-02 4.845267961895643322e-02 4.845267961764631454e-02 4.651444789253805778e-02 4.290121263465714041e-02 3.807283537338859714e-02 3.257688908217880319e-02 2.693859971557017660e-02 2.158197058679408448e-02 1.679342268518636827e-02 1.272236026689594311e-02 9.405270382592204742e-03 6.799547001968192506e-03 4.816743728487195980e-03 3.349499167183418290e-03 2.290211173274959815e-03 1.542007884305085508e-03 1.023733900859698015e-03 6.709162147587999616e-04 4.344125972998616036e-04 2.779943626260896329e-04 1.756672204437995642e-04 1.091750518079154312e-04 6.588175009930383869e-05 3.707206477029776790e-05 1.662823067496978791e-05 0.000000000000000000e+00
0.000000000000000000e+00 2.084485585018051610e-05 4.661892900389147382e-05 8.324280304630955806e-05 1.387636057964444748e-04 2.247826489399038516e-04 3.583257937452648777e-04 5.642987615583918391e-04 8.786273564785323370e-04 1.352077371416866803e-03 2.054539599323713678e-03 3.079204998217646445e-03 4.545505365852758710e-03 6.598961635163509004e-03 9.405270384123611688e-03 1.313534461060100224e-02 1.793811559709030876e-02 2.389942437938011310e-02 3.098903170411876004e-02 3.900396217027941870e-02 4.752424376463666722e-02 5.590397828311637757e-02 6.332190429932534059e-02 6.890494550920675532e-02 7.191021398139471610e-02 7.191021398013183741e-02 6.890494550824419195e-02 6.332190430198816888e-02 5.590397828686528847e-02 4.752424376383808380e-02 3.900396216290441531e-02 3.098903169271127050e-02 2.389942436616786584e-02 1.793811558386067956e-02 1.313534460421687984e-02 9.405270389316631313e-03 6.598961641175430000e-03 4.545505359181249011e-03 3.079204989092193881e-03 2.054539614729007906e-03 1.352077410242589605e-03 8.786273901904389757e-04 5.642988057187500435e-04 3.583258856049016910e-04 2.247827603056335864e-04 1.387636791872071801e-04 8.324284801993499488e-05 4.661900743958437813e-05 2.084491161690123193e-05 0.000000000000000000e+00
0.000000000000000000e+00 2.562950508858151928e-05 5.749185385444196037e-05 1.031253027308453961e-04 1.728827826522674467e-04 2.818598481890475615e-04 4.524680657148837082e-04 7.178835187158001284e-04 1.126561879337534527e-03 1.747889321793445706e-03 2.678768011401692732e-03 4.050434878963993061e-03 6.034003528768532888e-03 8.842071787639035549e-03 1.272236026764762135e-02 1.793811559709031916e-02 2.472970614004284598e-02 3.325367927880702734e-02 4.350093480516566830e-02 5.520539507029850052e-02 6.776755082552581022e-02 8.022945279256189777e-02 9.134194361595726619e-02 9.975165986291968656e-02 1.042927544941398693e-01 1.042927544960461361e-01 9.975165986874283408e-02 9.134194362442048243e-02 8.022945279975370048e-02 6.776755082829627463e-02 5.520539506911539829e-02 4.350093480050726963e-02 3.325367926775833066e-02 2.472970612299216220e-02 1.793811558677023757e-02 1.272236027612097184e-02 8.842071803740603544e-03 6.034003530802402489e-03 4.050434871018744436e-03 2.678768024821413796e-03 1.747889363302216519e-03 1.126561918335995888e-03 7.178835564456071457e-04 4.524681351208066117e-04 2.818599446479992275e-04 1.728828598228753497e-04 1.031253528026940139e-04 5.749191658357619139e-05 2.562953257149902490e-05 0.000000000000000000e+00
0.000000000000000000e+00 3.088099253395203576e-05 6.946782730622861398e-05 1.251412750272830657e-04 2.109112826606007773e-04 3.459503231398306823e-04 5.590337765577613584e-04 8.932384976932757807e-04 1.412227762303853561e-03 2.208321130808532477e-03 3.412216151280609167e-03 5.203564832221011655e-03 7.820465736916385954e-03 1.156421271063772481e-02 1.679342268495286755e-02 2.389942437938009923e-02 3.325367927880702734e-02 4.512002375160310136e-02 5.953219796102236783e-02 7.615221763439322666e-02 9.414616307566089914e-02 1.121339016766376845e-01 1.282766879543345284e-01 1.405501049686357362e-01 1.471929215635595645e-01 1.471929215680287117e-01 1.405501049797309721e-01 1.282766879657248060e-01 1.121339016821217560e-01 9.414616307537555795e-02 7.615221763460029714e-02 5.953219796481161452e-02 4.512002375126002857e-02 3.325367926700489862e-02 2.389942436768714359e-02 1.679342269281402372e-02 1.156421273679449947e-02 7.820465760086244347e-03 5.203564844799702348e-03 3.412216175829234886e-03 2.208321179488231638e-03 1.412227816353890360e-03 8.932385543831917801e-04 5.590338536265970467e-04 3.459504156214090131e-04 2.109113615844253927e-04 1.251413460889630165e-04 6.946790872105863758e-05 3.088101723354524334e-05 0.000000000000000000e+00
0.000000000000000000e+00 3.643224852276432481e-05 8.216936449833391932e-05 1.486073256538824228e-04 2.516940788213789548e-04 4.151630042461544492e-04 6.749938092718097554e-04 1.085610774126967047e-03 1.728335828353612163e-03 2.722493057331495329e-03 4.239178330680343047e-03 6.516866055643626490e-03 9.876480158853317634e-03 1.473108786199868632e-02 2.158197059203162751e-02 3.098903170411876004e-02 4.350093480516569605e-02 5.953219796102230538e-02 7.918520539676118797e-02 1.020384965026657625e-01 1.269567868664223109e-01 1.520095169461351814e-01 1.745911981110706002e-01 1.918081008253806896e-01 2.011325414816514945e-01 2.011325414853963600e-01 1.918081008344615646e-01 1.745911981192898310e-01 1.520095169469475871e-01 1.269567868599756622e-01 1.020384964976513570e-01 7.918520539992678076e-02 5.953219796530030694e-02 4.350093479904155319e-02 3.098903169253796469e-02 2.158197059346238927e-02 1.473108788421467231e-02 9.876480189735263940e-03 6.516866084886945194e-03 4.239178368421907261e-03 2.722493109509296905e-03 1.728335885444469595e-03 1.085610843566846241e-03 6.749939022274857895e-04 4.151631016658693225e-04 2.516941507259969025e-04 1.486073934233522276e-04 8.216945516990792808e-05 3.643228418275937578e-05 0.000000000000000000e+00
0.000000000000000000e+00 4.205095691668277993e-05 9.506421617833599798e-05 1.725391066322793775e-04 2.935209988028087661e-04 4.866032206742395725e-04 7.955264392408243354e-04 1.287079332097444163e-03 2.062060279401498573e-03 3.269969950607018623e-03 5.127691338596524276e-03 7.941397515826781675e-03 1.212892931201936531e-02 1.823649879091434473e-02 2.693859972636621081e-02 3.900396217027935625e-02 5.520539507029852133e-02 7.615221763439328218e-02 1.020384965026657487e-01 1.323365099604087158e-01 1.655215528243240142e-01 1.989654113509014277e-01 2.291296786695032894e-01 2.521106737653165952e-01 2.645295652205769121e-01 2.645295652212100723e-01 2.521106737673798337e-01 2.291296786714865086e-01 1.989654113482820785e-01 1.655215528150193460e-01 1.323365099503469311e-01 1.020384964994880822e-01 7.615221763579553549e-02 5.520539506738484509e-02 3.900396216312031900e-02 2.693859972545190051e-02 1.823649880333826426e-02 1.212892933404907149e-02 7.941397544995922736e-03 5.127691382723890100e-03 3.269970004683004933e-03 2.062060330779649439e-03 1.287079395453537105e-03 7.955265330587750310e-04 4.866033246306542296e-04 2.935210649541131439e-04 1.725391523228572721e-04 9.506428646163185060e-05 4.205098735130256333e-05 0.000000000000000000e+00
0.000000000000000000e+00 4.745019555573669866e-05 1.074887769917684359e-04 1.956915404887197055e-04 3.341890731278206205e-04 5.564616487970069610e-04 9.141306171973231746e-04 1.486669333529998032e-03 2.395078082753149956e-03 3.820533209901467390e-03 6.028606533558593730e-03 9.398483561050137783e-03 1.445414306432762572e-02 2.189003447286535023e-02 3.257688909160373625e-02 4.752424376463673661e-02 6.776755082552590737e-02 9.414616307566094078e-02 1.269567868664221721e-01 1.655215528243240142e-01 2.078054238401170484e-01 2.503106045189262274e-01 2.884419366816318164e-01 3.172992886371175381e-01 3.328008390432447006e-01 3.328008390419682772e-01 3.172992886354280007e-01 2.884419366817537189e-01 2.503106045183663420e-01 2.078054238351133010e-01 1.655215528167548189e-01 1.269567868623865947e-01 9.414616307634929293e-02 6.776755082741649228e-02 4.752424376783837695e-02 3.257688909946749450e-02 2.189003448541597049e-02 1.445414307780529088e-02 9.398483582196356240e-03 6.028606578131962164e-03 3.820533270120101289e-03 2.395078136703943008e-03 1.486669388360654324e-03 9.141307021320136403e-04 5.564617564576655609e-04 3.341891464399757952e-04 1.956915827239709448e-04 1.074888257251534933e-04 4.745020564958133628e-05 0.000000000000000000e+00
0.000000000000000000e+00 5.230993522076325528e-05 1.186976185489706887e-04 2.166509236917490999e-04 3.711631130685161218e-04 6.202859121661010496e-04 1.023074800989806502e-03 1.671075715074040726e-03 2.704700753717088728e-03 4.335882023802262349e-03 6.878008979927162543e-03 1.078287596849250574e-02 1.668146510250261699e-02 2.541989570901980605e-02 3.807283537710881571e-02 5.590397828311649553e-02 8.022945279256180062e-02 1.121339016766376151e-01 1.520095169461352091e-01 1.989654113509013722e-01 2.503106045189260609e-01 3.014935478606811659e-01 3.468224263504202098e-01 3.806432508336642373e-01 3.986542598392610048e-01 3.986542598393800207e-01 3.806432508356010214e-01 3.468224263556706766e-01 3.014935478665826674e-01 2.503106045216861308e-01 1.989654113518544987e-01 1.520095169500007559e-01 1.121339016845908226e-01 8.022945280347375252e-02 5.590397829892500975e-02 3.807283540009154948e-02 2.541989573389500170e-02 1.668146511994389805e-02 1.078287598679399280e-02 6.878009022835427158e-03 4.335882090699610253e-03 2.704700818084346779e-03 1.671075772381935267e-03 1.023074880202027269e-03 6.202860171357539197e-04 3.711631997902421136e-04 2.166509896862290003e-04 1.186976742334012661e-04 5.230993650212711850e-05 0.000000000000000000e+00
0.000000000000000000e+00 5.630803670528704752e-05 1.279362638924884984e-04 2.339745038394859403e-04 4.018291789977108367e-04 6.734310564143024258e-04 1.114186897410039158e-03 1.826031582270159050e-03 2.966213234743805219e-03 4.773568695000653117e-03 7.603715119126935353e-03 1.197323957741647932e-02 1.860970869403499178e-02 2.849785836267515818e-02 4.290121263583681482e-02 6.332190429932527120e-02 9.134194361595715517e-02 1.282766879543345284e-01 1.745911981110706557e-01 2.291296786695029841e-01 2.884419366816319830e-01 3.468224263504200433e-01 3.976570808832280424e-01 4.350398800707908631e-01 4.547793142968064029e-01 4.547793143001787608e-01 4.350398800805436728e-01 3.976570808967754833e-01 3.468224263626524251e-01 2.884419366898420267e-01 2.291296786776296779e-01 1.745911981248129130e-01 1.282766879732706033e-01 9.134194363673858730e-02 6.332190432382307776e-02 4.290121266869287991e-02 2.849785839964730574e-02 1.860970872200744947e-02 1.197323959972728877e-02 7.603715159890446842e-03 4.773568759513791004e-03 2.966213301975227905e-03 1.826031644008788450e-03 1.114186972508102343e-03 6.734311505603948235e-04 4.018292658406559981e-04 2.339745903258278457e-04 1.279363435606509735e-04 5.630804970511221541e-05 0.000000000000000000e+00
0.000000000000000000e+00 5.915685897481175811e-05 1.345281968772254837e-04 2.463605137147637002e-04 4.238105701727360613e-04 7.116363823917943102e-04 1.179897190746294691e-03 1.938178898668544130e-03 3.156201089550943455e-03 5.092858702606567999e-03 8.135474381329664204e-03 1.284966532168102527e-02 2.003671778022008895e-02 3.078816112428034782e-02 4.651444789460416895e-02 6.890494550920661654e-02 9.975165986291968656e-02 1.405501049686358472e-01 1.918081008253805508e-01 2.521106737653163177e-01 3.172992886371175381e-01 3.806432508336642373e-01 4.350398800707906966e-01 4.746053391121631826e-01 4.953625052062949896e-01 4.953625052119802197e-01 4.746053391274902555e-01 4.350398800901499885e-01 3.806432508496358502e-01 3.172992886471994733e-01 2.521106737758239125e-01 1.918081008439635193e-01 1.405501049944103131e-01 9.975165988977824361e-02 6.890494553624570973e-02 4.651444792789924398e-02 3.078816116359160346e-02 2.003671781354294731e-02 1.284966534898732485e-02 8.135474419481807107e-03 5.092858755633099081e-03 3.156201144880318651e-03 1.938178951386981385e-03 1.179897255031729306e-03 7.116364586571940131e-04 4.238106358523359494e-04 2.463605911875506749e-04 1.345282839187907640e-04 5.915688539806926780e-05 0.000000000000000000e+00
0.000000000000000000e+00 6.063959356120129511e-05 1.379619780030655525e-04 2.528205272331200183e-04 4.352929350149499521e-04 7.316291726996927876e-04 1.214351188557533752e-03 1.997108169068236017e-03 3.256266827404665463e-03 5.261455193512400499e-03 8.417035864339811324e-03 1.331510436951812391e-02 2.079696851502320018e-02 3.201245852439737333e-02 4.845267961895637771e-02 7.191021398139471610e-02 1.042927544941399387e-01 1.471929215635595922e-01 2.011325414816513557e-01 2.645295652205767456e-01 3.328008390432447561e-01 3.986542598392607828e-01 4.547793142968060143e-01 4.953625052062948786e-01 5.165792281514135498e-01 5.165792281567390676e-01 4.953625052211431679e-01 4.547793143167361829e-01 3.986542598569275953e-01 3.328008390549929696e-01 2.645295652316782542e-01 2.011325414998528793e-01 1.471929215896410348e-01 1.042927545223517743e-01 7.191021400880075187e-02 4.845267965026648499e-02 3.201245856017047309e-02 2.079696854694292746e-02 1.331510439850387868e-02 8.417035900880760410e-03 5.261455237139944785e-03 3.256266866266419556e-03 1.997108202330112776e-03 1.214351235652969810e-03 7.316292285717548643e-04 4.352929716841799418e-04 2.528205751699475943e-04 1.379620443370127309e-04 6.063961630170381679e-05 0.000000000000000000e+00
0.000000000000000000e+00 6.063960998212167757e-05 1.379620077724176834e-04 2.528205522383115121e-04 4.352929547361824116e-04 7.316291904616567792e-04 1.214351205375209476e-03 1.997108182836741883e-03 3.256266833976098965e-03 5.261455194489121807e-03 8.417035864525738986e-03 1.331510437205658294e-02 2.079696851902197718e-02 3.201245852625213967e-02 4.845267961764623821e-02 7.191021398013193455e-02 1.042927544960461778e-01 1.471929215680286562e-01 2.011325414853962767e-01 2.645295652212098503e-01 3.328008390419682772e-01 3.986542598393800207e-01 4.547793143001782612e-01 4.953625052119801642e-01 5.165792281567389566e-01 5.165792281597390012e-01 4.953625052220301250e-01 4.547793143171168229e-01 3.986542598584080221e-01 3.328008390580610154e-01 2.645295652353518712e-01 2.011325415027960251e-01 1.471929215913271027e-01 1.042927545230624004e-01 7.191021400941237374e-02 4.845267965149833295e-02 3.201245856215843150e-02 2.079696854946436538e-02 1.331510440039844825e-02 8.417035902123242222e-03 5.261455238460722474e-03 3.256266866743876172e-03 1.997108203528697844e-03 1.214351238189327869e-03 7.316292299159983742e-04 4.352929728349198184e-04 2.528205770355986199e-04 1.379620451685888041e-04 6.063961613323536038e-05 0.000000000000000000e+00
0.000000000000000000e+00 5.915689182654754159e-05 1.345282632362860371e-04 2.463605760439946694e-04 4.238106266019740255e-04 7.116364326749121489e-04 1.179897232502091645e-03 1.938178931843412365e-03 3.156201108658612028e-03 5.092858710519297498e-03 8.135474385553337698e-03 1.284966532717329683e-02 2.003671778765061390e-02 3.078816112784493395e-02 4.651444789253805084e-02 6.890494550824428910e-02 9.975165986874286184e-02 1.405501049797309165e-01 1.918081008344615090e-01 2.521106737673797227e-01 3.172992886354280562e-01 3.806432508356007993e-01 4.350398800805436728e-01 4.746053391274901445e-01 4.953625052211427793e-01 4.953625052220299030e-01 4.746053391329349558e-01 4.350398800944023092e-01 3.806432508562611061e-01 3.172992886573257620e-01 2.521106737874083681e-01 1.918081008538753129e-01 1.405501050011603859e-01 9.975165989374794318e-02 6.890494553922249521e-02 4.651444793212751450e-02 3.078816116984126744e-02 2.003671782075770388e-02 1.284966535536641308e-02 8.135474424481250674e-03 5.092858759395270211e-03 3.156201147466600535e-03 1.938178955309418630e-03 1.179897260905835412e-03 7.116364633437894174e-04 4.238106395593065523e-04 2.463605955619615020e-04 1.345282865047686639e-04 5.915688599783248784e-05 0.000000000000000000e+00
0.000000000000000000e+00 5.630805789574792577e-05 1.279363234637296133e-04 2.339745738989951868e-04 4.018292617310354224e-04 6.734311309015614515e-04 1.114186947573549222e-03 1.826031618359760626e-03 2.966213262638559868e-03 4.773568717450053962e-03 7.603715133081066606e-03 1.197323958175794574e-02 1.860970869515656684e-02 2.849785836222221841e-02 4.290121263465722368e-02 6.332190430198819664e-02 9.134194362442045467e-02 1.282766879657246950e-01 1.745911981192897200e-01 2.291296786714865363e-01 2.884419366817538299e-01 3.468224263556705100e-01 3.976570808967752613e-01 4.350398800901498220e-01 4.547793143167362384e-01 4.547793143171168784e-01 4.350398800944023647e-01 3.976570809098733394e-01 3.468224263776221172e-01 2.884419367076605512e-01 2.291296786966765253e-01 1.745911981422451631e-01 1.282766879872604404e-01 9.134194364674379230e-02 6.332190433110836125e-02 4.290121267657150822e-02 2.849785840956784583e-02 1.860970873259919917e-02 1.197323961063967782e-02 7.603715169504707619e-03 4.773568765693168327e-03 2.966213307488851751e-03 1.826031650243294634e-03 1.114186978885904709e-03 6.734311579287726498e-04 4.018292721144942721e-04 2.339745955194986158e-04 1.279363477280189487e-04 5.630805245326709561e-05 0.000000000000000000e+00
0.000000000000000000e+00 5.230994111923459609e-05 1.186976545832711915e-04 2.166509783684922134e-04 3.711632038796328862e-04 6.202860006373568701e-04 1.023074852632095905e-03 1.671075746518464614e-03 2.704700784940457670e-03 4.335882059690016055e-03 6.878009004409853591e-03 1.078287597060510229e-02 1.668146509282156242e-02 2.541989569934152357e-02 3.807283537338867346e-02 5.590397828686528153e-02 8.022945279975367272e-02 1.121339016821216589e-01 1.520095169469473928e-01 1.989654113482821896e-01 2.503106045183664530e-01 3.014935478665826674e-01 3.468224263626522030e-01 3.806432508496354616e-01 3.986542598569273177e-01 3.986542598584078556e-01 3.806432508562611061e-01 3.468224263776222838e-01 3.014935478893006060e-01 2.503106045448407757e-01 1.989654113748878517e-01 1.520095169720593054e-01 1.121339017044056668e-01 8.022945281917191751e-02 5.590397831051212990e-02 3.807283541060524357e-02 2.541989574503363686e-02 1.668146513171273743e-02 1.078287599967084516e-02 6.878009034929715403e-03 4.335882099633844682e-03 2.704700825035065426e-03 1.671075778921930375e-03 1.023074886439097808e-03 6.202860243291904128e-04 3.711632069840281535e-04 2.166509952803877086e-04 1.186976786145648837e-04 5.230994043529299103e-05 0.000000000000000000e+00
0.000000000000000000e+00 4.745021072996410602e-05 1.074888160916469222e-04 1.956915839244831280e-04 3.341891575050252253e-04 5.564617432202358539e-04 9.141306779753652790e-04 1.486669370535310258e-03 2.395078116937294187e-03 3.820533250545961237e-03 6.028606564017248426e-03 9.398483566149327950e-03 1.445414305305474899e-02 2.189003445803550454e-02 3.257688908217885176e-02 4.752424376383804216e-02 6.776755082829623300e-02 9.414616307537548856e-02 1.269567868599754956e-01 1.655215528150194015e-01 2.078054238351132732e-01 2.503106045216860198e-01 2.884419366898418602e-01 3.172992886471989182e-01 3.328008390549926920e-01 3.328008390580609599e-01 3.172992886573257620e-01 2.884419367076605512e-01 2.503106045448407757e-01 2.078054238599205961e-01 1.655215528399195668e-01 1.269567868849131864e-01 9.414616309794257565e-02 6.776755084573762855e-02 4.752424378190282794e-02 3.257688911114855340e-02 2.189003449651470007e-02 1.445414308947757902e-02 9.398483594727438314e-03 6.028606590949214632e-03 3.820533281522912276e-03 2.395078144104852320e-03 1.486669394204928390e-03 9.141307090568300464e-04 5.564617624983913147e-04 3.341891518866882665e-04 1.956915884323925275e-04 1.074888294084423560e-04 4.745020882405577285e-05 0.000000000000000000e+00
0.000000000000000000e+00 4.205099865209905034e-05 9.506429109334685182e-05 1.725391618538350315e-04 2.935210778680286863e-04 4.866033158892442358e-04 7.955265160268657279e-04 1.287079388111275974e-03 2.062060321700713052e-03 3.269969989178376970e-03 5.127691367968710383e-03 7.941397529647160544e-03 1.212892931473437755e-02 1.823649878468120572e-02 2.693859971557016619e-02 3.900396216290435980e-02 5.520539506911535665e-02 7.615221763460017224e-02 1.020384964976512876e-01 1.323365099503469866e-01 1.655215528167547356e-01 1.989654113518543321e-01 2.291296786776295391e-01 2.521106737758236904e-01 2.645295652316780322e-01 2.645295652353517046e-01 2.521106737874083126e-01 2.291296786966764976e-01 1.989654113748878239e-01 1.655215528399196223e-01 1.323365099730405559e-01 1.020384965211770939e-01 7.615221765684150601e-02 5.520539508637087311e-02 3.900396217906212937e-02 2.693859973922647921e-02 1.823649881647266408e-02 1.212892934703276894e-02 7.941397558308223650e-03 5.127691396851787736e-03 3.269970017275044757e-03 2.062060339781210654e-03 1.287079402826038369e-03 7.955265411297791824e-04 4.866033315293192998e-04 2.935210693212940230e-04 1.725391578308148603e-04 9.506429049998661133e-05 4.205098973640159892e-05 0.000000000000000000e+00
0.000000000000000000e+00 3.643230108271224845e-05 8.216946542877386908e-05 1.486074004897209580e-04 2.516941616160901459e-04 4.151630965677417817e-04 6.749938905725642955e-04 1.085610841182807311e-03 1.728335877060478611e-03 2.722493090595326688e-03 4.239178351426182122e-03 6.516866072162433646e-03 9.876480177090243492e-03 1.473108787204031704e-02 2.158197058679405325e-02 3.098903169271119765e-02 4.350093480050724187e-02 5.953219796481153125e-02 7.918520539992675300e-02 1.020384964994881100e-01 1.269567868623864559e-01 1.520095169500005616e-01 1.745911981248127742e-01 1.918081008439634361e-01 2.011325414998527128e-01 2.011325415027957753e-01 1.918081008538750909e-01 1.745911981422451353e-01 1.520095169720592498e-01 1.269567868849132142e-01 1.020384965211771217e-01 7.918520542196422207e-02 5.953219798598866075e-02 4.350093481824716946e-02 3.098903171013972502e-02 2.158197061023301583e-02 1.473108790103216936e-02 9.876480206080185884e-03 6.516866100834043003e-03 4.239178383675880693e-03 2.722493122497315118e-03 1.728335897197467476e-03 1.085610854737755707e-03 6.749939122077314776e-04 4.151631113610013352e-04 2.516941580173936641e-04 1.486073987674844281e-04 8.216945897205611314e-05 3.643228700003581043e-05 0.000000000000000000e+00
0.000000000000000000e+00 3.088103253236801240e-05 6.946791293188738544e-05 1.251413463763639247e-04 2.109113697675254237e-04 3.459504119465813725e-04 5.590338426387431907e-04 8.932385478479875447e-04 1.412227801582520686e-03 2.208321155992005839e-03 3.412216158726296463e-03 5.203564836248909461e-03 7.820465751960449172e-03 1.156421272634894186e-02 1.679342268518631623e-02 2.389942436616777563e-02 3.325367926775834454e-02 4.512002375125998693e-02 5.953219796530030000e-02 7.615221763579550773e-02 9.414616307634923742e-02 1.121339016845906839e-01 1.282766879732704646e-01 1.405501049944102576e-01 1.471929215896409793e-01 1.471929215913269362e-01 1.405501050011601916e-01 1.282766879872602739e-01 1.121339017044055558e-01 9.414616309794254789e-02 7.615221765684145050e-02 5.953219798598861218e-02 4.512002377049152690e-02 3.325367928433032444e-02 2.389942438436699207e-02 1.679342270995656458e-02 1.156421275479827503e-02 7.820465778769204040e-03 5.203564862447168302e-03 3.412216190660741569e-03 2.208321192551163450e-03 1.412227829153200583e-03 8.932385672323685808e-04 5.590338659596344158e-04 3.459504275406782956e-04 2.109113716419567792e-04 1.251413514665584124e-04 6.946791008567258514e-05 3.088102005069268504e-05 0.000000000000000000e+00
0.000000000000000000e+00 2.562954053835147662e-05 5.749191470944378424e-05 1.031253513560378510e-04 1.728828677625244236e-04 2.818599421568419362e-04 4.524681210449840187e-04 7.178835428167270032e-04 1.126561899857244373e-03 1.747889340919519694e-03 2.678768012185330210e-03 4.050434867652910782e-03 6.034003524966307860e-03 8.842071792638206765e-03 1.272236026689587372e-02 1.793811558386059282e-02 2.472970612299218648e-02 3.325367926700487781e-02 4.350093479904155319e-02 5.520539506738474794e-02 6.776755082741645064e-02 8.022945280347365538e-02 9.134194363673843464e-02 9.975165988977817422e-02 1.042927545223516911e-01 1.042927545230622893e-01 9.975165989374780440e-02 9.134194364674365352e-02 8.022945281917175098e-02 6.776755084573754528e-02 5.520539508637081760e-02 4.350093481824710007e-02 3.325367928433027587e-02 2.472970613783972982e-02 1.793811560122268375e-02 1.272236029041503083e-02 8.842071819124381130e-03 6.034003548687270554e-03 4.050434888156777616e-03 2.678768038314224831e-03 1.747889374839839589e-03 1.126561929165423954e-03 7.178835674886855983e-04 4.524681476598197338e-04 2.818599567012406619e-04 1.728828689920841176e-04 1.031253589434459156e-04 5.749191716114964866e-05 2.562953381072499121e-05 0.000000000000000000e+00
0.000000000000000000e+00 2.084491646694403041e-05 4.661900972992622416e-05 8.324285236197681700e-05 1.387636913716976843e-04 2.247827604009346592e-04 3.583258697609515158e-04 5.642987917899005418e-04 8.786273773136344268e-04 1.352077396988680784e-03 2.054539611160679981e-03 3.079204992027033752e-03 4.545505356394286510e-03 6.598961631968287139e-03 9.405270382592131884e-03 1.313534460421680178e-02 1.793811558677026186e-02 2.389942436768714706e-02 3.098903169253798551e-02 3.900396216312022879e-02 4.752424376783836307e-02 5.590397829892494730e-02 6.332190432382293899e-02 6.890494553624562646e-02 7.191021400880065473e-02 7.191021400941227659e-02 6.890494553922242582e-02 6.332190433110826411e-02 5.590397831051200500e-02 4.752424378190273080e-02 3.900396217906205304e-02 3.098903171013965216e-02 2.389942438436692268e-02 1.793811560122263865e-02 1.313534461934751617e-02 9.405270401744748876e-03 6.598961654104347485e-03 4.545505374930692427e-03 3.079205004922251198e-03 2.054539627806062103e-03 1.352077420700435566e-03 8.786273996454509443e-04 5.642988152159226231e-04 3.583258961414115067e-04 2.247827717606532721e-04 1.387636881999576870e-04 8.324285567330746462e-05 4.661901108678456865e-05 2.084491285933190674e-05 0.000000000000000000e+00
0.000000000000000000e+00 1.662824034443544536e-05 3.707207668910394700e-05 6.588176266709725652e-05 1.091750685449538086e-04 1.756672222083018996e-04 2.779943496990770367e-04 4.344125908492922497e-04 6.709162138325129197e-04 1.023733900116050467e-03 1.542007889883107927e-03 2.290211181912985006e-03 3.349499168810768455e-03 4.816743724718999288e-03 6.799547001968122249e-03 9.405270389316570598e-03 1.272236027612098572e-02 1.679342269281404454e-02 2.158197059346240662e-02 2.693859972545185194e-02 3.257688909946748756e-02 3.807283540009150091e-02 4.290121266869278277e-02 4.651444792789919541e-02 4.845267965026638785e-02 4.845267965149825662e-02 4.651444793212745898e-02 4.290121267657145271e-02 3.807283541060516724e-02 3.257688911114847707e-02 2.693859973922640982e-02 2.158197061023294297e-02 1.679342270995649866e-02 1.272236029041497185e-02 9.405270401744721120e-03 6.799547016838806794e-03 4.816743741934652670e-03 3.349499181735240711e-03 2.290211189173267659e-03 1.542007899459555851e-03 1.023733913521096203e-03 6.709162255082776584e-04 4.344126071878540466e-04 2.779943718979804509e-04 1.756672308980976088e-04 1.091750622120341870e-04 6.588175870351272324e-05 3.707207029775524726e-05 1.662823450642561787e-05 0.000000000000000000e+00
0.000000000000000000e+00 1.302142865161352907e-05 2.893702260757931934e-05 5.117285462219324212e-05 8.428370373292508907e-05 1.346784797812108274e-04 2.115331743648105902e-04 3.279355316648039894e-04 5.022729123999842378e-04 7.598111050508880122e-04 1.134302756130720329e-03 1.669298087086751921e-03 2.418605428160123996e-03 3.445087148284722931e-03 4.816743728487142204e-03 6.598961641175374489e-03 8.842071803740610483e-03 1.156421273679452376e-02 1.473108788421468966e-02 1.823649880333825038e-02 2.189003448541594274e-02 2.541989573389497048e-02 2.849785839964722942e-02 3.078816116359157570e-02 3.201245856017041758e-02 3.201245856215839680e-02 3.078816116984121540e-02 2.849785840956782154e-02 2.541989574503358829e-02 2.189003449651465150e-02 1.823649881647261897e-02 1.473108790103210865e-02 1.156421275479820737e-02 8.842071819124315210e-03 6.598961654104304117e-03 4.816743741934636190e-03 3.445087161923159665e-03 2.418605438198889387e-03 1.669298093579740794e-03 1.134302764177195924e-03 7.598111131492925547e-04 5.022729160069259145e-04 3.279355402152018466e-04 2.115331911636466483e-04 1.346784874906041454e-04 8.428369860910590059e-05 5.117284747330426485e-05 2.893700941125517591e-05 1.302141898792673357e-05 0.000000000000000000e+00
0.000000000000000000e+00 1.001874023307044693e-05 2.219087181251641082e-05 3.904654187686817690e-05 6.391092574881746446e-05 1.014036923957372397e-04 1.580540224465991329e-04 2.430525167627947496e-04 3.691357260465241534e-04 5.535530970738330525e-04 8.189920966272590860e-04 1.194230871187739688e-03 1.714152019157843317e-03 2.418605424461752092e-03 3.349499167183378825e-03 4.545505359181207378e-03 6.034003530802410295e-03 7.820465760086287715e-03 9.876480189735272613e-03 1.212892933404905935e-02 1.445414307780527527e-02 1.668146511994387030e-02 1.860970872200739742e-02 2.003671781354291956e-02 2.079696854694290664e-02 2.079696854946436191e-02 2.003671782075765531e-02 1.860970873259917488e-02 1.668146513171270620e-02 1.445414308947754606e-02 1.212892934703273251e-02 9.876480206080137311e-03 7.820465778769146795e-03 6.034003548687211574e-03 4.545505374930644722e-03 3.349499181735213823e-03 2.418605438198875510e-03 1.714152029810475739e-03 1.194230878893251697e-03 8.189921062189838528e-04 5.535531057241486509e-04 3.691357277995186044e-04 2.430525209670365491e-04 1.580540344636349097e-04 1.014036998424773094e-04 6.391092572761509138e-05 3.904653892899662934e-05 2.219085925842400163e-05 1.001872974097321649e-05 0.000000000000000000e+00
0.000000000000000000e+00 7.580108977201661942e-06 1.673352360995473525e-05 2.929493600486723239e-05 4.764752088264316321e-05 7.505957146080317172e-05 1.160896880281478888e-04 1.770690313380137489e-04 2.666502327897517254e-04 3.963808277358235642e-04 5.812106374259749320e-04 8.397767211891898334e-04 1.194230867424261227e-03 1.669298077741732155e-03 2.290211173274932059e-03 3.079204989092172631e-03 4.050434871018740099e-03 5.203564844799740512e-03 6.516866084886955603e-03 7.941397544995917532e-03 9.398483582196340627e-03 1.078287598679395984e-02 1.197323959972725581e-02 1.284966534898729709e-02 1.331510439850386654e-02 1.331510440039845693e-02 1.284966535536638185e-02 1.197323961063965526e-02 1.078287599967083128e-02 9.398483594727429641e-03 7.941397558308208038e-03 6.516866100834014380e-03 5.203564862447127536e-03 4.050434888156729911e-03 3.079205004922204360e-03 2.290211189173229495e-03 1.669298093579715640e-03 1.194230878893239554e-03 8.397767292499082672e-04 5.812106493251273853e-04 3.963808399508437380e-04 2.666502375174297727e-04 1.770690361735792636e-04 1.160896979338195900e-04 7.505957831026838060e-05 4.764752492565055395e-05 2.929493946553614475e-05 1.673351697817041745e-05 7.580101487721399811e-06 0.000000000000000000e+00
0.000000000000000000e+00 5.644065919459629327e-06 1.241799100428529968e-05 2.162945950222799757e-05 3.495721112372089987e-05 5.467343369237852855e-05 8.390517802321108536e-05 1.269367258440917191e-04 1.895415094835240205e-04 2.793110958754764180e-04 4.059181065064904341e-04 5.812106414146778546e-04 8.189920957238063176e-04 1.134302748582984672e-03 1.542007884305054066e-03 2.054539614729000967e-03 2.678768024821408158e-03 3.412216175829263509e-03 4.239178368421925476e-03 5.127691382723890967e-03 6.028606578131947419e-03 6.878009022835386392e-03 7.603715159890426893e-03 8.135474419481786290e-03 8.417035900880755206e-03 8.417035902123250896e-03 8.135474424481228123e-03 7.603715169504685067e-03 6.878009034929701525e-03 6.028606590949219836e-03 5.127691396851786002e-03 4.239178383675863346e-03 3.412216190660711211e-03 2.678768038314184498e-03 2.054539627806018301e-03 1.542007899459514218e-03 1.134302764177161664e-03 8.189921062189643372e-04 5.812106493251218559e-04 4.059181193327977247e-04 2.793111093806357570e-04 1.895415169565216101e-04 1.269367341041448152e-04 8.390518919112599906e-05 5.467344019104157288e-05 3.495721554932706911e-05 2.162946512899950724e-05 1.241798875820747609e-05 5.644062370697387178e-06 0.000000000000000000e+00
0.000000000000000000e+00 4.138797298887645870e-06 9.075871397194870205e-06 1.572825437024535930e-05 2.525940713134704768e-05 3.922339770829519790e-05 5.973025726669423444e-05 8.963150310229639147e-05 1.327157846751000621e-04 1.938910808359178113e-04 2.793110981284663134e-04 3.963808325123723496e-04 5.535530965407355064e-04 7.598110997843806214e-04 1.023733900859661802e-03 1.352077410242596327e-03 1.747889363302222590e-03 2.208321179488248551e-03 2.722493109509315987e-03 3.269970004683016643e-03 3.820533270120091314e-03 4.335882090699567752e-03 4.773568759513771055e-03 5.092858755633078265e-03 5.261455237139943050e-03 5.261455238460740688e-03 5.092858759395267609e-03 4.773568765693151847e-03 4.335882099633829069e-03 3.820533281522911408e-03 3.269970017275044757e-03 2.722493122497305577e-03 2.208321192551141333e-03 1.747889374839808364e-03 1.352077420700403690e-03 1.023733913521058256e-03 7.598111131492587276e-04 5.535531057241260995e-04 3.963808399508318659e-04 2.793111093806311491e-04 1.938910917134709284e-04 1.327157915132938374e-04 8.963151316758781950e-05 5.973026982572338881e-05 3.922340427480861707e-05 2.525941053939681645e-05 1.572825839847451538e-05 9.075869524194769920e-06 4.138795660294033097e-06 0.000000000000000000e+00
0.000000000000000000e+00 2.990640909274960725e-06 6.536599623916622027e-06 1.127112191507605461e-05 1.798827879019053300e-05 2.773478918719797515e-05 4.191267700861533454e-05 6.239075956569932273e-05 9.161705375984408397e-05 1.327157834493486552e-04 1.895415076403384499e-04 2.666502309683631451e-04 3.691357200690916830e-04 5.022729050703054901e-04 6.709162147587620145e-04 8.786273901904478661e-04 1.126561918336012151e-03 1.412227816353901853e-03 1.728335885444481522e-03 2.062060330779663317e-03 2.395078136703936503e-03 2.704700818084303845e-03 2.966213301975209257e-03 3.156201144880303039e-03 3.256266866266424326e-03 3.256266866743897856e-03 3.156201147466604004e-03 2.966213307488835271e-03 2.704700825035044175e-03 2.395078144104845815e-03 2.062060339781214991e-03 1.728335897197469644e-03 1.412227829153189741e-03 1.126561929165405740e-03 8.786273996454250319e-04 6.709162255082464334e-04 5.022729160068942558e-04 3.691357277994905236e-04 2.666502375174116665e-04 1.895415169565121776e-04 1.327157915132922382e-04 9.161705883439453721e-05 6.239076888200278872e-05 4.191268891669194401e-05 2.773479590105190474e-05 1.798828216670653909e-05 1.127112433259260472e-05 6.536596322606786682e-06 2.990639156581779028e-06 0.000000000000000000e+00
0.000000000000000000e+00 2.129916261061811534e-06 4.640389604677868241e-06 7.962266046314643786e-06 1.262961628235107286e-05 1.933723290972700156e-05 2.900323751703638348e-05 4.283474329230439818e-05 6.239076407722438740e-05 8.963150536383877171e-05 1.269367251079586950e-04 1.770690309223949834e-04 2.430525156926224785e-04 3.279355313475759747e-04 4.344125972998239818e-04 5.642988057187527540e-04 7.178835564456285045e-04 8.932385543832033811e-04 1.085610843566844506e-03 1.287079395453542092e-03 1.486669388360655191e-03 1.671075772381905994e-03 1.826031644008776307e-03 1.938178951386969025e-03 1.997108202330111042e-03 1.997108203528708686e-03 1.938178955309423834e-03 1.826031650243285526e-03 1.671075778921915847e-03 1.486669394204921668e-03 1.287079402826042489e-03 1.085610854737760478e-03 8.932385672323635934e-04 7.178835674886704194e-04 5.642988152158984454e-04 4.344126071878312784e-04 3.279355402151747957e-04 2.430525209670152174e-04 1.770690361735633800e-04 1.269367341041347593e-04 8.963151316758315743e-05 6.239076888200051189e-05 4.283475177284042800e-05 2.900324879147548877e-05 1.933724117374248058e-05 1.262962221114416200e-05 7.962269329711969311e-06 4.640385864710798751e-06 2.129914084857656842e-06 0.000000000000000000e+00
0.000000000000000000e+00 1.494363296625901537e-06 3.245631575169784977e-06 5.542640392894728603e-06 8.739413526255136345e-06 1.329058220425900202e-05 1.978891630896920966e-05 2.900324084969594751e-05 4.191268393054528948e-05 5.973026138803568615e-05 8.390517991914130265e-05 1.160896936373232580e-04 1.580540311151944341e-04 2.115331839668963996e-04 2.779943626260566189e-04 3.583258856048988179e-04 4.524681351208265068e-04 5.590338536266074550e-04 6.749939022274759233e-04 7.955265330587800183e-04 9.141307021320289276e-04 1.023074880202011656e-03 1.114186972508083261e-03 1.179897255031709356e-03 1.214351235652964388e-03 1.214351238189340662e-03 1.179897260905849723e-03 1.114186978885904926e-03 1.023074886439085014e-03 9.141307090568153012e-04 7.955265411297725688e-04 6.749939122077322365e-04 5.590338659596339821e-04 4.524681476598119817e-04 3.583258961414025620e-04 2.779943718979669526e-04 2.115331911636287861e-04 1.580540344636178064e-04 1.160896979338022427e-04 8.390518919111386955e-05 5.973026982571704623e-05 4.191268891669179493e-05 2.900324879147622400e-05 1.978892755726307772e-05 1.329059300752690786e-05 8.739424012600962243e-06 5.542647763828141388e-06 3.245630489916774947e-06 1.494361877146927316e-06 0.000000000000000000e+00
0.000000000000000000e+00 1.030661769527924352e-06 2.231928484901865792e-06 3.794342668185239771e-06 5.948931516388242098e-06 8.988667547180004800e-06 1.329058355110356885e-05 1.933723416675228445e-05 2.773479084557821912e-05 3.922339601051223144e-05 5.467343080040512463e-05 7.505957360627527194e-05 1.014036970004529912e-04 1.346784806701017848e-04 1.756672204437754678e-04 2.247827603056211994e-04 2.818599446480104490e-04 3.459504156214281492e-04 4.151631016658731714e-04 4.866033246306571028e-04 5.564617564576713072e-04 6.202860171357371145e-04 6.734311505603765005e-04 7.116364586571823038e-04 7.316292285717548643e-04 7.316292299160083489e-04 7.116364633437988500e-04 6.734311579287727582e-04 6.202860243291796792e-04 5.564617624983762443e-04 4.866033315293130657e-04 4.151631113610074609e-04 3.459504275406851802e-04 2.818599567012430472e-04 2.247827717606453032e-04 1.756672308980834871e-04 1.346784874905908910e-04 1.014036998424626456e-04 7.505957831025539728e-05 5.467344019102853535e-05 3.922340427479936747e-05 2.773479590104991930e-05 1.933724117373885189e-05 1.329059300752707049e-05 8.988678331067708716e-06 5.948944890331914004e-06 3.794355145022696951e-06 2.231932947377859649e-06 1.030663336702556573e-06 0.000000000000000000e+00
0.000000000000000000e+00 6.945549980267501548e-07 1.500017758188757773e-06 2.539496529362993856e-06 3.960748992694685485e-06 5.948938937943553218e-06 8.739418482550347423e-06 1.262961652286976961e-05 1.798827765568961287e-05 2.525940352024105541e-05 3.495720741709625235e-05 4.764752145357781341e-05 6.391092364077312099e-05 8.428369123178951856e-05 1.091750518078925817e-04 1.387636791871935463e-04 1.728828598228959225e-04 2.109113615844551812e-04 2.516941507259959267e-04 2.935210649540989951e-04 3.341891464399763373e-04 3.711631997902394031e-04 4.018292658406474871e-04 4.238106358523228848e-04 4.352929716841726234e-04 4.352929728349222037e-04 4.238106395593164728e-04 4.018292721145034336e-04 3.711632069840296172e-04 3.341891518866814360e-04 2.935210693212874635e-04 2.516941580173913330e-04 2.109113716419613058e-04 1.728828689920856626e-04 1.387636881999520491e-04 1.091750622120259200e-04 8.428369860909467909e-05 6.391092572760396476e-05 4.764752492563862095e-05 3.495721554931504124e-05 2.525941053938473099e-05 1.798828216669697100e-05 1.262962221113666576e-05 8.739424012594280847e-06 5.948944890332881316e-06 3.960759744517046622e-06 2.539510124652965715e-06 1.500026308384530902e-06 6.945596529481079614e-07 0.000000000000000000e+00
0.000000000000000000e+00 4.500484930807105627e-07 9.696793114266649219e-07 1.635708498003741323e-06 2.539504075735975977e-06 3.794352794745444166e-06 5.542643942342432165e-06 7.962263682572527521e-06 1.127111924700308109e-05 1.572825240625323255e-05 2.162945955359418291e-05 2.929493708236430223e-05 3.904653638646598342e-05 5.117284093342529527e-05 6.588175009929909530e-05 8.324284801993637724e-05 1.031253528027040157e-04 1.251413460889761354e-04 1.486073934233518752e-04 1.725391523228487069e-04 1.956915827239699419e-04 2.166509896862232811e-04 2.339745903258134258e-04 2.463605911875366345e-04 2.528205751699449380e-04 2.528205770356069140e-04 2.463605955619759761e-04 2.339745955195108402e-04 2.166509952803917743e-04 1.956915884323877028e-04 1.725391578308059699e-04 1.486073987674807419e-04 1.251413514665630745e-04 1.031253589434453328e-04 8.324285567330639397e-05 6.588175870350299252e-05 5.117284747329220310e-05 3.904653892898111848e-05 2.929493946552273452e-05 2.162946512898727947e-05 1.572825839846416125e-05 1.127112433259337552e-05 7.962269329709392637e-06 5.542647763834646601e-06 3.794355145028686321e-06 2.539510124658384185e-06 1.635719045594762410e-06 9.696880134147522650e-07 4.500549433372450767e-07 0.000000000000000000e+00
0.000000000000000000e+00 2.680599818872001133e-07 5.764958464322147343e-07 9.696834592464451218e-07 1.500024262793344144e-06 2.231932905072664420e-06 3.245628631430931920e-06 4.640381582367968020e-06 6.536593746161791120e-06 9.075868307929020780e-06 1.241798684175140585e-05 1.673351642805955388e-05 2.219085997311045645e-05 2.893700701278027713e-05 3.707206477030271458e-05 4.661900743957635504e-05 5.749191658357812940e-05 6.946790872107540206e-05 8.216945516991362014e-05 9.506428646161940938e-05 1.074888257251404558e-04 1.186976742333922672e-04 1.279363435606441159e-04 1.345282839187881619e-04 1.379620443370131104e-04 1.379620451685959327e-04 1.345282865047809696e-04 1.279363477280325283e-04 1.186976786145727577e-04 1.074888294084384800e-04 9.506429049997292327e-05 8.216945897204275034e-05 6.946791008566221746e-05 5.749191716114062945e-05 4.661901108677950000e-05 3.707207029774691923e-05 2.893700941125041220e-05 2.219085925842189422e-05 1.673351697817370055e-05 1.241798875820822826e-05 9.075869524197954764e-06 6.536596322607618469e-06 4.640385864709940706e-06 3.245630489914025054e-06 2.231932947385495651e-06 1.500026308382644136e-06 9.696880134133159088e-07 5.765001676269237904e-07 2.680640234069387830e-07 0.000000000000000000e+00
0.000000000000000000e+00 1.247938888981189764e-07 2.680627243897964768e-07 4.500519541162171861e-07 6.945581111322991054e-07 1.030662502276994877e-06 1.494358857198661180e-06 2.129910354751536553e-06 2.990638246514948427e-06 4.138794416036597908e-06 5.644059583808135837e-06 7.580100918426347055e-06 1.001872962594298960e-05 1.302141550829883862e-05 1.662823067496910351e-05 2.084491161690259057e-05 2.562953257150263326e-05 3.088101723355660713e-05 3.643228418276151708e-05 4.205098735128876008e-05 4.745020564957324542e-05 5.230993650212955795e-05 5.630804970511271007e-05 5.915688539806685545e-05 6.063961630170484001e-05 6.063961613324289558e-05 5.915688599784040252e-05 5.630805245327098518e-05 5.230994043529042960e-05 4.745020882404498504e-05 4.205098973638562049e-05 3.643228700002223758e-05 3.088102005068644410e-05 2.562953381073115083e-05 2.084491285934386685e-05 1.662823450643690374e-05 1.302141898793398079e-05 1.001872974097546621e-05 7.580101487720859404e-06 5.644062370694708013e-06 4.138795660293918748e-06 2.990639156582053890e-06 2.129914084852387873e-06 1.494361877149722313e-06 1.030663336702734661e-06 6.945596529486426509e-07 4.500549433377310090e-07 2.680640234116498214e-07 1.247971860034675565e-07 0.000000000000000000e+00
0.000000000000000000e+00 0.000000000000000000e+00 0.000000000000000000e+00 0.000000000000000000e+00 0.000000000000000000e+00 0.000000000000000000e+00 0.000000000000000000e+00 0.000000000000000000e+00 0.000000000000000000e+00 0.000000000000000000e+00 0.000000000000000000e+00 0.000000000000000000e+00 0.000000000000000000e+00 0.000000000000000000e+00 0.000000000000000000e+00 0.000000000000000000e+00 0.000000000000000000e+00 0.000000000000000000e+00 0.000000000000000000e+00 0.000000000000000000e+00 0.000000000000000000e+00 0.000000000000000000e+00 0.000000000000000000e+00 0.000000000000000000e+00 0.000000000000000000e+00 0.000000000000000000e+00 0.000000000000000000e+00 0.000000000000000000e+00 0.000000000000000000e+00 0.000000000000000000e+00 0.000000000000000000e+00 0.000000000000000000e+00 0.000000000000000000e+00 0.000000000000000000e+00 0.000000000000000000e+00 0.000000000000000000e+00 0.000000000000000000e+00 0.000000000000000000e+00 0.000000000000000000e+00 0.000000000000000000e+00 0.000000000000000000e+00 0.000000000000000000e+00 0.000000000000000000e+00 0.000000000000000000e+00 0.000000000000000000e+00 0.000000000000000000e+00 0.000000000000000000e+00 0.000000000000000000e+00 0.000000000000000000e+00 0.000000000000000000e+00
