0.000000000000000000e+00 0.000000000000000000e+00 0.000000000000000000e+00 0.000000000000000000e+00 0.000000000000000000e+00 0.000000000000000000e+00 0.000000000000000000e+00 0.000000000000000000e+00 0.000000000000000000e+00 0.000000000000000000e+00 0.000000000000000000e+00 0.000000000000000000e+00 0.000000000000000000e+00 0.000000000000000000e+00 0.000000000000000000e+00 0.000000000000000000e+00 0.000000000000000000e+00 0.000000000000000000e+00 0.000000000000000000e+00 0.000000000000000000e+00 0.000000000000000000e+00 0.000000000000000000e+00 0.000000000000000000e+00 0.000000000000000000e+00 0.000000000000000000e+00 0.000000000000000000e+00 0.000000000000000000e+00 0.000000000000000000e+00 0.000000000000000000e+00 0.000000000000000000e+00 0.000000000000000000e+00 0.000000000000000000e+00 0.000000000000000000e+00 0.000000000000000000e+00 0.000000000000000000e+00 0.000000000000000000e+00 0.000000000000000000e+00 0.000000000000000000e+00 0.000000000000000000e+00 0.000000000000000000e+00 0.000000000000000000e+00 0.000000000000000000e+00 0.000000000000000000e+00 0.000000000000000000e+00 0.000000000000000000e+00 0.000000000000000000e+00 0.000000000000000000e+00 0.000000000000000000e+00 0.000000000000000000e+00 0.000000000000000000e+00
0.000000000000000000e+00 2.600125200345324505e-28 2.195309107145015064e-27 1.763903074960803873e-26 1.363190590192139254e-25 1.011353505167894799e-24 7.186477294762222978e-24 4.878573587117135940e-23 3.155070747204562913e-22 1.937752205498421312e-21 1.126226914342783322e-20 6.169621474157620473e-20 3.171208362029600784e-19 1.521486986046454342e-18 6.773128939589287156e-18 2.778273687175776203e-17 1.041634239416638275e-16 3.535968649241599867e-16 1.074893148823973088e-15 2.888945445773374548e-15 6.766308581968396056e-15 1.359764223204445472e-14 2.310332315600252497e-14 3.285134842098524342e-14 3.904939868263789652e-14 3.904939868230092670e-14 3.285134842008818235e-14 2.310332315483124323e-14 1.359764223089412039e-14 6.766308581021818979e-15 2.888945445083802437e-15 1.074893148366816164e-15 3.535968646479308744e-16 1.041634237866672782e-16 2.778273679142449385e-17 6.773128900916998289e-18 1.521486968767426304e-18 3.171208290186081400e-19 6.169621195571938277e-20 1.126226813280674470e-20 1.937751861443628266e-21 3.155069644312122979e-22 4.878570247786795429e-23 7.186467714951711500e-24 1.011350893950678594e-24 1.363183809331238155e-25 1.763886260109197035e-26 2.195269273248244542e-27 2.600038479099461949e-28 0.000000000000000000e+00
0.000000000000000000e+00 2.195309107145014706e-27 1.863368673687109631e-26 1.505249224237545503e-25 1.169475015808881684e-24 8.721809890563651191e-24 6.229572631348958450e-23 4.250543783362767436e-22 2.762762426789981893e-21 1.705266647220942665e-20 9.960032307652103390e-20 5.483027313554449799e-19 2.832079452137296435e-18 1.365414766788155173e-17 6.108045892271529191e-17 2.517715593039740329e-16 9.485580676501469805e-16 3.235642605189979183e-15 9.882865071672233358e-15 2.668341203146833429e-14 6.276085694898302039e-14 1.265864793198586642e-13 2.156821768184414301e-13 3.072117765534607155e-13 3.654189726496721972e-13 3.654189726492240232e-13 3.072117765522620508e-13 2.156821768168650462e-13 1.265864793182979313e-13 6.276085694769258278e-14 2.668341203053433244e-14 9.882865071064611668e-15 3.235642604831799255e-15 9.485580674550380128e-16 2.517715592057172656e-16 6.108045887663654593e-17 1.365414764773827202e-17 2.832079443907400656e-18 5.483027282064135502e-19 9.960032194545455263e-20 1.705266608985780480e-20 2.762762304833560185e-21 4.250543415325772239e-22 6.229571577917909278e-23 8.721807023506754215e-24 1.169474272174731127e-24 1.505247382279796791e-25 1.863364316228129650e-26 2.195299645870921412e-27 0.000000000000000000e+00
0.000000000000000000e+00 1.763903074960806456e-26 1.505249224237545044e-25 1.222557015512811559e-24 9.549119845245150735e-24 7.158946447012125392e-23 5.139600661407783629e-22 3.524551602913206400e-21 2.302252947943017343e-20 1.427963904838712267e-19 8.380523529512502976e-19 4.635453208090007775e-18 2.405588231056237993e-17 1.165236935327561314e-16 5.236990684349152283e-16 2.168783515756984090e-15 8.209243323662863655e-15 2.813329321517205713e-14 8.632441100739603116e-14 2.341059339529575727e-13 5.528951902277352495e-13 1.119147719415715026e-12 1.912049753339995747e-12 2.727988391936007914e-12 3.246910624212272735e-12 3.246910624211945982e-12 2.727988391935116514e-12 1.912049753338759015e-12 1.119147719414387619e-12 5.528951902265375945e-13 2.341059339520126057e-13 8.632441100673024518e-14 2.813329321475468660e-14 8.209243323425467009e-15 2.168783515634361185e-15 5.236990683768378093e-16 1.165236935074131860e-16 2.405588230031050692e-17 4.635453204227867273e-18 8.380523515892598929e-19 1.427963900325822425e-19 2.302252933830547203e-20 3.524551561136426814e-21 5.139600543897329820e-22 7.158946132136231676e-23 9.549119039023441446e-24 1.222556817836847672e-24 1.505248759743021829e-25 1.763902059974377110e-26 0.000000000000000000e+00
0.000000000000000000e+00 1.363190590192139024e-25 1.169475015808882786e-24 9.549119845245147797e-24 7.497569142163936272e-23 5.649594569094113382e-22 4.076203714752781748e-21 2.808900143372509764e-20 1.843489051084640406e-19 1.148714538632980396e-18 6.772209705538668788e-18 3.762523336204550608e-17 1.961134227347888150e-16 9.540682970746653799e-16 4.306409753719755017e-15 1.791078835360986970e-14 6.808740654961208077e-14 2.343396336207345002e-13 7.221048551719371829e-13 1.966368041243421522e-12 4.661891546879748437e-12 9.467999517025828821e-12 1.621743271411537291e-11 2.317360808408920471e-11 2.759732620826425945e-11 2.759732620826400741e-11 2.317360808408861986e-11 1.621743271411495609e-11 9.467999517026016229e-12 4.661891546880538459e-12 1.966368041244556472e-12 7.221048551730916209e-13 2.343396336216350891e-13 6.808740655020780328e-14 1.791078835394900732e-14 4.306409753890881824e-15 9.540682971522508360e-16 1.961134227668127960e-16 3.762523337418909527e-17 6.772209709805821572e-18 1.148714540030714809e-18 1.843489055380116109e-19 2.808900155809023028e-20 4.076203748848050689e-21 5.649594657885350946e-22 7.497569362698740585e-23 9.549120368993200370e-24 1.169475134992800886e-24 1.363190846491876096e-25 0.000000000000000000e+00
0.000000000000000000e+00 1.011353505167895534e-24 8.721809890563652660e-24 7.158946447012126567e-23 5.649594569094115263e-22 4.278206341861338043e-21 3.101576507297895248e-20 2.147230754124445550e-19 1.415575241555575798e-18 8.859128185862509767e-18 5.244892583421369884e-17 2.925904760837134466e-16 1.531155661925949279e-15 7.478069456762640024e-15 3.388458286354085734e-14 1.414713195773098655e-13 5.398661009452230535e-13 1.865224447177949896e-12 5.769551411281103117e-12 1.576971483162413365e-11 3.751817092137413133e-11 7.643083826731648863e-11 1.312235760439590239e-10 1.877702595215938465e-10 2.237227699295606210e-10 2.237227699295620427e-10 1.877702595215965090e-10 1.312235760439595926e-10 7.643083826731210716e-11 3.751817092136534900e-11 1.576971483161321875e-11 5.769551411270667232e-12 1.865224447170064215e-12 5.398661009400873039e-13 1.414713195744139508e-13 3.388458286208523858e-14 7.478069456103349522e-15 1.531155661653486584e-15 2.925904759800898613e-16 5.244892579765930197e-17 8.859128173830676899e-18 1.415575237839103777e-18 2.147230743305465235e-19 3.101576477483477762e-20 4.278206263834283746e-21 5.649594374490296678e-22 7.158945983326152393e-23 8.721808833389263181e-24 1.011353278412067504e-24 0.000000000000000000e+00
0.000000000000000000e+00 7.186477294762222978e-24 6.229572631348958450e-23 5.139600661407788331e-22 4.076203714752780243e-21 3.101576507297894646e-20 2.258944484248522541e-19 1.570802666869781145e-18 1.039949594422888027e-17 6.534679808207573769e-17 3.883693505418401633e-16 2.174557409124572310e-15 1.142007737857938503e-14 5.596637879512537198e-14 2.544436378883825060e-13 1.065832813054435901e-12 4.080672982704976087e-12 1.414505592776484876e-11 4.389792560148076600e-11 1.203741745337678742e-10 2.872682740265092831e-10 5.868041853424864920e-10 1.009574707971401743e-09 1.446357065145590625e-09 1.723953396553289013e-09 1.723953396553277432e-09 1.446357065145559813e-09 1.009574707971376307e-09 5.868041853424898007e-10 2.872682740265430424e-10 1.203741745338221838e-10 4.389792560153914686e-11 1.414505592781166201e-11 4.080672982736816886e-12 1.065832813072867125e-12 2.544436378978338422e-13 5.596637879946649247e-14 1.142007738039286265e-14 2.174557409820056145e-15 3.883693507887894212e-16 6.534679816379088064e-17 1.039949596957536172e-17 1.570802674273469156e-18 2.258944504703334331e-19 3.101576560931407201e-20 4.076203848669043340e-21 5.139600980642503967e-22 6.229573358980733908e-23 7.186478854305993353e-24 0.000000000000000000e+00
0.000000000000000000e+00 4.878573587117139466e-23 4.250543783362771197e-22 3.524551602913203391e-21 2.808900143372511570e-20 2.147230754124446031e-19 1.570802666869781338e-18 1.096874307440009108e-17 7.290592446396898236e-17 4.598172491823428588e-16 2.742288965877903210e-15 1.540453577992812848e-14 8.114609911190995560e-14 3.988150901509126747e-13 1.818126987606775695e-12 7.636123206052235184e-12 2.931237246824572178e-11 1.018734405162016878e-10 3.169911543363179267e-10 8.715301176792950627e-10 2.085171786664525762e-09 4.269068131409039894e-09 7.357521447671317097e-09 1.055087535499499179e-08 1.257916087944286243e-08 1.257916087944275821e-08 1.055087535499472874e-08 7.357521447670958101e-09 4.269068131408632094e-09 2.085171786664108863e-09 8.715301176788786807e-10 3.169911543359423867e-10 1.018734405159218293e-10 2.931237246806011667e-11 7.636123205945906933e-12 1.818126987552172889e-12 3.988150901257313764e-13 8.114609910132716568e-14 1.540453577584491817e-14 2.742288964419786123e-15 4.598172486974144804e-16 7.290592431291848787e-17 1.096874303012701536e-17 1.570802654606945692e-18 2.147230721914506084e-19 2.808900062876675837e-20 3.524551411003550713e-21 4.250543346261962989e-22 4.878572651456220915e-23 0.000000000000000000e+00
0.000000000000000000e+00 3.155070747204562443e-22 2.762762426789981517e-21 2.302252947943018848e-20 1.843489051084641128e-19 1.415575241555575606e-18 1.039949594422888181e-17 7.290592446396895771e-17 4.863588537402924630e-16 3.077769660911498383e-15 1.841148556891105614e-14 1.037098557891476608e-13 5.476637695755951819e-13 2.697651922383720439e-12 1.232308514236590143e-11 5.185461494906769368e-11 1.994122938979994077e-10 6.942947859954858146e-10 2.164354798608131056e-09 5.961865928874823100e-09 1.429073020464976130e-08 2.930800240724888238e-08 5.057644967001402960e-08 7.257647577559063166e-08 8.653781257893284160e-08 8.653781257893352981e-08 7.257647577559265660e-08 5.057644967001728539e-08 2.930800240725315063e-08 1.429073020465436042e-08 5.961865928878978028e-09 2.164354798611326041e-09 6.942947859975715505e-10 1.994122938992420139e-10 5.185461494972483052e-11 1.232308514268513661e-11 2.697651922525217599e-12 5.476637696335103455e-13 1.037098558110965984e-13 1.841148557665722532e-14 3.077769663467550500e-15 4.863588545322113875e-16 7.290592469516683270e-17 1.039949600805274108e-17 1.415575258265283345e-18 1.843489092692812740e-19 2.302253046718066632e-20 2.762762650596170481e-21 3.155071223442237719e-22 0.000000000000000000e+00
0.000000000000000000e+00 1.937752205498421312e-21 1.705266647220942665e-20 1.427963904838712267e-19 1.148714538632979626e-18 8.859128185862515930e-18 6.534679808207570072e-17 4.598172491823428588e-16 3.077769660911497200e-15 1.953487762764673371e-14 1.171634779844608235e-13 6.614322761178401268e-13 3.499289098675164440e-12 1.726249269806387859e-11 7.895168457837753041e-11 3.325494591986100806e-10 1.279933790161818317e-09 4.459919672160535809e-09 1.391481328896945809e-08 3.836524351887995043e-08 9.205592241191816616e-08 1.889777420493543106e-07 3.263575047502493916e-07 4.684539608155465167e-07 5.585225325604136483e-07 5.585225325604445650e-07 4.684539608156247614e-07 3.263575047503388065e-07 1.889777420494216762e-07 9.205592241195450916e-08 3.836524351889256990e-08 1.391481328896939026e-08 4.459919672156568651e-09 1.279933790157872665e-09 3.325494591960486641e-10 7.895168457699619048e-11 1.726249269742147591e-11 3.499289098406430503e-12 6.614322760153719168e-13 1.171634779483601503e-13 1.953487761580589681e-14 3.077769657272930312e-15 4.598172481300414599e-16 6.534679779456283297e-17 8.859128111427864266e-18 1.148714520326012095e-18 1.427963861977618263e-19 1.705266551630556364e-20 1.937752005683723350e-21 0.000000000000000000e+00
0.000000000000000000e+00 1.126226914342783774e-20 9.960032307652105798e-20 8.380523529512500087e-19 6.772209705538667247e-18 5.244892583421369884e-17 3.883693505418401633e-16 2.742288965877902815e-15 1.841148556891105930e-14 1.171634779844608740e-13 7.042002905590519700e-13 3.981981494425864536e-12 2.109073381512819506e-11 1.041144419637928392e-10 4.763022943948308245e-10 2.006054946181490317e-09 7.718569461243107111e-09 2.688389292242380596e-08 8.384353377357404758e-08 2.311089312610770705e-07 5.544948717861479792e-07 1.138360586428433227e-06 1.965938506745962667e-06 2.821350353424379182e-06 3.362708191811531860e-06 3.362708191811420475e-06 2.821350353424045027e-06 1.965938506745450212e-06 1.138360586427835222e-06 5.544948717855889374e-07 2.311089312606757357e-07 8.384353377334794273e-08 2.688389292231958451e-08 7.718569461204477776e-09 2.006054946170094663e-09 4.763022943927199630e-10 1.041144419639222283e-10 2.109073381549167309e-11 3.981981494643244208e-12 7.042002906545576053e-13 1.171634780199356586e-13 1.841148558064006412e-14 2.742288969414751218e-15 3.883693515283833498e-16 5.244892609096753636e-17 6.772209768237829654e-18 8.380523673662311894e-19 9.960032619915852060e-20 1.126226977031940536e-20 0.000000000000000000e+00
0.000000000000000000e+00 6.169621474157621677e-20 5.483027313554447873e-19 4.635453208090007005e-18 3.762523336204549375e-17 2.925904760837133973e-16 2.174557409124573888e-15 1.540453577992812216e-14 1.037098557891476734e-13 6.614322761178403288e-13 3.981981494425862921e-12 2.253959443611954807e-11 1.194287831612583403e-10 5.894245573093751965e-10 2.694300385936114561e-09 1.133267429817727613e-08 4.352975377753982716e-08 1.513236173157917227e-07 4.710189869121636592e-07 1.296017921646282602e-06 3.104899478422591648e-06 6.366906204896935928e-06 1.098541206692035067e-05 1.575220747891264576e-05 1.876275334327406175e-05 1.876275334326877965e-05 1.575220747889917794e-05 1.098541206690453995e-05 6.366906204884266857e-06 3.104899478414683325e-06 1.296017921642171104e-06 4.710189869103887546e-07 1.513236173151639654e-07 4.352975377735604749e-08 1.133267429813458037e-08 2.694300385928040865e-09 5.894245573081115747e-10 1.194287831609058321e-10 2.253959443592037202e-11 3.981981494313664433e-12 6.614322760665800714e-13 1.037098557694924782e-13 1.540453577338760067e-14 2.174557407190540173e-15 2.925904755686098073e-16 3.762523323771781651e-17 4.635453180940228816e-18 5.483027260593174184e-19 6.169621386095356082e-20 0.000000000000000000e+00
0.000000000000000000e+00 3.171208362029599821e-19 2.832079452137294894e-18 2.405588231056238301e-17 1.961134227347886670e-16 1.531155661925949674e-15 1.142007737857937398e-14 8.114609911190999347e-14 5.476637695755951819e-13 3.499289098675166459e-12 2.109073381512820799e-11 1.194287831612582886e-10 6.325513759839881828e-10 3.118055541292409601e-09 1.422403989767062300e-08 5.966408395627713640e-08 2.284074221283106790e-07 7.910459472713572166e-07 2.452709112611902377e-06 6.723560180184567910e-06 1.605452196469308538e-05 3.283125017479410706e-05 5.652397010592714942e-05 8.091556576480983195e-05 9.627942374674066306e-05 9.627942374676500339e-05 8.091556576488048128e-05 5.652397010602999955e-05 3.283125017490861236e-05 1.605452196479698583e-05 6.723560180259138149e-06 2.452709112655330603e-06 7.910459472927266932e-07 2.284074221374531555e-07 5.966408395973132353e-08 1.422403989884267340e-08 3.118055541652948266e-09 6.325513760858632301e-10 1.194287831878981313e-10 2.109073382163908553e-11 3.499289100171519628e-12 5.476637699007115948e-13 8.114609917870371722e-14 1.142007739146180073e-14 1.531155664205261891e-15 1.961134230825240021e-16 2.405588234710982187e-17 2.832079450415340190e-18 3.171208336601990210e-19 0.000000000000000000e+00
0.000000000000000000e+00 1.521486986046454920e-18 1.365414766788155482e-17 1.165236935327560821e-16 9.540682970746657743e-16 7.478069456762636868e-15 5.596637879512542878e-14 3.988150901509125738e-13 2.697651922383724478e-12 1.726249269806387536e-11 1.041144419637928780e-10 5.894245573093751965e-10 3.118055541292409601e-09 1.533499232949846224e-08 6.972171844355331924e-08 2.911753436140911958e-07 1.108801444548096412e-06 3.817268452272363634e-06 1.176135605306854052e-05 3.204107542035607056e-05 7.607219295331392993e-05 1.548134279639376001e-04 2.655141140176311716e-04 3.790307455341761504e-04 4.502847816476018557e-04 4.502847816483091892e-04 3.790307455359809676e-04 2.655141140197182607e-04 1.548134279655642015e-04 7.607219295428599849e-05 3.204107542083279426e-05 1.176135605325611597e-05 3.817268452328220375e-06 1.108801444558291300e-06 2.911753436132636446e-07 6.972171844177867934e-08 1.533499232851226773e-08 3.118055540892552148e-09 5.894245571740261144e-10 1.041144419235051367e-10 1.726249268726706810e-11 2.697651919742492757e-12 3.988150895577285530e-13 5.596637867292556079e-14 7.478069433932823989e-15 9.540682933330491970e-16 1.165236930470525492e-16 1.365414764003435348e-17 1.521486996525613659e-18 0.000000000000000000e+00
0.000000000000000000e+00 6.773128939589284075e-18 6.108045892271526726e-17 5.236990684349153269e-16 4.306409753719751862e-15 3.388458286354087627e-14 2.544436378883823546e-13 1.818126987606775695e-12 1.232308514236589982e-11 7.895168457837755626e-11 4.763022943948308245e-10 2.694300385936114975e-09 1.422403989767062630e-08 6.972171844355330601e-08 3.154902926994165204e-07 1.309441882278126447e-06 4.948998709305669462e-06 1.689150266280248631e-05 5.156131481391153525e-05 1.391476463640584148e-04 3.274468946788838841e-04 6.612762098785104339e-04 1.127228706460757816e-03 1.602222153435471294e-03 1.899015641247166035e-03 1.899015641240792878e-03 1.602222153418004147e-03 1.127228706437697053e-03 6.612762098558809662e-04 3.274468946605767509e-04 1.391476463519740600e-04 5.156131480729854574e-05 1.689150265970784467e-05 4.948998708039937965e-06 1.309441881818761421e-06 3.154902925497299697e-07 6.972171839931248400e-08 1.422403988571746279e-08 2.694300382963329596e-09 4.763022937106456482e-10 7.895168443191121843e-11 1.232308511306286829e-11 1.818126982094274456e-12 2.544436369043185378e-13 3.388458269410646591e-14 4.306409724774043957e-15 5.236990633161304276e-16 6.108045794532297820e-17 6.773128738153474741e-18 0.000000000000000000e+00
0.000000000000000000e+00 2.778273687175775587e-17 2.517715593039740329e-16 2.168783515756982907e-15 1.791078835360986339e-14 1.414713195773098150e-13 1.065832813054435699e-12 7.636123206052230338e-12 5.185461494906770014e-11 3.325494591986098738e-10 2.006054946181489490e-09 1.133267429817727116e-08 5.966408395627712317e-08 2.911753436140911958e-07 1.309441882278126235e-06 5.390971528583207366e-06 2.017183254400000512e-05 6.804435952364125992e-05 2.050166742904259616e-04 5.458281475891709660e-04 1.267775826852112668e-03 2.530842082386769009e-03 4.274507201641176285e-03 6.036693688252854108e-03 7.131098740645097980e-03 7.131098740602322301e-03 6.036693688149056929e-03 4.274507201533882771e-03 2.530842082323835410e-03 1.267775826834927847e-03 5.458281475932906090e-04 2.050166742995145573e-04 6.804435953082534614e-05 2.017183254806995438e-05 5.390971530459261677e-06 1.309441883020094486e-06 2.911753438732984713e-07 5.966408403774958277e-08 1.133267432152516856e-08 2.006054952342676867e-09 3.325494607079393508e-10 5.185461529460726622e-11 7.636123280422890530e-12 1.065832828187112691e-12 1.414713225051228885e-13 1.791078889572759195e-14 2.168783612584080199e-15 2.517715761433212147e-16 2.778273970925746003e-17 0.000000000000000000e+00
0.000000000000000000e+00 1.041634239416638152e-16 9.485580676501465861e-16 8.209243323662858921e-15 6.808740654961204290e-14 5.398661009452231545e-13 4.080672982704972856e-12 2.931237246824573471e-11 1.994122938979994077e-10 1.279933790161817696e-09 7.718569461243108765e-09 4.352975377753982716e-08 2.284074221283107848e-07 1.108801444548096412e-06 4.948998709305668615e-06 2.017183254400000851e-05 7.452747419686020437e-05 2.475854764370281035e-04 7.330494837660510299e-04 1.915369146474988054e-03 4.366585468836291055e-03 8.571207141414316846e-03 1.428078721737268027e-02 1.997854149140858293e-02 2.348802099060603998e-02 2.348802099157467835e-02 1.997854149397728166e-02 1.428078722055780257e-02 8.571207144246946810e-03 4.366585470894828423e-03 1.915369147721191932e-03 7.330494844000962551e-04 2.475854767149865865e-04 7.452747430390385078e-05 2.017183258070630325e-05 4.948998720635665174e-06 1.108801447723855230e-06 2.284074229422414992e-07 4.352975396925289032e-08 7.718569502884032619e-09 1.279933798514292957e-09 1.994122954435979886e-10 2.931237273079123262e-11 4.080673023147285416e-12 5.398661064332707653e-13 6.808740715523356027e-14 8.209243361277676436e-15 9.485580623926639652e-16 1.041634212119381893e-16 0.000000000000000000e+00
0.000000000000000000e+00 3.535968649241596909e-16 3.235642605189977999e-15 2.813329321517205398e-14 2.343396336207342983e-13 1.865224447177950704e-12 1.414505592776484552e-11 1.018734405162017395e-10 6.942947859954852976e-10 4.459919672160539945e-09 2.688389292242379934e-08 1.513236173157917492e-07 7.910459472713570048e-07 3.817268452272363634e-06 1.689150266280249648e-05 6.804435952364121926e-05 2.475854764370282119e-04 8.069930426032231310e-04 2.336044617398821532e-03 5.952164502106352395e-03 1.322233581877302333e-02 2.533555226573289479e-02 4.138496562049739924e-02 5.710585839673515407e-02 6.667800602991208470e-02 6.667800602384135744e-02 5.710585837997703140e-02 4.138496559842033684e-02 2.533555224416133428e-02 1.322233580147653097e-02 5.952164490931438103e-03 2.336044611364700412e-03 8.069930397934132376e-04 2.475854752870423436e-04 6.804435910361793661e-05 1.689150252414252200e-05 3.817268410468169759e-06 7.910459356632416248e-07 1.513236143260238963e-07 2.688389220393944744e-08 4.459919510254539739e-09 6.942947516395527820e-10 1.018734336269662537e-10 1.414505461840427024e-11 1.865224210737072946e-12 2.343395929770603090e-13 2.813328655543579031e-14 3.235641564570979150e-15 3.535967122810736129e-16 0.000000000000000000e+00
0.000000000000000000e+00 1.074893148823974075e-15 9.882865071672233358e-15 8.632441100739601854e-14 7.221048551719377888e-13 5.769551411281103117e-12 4.389792560148075954e-11 3.169911543363178750e-10 2.164354798608131469e-09 1.391481328896946140e-08 8.384353377357407405e-08 4.710189869121638181e-07 2.452709112611901954e-06 1.176135605306854221e-05 5.156131481391154880e-05 2.050166742904258803e-04 7.330494837660513551e-04 2.336044617398823700e-03 6.576368307632952936e-03 1.622019449476201289e-02 3.479160823367485889e-02 6.444534749945821095e-02 1.023158497945926143e-01 1.383937226982965008e-01 1.599983464369457986e-01 1.599983464511124109e-01 1.383937227403257697e-01 1.023158498544445988e-01 6.444534756379916018e-02 3.479160828905443481e-02 1.622019453118461046e-02 6.576368327649430127e-03 2.336044626862477953e-03 7.330494876885889971e-04 2.050166757416991452e-04 5.156131530006609532e-05 1.176135620217391863e-05 2.452709154868681626e-06 4.710189980628851123e-07 8.384353653081970974e-08 1.391481393123105380e-08 2.164354940162703903e-09 3.169911839637195681e-10 4.389793150792660988e-11 5.769552535603111316e-12 7.221050599374401198e-13 8.632444674452673251e-14 9.882871053701849906e-15 1.074894093536652224e-15 0.000000000000000000e+00
0.000000000000000000e+00 2.888945445773372970e-15 2.668341203146833744e-14 2.341059339529575727e-13 1.966368041243422734e-12 1.576971483162414335e-11 1.203741745337679259e-10 8.715301176792959933e-10 5.961865928874823927e-09 3.836524351887994381e-08 2.311089312610770705e-07 1.296017921646281966e-06 6.723560180184570451e-06 3.204107542035607734e-05 1.391476463640584690e-04 5.458281475891709660e-04 1.915369146474987403e-03 5.952164502106353262e-03 1.622019449476200942e-02 3.843972494703999654e-02 7.879228774970993554e-02 1.393825724588098058e-01 2.126086118205574582e-01 2.794834983263798089e-01 3.185453409304306316e-01 3.185453409403553593e-01 2.794834983427454955e-01 2.126086118298852190e-01 1.393825724548515277e-01 7.879228774150015546e-02 3.843972494566444409e-02 1.622019449525544804e-02 5.952164503074778255e-03 1.915369147202661184e-03 5.458281479686567968e-04 1.391476465227908983e-04 3.204107547649825456e-05 6.723560197367436773e-06 1.296017926238873430e-06 2.311089323294025898e-07 3.836524373019035166e-08 5.961865961812301441e-09 8.715301205052401659e-10 1.203741740301269900e-10 1.576971448188796044e-11 1.966367921765107706e-12 2.341059016427902438e-13 2.668340440886451092e-14 2.888943854796891646e-15 0.000000000000000000e+00
0.000000000000000000e+00 6.766308581968395268e-15 6.276085694898302039e-14 5.528951902277351485e-13 4.661891546879750053e-12 3.751817092137413779e-11 2.872682740265092831e-10 2.085171786664526590e-09 1.429073020464976130e-08 9.205592241191809998e-08 5.544948717861478733e-07 3.104899478422595036e-06 1.605452196469309216e-05 7.607219295331397058e-05 3.274468946788839383e-04 1.267775826852112668e-03 4.366585468836291922e-03 1.322233581877302507e-02 3.479160823367483807e-02 7.879228774970993554e-02 1.528980131214414118e-01 2.550329686056023726e-01 3.688266040480136509e-01 4.662904930287525285e-01 5.210846361597127885e-01 5.210846360933288901e-01 4.662904928486448219e-01 3.688266037966543287e-01 2.550329683307617223e-01 1.528980128722359777e-01 7.879228757115117054e-02 3.479160813257319018e-02 1.322233576869533481e-02 4.366585447090727372e-03 1.267775818385567061e-03 3.274468916677236610e-04 7.607219196354863980e-05 1.605452166157532838e-05 3.104899391475943291e-06 5.544948483538690780e-07 9.205591646768390843e-08 1.429072878358193387e-08 2.085171466207514493e-09 2.872682058063258365e-10 3.751815720123809485e-11 4.661888938625599986e-12 5.528947214219147268e-13 6.276077732180690275e-14 6.766296036839820298e-15 0.000000000000000000e+00
0.000000000000000000e+00 1.359764223204445945e-14 1.265864793198587147e-13 1.119147719415715632e-12 9.467999517025828821e-12 7.643083826731655326e-11 5.868041853424866988e-10 4.269068131409041548e-09 2.930800240724885922e-08 1.889777420493543106e-07 1.138360586428433651e-06 6.366906204896934234e-06 3.283125017479414094e-05 1.548134279639375730e-04 6.612762098785105423e-04 2.530842082386769009e-03 8.571207141414316846e-03 2.533555226573291907e-02 6.444534749945828034e-02 1.393825724588098058e-01 2.550329686056024281e-01 3.979179252786537724e-01 5.402825847058907449e-01 6.514456299451187871e-01 7.104703963276217671e-01 7.104703962417225904e-01 6.514456297407084095e-01 5.402825844763109453e-01 3.979179250885488961e-01 2.550329684512429584e-01 1.393825723212553658e-01 6.444534740207909229e-02 2.533555221428681822e-02 8.571207119328367458e-03 2.530842075169012668e-03 6.612762083324662168e-04 1.548134279650501270e-04 3.283125037884034606e-05 6.366906332821255693e-06 1.138360641761257765e-06 1.889777617582020277e-07 2.930800854265713958e-08 4.269069850095681612e-09 5.868046261755177485e-10 7.643094301819632839e-11 9.468022773872265923e-12 1.119152575639113956e-12 1.265874373640200233e-13 1.359781772351249485e-14 0.000000000000000000e+00
0.000000000000000000e+00 2.310332315600253128e-14 2.156821768184415563e-13 1.912049753339995747e-12 1.621743271411536968e-11 1.312235760439589722e-10 1.009574707971401536e-09 7.357521447671315443e-09 5.057644967001403622e-08 3.263575047502495504e-07 1.965938506745962243e-06 1.098541206692034051e-05 5.652397010592718330e-05 2.655141140176311173e-04 1.127228706460758250e-03 4.274507201641178887e-03 1.428078721737268027e-02 4.138496562049738536e-02 1.023158497945926143e-01 2.126086118205574860e-01 3.688266040480133734e-01 5.402825847058906339e-01 6.901698839173704414e-01 7.945477612395743794e-01 8.459745512768248599e-01 8.459745514091397967e-01 7.945477616225237183e-01 6.901698845116498449e-01 5.402825854551536189e-01 3.688266047858628771e-01 2.126086123435963204e-01 1.023158500669994198e-01 4.138496572668858009e-02 1.428078724425807869e-02 4.274507201121270118e-03 1.127228701203760071e-03 2.655141102750973280e-04 5.652396825621686376e-05 1.098541131605650373e-05 1.965938241356867910e-06 3.263574206638027572e-07 5.057642536223127303e-08 7.357514959049344824e-09 1.009573094422685105e-09 1.312231996770934519e-10 1.621734991188763725e-11 1.912032492527531571e-12 2.156787570601791427e-13 2.310269073239795155e-14 0.000000000000000000e+00
0.000000000000000000e+00 3.285134842098526866e-14 3.072117765534609175e-13 2.727988391936009126e-12 2.317360808408920471e-11 1.877702595215938465e-10 1.446357065145590625e-09 1.055087535499499013e-08 7.257647577559059196e-08 4.684539608155468873e-07 2.821350353424380029e-06 1.575220747891266270e-05 8.091556576480983195e-05 3.790307455341759878e-04 1.602222153435471077e-03 6.036693688252851506e-03 1.997854149140859681e-02 5.710585839673517489e-02 1.383937226982965008e-01 2.794834983263796424e-01 4.662904930287529170e-01 6.514456299451186760e-01 7.945477612395741573e-01 8.830326172657303463e-01 9.230498874288366462e-01 9.230498879829971415e-01 8.830326187647242753e-01 7.945477633331996525e-01 6.514456323253057235e-01 4.662904953343260384e-01 2.794835001558232945e-01 1.383937238700191641e-01 5.710585900567317907e-02 1.997854175737482155e-02 6.036693784673624781e-03 1.602222181909424524e-03 3.790307518713424565e-04 8.091556646205862278e-05 1.575220724490023101e-05 2.821350156849863975e-06 4.684538737833844131e-07 7.257644541631870570e-08 1.055086620544673785e-08 1.446354589755172168e-09 1.877696457710441910e-10 2.317346680499256206e-11 2.727957926641792799e-12 3.072055856296933785e-13 3.285018352767903575e-14 0.000000000000000000e+00
0.000000000000000000e+00 3.904939868263790283e-14 3.654189726496722477e-13 3.246910624212272735e-12 2.759732620826426268e-11 2.237227699295608019e-10 1.723953396553289426e-09 1.257916087944286574e-08 8.653781257893278866e-08 5.585225325604137542e-07 3.362708191811531436e-06 1.876275334327405159e-05 9.627942374674066306e-05 4.502847816476018557e-04 1.899015641247165168e-03 7.131098740645098848e-03 2.348802099060602611e-02 6.667800602991200143e-02 1.599983464369456876e-01 3.185453409304307426e-01 5.210846361597122334e-01 7.104703963276211010e-01 8.459745512768243048e-01 9.230498874288364242e-01 9.556245850648480422e-01 9.556245860341672227e-01 9.230498900557940756e-01 8.459745549342299054e-01 7.104704004315683941e-01 5.210846401881809031e-01 3.185453443741822488e-01 1.599983489627316846e-01 6.667800760908590418e-02 2.348802185010603547e-02 7.131099154430100770e-03 1.899015819085068859e-03 4.502848507233814029e-04 9.627944822490200935e-05 1.876276132263909085e-05 3.362710601749296174e-06 5.585232111075988623e-07 8.653799165139828452e-08 1.257920538317381687e-08 1.723963855316530400e-09 2.237251026880733540e-10 2.759782163246965637e-11 3.247011099913712444e-12 3.654384652472915595e-13 3.905295115183860311e-14 0.000000000000000000e+00
0.000000000000000000e+00 3.904939868230092670e-14 3.654189726492239727e-13 3.246910624211944771e-12 2.759732620826400741e-11 2.237227699295619910e-10 1.723953396553277639e-09 1.257916087944276648e-08 8.653781257893350334e-08 5.585225325604442474e-07 3.362708191811418357e-06 1.876275334326878643e-05 9.627942374676496274e-05 4.502847816483090807e-04 1.899015641240793528e-03 7.131098740602322301e-03 2.348802099157467835e-02 6.667800602384127417e-02 1.599983464511122166e-01 3.185453409403554703e-01 5.210846360933285570e-01 7.104703962417224794e-01 8.459745514091395746e-01 9.230498879829969194e-01 9.556245860341666676e-01 9.556245872708855060e-01 9.230498913856092225e-01 8.459745562403261365e-01 7.104704017049705556e-01 5.210846415477212723e-01 3.185453458697797280e-01 1.599983504403267309e-01 6.667800883776263399e-02 2.348802270514328133e-02 7.131099659769825697e-03 1.899016077418071418e-03 4.502849668979390613e-04 9.627949485379394621e-05 1.876277823008051405e-05 3.362716196631730615e-06 5.585249152733867555e-07 8.653847293302695672e-08 1.257933219541780788e-08 1.723995198214580240e-09 2.237324035575931551e-10 2.759943101867825990e-11 3.247348057817689600e-12 3.655056320520830490e-13 3.906545895519133875e-14 0.000000000000000000e+00
0.000000000000000000e+00 3.285134842008816342e-14 3.072117765522621518e-13 2.727988391935116514e-12 2.317360808408861017e-11 1.877702595215964315e-10 1.446357065145561467e-09 1.055087535499473371e-08 7.257647577559263013e-08 4.684539608156247614e-07 2.821350353424044604e-06 1.575220747889917794e-05 8.091556576488045417e-05 3.790307455359809676e-04 1.602222153418004147e-03 6.036693688149057796e-03 1.997854149397729207e-02 5.710585837997703140e-02 1.383937227403256864e-01 2.794834983427456065e-01 4.662904928486444889e-01 6.514456297407084095e-01 7.945477616225231632e-01 8.830326187647238312e-01 9.230498900557931874e-01 9.230498913856091114e-01 8.830326224949072156e-01 7.945477670977102447e-01 6.514456360464214724e-01 4.662904992494728007e-01 2.794835043717899814e-01 1.383937279880744498e-01 5.710586241984012823e-02 1.997854413606479571e-02 6.036695194511560413e-03 1.602222905080043398e-03 3.790310782221792190e-04 8.091569789327521375e-05 1.575225505511096053e-05 2.821366026162083568e-06 4.684587214531910751e-07 7.257781823137774798e-08 1.055122887527474414e-08 1.446444452710484331e-09 1.877906288027917148e-10 2.317810311854771066e-11 2.728930850146035598e-12 3.073999525989417627e-13 3.288645295036368580e-14 0.000000000000000000e+00
0.000000000000000000e+00 2.310332315483123061e-14 2.156821768168649199e-13 1.912049753338757804e-12 1.621743271411494963e-11 1.312235760439595409e-10 1.009574707971376307e-09 7.357521447670957274e-09 5.057644967001729200e-08 3.263575047503387536e-07 1.965938506745450212e-06 1.098541206690454334e-05 5.652397010603000632e-05 2.655141140197183692e-04 1.127228706437697053e-03 4.274507201533883638e-03 1.428078722055780604e-02 4.138496559842031602e-02 1.023158498544446127e-01 2.126086118298851912e-01 3.688266037966542732e-01 5.402825844763108343e-01 6.901698845116495118e-01 7.945477633331993195e-01 8.459745549342297943e-01 8.459745562403260255e-01 7.945477670977101337e-01 6.901698902416827375e-01 5.402825912078560444e-01 3.688266107369269631e-01 2.126086185831834452e-01 1.023158560621274388e-01 4.138497066674697022e-02 1.428079068495850118e-02 4.274509245449678932e-03 1.127229753760808969e-03 2.655145873096723098e-04 5.652416123583900741e-05 1.098548183364180000e-05 1.965961752877923457e-06 3.263646345259192037e-07 5.057847708605486932e-08 7.358059271649923379e-09 1.009708521729017423e-09 1.312549495790362189e-10 1.622439291012437016e-11 1.913516164827392121e-12 2.159762794211136152e-13 2.315840297547510611e-14 0.000000000000000000e+00
0.000000000000000000e+00 1.359764223089411566e-14 1.265864793182978808e-13 1.119147719414386811e-12 9.467999517026012998e-12 7.643083826731212009e-11 5.868041853424899041e-10 4.269068131408632094e-09 2.930800240725315063e-08 1.889777420494216233e-07 1.138360586427835010e-06 6.366906204884267704e-06 3.283125017490859881e-05 1.548134279655642557e-04 6.612762098558809662e-04 2.530842082323835410e-03 8.571207144246945075e-03 2.533555224416133775e-02 6.444534756379920182e-02 1.393825724548515554e-01 2.550329683307617779e-01 3.979179250885493402e-01 5.402825854551546181e-01 6.514456323253070558e-01 7.104704004315685051e-01 7.104704017049705556e-01 6.514456360464219165e-01 5.402825912078560444e-01 3.979179319284981142e-01 2.550329755077469507e-01 1.393825796372013537e-01 6.444535436609993839e-02 2.533555792543819643e-02 8.571211091608472998e-03 2.530844436898458793e-03 6.612774265459347945e-04 1.548139814738782271e-04 3.283147495353930495e-05 6.366988657288134375e-06 1.138388181484986274e-06 1.889862405334264293e-07 2.931042841796331225e-08 4.269714082710869919e-09 5.869654775999780702e-10 7.646878593090761228e-11 9.476446785698383095e-12 1.120933361346464398e-12 1.269457771382629577e-13 1.366513428855276255e-14 0.000000000000000000e+00
0.000000000000000000e+00 6.766308581021816613e-15 6.276085694769257016e-14 5.528951902265374936e-13 4.661891546880535228e-12 3.751817092136532961e-11 2.872682740265430424e-10 2.085171786664109277e-09 1.429073020465435215e-08 9.205592241195439005e-08 5.544948717855891492e-07 3.104899478414682478e-06 1.605452196479698583e-05 7.607219295428605270e-05 3.274468946605765883e-04 1.267775826834928064e-03 4.366585470894827556e-03 1.322233580147652576e-02 3.479160828905444175e-02 7.879228774150018322e-02 1.528980128722361997e-01 2.550329684512431805e-01 3.688266047858629326e-01 4.662904953343266490e-01 5.210846401881813472e-01 5.210846415477208282e-01 4.662904992494729117e-01 3.688266107369269076e-01 2.550329755077468397e-01 1.528980203228909873e-01 7.879229520241705365e-02 3.479161525950100198e-02 1.322234151696295885e-02 4.366589397217963964e-03 1.267778147953406475e-03 3.274480870724019548e-04 7.607273343346180380e-05 1.605474100484018964e-05 3.104979759706068745e-06 5.545217427927682425e-07 9.206420451806392759e-08 1.429309762205324958e-08 2.085803251929446110e-09 2.874262811908685416e-10 3.755543395322751649e-11 4.670207894396215411e-12 5.546580137006732025e-13 6.311659113746941482e-14 6.833318718533789010e-15 0.000000000000000000e+00
0.000000000000000000e+00 2.888945445083801649e-15 2.668341203053431982e-14 2.341059339520124037e-13 1.966368041244556876e-12 1.576971483161321875e-11 1.203741745338221838e-10 8.715301176788780603e-10 5.961865928878974719e-09 3.836524351889254343e-08 2.311089312606757887e-07 1.296017921642171527e-06 6.723560180259137302e-06 3.204107542083280103e-05 1.391476463519741142e-04 5.458281475932906090e-04 1.915369147721191715e-03 5.952164490931437235e-03 1.622019453118460353e-02 3.843972494566442327e-02 7.879228757115122606e-02 1.393825723212554768e-01 2.126086123435963482e-01 2.794835001558232945e-01 3.185453443741823043e-01 3.185453458697796170e-01 2.794835043717899814e-01 2.126086185831834174e-01 1.393825796372013814e-01 7.879229520241706752e-02 3.843973233914620147e-02 1.622020110116313696e-02 5.952169628375616507e-03 1.915372567510198812e-03 5.458301232148048653e-04 1.391486453443384233e-04 3.204152335613285902e-05 6.723740401686052654e-06 1.296083666888922757e-06 2.311308757950683528e-07 3.837199803841844370e-08 5.963796169774837841e-09 8.720452681896561112e-10 1.205032356698132853e-10 1.580020484627746756e-11 1.973187567641712079e-12 2.355551015862700401e-13 2.697666300236478754e-14 2.944339738909667304e-15 0.000000000000000000e+00
0.000000000000000000e+00 1.074893148366815178e-15 9.882865071064617979e-15 8.632441100673020732e-14 7.221048551730917219e-13 5.769551411270668847e-12 4.389792560153913394e-11 3.169911543359422316e-10 2.164354798611325213e-09 1.391481328896938530e-08 8.384353377334790302e-08 4.710189869103888605e-07 2.452709112655329756e-06 1.176135605325612105e-05 5.156131480729855252e-05 2.050166742995146929e-04 7.330494844000969056e-04 2.336044611364699111e-03 6.576368327649425791e-03 1.622019449525544457e-02 3.479160813257318324e-02 6.444534740207909229e-02 1.023158500669994059e-01 1.383937238700191918e-01 1.599983489627316013e-01 1.599983504403266477e-01 1.383937279880743665e-01 1.023158560621275082e-01 6.444535436609989676e-02 3.479161525950100198e-02 1.622020110116313696e-02 6.576373857164135618e-03 2.336048699055336044e-03 7.330520983270953682e-04 2.050181397642667641e-04 5.156204018515525762e-05 1.176167643185555254e-05 2.452836661973006172e-06 4.710651838637047182e-07 8.385888115251365732e-08 1.391952390527152147e-08 2.165699096805182594e-09 3.173498322261934705e-10 4.398784096599852996e-11 5.790821396835287107e-12 7.268711194956380437e-13 8.733961512630620765e-14 1.008885307379239445e-14 1.113912039398409563e-15 0.000000000000000000e+00
0.000000000000000000e+00 3.535968646479306772e-16 3.235642604831799650e-15 2.813329321475467398e-14 2.343396336216351901e-13 1.865224447170063408e-12 1.414505592781166847e-11 1.018734405159218552e-10 6.942947859975713437e-10 4.459919672156563688e-09 2.688389292231957789e-08 1.513236173151639654e-07 7.910459472927264814e-07 3.817268452328222916e-06 1.689150265970784805e-05 6.804435953082534614e-05 2.475854767149866407e-04 8.069930397934125870e-04 2.336044626862475351e-03 5.952164503074779990e-03 1.322233576869533134e-02 2.533555221428681822e-02 4.138496572668859397e-02 5.710585900567318601e-02 6.667800760908587643e-02 6.667800883776259235e-02 5.710586241984010047e-02 4.138497066674698410e-02 2.533555792543819643e-02 1.322234151696295712e-02 5.952169628375613905e-03 2.336048699055336911e-03 8.069958999543411053e-04 2.475872345568041143e-04 6.804531496799250015e-05 1.689196480842178222e-05 3.817469153170861469e-06 7.911248833345375527e-07 1.513519622789950360e-07 2.689325447290808602e-08 4.462782231039587749e-09 6.951099485591896942e-10 1.020907514597915815e-10 1.419954137936538538e-11 1.878125843077646777e-12 2.372353473740766727e-13 2.875141006937596439e-14 3.361385994333826992e-15 3.774809457182247219e-16 0.000000000000000000e+00
0.000000000000000000e+00 1.041634237866672413e-16 9.485580674550380128e-16 8.209243323425467009e-15 6.808740655020782852e-14 5.398661009400873039e-13 4.080672982736818501e-12 2.931237246806011021e-11 1.994122938992420914e-10 1.279933790157872045e-09 7.718569461204481085e-09 4.352975377735606734e-08 2.284074221374532085e-07 1.108801444558291088e-06 4.948998708039937117e-06 2.017183254806995777e-05 7.452747430390382368e-05 2.475854752870422894e-04 7.330494876885880213e-04 1.915369147202660534e-03 4.366585447090726504e-03 8.571207119328367458e-03 1.428078724425807522e-02 1.997854175737482155e-02 2.348802185010602853e-02 2.348802270514324664e-02 1.997854413606477489e-02 1.428079068495849945e-02 8.571211091608474733e-03 4.366589397217962229e-03 1.915372567510196860e-03 7.330520983270961272e-04 2.475872345568040059e-04 7.452851884057830442e-05 2.017238439846281428e-05 4.949259806490972781e-06 1.108912944601795131e-06 2.284507300261758446e-07 4.354516419622679898e-08 7.723626574383793331e-09 1.281473538078268744e-09 1.998496275262634319e-10 2.942881428405255167e-11 4.109863184002121216e-12 5.467828685538262808e-13 6.964209140532206206e-14 8.541774100150019264e-15 1.016373275684182010e-15 1.170789873322605182e-16 0.000000000000000000e+00
0.000000000000000000e+00 2.778273679142446304e-17 2.517715592057174136e-16 2.168783515634362368e-15 1.791078835394901047e-14 1.414713195744139761e-13 1.065832813072867327e-12 7.636123205945905317e-12 5.185461494972484991e-11 3.325494591960488192e-10 2.006054946170094250e-09 1.133267429813458203e-08 5.966408395973132353e-08 2.911753436132636446e-07 1.309441881818760786e-06 5.390971530459265065e-06 2.017183258070630664e-05 6.804435910361795016e-05 2.050166757416991181e-04 5.458281479686567968e-04 1.267775818385567061e-03 2.530842075169012668e-03 4.274507201121270118e-03 6.036693784673623046e-03 7.131099154430100770e-03 7.131099659769810084e-03 6.036695194511554341e-03 4.274509245449674595e-03 2.530844436898457058e-03 1.267778147953405607e-03 5.458301232148046484e-04 2.050181397642666557e-04 6.804531496799245949e-05 2.017238439846280750e-05 5.391256100922076623e-06 1.309573898802352910e-06 2.912308527398462894e-07 5.968538898829228713e-08 1.134018812725151131e-08 2.008504878783472987e-09 3.332921026075864213e-10 5.206496109634977813e-11 7.692047642513315081e-12 1.079847222945911319e-12 1.447938976765707139e-13 1.865856114404872743e-14 2.329026922155205133e-15 2.845293050671622740e-16 3.403781501689750500e-17 0.000000000000000000e+00
0.000000000000000000e+00 6.773128900916998289e-18 6.108045887663655825e-17 5.236990683768381051e-16 4.306409753890882613e-15 3.388458286208521333e-14 2.544436378978338927e-13 1.818126987552173293e-12 1.232308514268514145e-11 7.895168457699619048e-11 4.763022943927197562e-10 2.694300385928039210e-09 1.422403989884267506e-08 6.972171844177867934e-08 3.154902925497298638e-07 1.309441883020095333e-06 4.948998720635666021e-06 1.689150252414252877e-05 5.156131530006608855e-05 1.391476465227909254e-04 3.274468916677235526e-04 6.612762083324665420e-04 1.127228701203760721e-03 1.602222181909423440e-03 1.899015819085069076e-03 1.899016077418066648e-03 1.602222905080041880e-03 1.127229753760807885e-03 6.612774265459345777e-04 3.274480870724018463e-04 1.391486453443384504e-04 5.156204018515525762e-05 1.689196480842178222e-05 4.949259806490971087e-06 1.309573898802352063e-06 3.155505255440062108e-07 6.974670308281188711e-08 1.423352693275600319e-08 2.697618859783523448e-09 4.773777518080447303e-10 7.927629964469119155e-11 1.241477703973191186e-11 1.842468941757221253e-12 2.605410269226801118e-13 3.533082684409195604e-14 4.632286044433151476e-15 5.936587343887470825e-16 7.541512386569111456e-17 9.517305837523386435e-18 0.000000000000000000e+00
0.000000000000000000e+00 1.521486968767425727e-18 1.365414764773828126e-17 1.165236935074131613e-16 9.540682971522508360e-16 7.478069456103351100e-15 5.596637879946644830e-14 3.988150901257314268e-13 2.697651922525215983e-12 1.726249269742146945e-11 1.041144419639222025e-10 5.894245573081109543e-10 3.118055541652947438e-09 1.533499232851227104e-08 6.972171839931244430e-08 2.911753438732985243e-07 1.108801447723854806e-06 3.817268410468168065e-06 1.176135620217391863e-05 3.204107547649824101e-05 7.607219196354863980e-05 1.548134279650502355e-04 2.655141102750975448e-04 3.790307518713421312e-04 4.502848507233812945e-04 4.502849668979383565e-04 3.790310782221793275e-04 2.655145873096721471e-04 1.548139814738782271e-04 7.607273343346181735e-05 3.204152335613286580e-05 1.176167643185555762e-05 3.817469153170860622e-06 1.108912944601795343e-06 2.912308527398461835e-07 6.974670308281188711e-08 1.534523846568350340e-08 3.121910344170170975e-09 5.907632050605889565e-10 1.045459185638762792e-10 1.739222570832633183e-11 2.734204504552532667e-12 4.085056746783607552e-13 5.839283908391380187e-14 8.053865334138873231e-15 1.083961281321088134e-15 1.444586769787777347e-16 1.939102002812671285e-17 2.622487121393896896e-18 0.000000000000000000e+00
0.000000000000000000e+00 3.171208290186079956e-19 2.832079443907401426e-18 2.405588230031049460e-17 1.961134227668127220e-16 1.531155661653487767e-15 1.142007738039285949e-14 8.114609910132717830e-14 5.476637696335103455e-13 3.499289098406429696e-12 2.109073381549166986e-11 1.194287831609057545e-10 6.325513760858630233e-10 3.118055540892551321e-09 1.422403988571745286e-08 5.966408403774955630e-08 2.284074229422414463e-07 7.910459356632417306e-07 2.452709154868682050e-06 6.723560197367439314e-06 1.605452166157532500e-05 3.283125037884033928e-05 5.652396825621689087e-05 8.091556646205863633e-05 9.627944822490196869e-05 9.627949485379390555e-05 8.091569789327524086e-05 5.652416123583896675e-05 3.283147495353930495e-05 1.605474100484018964e-05 6.723740401686054348e-06 2.452836661973006596e-06 7.911248833345371292e-07 2.284507300261759240e-07 5.968538898829228713e-08 1.423352693275599989e-08 3.121910344170171802e-09 6.339905635085292840e-10 1.199255250354849252e-10 2.125010244937975055e-11 3.547047504187601132e-12 5.610907911888031927e-13 8.470175621194521020e-14 1.231017832084481589e-14 1.742488294832491847e-15 2.438449737035212286e-16 3.433935920365647051e-17 4.948735261526462526e-18 7.243539400423546623e-19 0.000000000000000000e+00
0.000000000000000000e+00 6.169621195571933462e-20 5.483027282064134539e-19 4.635453204227866502e-18 3.762523337418910143e-17 2.925904759800897627e-16 2.174557409820056145e-15 1.540453577584492448e-14 1.037098558110965353e-13 6.614322760153718158e-13 3.981981494643245016e-12 2.253959443592036233e-11 1.194287831878981830e-10 5.894245571740261144e-10 2.694300382963328769e-09 1.133267432152517022e-08 4.352975396925290355e-08 1.513236143260239227e-07 4.710189980628847947e-07 1.296017926238874489e-06 3.104899391475945408e-06 6.366906332821257387e-06 1.098541131605652067e-05 1.575220724490024456e-05 1.876276132263908069e-05 1.876277823008051405e-05 1.575225505511096730e-05 1.098548183364179830e-05 6.366988657288134375e-06 3.104979759706068321e-06 1.296083666888923815e-06 4.710651838637047182e-07 1.513519622789951154e-07 4.354516419622683869e-08 1.134018812725151131e-08 2.697618859783523861e-09 5.907632050605890599e-10 1.199255250354848994e-10 2.271020469108390761e-11 4.036511794577826200e-12 6.777295503227436443e-13 1.082839469361907545e-13 1.661483245138701684e-14 2.477529214184190021e-15 3.645725410877288088e-16 5.390413000774464848e-17 8.149072771137569410e-18 1.273174163911472814e-18 2.015067719955842972e-19 0.000000000000000000e+00
0.000000000000000000e+00 1.126226813280674771e-20 9.960032194545448041e-20 8.380523515892600854e-19 6.772209709805825424e-18 5.244892579765929581e-17 3.883693507887892733e-16 2.742288964419790067e-15 1.841148557665720638e-14 1.171634779483601251e-13 7.042002906545574034e-13 3.981981494313664433e-12 2.109073382163908553e-11 1.041144419235051109e-10 4.763022937106456482e-10 2.006054952342677694e-09 7.718569502884034274e-09 2.688389220393946729e-08 8.384353653081970974e-08 2.311089323294026957e-07 5.544948483538695015e-07 1.138360641761257765e-06 1.965938241356870874e-06 2.821350156849865669e-06 3.362710601749295751e-06 3.362716196631730192e-06 2.821366026162083991e-06 1.965961752877924304e-06 1.138388181484986274e-06 5.545217427927679249e-07 2.311308757950684057e-07 8.385888115251365732e-08 2.689325447290811579e-08 7.723626574383798294e-09 2.008504878783471746e-09 4.773777518080447303e-10 1.045459185638762662e-10 2.125010244937974086e-11 4.036511794577827815e-12 7.215790495521393524e-13 1.223469571209433476e-13 1.986457713394771671e-14 3.126607166246031689e-15 4.845996529252147526e-16 7.533199671902260694e-17 1.195467906148872572e-17 1.958787900997759961e-18 3.313574266220205573e-19 5.607654849675181795e-20 0.000000000000000000e+00
0.000000000000000000e+00 1.937751861443628643e-21 1.705266608985780480e-20 1.427963900325822906e-19 1.148714540030714809e-18 8.859128173830676899e-18 6.534679816379084366e-17 4.598172486974150720e-16 3.077769663467547739e-15 1.953487761580589681e-14 1.171634780199356081e-13 6.614322760665801724e-13 3.499289100171519628e-12 1.726249268726707133e-11 7.895168443191124428e-11 3.325494607079396609e-10 1.279933798514292336e-09 4.459919510254540566e-09 1.391481393123105215e-08 3.836524373019037813e-08 9.205591646768397461e-08 1.889777617582021865e-07 3.263574206638031807e-07 4.684538737833847837e-07 5.585232111075991799e-07 5.585249152733868614e-07 4.684587214531912869e-07 3.263646345259194684e-07 1.889862405334264558e-07 9.206420451806391436e-08 3.837199803841844370e-08 1.391952390527151816e-08 4.462782231039590230e-09 1.281473538078269157e-09 3.332921026075865764e-10 7.927629964469123033e-11 1.739222570832633829e-11 3.547047504187602343e-12 6.777295503227435433e-13 1.223469571209433476e-13 2.107887986466927075e-14 3.510317417790406013e-15 5.742162276806424215e-16 9.400770065571572225e-17 1.568212550128229321e-17 2.696446417914391126e-18 4.781902954231264252e-19 8.657914733971023608e-20 1.541709109694695264e-20 0.000000000000000000e+00
0.000000000000000000e+00 3.155069644312123449e-22 2.762762304833560562e-21 2.302252933830547504e-20 1.843489055380116109e-19 1.415575237839103585e-18 1.039949596957535709e-17 7.290592431291854950e-17 4.863588545322111903e-16 3.077769657272931100e-15 1.841148558064007359e-14 1.037098557694925287e-13 5.476637699007117967e-13 2.697651919742491545e-12 1.232308511306287799e-11 5.185461529460731146e-11 1.994122954435979628e-10 6.942947516395528854e-10 2.164354940162703076e-09 5.961865961812300614e-09 1.429072878358193056e-08 2.930800854265713627e-08 5.057642536223132597e-08 7.257644541631883805e-08 8.653799165139835070e-08 8.653847293302693025e-08 7.257781823137772151e-08 5.057847708605490902e-08 2.931042841796332548e-08 1.429309762205325288e-08 5.963796169774837841e-09 2.165699096805183422e-09 6.951099485591903145e-10 1.998496275262636128e-10 5.206496109634982336e-11 1.241477703973191671e-11 2.734204504552536706e-12 5.610907911888037986e-13 1.082839469361908302e-13 1.986457713394772933e-14 3.510317417790405619e-15 6.075214080636247501e-16 1.049636286159759673e-16 1.843833247508367295e-17 3.331928632799388858e-18 6.198436312941206261e-19 1.176036038994400690e-19 2.241981025025080597e-20 4.136832503204381807e-21 0.000000000000000000e+00
0.000000000000000000e+00 4.878570247786796604e-23 4.250543415325770358e-22 3.524551561136429070e-21 2.808900155809023028e-20 2.147230743305465235e-19 1.570802674273468386e-18 1.096874303012701844e-17 7.290592469516686967e-17 4.598172481300414599e-16 2.742288969414752006e-15 1.540453577338760067e-14 8.114609917870376770e-14 3.988150895577285530e-13 1.818126982094275870e-12 7.636123280422896992e-12 2.931237273079123262e-11 1.018734336269663054e-10 3.169911839637196715e-10 8.715301205052402693e-10 2.085171466207513666e-09 4.269069850095679131e-09 7.357514959049349787e-09 1.055086620544674612e-08 1.257920538317383010e-08 1.257933219541780953e-08 1.055122887527474083e-08 7.358059271649931651e-09 4.269714082710870746e-09 2.085803251929445696e-09 8.720452681896562146e-10 3.173498322261937290e-10 1.020907514597916978e-10 2.942881428405258398e-11 7.692047642513324774e-12 1.842468941757222061e-12 4.085056746783610076e-13 8.470175621194527331e-14 1.661483245138702315e-14 3.126607166246032872e-15 5.742162276806420271e-16 1.049636286159759303e-16 1.945777942674328694e-17 3.702192956144959484e-18 7.236599017018022529e-19 1.439815764029173214e-19 2.875458482554965896e-20 5.682992664999259101e-21 1.073829331941336981e-21 0.000000000000000000e+00
0.000000000000000000e+00 7.186467714951711500e-24 6.229571577917909278e-23 5.139600543897332641e-22 4.076203748848051441e-21 3.101576477483477762e-20 2.258944504703334331e-19 1.570802654606945885e-18 1.039949600805275341e-17 6.534679779456286995e-17 3.883693515283834977e-16 2.174557407190541356e-15 1.142007739146180704e-14 5.596637867292558603e-14 2.544436369043187902e-13 1.065832828187112691e-12 4.080673023147284608e-12 1.414505461840427994e-11 4.389793150792661634e-11 1.203741740301270934e-10 2.872682058063257331e-10 5.868046261755169214e-10 1.009573094422686139e-09 1.446354589755173202e-09 1.723963855316532675e-09 1.723995198214580653e-09 1.446444452710484951e-09 1.009708521729018457e-09 5.869654775999780702e-10 2.874262811908686450e-10 1.205032356698132594e-10 4.398784096599856227e-11 1.419954137936540316e-11 4.109863184002125255e-12 1.079847222945912328e-12 2.605410269226801623e-13 5.839283908391381449e-14 1.231017832084481589e-14 2.477529214184190810e-15 4.845996529252149498e-16 9.400770065571569760e-17 1.843833247508367604e-17 3.702192956144958714e-18 7.618916648648953822e-19 1.592509313548807165e-19 3.334381285363633048e-20 6.902145056863060417e-21 1.397455387889504302e-21 2.682559889914084049e-22 0.000000000000000000e+00
0.000000000000000000e+00 1.011350893950679328e-24 8.721807023506754215e-24 7.158946132136237554e-23 5.649594657885353767e-22 4.278206263834282994e-21 3.101576560931405997e-20 2.147230721914506325e-19 1.415575258265284693e-18 8.859128111427868888e-18 5.244892609096754869e-17 2.925904755686098073e-16 1.531155664205262088e-15 7.478069433932823989e-15 3.388458269410651008e-14 1.414713225051229138e-13 5.398661064332709673e-13 1.865224210737072946e-12 5.769552535603112124e-12 1.576971448188797983e-11 3.751815720123808192e-11 7.643094301819618621e-11 1.312231996770935553e-10 1.877696457710444753e-10 2.237251026880736383e-10 2.237324035575932843e-10 1.877906288027918182e-10 1.312549495790362964e-10 7.646878593090762520e-11 3.755543395322752941e-11 1.580020484627747079e-11 5.790821396835291954e-12 1.878125843077650412e-12 5.467828685538271896e-13 1.447938976765708149e-13 3.533082684409196867e-14 8.053865334138870076e-15 1.742488294832492833e-15 3.645725410877287102e-16 7.533199671902263159e-17 1.568212550128229321e-17 3.331928632799390784e-18 7.236599017018030233e-19 1.592509313548808609e-19 3.502657010856801970e-20 7.600521462702360600e-21 1.611555680158501414e-21 3.315777496083976822e-22 6.434064059776318033e-23 0.000000000000000000e+00
0.000000000000000000e+00 1.363183809331241140e-25 1.169474272174729841e-24 9.549119039023451732e-24 7.497569362698741760e-23 5.649594374490298559e-22 4.076203848669042588e-21 2.808900062876677643e-20 1.843489092692813703e-19 1.148714520326012673e-18 6.772209768237832736e-18 3.762523323771782267e-17 1.961134230825241254e-16 9.540682933330489998e-16 4.306409724774046323e-15 1.791078889572759510e-14 6.808740715523357289e-14 2.343395929770603595e-13 7.221050599374397159e-13 1.966367921765108110e-12 4.661888938625602409e-12 9.468022773872252999e-12 1.621734991188763725e-11 2.317346680499257822e-11 2.759782163246970807e-11 2.759943101867827606e-11 2.317810311854773005e-11 1.622439291012438632e-11 9.476446785698378249e-12 4.670207894396214603e-12 1.973187567641712887e-12 7.268711194956386495e-13 2.372353473740771776e-13 6.964209140532222614e-14 1.865856114404874321e-14 4.632286044433151476e-15 1.083961281321087937e-15 2.438449737035212286e-16 5.390413000774463616e-17 1.195467906148872726e-17 2.696446417914391896e-18 6.198436312941210113e-19 1.439815764029175140e-19 3.334381285363636659e-20 7.600521462702365114e-21 1.689274306390354826e-21 3.639698375450491168e-22 7.572023602882893490e-23 1.480904167551204788e-23 0.000000000000000000e+00
0.000000000000000000e+00 1.763886260109203349e-26 1.505247382279793577e-25 1.222556817836849141e-24 9.549120368993195962e-24 7.158945983326148867e-23 5.139600980642503967e-22 3.524551411003552970e-21 2.302253046718067535e-20 1.427963861977618985e-19 8.380523673662317671e-19 4.635453180940228046e-18 2.405588234710983112e-17 1.165236930470524753e-16 5.236990633161309206e-16 2.168783612584081776e-15 8.209243361277682747e-15 2.813328655543579662e-14 8.632444674452665678e-14 2.341059016427903447e-13 5.528947214219146259e-13 1.119152575639113148e-12 1.912032492527531167e-12 2.727957926641795627e-12 3.247011099913717291e-12 3.247348057817690408e-12 2.728930850146036002e-12 1.913516164827393737e-12 1.120933361346463590e-12 5.546580137006731015e-13 2.355551015862699897e-13 8.733961512630622027e-14 2.875141006937599595e-14 8.541774100150038196e-15 2.329026922155206710e-15 5.936587343887470825e-16 1.444586769787777347e-16 3.433935920365648284e-17 8.149072771137569410e-18 1.958787900997760732e-18 4.781902954231268104e-19 1.176036038994401894e-19 2.875458482554968303e-20 6.902145056863066436e-21 1.611555680158503107e-21 3.639698375450494930e-22 7.929263044219220798e-23 1.663052757920750876e-23 3.272889064944142076e-24 0.000000000000000000e+00
0.000000000000000000e+00 2.195269273248257097e-27 1.863364316228123337e-26 1.505248759743023896e-25 1.169475134992800703e-24 8.721808833389260243e-24 6.229573358980737435e-23 4.250543346261964870e-22 2.762762650596171985e-21 1.705266551630557267e-20 9.960032619915859282e-20 5.483027260593177073e-19 2.832079450415342501e-18 1.365414764003435502e-17 6.108045794532306449e-17 2.517715761433212640e-16 9.485580623926647541e-16 3.235641564570979545e-15 9.882871053701842017e-15 2.668340440886450776e-14 6.276077732180692799e-14 1.265874373640199476e-13 2.156787570601790922e-13 3.072055856296933785e-13 3.654384652472919129e-13 3.655056320520832510e-13 3.073999525989417122e-13 2.159762794211136152e-13 1.269457771382628315e-13 6.311659113746938958e-14 2.697666300236477492e-14 1.008885307379239130e-14 3.361385994333828964e-15 1.016373275684183785e-15 2.845293050671626192e-16 7.541512386569107759e-17 1.939102002812671593e-17 4.948735261526465607e-18 1.273174163911473969e-18 3.313574266220207499e-19 8.657914733971030831e-20 2.241981025025083606e-20 5.682992664999265872e-21 1.397455387889505242e-21 3.315777496083977292e-22 7.572023602882901719e-23 1.663052757920751170e-23 3.510683086089759829e-24 6.946538505319092123e-25 0.000000000000000000e+00
0.000000000000000000e+00 2.600038479099483921e-28 2.195299645870911367e-27 1.763902059974380841e-26 1.363190846491875866e-25 1.011353278412067137e-24 7.186478854306002169e-24 4.878572651456223854e-23 3.155071223442241951e-22 1.937752005683723350e-21 1.126226977031941138e-20 6.169621386095358490e-20 3.171208336601994544e-19 1.521486996525613274e-18 6.773128738153487067e-18 2.778273970925746003e-17 1.041634212119383126e-16 3.535967122810736622e-16 1.074894093536651238e-15 2.888943854796890068e-15 6.766296036839823454e-15 1.359781772351248696e-14 2.310269073239795155e-14 3.285018352767904206e-14 3.905295115183860942e-14 3.906545895519137031e-14 3.288645295036367949e-14 2.315840297547508402e-14 1.366513428855274520e-14 6.833318718533785854e-15 2.944339738909667304e-15 1.113912039398409760e-15 3.774809457182248205e-16 1.170789873322606661e-16 3.403781501689753581e-17 9.517305837523391057e-18 2.622487121393899207e-18 7.243539400423554327e-19 2.015067719955845379e-19 5.607654849675182999e-20 1.541709109694697973e-20 4.136832503204386321e-21 1.073829331941338297e-21 2.682559889914087340e-22 6.434064059776321559e-23 1.480904167551205670e-23 3.272889064944141709e-24 6.946538505319092123e-25 1.381674541009789479e-25 0.000000000000000000e+00
0.000000000000000000e+00 0.000000000000000000e+00 0.000000000000000000e+00 0.000000000000000000e+00 0.000000000000000000e+00 0.000000000000000000e+00 0.000000000000000000e+00 0.000000000000000000e+00 0.000000000000000000e+00 0.000000000000000000e+00 0.000000000000000000e+00 0.000000000000000000e+00 0.000000000000000000e+00 0.000000000000000000e+00 0.000000000000000000e+00 0.000000000000000000e+00 0.000000000000000000e+00 0.000000000000000000e+00 0.000000000000000000e+00 0.000000000000000000e+00 0.000000000000000000e+00 0.000000000000000000e+00 0.000000000000000000e+00 0.000000000000000000e+00 0.000000000000000000e+00 0.000000000000000000e+00 0.000000000000000000e+00 0.000000000000000000e+00 0.000000000000000000e+00 0.000000000000000000e+00 0.000000000000000000e+00 0.000000000000000000e+00 0.000000000000000000e+00 0.000000000000000000e+00 0.000000000000000000e+00 0.000000000000000000e+00 0.000000000000000000e+00 0.000000000000000000e+00 0.000000000000000000e+00 0.000000000000000000e+00 0.000000000000000000e+00 0.000000000000000000e+00 0.000000000000000000e+00 0.000000000000000000e+00 0.000000000000000000e+00 0.000000000000000000e+00 0.000000000000000000e+00 0.000000000000000000e+00 0.000000000000000000e+00 0.000000000000000000e+00
