0.000000000000000000e+00 0.000000000000000000e+00 0.000000000000000000e+00 0.000000000000000000e+00 0.000000000000000000e+00 0.000000000000000000e+00 0.000000000000000000e+00 0.000000000000000000e+00 0.000000000000000000e+00 0.000000000000000000e+00 0.000000000000000000e+00 0.000000000000000000e+00 0.000000000000000000e+00 0.000000000000000000e+00 0.000000000000000000e+00 0.000000000000000000e+00 0.000000000000000000e+00 0.000000000000000000e+00 0.000000000000000000e+00 0.000000000000000000e+00 0.000000000000000000e+00 0.000000000000000000e+00 0.000000000000000000e+00 0.000000000000000000e+00 0.000000000000000000e+00 0.000000000000000000e+00 0.000000000000000000e+00 0.000000000000000000e+00 0.000000000000000000e+00 0.000000000000000000e+00 0.000000000000000000e+00 0.000000000000000000e+00 0.000000000000000000e+00 0.000000000000000000e+00 0.000000000000000000e+00 0.000000000000000000e+00 0.000000000000000000e+00 0.000000000000000000e+00 0.000000000000000000e+00 0.000000000000000000e+00 0.000000000000000000e+00 0.000000000000000000e+00 0.000000000000000000e+00 0.000000000000000000e+00 0.000000000000000000e+00 0.000000000000000000e+00 0.000000000000000000e+00 0.000000000000000000e+00 0.000000000000000000e+00 0.000000000000000000e+00
0.000000000000000000e+00 3.925421843824496829e-33 4.226832487039219098e-32 4.348528965239901757e-31 4.316535853685644539e-30 4.119456817662590240e-29 3.773598995954088522e-28 3.308307846746891982e-27 2.768129546580394842e-26 2.203161739613128436e-25 1.661815557460812218e-24 1.182903249052746828e-23 7.907300143211429169e-23 4.935806885516466142e-22 2.857965091286288200e-21 1.523042911170398457e-20 7.400224155369830439e-20 3.241350566844574117e-19 1.262242452628180964e-18 4.296435028976198772e-18 1.251847878378466852e-17 3.044745145040060068e-17 6.009974286077805551e-17 9.392383751170626938e-17 1.157287092559367253e-16 1.157287085608615456e-16 9.392383565543939894e-17 6.009974048127532664e-17 3.044744910183322477e-17 1.251847684709832373e-17 4.296433572560691333e-18 1.262241434174162815e-18 3.241344600263895265e-19 7.400190240577129297e-20 1.523026516307364947e-20 2.857890146722548648e-21 4.935501864893084046e-22 7.906142889593428169e-23 1.182500621694894394e-23 1.660506502957116775e-24 2.199198167749172609e-25 2.756820432543338908e-26 3.277983456512535242e-27 3.696322622811435957e-28 3.933170355147330884e-29 3.886813038377318273e-30 3.405694277436543210e-31 2.239617520328612829e-32 3.065054861958783185e-35 0.000000000000000000e+00
0.000000000000000000e+00 4.226832487040021561e-32 4.574638394677326143e-31 4.748688263888536453e-30 4.749587670796064215e-29 4.570186836153597539e-28 4.219749634834366094e-27 3.729310731708210418e-26 3.145414449353474506e-25 2.523609771913011265e-24 1.918891684905780396e-23 1.376982609506449216e-22 9.279898534005597995e-22 5.840386177514437006e-21 3.409934453553725764e-20 1.832516057484220605e-19 8.979754490228245190e-19 3.966930622952971365e-18 1.558030644731191324e-17 5.347922434480436428e-17 1.570756505087198807e-16 3.848129253600600799e-16 7.639956633391968197e-16 1.198188931354920123e-15 1.477746968329099275e-15 1.477746967473134706e-15 1.198188929097559144e-15 7.639956609530635670e-16 3.848129242014772262e-16 1.570756504856247698e-16 5.347922514635345621e-17 1.558030754692614477e-17 3.966931431042143136e-18 8.979759933067364364e-19 1.832518841192937344e-19 3.409947681106520435e-20 5.840440234244833788e-21 9.280102686040785350e-22 1.377052479266827849e-22 1.919114389395534363e-23 2.524267204292894477e-24 3.147244362581244844e-25 3.734076593359266404e-26 4.231590985610168124e-27 4.597886716575700275e-28 4.811993763938610773e-29 4.881709521465152194e-30 4.849368355007520652e-31 4.764475753826252518e-32 0.000000000000000000e+00
0.000000000000000000e+00 4.348528965238969893e-31 4.748688263888811808e-30 4.967864512661322531e-29 5.010069867280755296e-28 4.859512437475720906e-27 4.523214687977927759e-26 4.029569866078160476e-25 3.425908999564573763e-24 2.770639027184844340e-23 2.123588279002658026e-22 1.536095801244087380e-21 1.043566526117363989e-20 6.621111784187474222e-20 3.897460450654215170e-19 2.111879823709041545e-18 1.043546425509312230e-17 4.648992676003955834e-17 1.841376992923357740e-16 6.373326031662375748e-16 1.886929574383316817e-15 4.656256167380123073e-15 9.298309262722892603e-15 1.463417420941730409e-14 1.806469826387440256e-14 1.806469826480311904e-14 1.463417421197406224e-14 9.298309263515388579e-15 4.656256161800784414e-15 1.886929564918065510e-15 6.373325913923931122e-16 1.841376879678948674e-16 4.648991926179027623e-17 1.043545943550384961e-17 2.111877425144040099e-18 3.897449070107405164e-19 6.621065443290289292e-20 1.043548898538183365e-20 1.536035082133088224e-21 2.123393030074986388e-22 2.770056632108369969e-23 3.424274214512973518e-24 4.025263821780343250e-25 4.512442743165218736e-26 4.834054378631003938e-27 4.952483348553030615e-28 4.844205768360026097e-29 4.493286489083898273e-30 3.852130658414513869e-31 0.000000000000000000e+00
0.000000000000000000e+00 4.316535853686413852e-30 4.749587670795781713e-29 5.010069867280830630e-28 5.093067455154489970e-27 4.979799463851735416e-26 4.672012475938985909e-25 4.195048822947899048e-24 3.594600235393593045e-23 2.929780040616598014e-22 2.263047009679712607e-21 1.649705545752030246e-20 1.129480548943623226e-19 7.222319604922084163e-19 4.284911684779067546e-18 2.340348074316875121e-17 1.165777124224816274e-16 5.235913535698457120e-16 2.090850394829069198e-15 7.295602145846517241e-15 2.176893522661413874e-14 5.410054662859832877e-14 1.086568688392916186e-13 1.716020970301094608e-13 2.120025151740754123e-13 2.120025151668985451e-13 1.716020970091934135e-13 1.086568688255235850e-13 5.410054665182101804e-14 2.176893527347935853e-14 7.295602210104329280e-15 2.090850459094761562e-15 5.235913962133323047e-16 1.165777406003316792e-16 2.340349466099432723e-17 4.284918395107413802e-18 7.222346810735689139e-19 1.129490969792513262e-19 1.649741391389879804e-20 2.263162469771874504e-21 2.930124191786975200e-22 3.595565017931029894e-23 4.197586104651967192e-24 4.678337229087033930e-25 4.994698521431592843e-26 5.126573399952175424e-27 5.081614522392376681e-28 4.896119088204553881e-29 4.599063680454689816e-30 0.000000000000000000e+00
0.000000000000000000e+00 4.119456817662089696e-29 4.570186836153798429e-28 4.859512437475649160e-27 4.979799463851753783e-26 4.907618494398628864e-25 4.640448039519697482e-24 4.199026560098884265e-23 3.625625592404352384e-22 2.977519275592828873e-21 2.317252822730644247e-20 1.701872483538438381e-19 1.173900721299972418e-18 7.562489558701510522e-18 4.520462188852993183e-17 2.487738949233786663e-16 1.248716434523015408e-15 5.652063359311626534e-15 2.274741938258988880e-14 7.999282783690469028e-14 2.404933965087822023e-13 6.018211786056768834e-13 1.215496286342668803e-12 1.926097398079414810e-12 2.381301812797382131e-12 2.381301812824386670e-12 1.926097398169220452e-12 1.215496286402292046e-12 6.018211784817843723e-13 2.404933962718765440e-13 7.999282749989884346e-14 2.274741904109792885e-14 5.652063134536014903e-15 1.248716282206891024e-15 2.487738207153703274e-16 4.520458544963185746e-17 7.562474906770789160e-18 1.173895059306630555e-18 1.701853075346698177e-19 2.317190157007761987e-20 2.977332854511193682e-21 3.625103732020699948e-22 4.197657919658367385e-23 4.637051219602410796e-24 4.899656214723967313e-25 4.962026155027853258e-26 4.821871757029954442e-27 4.493956320739797315e-28 3.974307601562071595e-29 0.000000000000000000e+00
0.000000000000000000e+00 3.773598995954369231e-28 4.219749634834247712e-27 4.523214687977973677e-26 4.672012475938967542e-25 4.640448039519704094e-24 4.421714691549973136e-23 4.031521438237325178e-22 3.507022784974495778e-21 2.901311117462984559e-20 2.274311903650578054e-19 1.682291967732152108e-18 1.168624171898095643e-17 7.581640052127346805e-17 4.563922891798125296e-16 2.529515984228748506e-15 1.278820413195905546e-14 5.830570640277120803e-14 2.363926644295219043e-13 8.374455345515040839e-13 2.535917417443451952e-12 6.388257778290141595e-12 1.297225912088636074e-11 2.062246098948898478e-11 2.551223328584403259e-11 2.551223328581234769e-11 2.062246098929189931e-11 1.297225912083674767e-11 6.388257779054165675e-12 2.535917418659073430e-12 8.374455362361020320e-13 2.363926661081604563e-13 5.830570748507650553e-14 1.278820488091885702e-14 2.529516340908501128e-15 4.563924680121633636e-16 7.581647136745846676e-17 1.168626939842713520e-17 1.682301382249514814e-18 2.274342380829006302e-19 2.901401322412129342e-20 3.507274546236486343e-21 4.032177705331094529e-22 4.423331250133764249e-23 4.644201221519720076e-24 4.680284463326180390e-25 4.540466244832072214e-26 4.253998219579782946e-27 3.837246979805621110e-28 0.000000000000000000e+00
0.000000000000000000e+00 3.308307846746749207e-27 3.729310731708272981e-26 4.029569866078129712e-25 4.195048822947911538e-24 4.199026560098880739e-23 4.031521438237325178e-22 3.703093031738828598e-21 3.244727081252113871e-20 2.703358440529876810e-19 2.133821995057669918e-18 1.589071793999393496e-17 1.111212366886569960e-16 7.256487300510360462e-16 4.396663964014261513e-15 2.452715559883991216e-14 1.248159773479969419e-13 5.728842357591157041e-13 2.338483675753230392e-12 8.341198798908668624e-12 2.542922997273525569e-11 6.446193721517462498e-11 1.315728209967840875e-10 2.098023005836759318e-10 2.596774206199717257e-10 2.596774206230065997e-10 2.098023005920778638e-10 1.315728210054018619e-10 6.446193721751058303e-11 2.542922997028062307e-11 8.341198792593582471e-12 2.338483668748269146e-12 5.728842311875191845e-13 1.248159740507435195e-13 2.452715406870169927e-14 4.396663174497016919e-15 7.256484243459138657e-16 1.111211154547579154e-16 1.589067729736836452e-17 2.133808798280042042e-18 2.703319788104543577e-19 3.244619820695029524e-20 3.702816768060832442e-21 4.030850111031714797e-22 4.197496301806227024e-23 4.191755206654958285e-24 4.022908570161686362e-25 3.716613179591738836e-26 3.285961822943462726e-27 0.000000000000000000e+00
0.000000000000000000e+00 2.768129546580457979e-26 3.145414449353441445e-25 3.425908999564592130e-24 3.594600235393583641e-23 3.625625592404356616e-22 3.507022784974494274e-21 3.244727081252113871e-20 2.863111392855992581e-19 2.401651906073206688e-18 1.908140548433197791e-17 1.430030132662028789e-16 1.006146060323024844e-15 6.609687784982734921e-15 4.028266076088136624e-14 2.260267045224954546e-13 1.156934029315701250e-12 5.341566088398686490e-12 2.193590407050729996e-11 7.872598980210144038e-11 2.414809360535989773e-10 6.156850872596183736e-10 1.262668159666217958e-09 2.019027120360681144e-09 2.499848202788496208e-09 2.499848202703178318e-09 2.019027120127713583e-09 1.262668159397329871e-09 6.156850870662398832e-10 2.414809359438064157e-10 7.872598976421760230e-11 2.193590407074824217e-11 5.341566095929017285e-12 1.156934039160923444e-12 2.260267094270817238e-13 4.028266364060477216e-14 6.609688894028240636e-15 1.006146520302603124e-15 1.430031651571082349e-16 1.908145535909352402e-17 2.401666275891888253e-18 2.863150942610188539e-19 3.244826714463390163e-20 3.507258881902031286e-21 3.626144108720426424e-22 3.595661662814125587e-23 3.427906595257724043e-24 3.148836897008503866e-25 2.773187846814637084e-26 0.000000000000000000e+00
0.000000000000000000e+00 2.203161739613102722e-25 2.523609771913027060e-24 2.770639027184837287e-23 2.929780040616600835e-22 2.977519275592827744e-21 2.901311117462985762e-20 2.703358440529877292e-19 2.401651906073206688e-18 2.027668478429996207e-17 1.620977260143425971e-16 1.221956977218349828e-15 8.645433160097299654e-15 5.709607163318137485e-14 3.497440128606739470e-13 1.972140411481746675e-12 1.014404473699084364e-11 4.706701372714663015e-11 1.942701888540756117e-10 7.008767929659778200e-10 2.161290190823253477e-09 5.538619113712113634e-09 1.140718366273963260e-08 1.828482410219074133e-08 2.264253456742026755e-08 2.264253456753269132e-08 1.828482410270384146e-08 1.140718366360645170e-08 5.538619114793040998e-09 2.161290191904744151e-09 7.008767936292974687e-10 1.942701891461364390e-10 4.706701383336672791e-11 1.014404475171914180e-11 1.972140411551625666e-12 3.497440075188650930e-13 5.709606921414368778e-14 8.645431883327077868e-15 1.221956545499609347e-15 1.620975747199278818e-16 2.027664168063995154e-17 2.401640033837039245e-18 2.703329636834114661e-19 2.901246083194600410e-20 2.977388492861565492e-21 2.929547520183881548e-22 2.770304854062391539e-23 2.523324803786692938e-24 2.203547997577982649e-25 0.000000000000000000e+00
0.000000000000000000e+00 1.661815557460819198e-24 1.918891684905777457e-23 2.123588279002659436e-22 2.263047009679713359e-21 2.317252822730644247e-20 2.274311903650579498e-19 2.133821995057670688e-18 1.908140548433197175e-17 1.620977260143425231e-16 1.303346084260266869e-15 9.877770314455567167e-15 7.023083440888159773e-14 4.659219112786721586e-13 2.865973441884859507e-12 1.622402210583404202e-11 8.376497556976576653e-11 3.901108396664382073e-10 1.616386275053691146e-09 5.855129187996579449e-09 1.813196420435926996e-08 4.666061881325306889e-08 9.644318371025690005e-08 1.548961912338163421e-07 1.917923433564292685e-07 1.917923433926559676e-07 1.548961913287416569e-07 9.644318381550264957e-08 4.666061888558273427e-08 1.813196424204077801e-08 5.855129204463500477e-09 1.616386280956496251e-09 3.901108414097796645e-10 8.376497605648762776e-11 1.622402221335178907e-11 2.865973476308975496e-12 4.659219192572188261e-13 7.023083788536423041e-14 9.877771284007872652e-15 1.303346439477767393e-15 1.620978194020589244e-16 1.908143095264331428e-17 2.133827484561598636e-18 2.274322408926658877e-19 2.317266256513885215e-20 2.263046417312444917e-21 2.123503625815323012e-22 1.918513930412948077e-23 1.660600662923285237e-24 0.000000000000000000e+00
0.000000000000000000e+00 1.182903249052747710e-23 1.376982609506448275e-22 1.536095801244089637e-21 1.649705545752028441e-20 1.701872483538439825e-19 1.682291967732153071e-18 1.589071793999392571e-17 1.430030132662030268e-16 1.221956977218350222e-15 9.877770314455567167e-15 7.522102845817657144e-14 5.370839701515616613e-13 3.576155042546681367e-12 2.206659492662312789e-11 1.252527096618389053e-10 6.482117175057247388e-10 3.025538844705974517e-09 1.256434719673816616e-08 4.562558617525628644e-08 1.416857847325473120e-07 3.656900414496258712e-07 7.578171532995009386e-07 1.218749229841644164e-06 1.508430025048562728e-06 1.508430024095779835e-06 1.218749227241747259e-06 7.578171502948626812e-07 3.656900391717175304e-07 1.416857833148451865e-07 4.562558545992000859e-08 1.256434689802817408e-08 3.025538737762516612e-09 6.482116838248300227e-10 1.252527002829754002e-10 2.206659252942871634e-11 3.576154494614978317e-12 5.370838495445939271e-13 7.522100478744152616e-14 9.877765631071138579e-15 1.221956168027037715e-15 1.430028740155769083e-16 1.589069981930748820e-17 1.682290687502612252e-18 1.701877125882498819e-19 1.649732946494858035e-20 1.536195923603050834e-21 1.377283828295097100e-22 1.183709033209222108e-23 0.000000000000000000e+00
0.000000000000000000e+00 7.907300143211418590e-23 9.279898534005613041e-22 1.043566526117363086e-20 1.129480548943624430e-19 1.173900721299972033e-18 1.168624171898094565e-17 1.111212366886571686e-16 1.006146060323023858e-15 8.645433160097304387e-15 7.023083440888158511e-14 5.370839701515617623e-13 3.848163811620882515e-12 2.569208709523380811e-11 1.588394417089962759e-10 9.027064744755656216e-10 4.674838019293330327e-09 2.182661323165833281e-08 9.066058090070385864e-08 3.293586912732001494e-07 1.023650652744279771e-06 2.645374499528693023e-06 5.489053856146376609e-06 8.831776346568231460e-06 1.092199743578127006e-05 1.092199744970601737e-05 8.831776385717413267e-06 5.489053902476721532e-06 2.645374536547437890e-06 1.023650677641147142e-06 3.293587043837249731e-07 9.066058663703819403e-08 2.182661538784477677e-08 4.674838729405803790e-09 9.027066825821234584e-10 1.588394969021396267e-10 2.569210041453923224e-11 3.848166788638643510e-12 5.370845829201761961e-13 7.023095320375669414e-14 8.645454424092308331e-15 1.006149654496406633e-15 1.111217850420856240e-16 1.168631604917900696e-17 1.173907987398434024e-18 1.129480149952454878e-19 1.043535923977596401e-20 9.278723993026583643e-22 7.903946080109929768e-23 0.000000000000000000e+00
0.000000000000000000e+00 4.935806885516469904e-22 5.840386177514437759e-21 6.621111784187476629e-20 7.222319604922085126e-19 7.562489558701508981e-18 7.581640052127357898e-17 7.256487300510347643e-16 6.609687784982747543e-15 5.709607163318134961e-14 4.659219112786723605e-13 3.576155042546682579e-12 2.569208709523380811e-11 1.718177727272978694e-10 1.062884170593192641e-09 6.037829718262340878e-09 3.122526814134678615e-08 1.454889378596474348e-07 6.028606118911780075e-07 2.185054252629846619e-06 6.778939768231159378e-06 1.749976719357661476e-05 3.629136986375419558e-05 5.834772066779294068e-05 7.205845825258952756e-05 7.205845811528863100e-05 5.834772026924286482e-05 3.629136938235878837e-05 1.749976679170401150e-05 6.778939482327344650e-06 2.185054099127246465e-06 6.028605427886560657e-07 1.454889112061509397e-07 3.122525914925583101e-08 6.037827016166008747e-09 1.062883436882455920e-09 1.718175909143021948e-10 2.569204552622211211e-11 3.576146232972077661e-12 4.659201632921581073e-13 5.709574709701822238e-14 6.609630889719460471e-15 7.256393783187019428e-16 7.581495514931510014e-17 7.562284239672971613e-18 7.222059970271282358e-19 6.620856488525436940e-20 5.840313136325811823e-21 4.936363018732159122e-22 0.000000000000000000e+00
0.000000000000000000e+00 2.857965091286288577e-21 3.409934453553723958e-20 3.897460450654218059e-19 4.284911684779066776e-18 4.520462188852997497e-17 4.563922891798119379e-16 4.396663964014267823e-15 4.028266076088137255e-14 3.497440128606740984e-13 2.865973441884860718e-12 2.206659492662313435e-11 1.588394417089962501e-10 1.062884170593192021e-09 6.569521646290661555e-09 3.723141336026170778e-08 1.918198442813229580e-07 8.893034819635427828e-07 3.663751261813565924e-06 1.320026507217261006e-05 4.073066964633400091e-05 1.046896955620798029e-04 2.164218895830765884e-04 3.470854682299654489e-04 4.277408371157485944e-04 4.277408380726592518e-04 3.470854711209574194e-04 2.164218931475576826e-04 1.046896986680529096e-04 4.073067196400422657e-05 1.320026632368892109e-05 3.663751838009845029e-06 8.893037075892618719e-07 1.918199215173824259e-07 3.723143691385809393e-08 6.569528133553115342e-09 1.062885802177358929e-09 1.588398201148846244e-10 2.206667641176326620e-11 2.865989858082592501e-12 3.497471184422455466e-13 4.028321593289669704e-14 4.396757811217278323e-15 4.564073531977958263e-16 4.520690946332442994e-17 4.285239517262610934e-18 3.897896589191061851e-19 3.410456285081344776e-20 2.858464947364282672e-21 0.000000000000000000e+00
0.000000000000000000e+00 1.523042911170398156e-20 1.832516057484222050e-19 2.111879823709040390e-18 2.340348074316877278e-17 2.487738949233784691e-16 2.529515984228752056e-15 2.452715559883989954e-14 2.260267045224956313e-13 1.972140411481745868e-12 1.622402210583404849e-11 1.252527096618388536e-10 9.027064744755654148e-10 6.037829718262340878e-09 3.723141336026171440e-08 2.100708114093515465e-07 1.075237143946767739e-06 4.942553480562284751e-06 2.015793754203273758e-05 7.184516622755252968e-05 2.193728628397609705e-04 5.587818917338753825e-04 1.147144680872767353e-03 1.830487890827610896e-03 2.248717729167030478e-03 2.248717724493560968e-03 1.830487875873539061e-03 1.147144662006636907e-03 5.587818745201478688e-04 2.193728494227068003e-04 7.184515903918617245e-05 2.015793416012844321e-05 4.942552148541192611e-06 1.075236684206640861e-06 2.100706701435829599e-07 3.723137418646036479e-08 6.037819800394757554e-09 9.027041601496412304e-10 1.252522081849374632e-10 1.622392049494404075e-11 1.972121063219905313e-12 2.260232229018420116e-13 2.452656182242057668e-14 2.529419593846866857e-15 2.487589902718897932e-16 2.340128148071705420e-17 2.111571189117562082e-18 1.832106344821767683e-19 1.522543214451749539e-20 0.000000000000000000e+00
0.000000000000000000e+00 7.400224155369835253e-20 8.979754490228235560e-19 1.043546425509313154e-17 1.165777124224815781e-16 1.248716434523016197e-15 1.278820413195904915e-14 1.248159773479970176e-13 1.156934029315700644e-12 1.014404473699084849e-11 8.376497556976572776e-11 6.482117175057249456e-10 4.674838019293331154e-09 3.122526814134678615e-08 1.918198442813230110e-07 1.075237143946767528e-06 5.450955740926251651e-06 2.473990108711481055e-05 9.934971298841501256e-05 3.480120060776730612e-04 1.044118349299500478e-03 2.617699329179228387e-03 5.306645509608740215e-03 8.393201055593537893e-03 1.026221489677288379e-02 1.026221491172015811e-02 8.393201108460729420e-03 5.306645578266338051e-03 2.617699395317513340e-03 1.044118403048463440e-03 3.480120340592026979e-04 9.934972651344110947e-05 2.473990636875229347e-05 5.450957567577905920e-06 1.075237703884665950e-06 1.918199988355847932e-07 3.122530699759646322e-08 4.674846994977378881e-09 6.482136363913661171e-10 8.376535769693894455e-11 1.014411597615848290e-11 1.156946525716271814e-12 1.248180468485193916e-13 1.278852904226921809e-14 1.248764876884856040e-15 1.165845895848435090e-16 1.043639280549529951e-17 8.980944255639630626e-19 7.401639961977387715e-20 0.000000000000000000e+00
0.000000000000000000e+00 3.241350566844572191e-19 3.966930622952974447e-18 4.648992676003955218e-17 5.235913535698459092e-16 5.652063359311628111e-15 5.830570640277120803e-14 5.728842357591155021e-13 5.341566088398689721e-12 4.706701372714660430e-11 3.901108396664384658e-10 3.025538844705973276e-09 2.182661323165833943e-08 1.454889378596474084e-07 8.893034819635427828e-07 4.942553480562283057e-06 2.473990108711482072e-05 1.103535945157847791e-04 4.335059301985076208e-04 1.479820407523289383e-03 4.319281634499680562e-03 1.055092565335378867e-02 2.093901612609459784e-02 3.263241004362663761e-02 3.961487181520447626e-02 3.961487179069710096e-02 3.263240993122750594e-02 2.093901597327299524e-02 1.055092549455759372e-02 4.319281499867010966e-03 1.479820342813788605e-03 4.335058972244328155e-04 1.103535822636328629e-04 2.473989688785852497e-05 4.942552239288595116e-06 8.893031557097794231e-07 1.454888614838809503e-07 2.182659734468272159e-08 3.025535938854674129e-09 3.901103861335172525e-10 4.706695856029858198e-11 5.341562809634785015e-12 5.728849954679883308e-13 5.830607450687544936e-14 5.652163306203035877e-15 5.236132868344269532e-16 4.649417221359600471e-17 3.967681070722797749e-18 3.242567434880787078e-19 0.000000000000000000e+00
0.000000000000000000e+00 1.262242452628180579e-18 1.558030644731192248e-17 1.841376992923356015e-16 2.090850394829069592e-15 2.274741938258988249e-14 2.363926644295220053e-13 2.338483675753232411e-12 2.193590407050729350e-11 1.942701888540756376e-10 1.616386275053690319e-09 1.256434719673816616e-08 9.066058090070379247e-08 6.028606118911780075e-07 3.663751261813562959e-06 2.015793754203273758e-05 9.934971298841501256e-05 4.335059301985075665e-04 1.653704267103921644e-03 5.442990936609218115e-03 1.524445351932590502e-02 3.573691888966109426e-02 6.849323789779217242e-02 1.041782620716907581e-01 1.250755487782436448e-01 1.250755487674981015e-01 1.041782621518776153e-01 6.849323802550630336e-02 3.573691905046152972e-02 1.524445366306916017e-02 5.442990982071032116e-03 1.653704298400997036e-03 4.335059377652987814e-04 9.934971529189964541e-05 2.015793780765279662e-05 3.663751179860489346e-06 6.028605349032748410e-07 9.066054523250339474e-08 1.256433447903518675e-08 1.616382422073141244e-09 1.942691555213985667e-10 2.193565318577630824e-11 2.338427725599900281e-12 2.363810857416934337e-13 2.274517823820498928e-14 2.090442162787543852e-15 1.840673567964111462e-16 1.556879543812199538e-17 1.260472598825852886e-18 0.000000000000000000e+00
0.000000000000000000e+00 4.296435028976202624e-18 5.347922434480433963e-17 6.373326031662377720e-16 7.295602145846517241e-15 7.999282783690465242e-14 8.374455345515046897e-13 8.341198798908662162e-12 7.872598980210147916e-11 7.008767929659781302e-10 5.855129187996578622e-09 4.562558617525631291e-08 3.293586912732002553e-07 2.185054252629846196e-06 1.320026507217261006e-05 7.184516622755251613e-05 3.480120060776730070e-04 1.479820407523289166e-03 5.442990936609218983e-03 1.706697279752482366e-02 4.505270207778191982e-02 9.913394647187041830e-02 1.796061824624590741e-01 2.624533826950573023e-01 3.095481444103730384e-01 3.095481445216403116e-01 2.624533828651741119e-01 1.796061826677707862e-01 9.913394665065557165e-02 4.505270223586135825e-02 1.706697294076474011e-02 5.442990979125195833e-03 1.479820440961992578e-03 3.480120188731492740e-04 7.184517243887000078e-05 1.320026760009647605e-05 2.185055203306604615e-06 3.293590128023844065e-07 4.562568451015460295e-08 5.855156566760022975e-09 7.008837836043873537e-10 7.872763856321325823e-11 8.341560387659125713e-12 8.375197098741510775e-13 8.000713549455522472e-14 7.298209196681465763e-15 6.377831890737654757e-16 5.355333390226233275e-17 4.307904329108053040e-18 0.000000000000000000e+00
0.000000000000000000e+00 1.251847878378467622e-17 1.570756505087198068e-16 1.886929574383317605e-15 2.176893522661412612e-14 2.404933965087823033e-13 2.535917417443451549e-12 2.542922997273525569e-11 2.414809360535988739e-10 2.161290190823252650e-09 1.813196420435927327e-08 1.416857847325472325e-07 1.023650652744279348e-06 6.778939768231157684e-06 4.073066964633400091e-05 2.193728628397609705e-04 1.044118349299500911e-03 4.319281634499679695e-03 1.524445351932590502e-02 4.505270207778189206e-02 1.098926359777109701e-01 2.204392159901990833e-01 3.658602994636719896e-01 5.010873877401160748e-01 5.741378598429197622e-01 5.741378597850758103e-01 5.010873875716096437e-01 3.658602991692965212e-01 2.204392156044484852e-01 1.098926356033755464e-01 4.505270189522548457e-02 1.524445346779536303e-02 4.319281579911654623e-03 1.044118325775205769e-03 2.193728477804873995e-04 4.073066269041059447e-05 6.778936884936429630e-06 1.023649619396953023e-06 1.416854560976337036e-07 1.813187018774276637e-08 2.161265702225154516e-09 2.414750698740580166e-10 2.542792686393221283e-11 2.535647108226241264e-12 2.404407278344933001e-13 2.175924694235038274e-14 1.885239775365868840e-15 1.567952305009592644e-16 1.247469548827123786e-17 0.000000000000000000e+00
0.000000000000000000e+00 3.044745145040058835e-17 3.848129253600604251e-16 4.656256167380122284e-15 5.410054662859836032e-14 6.018211786056768834e-13 6.388257778290140787e-12 6.446193721517458620e-11 6.156850872596186838e-10 5.538619113712112807e-09 4.666061881325310198e-08 3.656900414496255536e-07 2.645374499528691752e-06 1.749976719357661476e-05 1.046896955620798029e-04 5.587818917338757078e-04 2.617699329179229255e-03 1.055092565335379561e-02 3.573691888966110120e-02 9.913394647187041830e-02 2.204392159901991388e-01 3.924237562726941575e-01 5.774185520240100455e-01 7.213171926832326886e-01 7.920287161910024576e-01 7.920287159233087015e-01 7.213171921137300213e-01 5.774185513946480386e-01 3.924237556969134566e-01 2.204392154624635058e-01 9.913394602630373753e-02 3.573691869892783868e-02 1.055092562497117990e-02 2.617699336946265835e-03 5.587819104129842064e-04 1.046897063557106845e-04 1.749977217721309053e-05 2.645376359973371315e-06 3.656906451204257956e-07 4.666079302681591193e-08 5.538664656957354728e-09 6.156960110066984134e-10 6.446436452883654887e-11 6.388761307953170211e-12 6.019193067614653287e-13 5.411860634907849124e-14 4.659409081948638571e-15 3.853368849892602846e-16 3.052943315139005091e-17 0.000000000000000000e+00
0.000000000000000000e+00 6.009974286077798155e-17 7.639956633391970169e-16 9.298309262722886292e-15 1.086568688392916312e-13 1.215496286342668197e-12 1.297225912088636235e-11 1.315728209967840875e-10 1.262668159666218164e-09 1.140718366273963590e-08 9.644318371025684711e-08 7.578171532995003033e-07 5.489053856146374068e-06 3.629136986375418203e-05 2.164218895830764258e-04 1.147144680872767570e-03 5.306645509608739347e-03 2.093901612609460131e-02 6.849323789779213079e-02 1.796061824624590464e-01 3.658602994636721006e-01 5.774185520240104896e-01 7.544101169247040550e-01 8.664027275653586324e-01 9.152875290392845642e-01 9.152875289935790137e-01 8.664027274903158826e-01 7.544101169448265143e-01 5.774185522643063839e-01 3.658602997551291258e-01 1.796061824676216945e-01 6.849323775852242391e-02 2.093901604848300013e-02 5.306645461166202907e-03 1.147144661472936870e-03 2.164218834574638218e-04 3.629136820545365063e-05 5.489053521114979589e-06 7.578171071885521611e-07 9.644318450374992703e-08 1.140718683406396019e-08 1.262669515130584268e-09 1.315732356817924053e-10 1.297236576182730664e-11 1.215520642432580400e-12 1.086619437247514020e-13 9.299289322120504470e-15 7.641728792258048323e-16 6.012944258402558555e-17 0.000000000000000000e+00
0.000000000000000000e+00 9.392383751170630636e-17 1.198188931354919729e-15 1.463417420941730724e-14 1.716020970301094608e-13 1.926097398079413598e-12 2.062246098948899448e-11 2.098023005836758801e-10 2.019027120360680317e-09 1.828482410219073802e-08 1.548961912338163950e-07 1.218749229841643528e-06 8.831776346568229766e-06 5.834772066779292713e-05 3.470854682299652320e-04 1.830487890827609161e-03 8.393201055593537893e-03 3.263241004362665149e-02 1.041782620716907026e-01 2.624533826950571913e-01 5.010873877401159637e-01 7.213171926832321335e-01 8.664027275653580773e-01 9.407171924097802451e-01 9.689476301436344974e-01 9.689476306297655217e-01 9.407171936278535540e-01 8.664027290279439075e-01 7.213171943917920936e-01 5.010873894566655329e-01 2.624533838455598289e-01 1.041782625099320347e-01 3.263241004447045568e-02 8.393200979773153200e-03 1.830487812010889084e-03 3.470854263529835862e-04 5.834770224907710837e-05 8.831769604879704852e-06 1.218747062318667891e-06 1.548955673385327882e-07 1.828466077560553948e-08 2.018987784592019458e-09 2.097935073104110491e-10 2.062062334613812167e-11 1.925736242251870780e-12 1.715350123337247999e-13 1.462234631639315333e-14 1.196202921881076357e-15 9.360984665467725992e-17 0.000000000000000000e+00
0.000000000000000000e+00 1.157287092559366760e-16 1.477746968329099473e-15 1.806469826387438994e-14 2.120025151740755133e-13 2.381301812797381727e-12 2.551223328584403582e-11 2.596774206199717257e-10 2.499848202788496208e-09 2.264253456742026424e-08 1.917923433564292685e-07 1.508430025048561881e-06 1.092199743578127006e-05 7.205845825258950046e-05 4.277408371157483233e-04 2.248717729167028310e-03 1.026221489677288552e-02 3.961487181520444156e-02 1.250755487782435615e-01 3.095481444103729829e-01 5.741378598429197622e-01 7.920287161910023466e-01 9.152875290392841201e-01 9.689476301436333872e-01 9.868319655845957383e-01 9.868319664762817967e-01 9.689476324090017245e-01 9.152875318673666660e-01 7.920287192668291620e-01 5.741378629048500271e-01 3.095481469338319802e-01 1.250755503755042741e-01 3.961487256905672077e-02 1.026221521953473749e-02 2.248717836849989382e-03 4.277408675234143460e-04 7.205846523337933445e-05 1.092199856008326637e-05 1.508430075858422333e-06 1.917922904332282565e-07 2.264250681632940021e-08 2.499838760382075326e-09 2.596747853558772521e-10 2.551158696489920082e-11 2.381158071187733799e-12 2.119730067141972587e-13 1.805904186909484970e-14 1.476726689132846860e-15 1.155573839174505192e-16 0.000000000000000000e+00
0.000000000000000000e+00 1.157287085608616936e-16 1.477746967473133523e-15 1.806469826480313481e-14 2.120025151668984189e-13 2.381301812824385458e-12 2.551223328581233477e-11 2.596774206230064446e-10 2.499848202703175837e-09 2.264253456753267478e-08 1.917923433926558882e-07 1.508430024095780047e-06 1.092199744970602245e-05 7.205845811528863100e-05 4.277408380726589266e-04 2.248717724493559666e-03 1.026221491172015117e-02 3.961487179069708015e-02 1.250755487674981015e-01 3.095481445216398675e-01 5.741378597850753662e-01 7.920287159233079244e-01 9.152875289935787917e-01 9.689476306297659658e-01 9.868319664762825738e-01 9.868319675179302308e-01 9.689476335024972409e-01 9.152875327828491336e-01 7.920287199912715570e-01 5.741378638068254103e-01 3.095481481577367355e-01 1.250755516487281060e-01 3.961487356990876785e-02 1.026221584245814826e-02 2.248718156936296234e-03 4.277410076728668277e-04 7.205851877621113736e-05 1.092201673534110952e-05 1.508435636394920560e-06 1.917938413085946786e-07 2.264290485730399813e-08 2.499933505108121885e-09 2.596958385667762267e-10 2.551597897240876859e-11 2.382022447626886458e-12 2.121341758486373643e-13 1.808761909668215320e-14 1.481559047742465996e-15 1.163275811413511742e-16 0.000000000000000000e+00
0.000000000000000000e+00 9.392383565543938661e-17 1.198188929097559933e-15 1.463417421197406855e-14 1.716020970091934892e-13 1.926097398169220452e-12 2.062246098929189608e-11 2.098023005920777862e-10 2.019027120127712342e-09 1.828482410270384477e-08 1.548961913287415245e-07 1.218749227241747047e-06 8.831776385717413267e-06 5.834772026924292581e-05 3.470854711209575279e-04 1.830487875873539061e-03 8.393201108460727686e-03 3.263240993122749206e-02 1.041782621518775875e-01 2.624533828651741119e-01 5.010873875716095327e-01 7.213171921137297993e-01 8.664027274903155496e-01 9.407171936278525548e-01 9.689476324090017245e-01 9.689476335024967968e-01 9.407171964782488072e-01 8.664027316668824197e-01 7.213171966974680771e-01 5.010873920728093900e-01 2.624533871555382869e-01 1.041782659281547674e-01 3.263241276425783016e-02 8.393202698355880717e-03 1.830488707354066286e-03 3.470858229597447993e-04 5.834785522915193073e-05 8.831821946914411527e-06 1.218763181746053955e-06 1.549000883072134160e-07 1.828582669855401064e-08 2.019266483259611736e-09 2.098556732422151460e-10 2.063363760814511859e-11 1.928305987687361655e-12 1.720156739759904990e-13 1.470783569002581268e-14 1.210702909322200455e-15 9.592764609940666773e-17 0.000000000000000000e+00
0.000000000000000000e+00 6.009974048127527733e-17 7.639956609530637642e-16 9.298309263515383846e-15 1.086568688255235724e-13 1.215496286402291844e-12 1.297225912083675252e-11 1.315728210054018102e-10 1.262668159397329871e-09 1.140718366360644839e-08 9.644318381550262310e-08 7.578171502948624694e-07 5.489053902476719838e-06 3.629136938235880193e-05 2.164218931475576826e-04 1.147144662006637341e-03 5.306645578266338051e-03 2.093901597327298830e-02 6.849323802550633111e-02 1.796061826677708417e-01 3.658602991692963546e-01 5.774185513946481496e-01 7.544101169448266253e-01 8.664027290279444626e-01 9.152875318673671101e-01 9.152875327828491336e-01 8.664027316668827527e-01 7.544101213949899742e-01 5.774185564168887730e-01 3.658603040177240140e-01 1.796061872947414539e-01 6.849324252929543666e-02 2.093901980822344619e-02 5.306647844496260522e-03 1.147145912907300124e-03 2.164224430841500408e-04 3.629158623223383359e-05 5.489128870707176375e-06 7.578405427216105248e-07 9.644982135170918200e-08 1.140891468999187135e-08 1.263086368276114440e-09 1.316670607927927291e-10 1.299218187751842605e-11 1.219467408800552420e-12 1.094064508410117482e-13 9.432810573910551763e-15 7.870050318576896801e-16 6.380739262556555073e-17 0.000000000000000000e+00
0.000000000000000000e+00 3.044744910183321860e-17 3.848129242014770782e-16 4.656256161800781259e-15 5.410054665182100542e-14 6.018211784817839684e-13 6.388257779054167291e-12 6.446193721751053133e-11 6.156850870662396764e-10 5.538619114793040171e-09 4.666061888558272104e-08 3.656900391717173715e-07 2.645374536547437043e-06 1.749976679170400133e-05 1.046896986680528825e-04 5.587818745201479772e-04 2.617699395317513340e-03 1.055092549455759546e-02 3.573691905046151585e-02 9.913394665065551614e-02 2.204392156044482354e-01 3.924237556969134566e-01 5.774185522643069390e-01 7.213171943917926487e-01 7.920287192668293841e-01 7.920287199912714460e-01 7.213171966974679661e-01 5.774185564168889950e-01 3.924237604089889642e-01 2.204392202415405011e-01 9.913395142634176538e-02 3.573692408171177254e-02 1.055092991437769565e-02 2.617702085668128370e-03 5.587833683238294233e-04 1.046903644432820463e-04 1.750003081808045366e-05 2.645466487704624685e-06 3.657188983781189434e-07 4.666885471727710064e-08 5.540778721650983076e-09 6.162096202636001768e-10 6.458075391884142677e-11 6.413505503613370111e-12 6.068793015630145501e-13 5.506011696324965764e-14 4.829296306333226675e-15 4.145617392093165379e-16 3.526355860244908258e-17 0.000000000000000000e+00
0.000000000000000000e+00 1.251847684709832527e-17 1.570756504856247944e-16 1.886929564918066693e-15 2.176893527347935222e-14 2.404933962718764935e-13 2.535917418659072622e-12 2.542922997028061984e-11 2.414809359438063123e-10 2.161290191904742910e-09 1.813196424204077470e-08 1.416857833148451335e-07 1.023650677641147566e-06 6.778939482327344650e-06 4.073067196400426045e-05 2.193728494227068816e-04 1.044118403048464308e-03 4.319281499867010099e-03 1.524445366306915496e-02 4.505270223586133743e-02 1.098926356033755602e-01 2.204392154624637001e-01 3.658602997551291258e-01 5.010873894566655329e-01 5.741378629048498050e-01 5.741378638068255214e-01 5.010873920728089459e-01 3.658603040177241250e-01 2.204392202415405011e-01 1.098926404810760538e-01 4.505270743296212188e-02 1.524445891892070061e-02 4.319285870400350717e-03 1.044121051228494171e-03 2.193742853077236446e-04 4.073130947978101537e-05 6.779190692568686003e-06 1.023738035677718949e-06 1.417131900544084409e-07 1.813979425796137887e-08 2.163347611778585434e-09 2.419820505815751355e-10 2.554312462592413175e-11 2.560211451060264682e-12 2.453806657802145966e-13 2.270019134600894672e-14 2.055641457025444299e-15 1.862193389762549144e-16 1.725880226768772544e-17 0.000000000000000000e+00
0.000000000000000000e+00 4.296433572560689022e-18 5.347922514635350551e-17 6.373325913923928164e-16 7.295602210104327702e-15 7.999282749989885609e-14 8.374455362361013251e-13 8.341198792593580856e-12 7.872598976421761523e-11 7.008767936292972619e-10 5.855129204463497995e-09 4.562558545992001521e-08 3.293587043837251319e-07 2.185054099127246889e-06 1.320026632368892448e-05 7.184515903918618600e-05 3.480120340592026979e-04 1.479820342813788388e-03 5.442990982071028647e-03 1.706697294076473664e-02 4.505270189522546376e-02 9.913394602630384855e-02 1.796061824676217222e-01 2.624533838455596624e-01 3.095481469338322023e-01 3.095481481577362359e-01 2.624533871555378983e-01 1.796061872947414262e-01 9.913395142634183477e-02 4.505270743296213576e-02 1.706697842519198927e-02 5.442995913376946944e-03 1.479824071229620753e-03 3.480142225386618202e-04 7.184630056201016560e-05 1.320076541751953116e-05 2.185248153616003791e-06 3.294257285876568150e-07 4.564652786888262848e-08 5.861102953810754147e-09 7.024466429222271822e-10 7.910888480289209606e-11 8.428430848275338873e-12 8.561105216219920600e-13 8.376162796260070857e-14 8.016732976766645187e-15 7.685696362520022764e-16 7.625871195693389492e-17 8.019489365619909154e-18 0.000000000000000000e+00
0.000000000000000000e+00 1.262241434174162429e-18 1.558030754692614169e-17 1.841376879678948921e-16 2.090850459094760773e-15 2.274741904109792570e-14 2.363926661081604563e-13 2.338483668748269146e-12 2.193590407074824217e-11 1.942701891461364907e-10 1.616386280956495838e-09 1.256434689802817904e-08 9.066058663703822050e-08 6.028605427886559598e-07 3.663751838009847146e-06 2.015793416012843644e-05 9.934972651344113658e-05 4.335058972244326529e-04 1.653704298400995084e-03 5.442990979125191496e-03 1.524445346779536477e-02 3.573691869892785949e-02 6.849323775852241003e-02 1.041782625099320209e-01 1.250755503755042186e-01 1.250755516487279395e-01 1.041782659281547535e-01 6.849324252929545054e-02 3.573692408171180029e-02 1.524445891892069888e-02 5.442995913376946077e-03 1.653708268693195559e-03 4.335086327004329903e-04 9.935126470477019284e-05 2.015870291277670654e-05 3.664080837691577034e-06 6.029863148866935688e-07 9.070359739584899939e-08 1.257770164764581442e-08 1.620183069341922308e-09 1.952667649797744533e-10 2.217907600828397892e-11 2.393974880350744751e-12 2.482969294355966513e-13 2.515914434927549874e-14 2.554130748600099876e-15 2.688204027908911023e-16 3.034929804567367533e-17 3.687781963105249002e-18 0.000000000000000000e+00
0.000000000000000000e+00 3.241344600263894302e-19 3.966931431042139284e-18 4.648991926179030705e-17 5.235913962133318116e-16 5.652063134536018847e-15 5.830570748507646766e-14 5.728842311875192855e-13 5.341566095929017285e-12 4.706701383336676669e-11 3.901108414097794577e-10 3.025538737762517439e-09 2.182661538784479331e-08 1.454889112061510455e-07 8.893037075892622955e-07 4.942552148541195152e-06 2.473990636875230025e-05 1.103535822636328087e-04 4.335059377652986188e-04 1.479820440961991711e-03 4.319281579911652888e-03 1.055092562497117470e-02 2.093901604848299666e-02 3.263241004447044180e-02 3.961487256905674159e-02 3.961487356990872621e-02 3.263241276425780241e-02 2.093901980822343578e-02 1.055092991437769565e-02 4.319285870400350717e-03 1.479824071229620753e-03 4.335086327004330446e-04 1.103553067958029378e-04 2.474083621914800009e-05 4.942998695786912212e-06 8.894904742883505343e-07 1.455590422715396055e-07 2.185032757861107373e-08 3.032846416904599677e-09 3.921794042224859695e-10 4.760885579247229732e-11 5.473742417768545803e-12 6.030793209592730990e-13 6.479729637497439739e-14 6.971169587604224806e-15 7.779180542010795231e-16 9.317454483563776221e-17 1.214682431125906298e-17 1.673966204443798892e-18 0.000000000000000000e+00
0.000000000000000000e+00 7.400190240577134111e-20 8.979759933067356660e-19 1.043545943550385577e-17 1.165777406003316299e-16 1.248716282206891024e-15 1.278820488091885387e-14 1.248159740507435195e-13 1.156934039160924050e-12 1.014404475171914665e-11 8.376497605648765360e-11 6.482116838248301261e-10 4.674838729405805444e-09 3.122525914925584424e-08 1.918199215173824788e-07 1.075236684206640861e-06 5.450957567577904226e-06 2.473989688785852158e-05 9.934971529189963186e-05 3.480120188731488404e-04 1.044118325775205986e-03 2.617699336946265401e-03 5.306645461166202039e-03 8.393200979773154935e-03 1.026221521953473922e-02 1.026221584245813959e-02 8.393202698355877248e-03 5.306647844496257052e-03 2.617702085668127503e-03 1.044121051228495039e-03 3.480142225386615492e-04 9.935126470477012508e-05 2.474083621914800347e-05 5.451446327300899175e-06 1.075463583510587064e-06 1.919127891305098653e-07 3.125954063054147274e-08 4.686297677161457602e-09 6.517156878011185272e-10 8.475209361515211176e-11 1.040196331717204023e-11 1.219805362495937988e-12 1.391886622404969184e-13 1.588378876931000103e-14 1.879457593821319154e-15 2.386051312891434605e-16 3.292539606938083826e-17 4.856337976247969040e-18 7.302600348265116003e-19 0.000000000000000000e+00
0.000000000000000000e+00 1.523026516307365549e-20 1.832518841192935418e-19 2.111877425144040484e-18 2.340349466099433032e-17 2.487738207153703274e-16 2.529516340908502311e-15 2.452715406870170243e-14 2.260267094270818500e-13 1.972140411551624858e-12 1.622402221335178907e-11 1.252527002829754777e-10 9.027066825821238720e-10 6.037827016166010401e-09 3.723143691385811378e-08 2.100706701435830658e-07 1.075237703884666586e-06 4.942552239288595116e-06 2.015793780765280679e-05 7.184517243887001434e-05 2.193728477804874808e-04 5.587819104129839896e-04 1.147144661472937087e-03 1.830487812010891035e-03 2.248717836849988948e-03 2.248718156936293198e-03 1.830488707354066286e-03 1.147145912907300341e-03 5.587833683238297485e-04 2.193742853077238072e-04 7.184630056201016560e-05 2.015870291277669976e-05 4.942998695786913059e-06 1.075463583510587064e-06 2.101727200940753458e-07 3.727242669070410444e-08 6.052730486838389921e-09 9.076355840545037735e-10 1.267487097214519373e-10 1.664346579751694674e-11 2.081447935036026261e-12 2.526479707208962224e-13 3.061583380983290394e-14 3.842992395263620075e-15 5.170733235888654293e-16 7.547942342770867185e-17 1.174669684229244775e-17 1.886435211439796752e-18 2.988890678486358259e-19 0.000000000000000000e+00
0.000000000000000000e+00 2.857890146722551657e-21 3.409947681106517426e-20 3.897449070107404201e-19 4.284918395107414572e-18 4.520458544963183281e-17 4.563924680121634622e-16 4.396663174497013763e-15 4.028266364060479740e-14 3.497440075188651940e-13 2.865973476308976304e-12 2.206659252942872281e-11 1.588394969021396009e-10 1.062883436882456334e-09 6.569528133553116997e-09 3.723137418646037802e-08 1.918199988355848196e-07 8.893031557097793172e-07 3.663751179860490193e-06 1.320026760009646927e-05 4.073066269041062835e-05 1.046897063557106981e-04 2.164218834574641742e-04 3.470854263529840199e-04 4.277408675234142918e-04 4.277410076728664482e-04 3.470858229597447993e-04 2.164224430841500408e-04 1.046903644432821954e-04 4.073130947978105602e-05 1.320076541751952608e-05 3.664080837691575339e-06 8.894904742883506402e-07 1.919127891305098653e-07 3.727242669070411105e-08 6.585764828829699102e-09 1.068712197126045129e-09 1.607493919520099522e-10 2.264244229567913151e-11 3.026728803279682355e-12 3.915351027968250950e-13 5.045186032089187519e-14 6.723513955849362146e-15 9.591046447917352944e-16 1.481372485264057132e-16 2.432617657432516711e-17 4.111531334970176208e-18 6.948044296222544475e-19 1.133858962285843538e-19 0.000000000000000000e+00
0.000000000000000000e+00 4.935501864893090629e-22 5.840440234244830027e-21 6.621065443290288088e-20 7.222346810735695879e-19 7.562474906770781456e-18 7.581647136745851607e-17 7.256484243459132741e-16 6.609688894028245370e-15 5.709606921414368778e-14 4.659219192572188261e-13 3.576154494614981548e-12 2.569210041453923224e-11 1.718175909143022723e-10 1.062885802177358102e-09 6.037819800394761690e-09 3.122530699759646984e-08 1.454888614838810032e-07 6.028605349032751587e-07 2.185055203306604191e-06 6.778936884936438947e-06 1.749977217721309053e-05 3.629136820545372517e-05 5.834770224907721679e-05 7.205846523337934800e-05 7.205851877621115092e-05 5.834785522915193751e-05 3.629158623223384714e-05 1.750003081808048416e-05 6.779190692568691085e-06 2.185248153616004215e-06 6.029863148866933571e-07 1.455590422715396320e-07 3.125954063054147935e-08 6.052730486838392403e-09 1.068712197126045336e-09 1.738879363704638015e-10 2.636531572083896622e-11 3.778008942711660503e-12 5.220660190685052687e-13 7.166201022795343630e-14 1.015178150448950916e-14 1.536554171825661315e-15 2.512772173196767714e-16 4.357348195706475032e-17 7.755133881267252485e-18 1.377042644541386610e-18 2.395118515195581282e-19 3.975502565400820447e-20 0.000000000000000000e+00
0.000000000000000000e+00 7.906142889593445801e-23 9.280102686040775946e-22 1.043548898538182613e-20 1.129490969792514707e-19 1.173895059306630170e-18 1.168626939842713982e-17 1.111211154547578661e-16 1.006146520302603519e-15 8.645431883327077868e-15 7.023083788536416731e-14 5.370838495445946339e-13 3.848166788638640279e-12 2.569204552622213796e-11 1.588398201148844694e-10 9.027041601496413338e-10 4.674846994977380535e-09 2.182659734468271828e-08 9.066054523250344768e-08 3.293590128023844594e-07 1.023649619396954082e-06 2.645376359973372585e-06 5.489053521114988906e-06 8.831769604879716710e-06 1.092199856008326806e-05 1.092201673534110444e-05 8.831821946914416609e-06 5.489128870707181457e-06 2.645466487704627227e-06 1.023738035677719584e-06 3.294257285876570267e-07 9.070359739584898616e-08 2.185032757861106711e-08 4.686297677161459256e-09 9.076355840545041871e-10 1.607493919520099263e-10 2.636531572083896622e-11 4.065793919722640632e-12 6.020527485843239182e-13 8.825018315755393917e-14 1.331340365974529090e-14 2.140950665076268738e-15 3.711083470109110520e-16 6.803316550983032862e-17 1.276613889160044251e-17 2.383836374704317117e-18 4.352351471528060922e-19 7.696563903577762990e-20 1.291029246692130985e-20 0.000000000000000000e+00
0.000000000000000000e+00 1.182500621694900565e-23 1.377052479266826203e-22 1.536035082133086343e-21 1.649741391389882814e-20 1.701853075346695770e-19 1.682301382249516162e-18 1.589067729736834911e-17 1.430031651571082595e-16 1.221956545499610136e-15 9.877771284007866341e-15 7.522100478744158927e-14 5.370845829201759941e-13 3.576146232972082103e-12 2.206667641176325974e-11 1.252522081849374632e-10 6.482136363913660137e-10 3.025535938854674129e-09 1.256433447903519502e-08 4.562568451015460295e-08 1.416854560976338624e-07 3.656906451204261133e-07 7.578171071885529023e-07 1.218747062318669373e-06 1.508430075858422545e-06 1.508435636394920137e-06 1.218763181746053743e-06 7.578405427216115836e-07 3.657188983781195257e-07 1.417131900544086262e-07 4.564652786888269465e-08 1.257770164764582600e-08 3.032846416904600504e-09 6.517156878011186306e-10 1.267487097214518856e-10 2.264244229567912828e-11 3.778008942711659696e-12 6.020527485843238172e-13 9.455554691362422746e-14 1.522985448766200357e-14 2.607256058872502021e-15 4.798251370894495069e-16 9.313778888937382425e-17 1.845460799645972433e-17 3.629449306766537391e-18 6.962781618593460054e-19 1.291641374022361080e-19 2.307702283392865381e-20 3.899591077357431872e-21 0.000000000000000000e+00
0.000000000000000000e+00 1.660506502957136244e-24 1.919114389395527017e-23 2.123393030074986858e-22 2.263162469771879018e-21 2.317190157007759579e-20 2.274342380829007747e-19 2.133808798280040887e-18 1.908145535909351785e-17 1.620975747199280543e-16 1.303346439477766210e-15 9.877765631071148045e-15 7.023095320375666890e-14 4.659201632921584102e-13 2.865989858082592501e-12 1.622392049494405044e-11 8.376535769693898332e-11 3.901103861335172525e-10 1.616382422073141864e-09 5.855156566760023802e-09 1.813187018774276967e-08 4.666079302681592516e-08 9.644318450375001967e-08 1.548955673385329471e-07 1.917922904332282036e-07 1.917938413085945992e-07 1.549000883072133895e-07 9.644982135170922171e-08 4.666885471727716020e-08 1.813979425796140204e-08 5.861102953810764901e-09 1.620183069341924376e-09 3.921794042224864865e-10 8.475209361515212469e-11 1.664346579751693705e-11 3.026728803279679931e-12 5.220660190685048648e-13 8.825018315755393917e-14 1.522985448766201935e-14 2.783338492989450186e-15 5.451036525345557125e-16 1.122657584746177767e-16 2.353468047206005929e-17 4.883775986733840492e-18 9.861253467006126866e-19 1.921081026701234989e-19 3.598903082877135946e-20 6.476461510040564983e-21 1.100844373089775903e-21 0.000000000000000000e+00
0.000000000000000000e+00 2.199198167749227710e-25 2.524267204292868028e-24 2.770056632108378785e-23 2.930124191786977551e-22 2.977332854511191802e-21 2.901401322412129943e-20 2.703319788104545021e-19 2.401666275891885941e-18 2.027664168063997311e-17 1.620978194020587271e-16 1.221956168027039095e-15 8.645454424092298865e-15 5.709574709701826025e-14 3.497471184422453951e-13 1.972121063219904909e-12 1.014411597615849906e-11 4.706695856029858844e-11 1.942691555213985925e-10 7.008837836043871469e-10 2.161265702225155343e-09 5.538664656957357210e-09 1.140718683406397012e-08 1.828466077560554941e-08 2.264250681632939690e-08 2.264290485730399482e-08 1.828582669855401726e-08 1.140891468999187301e-08 5.540778721650988866e-09 2.163347611778588743e-09 7.024466429222283196e-10 1.952667649797746859e-10 4.760885579247236840e-11 1.040196331717204184e-11 2.081447935036025453e-12 3.915351027968247921e-13 7.166201022795333532e-14 1.331340365974528458e-14 2.607256058872502415e-15 5.451036525345557125e-16 1.194448718366281881e-16 2.655722270208124829e-17 5.827897723053927762e-18 1.241089292482093318e-18 2.543715764715550097e-19 5.002424855546498272e-20 9.435963528600324469e-21 1.707895691385954117e-21 2.918195526426400996e-22 0.000000000000000000e+00
0.000000000000000000e+00 2.756820432543466904e-26 3.147244362581175049e-25 3.424274214513008048e-24 3.595565017931019314e-23 3.625103732020704179e-22 3.507274546236482582e-21 3.244619820695034941e-20 2.863150942610182761e-19 2.401640033837043482e-18 1.908143095264327422e-17 1.430028740155770809e-16 1.006149654496405056e-15 6.609630889719468360e-15 4.028321593289669073e-14 2.260232229018417844e-13 1.156946525716272218e-12 5.341562809634786630e-12 2.193565318577632116e-11 7.872763856321321946e-11 2.414750698740581717e-10 6.156960110066982066e-10 1.262669515130584888e-09 2.018987784592020285e-09 2.499838760382073671e-09 2.499933505108119817e-09 2.019266483259610909e-09 1.263086368276113820e-09 6.162096202636011074e-10 2.419820505815752906e-10 7.910888480289219946e-11 2.217907600828400154e-11 5.473742417768553881e-12 1.219805362495938998e-12 2.526479707208962729e-13 5.045186032089186256e-14 1.015178150448950127e-14 2.140950665076267949e-15 4.798251370894495069e-16 1.122657584746177274e-16 2.655722270208126678e-17 6.180145180342311547e-18 1.391460132233940095e-18 3.007022766173192508e-19 6.219880842376639231e-20 1.231279726514727670e-20 2.335383149936567651e-21 4.248947825310105780e-22 7.296413585403828078e-23 0.000000000000000000e+00
0.000000000000000000e+00 3.277983456512804291e-27 3.734076593359103970e-26 4.025263821780434167e-25 4.197586104651923111e-24 4.197657919658391482e-23 4.032177705331079953e-22 3.702816768060847488e-21 3.244826714463378126e-20 2.703329636834122846e-19 2.133827484561591318e-18 1.589069981930750977e-17 1.111217850420855007e-16 7.256393783187026330e-16 4.396757811217279112e-15 2.452656182242055459e-14 1.248180468485194421e-13 5.728849954679886337e-13 2.338427725599900685e-12 8.341560387659119250e-12 2.542792686393224514e-11 6.446436452883653594e-11 1.315732356817924312e-10 2.097935073104111525e-10 2.596747853558769936e-10 2.596958385667759682e-10 2.098556732422149909e-10 1.316670607927926774e-10 6.458075391884147847e-11 2.554312462592415437e-11 8.428430848275353414e-12 2.393974880350746770e-12 6.030793209592740078e-13 1.391886622404970951e-13 3.061583380983292287e-14 6.723513955849362146e-15 1.536554171825661315e-15 3.711083470109111013e-16 9.313778888937389821e-17 2.353468047206005929e-17 5.827897723053927762e-18 1.391460132233940095e-18 3.178913455424867342e-19 6.932066896517047447e-20 1.443096969044868095e-20 2.871990269219282995e-21 5.474574296791068741e-22 1.001045594004046418e-22 1.727746631630644274e-23 0.000000000000000000e+00
0.000000000000000000e+00 3.696322622811949393e-28 4.231590985609843830e-27 4.512442743165416757e-26 4.678337229086923728e-25 4.637051219602479121e-24 4.423331250133721343e-23 4.030850111031746771e-22 3.507258881902006460e-21 2.901246083194616660e-20 2.274322408926649247e-19 1.682290687502616104e-18 1.168631604917899001e-17 7.581495514931518643e-17 4.564073531977960236e-16 2.529419593846863702e-15 1.278852904226922755e-14 5.830607450687548723e-14 2.363810857416934842e-13 8.375197098741505726e-13 2.535647108226242476e-12 6.388761307953166172e-12 1.297236576182730664e-11 2.062062334613812813e-11 2.551158696489918144e-11 2.551597897240875566e-11 2.063363760814510244e-11 1.299218187751842282e-11 6.413505503613369303e-12 2.560211451060266298e-12 8.561105216219935746e-13 2.482969294355969038e-13 6.479729637497448574e-14 1.588378876931001681e-14 3.842992395263620863e-15 9.591046447917358860e-16 2.512772173196770179e-16 6.803316550983039025e-17 1.845460799645973358e-17 4.883775986733840492e-18 1.241089292482093703e-18 3.007022766173192027e-19 6.932066896517047447e-20 1.521277382065934923e-20 3.183542405479898152e-21 6.366622777375773278e-22 1.219549269027110297e-22 2.241432510257924703e-23 3.889125827305915072e-24 0.000000000000000000e+00
0.000000000000000000e+00 3.933170355148254059e-29 4.597886716575117335e-28 4.834054378631370562e-27 4.994698521431375882e-26 4.899656214724104148e-25 4.644201221519632648e-24 4.197496301806289326e-23 3.626144108720385047e-22 2.977388492861591071e-21 2.317266256513872275e-20 1.701877125882504596e-19 1.173907987398431713e-18 7.562284239672983939e-18 4.520690946332446076e-17 2.487589902718896946e-16 1.248764876884857026e-15 5.652163306203040610e-15 2.274517823820498928e-14 8.000713549455519948e-14 2.404407278344933001e-13 6.019193067614650258e-13 1.215520642432579996e-12 1.925736242251871184e-12 2.381158071187730971e-12 2.382022447626884842e-12 1.928305987687360847e-12 1.219467408800551612e-12 6.068793015630139442e-13 2.453806657802146471e-13 8.376162796260079692e-14 2.515914434927552083e-14 6.971169587604226383e-15 1.879457593821319943e-15 5.170733235888653307e-16 1.481372485264057872e-16 4.357348195706479346e-17 1.276613889160045637e-17 3.629449306766538932e-18 9.861253467006128792e-19 2.543715764715550097e-19 6.219880842376635619e-20 1.443096969044868095e-20 3.183542405479898529e-21 6.694297858049650732e-22 1.345222065932948572e-22 2.589826594775631938e-23 4.785620938130402874e-24 8.350956959812639554e-25 0.000000000000000000e+00
0.000000000000000000e+00 3.886813038378929766e-30 4.811993763937638832e-29 4.952483348553629698e-28 5.126573399951826736e-27 4.962026155028074811e-26 4.680284463326039881e-25 4.191755206655057467e-24 3.595661662814067988e-23 2.929547520183917753e-22 2.263046417312427238e-21 1.649732946494866160e-20 1.129480149952452229e-19 7.222059970271294876e-19 4.285239517262612474e-18 2.340128148071704496e-17 1.165845895848435583e-16 5.236132868344271505e-16 2.090442162787543457e-15 7.298209196681468918e-15 2.175924694235037643e-14 5.411860634907845337e-14 1.086619437247513768e-13 1.715350123337247241e-13 2.119730067141969810e-13 2.121341758486370614e-13 1.720156739759905495e-13 1.094064508410117482e-13 5.506011696324962609e-14 2.270019134600893725e-14 8.016732976766656231e-15 2.554130748600101454e-15 7.779180542010793259e-16 2.386051312891435098e-16 7.547942342770867185e-17 2.432617657432517636e-17 7.755133881267255567e-18 2.383836374704319043e-18 6.962781618593461017e-19 1.921081026701234508e-19 5.002424855546500078e-20 1.231279726514727820e-20 2.871990269219282619e-21 6.366622777375775158e-22 1.345222065932948337e-22 2.716784468747376365e-23 5.258412658369385724e-24 9.773456152487650677e-25 1.716185626787901122e-25 0.000000000000000000e+00
0.000000000000000000e+00 3.405694277439327415e-31 4.881709521463624078e-30 4.844205768360913960e-29 5.081614522391908535e-28 4.821871757030252907e-27 4.540466244831888543e-26 4.022908570161823197e-25 3.427906595257646902e-24 2.770304854062439146e-23 2.123503625815300443e-22 1.536195923603060802e-21 1.043535923977593542e-20 6.620856488525448977e-20 3.897896589191061370e-19 2.111571189117561696e-18 1.043639280549530567e-17 4.649417221359599238e-17 1.840673567964110722e-16 6.377831890737658701e-16 1.885239775365867262e-15 4.659409081948634627e-15 9.299289322120499737e-15 1.462234631639314071e-14 1.805904186909482761e-14 1.808761909668211534e-14 1.470783569002582530e-14 9.432810573910562807e-15 4.829296306333229830e-15 2.055641457025443904e-15 7.685696362520031639e-16 2.688204027908912995e-16 9.317454483563771291e-17 3.292539606938082593e-17 1.174669684229244929e-17 4.111531334970180059e-18 1.377042644541387766e-18 4.352351471528064774e-19 1.291641374022360839e-19 3.598903082877136548e-20 9.435963528600328983e-21 2.335383149936568027e-21 5.474574296791066861e-22 1.219549269027110062e-22 2.589826594775630175e-23 5.258412658369384255e-24 1.023708605055589320e-24 1.914923556329522924e-25 3.386284102609333337e-26 0.000000000000000000e+00
0.000000000000000000e+00 2.239617520333425139e-32 4.849368355005206758e-31 4.493286489085083772e-30 4.896119088204044930e-29 4.493956320740111206e-28 4.253998219579599275e-27 3.716613179591896104e-26 3.148836897008412030e-25 2.523324803786752815e-24 1.918513930412921629e-23 1.377283828295108620e-22 9.278723993026549789e-22 5.840313136325824613e-21 3.410456285081344776e-20 1.832106344821767201e-19 8.980944255639630626e-19 3.967681070722794668e-18 1.556879543812198614e-17 5.355333390226238205e-17 1.567952305009590919e-16 3.853368849892598409e-16 7.641728792258042406e-16 1.196202921881075174e-15 1.476726689132844690e-15 1.481559047742462643e-15 1.210702909322200849e-15 7.870050318576915537e-16 4.145617392093168830e-16 1.862193389762548897e-16 7.625871195693395655e-17 3.034929804567369998e-17 1.214682431125905836e-17 4.856337976247965959e-18 1.886435211439796752e-18 6.948044296222545438e-19 2.395118515195582245e-19 7.696563903577765397e-20 2.307702283392864779e-20 6.476461510040564983e-21 1.707895691385954494e-21 4.248947825310106720e-22 1.001045594004046183e-22 2.241432510257924115e-23 4.785620938130401405e-24 9.773456152487648840e-25 1.914923556329522694e-25 3.607779399661508440e-26 6.431438397977696223e-27 0.000000000000000000e+00
0.000000000000000000e+00 3.065054862827756724e-35 4.764475753822630490e-32 3.852130658416026833e-31 4.599063680454298854e-30 3.974307601562267777e-29 3.837246979805524253e-28 3.285961822943602632e-27 2.773187846814546397e-26 2.203547997578051526e-25 1.660600662923255115e-24 1.183709033209235038e-23 7.903946080109893328e-23 4.936363018732171347e-22 2.858464947364283424e-21 1.522543214451749238e-20 7.401639961977386512e-20 3.242567434880784189e-19 1.260472598825852501e-18 4.307904329108056892e-18 1.247469548827122553e-17 3.052943315138998928e-17 6.012944258402558555e-17 9.360984665467718597e-17 1.155573839174503713e-16 1.163275811413509277e-16 9.592764609940677866e-17 6.380739262556576027e-17 3.526355860244913805e-17 1.725880226768773468e-17 8.019489365619915317e-18 3.687781963105251313e-18 1.673966204443799277e-18 7.302600348265114077e-19 2.988890678486359704e-19 1.133858962285844019e-19 3.975502565400821048e-20 1.291029246692131888e-20 3.899591077357431120e-21 1.100844373089775714e-21 2.918195526426401936e-22 7.296413585403831605e-23 1.727746631630644862e-23 3.889125827305914337e-24 8.350956959812635880e-25 1.716185626787900433e-25 3.386284102609332189e-26 6.431438397977696940e-27 1.157568504523227519e-27 0.000000000000000000e+00
0.000000000000000000e+00 0.000000000000000000e+00 0.000000000000000000e+00 0.000000000000000000e+00 0.000000000000000000e+00 0.000000000000000000e+00 0.000000000000000000e+00 0.000000000000000000e+00 0.000000000000000000e+00 0.000000000000000000e+00 0.000000000000000000e+00 0.000000000000000000e+00 0.000000000000000000e+00 0.000000000000000000e+00 0.000000000000000000e+00 0.000000000000000000e+00 0.000000000000000000e+00 0.000000000000000000e+00 0.000000000000000000e+00 0.000000000000000000e+00 0.000000000000000000e+00 0.000000000000000000e+00 0.000000000000000000e+00 0.000000000000000000e+00 0.000000000000000000e+00 0.000000000000000000e+00 0.000000000000000000e+00 0.000000000000000000e+00 0.000000000000000000e+00 0.000000000000000000e+00 0.000000000000000000e+00 0.000000000000000000e+00 0.000000000000000000e+00 0.000000000000000000e+00 0.000000000000000000e+00 0.000000000000000000e+00 0.000000000000000000e+00 0.000000000000000000e+00 0.000000000000000000e+00 0.000000000000000000e+00 0.000000000000000000e+00 0.000000000000000000e+00 0.000000000000000000e+00 0.000000000000000000e+00 0.000000000000000000e+00 0.000000000000000000e+00 0.000000000000000000e+00 0.000000000000000000e+00 0.000000000000000000e+00 0.000000000000000000e+00
