0.000000000000000000e+00 0.000000000000000000e+00 0.000000000000000000e+00 0.000000000000000000e+00 0.000000000000000000e+00 0.000000000000000000e+00 0.000000000000000000e+00 0.000000000000000000e+00 0.000000000000000000e+00 0.000000000000000000e+00 0.000000000000000000e+00 0.000000000000000000e+00 0.000000000000000000e+00 0.000000000000000000e+00 0.000000000000000000e+00 0.000000000000000000e+00 0.000000000000000000e+00 0.000000000000000000e+00 0.000000000000000000e+00 0.000000000000000000e+00 0.000000000000000000e+00 0.000000000000000000e+00 0.000000000000000000e+00 0.000000000000000000e+00 0.000000000000000000e+00 0.000000000000000000e+00 0.000000000000000000e+00 0.000000000000000000e+00 0.000000000000000000e+00 0.000000000000000000e+00 0.000000000000000000e+00 0.000000000000000000e+00 0.000000000000000000e+00 0.000000000000000000e+00 0.000000000000000000e+00 0.000000000000000000e+00 0.000000000000000000e+00 0.000000000000000000e+00 0.000000000000000000e+00 0.000000000000000000e+00 0.000000000000000000e+00 0.000000000000000000e+00 0.000000000000000000e+00 0.000000000000000000e+00 0.000000000000000000e+00 0.000000000000000000e+00 0.000000000000000000e+00 0.000000000000000000e+00 0.000000000000000000e+00 0.000000000000000000e+00
0.000000000000000000e+00 1.745895221035750547e-29 1.567039870243068923e-28 1.341046558849431040e-27 1.104364649457459523e-26 8.734261183795861228e-26 6.618785238198443239e-25 4.793521261281706102e-24 3.308385707401304333e-23 2.169085028584067876e-22 1.346094985752882393e-21 7.874909768498055388e-21 4.322838291627466670e-20 2.214764758494931207e-19 1.052537427853613662e-18 4.606482298591759369e-18 1.840985118874157540e-17 6.651923807881524667e-17 2.147525125925337590e-16 6.109326836126786034e-16 1.507074935927535702e-15 3.166984586114123642e-15 5.570535296363665243e-15 8.097267009142470012e-15 9.714937113944616692e-15 9.714937113532804479e-15 8.097267008048551862e-15 5.570535294948931562e-15 3.166984584742164366e-15 1.507074934813278351e-15 6.109326828085358848e-16 2.147525120625961327e-16 6.651923776266565570e-17 1.840985101302647574e-17 4.606482209040827928e-18 1.052537385513961098e-18 2.214764573511268164e-19 4.322837541117212625e-20 7.874906935272256697e-21 1.346093986507745395e-21 2.169081725256273811e-22 3.308375431529805495e-23 4.793491086425630220e-24 6.618701302277819967e-25 8.734039401873324672e-26 1.104308820561438504e-26 1.340912362904435211e-27 1.566731613351847057e-28 1.745242469224567948e-29 0.000000000000000000e+00
0.000000000000000000e+00 1.567039870243069596e-28 1.414850286109033176e-27 1.218079074586761971e-26 1.009067227668811019e-25 8.027557238279294450e-25 6.118707570553299261e-24 4.456937514983076770e-23 3.093695131066646103e-22 2.039858949825998686e-21 1.273059667264151369e-20 7.489637741048388659e-20 4.134517554068407192e-19 2.130237631861465510e-18 1.018100869379501477e-17 4.481104448153555232e-17 1.801084395368480448e-16 6.544738797863085799e-16 2.124767114585273476e-15 6.077344276249519665e-15 1.506760158429505915e-14 3.180294269235816985e-14 5.613029866156494505e-14 8.175976879464455655e-14 9.816835261016303991e-14 9.816835260968230176e-14 8.175976879337449050e-14 5.613029865994923801e-14 3.180294269084102624e-14 1.506760158311447201e-14 6.077344275444126602e-15 2.124767114088536442e-15 6.544738795066255388e-16 1.801084393888630638e-16 4.481104440860425846e-17 1.018100865998783063e-17 2.130237617210710349e-18 4.134517494634096923e-19 7.489637515397208762e-20 1.273059586996716784e-20 2.039858681615028009e-21 3.093694287626507030e-22 4.456935010455159230e-23 6.118700533591688769e-24 8.027538471035408775e-25 1.009062467584924403e-25 1.218067562943210359e-26 1.414823742159956218e-27 1.566983877676737450e-28 0.000000000000000000e+00
0.000000000000000000e+00 1.341046558849431219e-27 1.218079074586762114e-26 1.055032788376885865e-25 8.792280560110729924e-25 7.035896822212340241e-24 5.394041657406656107e-23 3.951617600119546833e-22 2.758463830721787841e-21 1.828995586604023287e-20 1.147784370721729005e-19 6.789750789469160911e-19 3.768676315669251703e-18 1.952359943781122840e-17 9.381968820895005588e-17 4.152095888298836261e-16 1.678041639374923824e-15 6.131199880379413634e-15 2.001354599293600964e-14 5.754617552209256305e-14 1.433806443147895306e-13 3.039433181079157541e-13 5.382412651474148335e-13 7.855948509169419881e-13 9.439367179942627091e-13 9.439367179940110814e-13 7.855948509162284034e-13 5.382412651463180518e-13 3.039433181065447265e-13 1.433806443133739481e-13 5.754617552081941728e-14 2.001354599192543464e-14 6.131199879698338739e-15 1.678041638964088418e-15 4.152095886110387705e-16 9.381968810354327524e-17 1.952359939171439717e-17 3.768676297163050186e-18 6.789750720852472631e-19 1.147784347044966178e-19 1.828995510234178895e-20 2.758463598998260367e-21 3.951616936717206586e-22 5.394039855830923731e-23 7.035892171231352537e-24 8.792269095992095013e-25 1.055030085762949819e-25 1.218072968016633715e-26 1.341033622893257028e-27 0.000000000000000000e+00
0.000000000000000000e+00 1.104364649457459810e-26 1.009067227668811248e-25 8.792280560110733598e-25 7.370284871224307508e-24 5.932022340771737964e-23 4.573523946384749788e-22 3.369132864166084718e-21 2.364678373988255047e-20 1.576294254278647223e-19 9.944158716746194787e-19 5.913091467662293532e-18 3.298987856060979121e-17 1.717790436238262611e-16 8.296965049830049686e-16 3.690726978131618910e-15 1.499251260091483554e-14 5.506146458487294440e-14 1.806517738060281293e-13 5.220304990662813457e-13 1.306784277213306568e-12 2.781610578279542753e-12 4.941602312467398248e-12 7.226374022647989007e-12 8.688560380776258461e-12 8.688560380775594455e-12 7.226374022646518015e-12 4.941602312466713239e-12 2.781610578281138953e-12 1.306784277216883882e-12 5.220304990708940489e-13 1.806517738105090108e-13 5.506146458821341692e-14 1.499251260307233225e-14 3.690726979323284816e-15 8.296965055702901203e-16 1.717790438836053062e-16 3.298987866539161529e-17 5.913091506502565862e-18 9.944158850231488268e-19 1.576294297051298431e-19 2.364678502613632290e-20 3.369133228520865490e-21 4.573524923755925290e-22 5.932024829861258717e-23 7.370290915329697423e-24 8.792294579991252365e-25 1.009070341583409844e-25 1.104371175559176769e-26 0.000000000000000000e+00
0.000000000000000000e+00 8.734261183795864672e-26 8.027557238279299960e-25 7.035896822212337302e-24 5.932022340771741490e-23 4.801355032448619903e-22 3.722155988201506908e-21 2.756662480181195900e-20 1.944909391078042821e-19 1.303073521261311573e-18 8.261351189244869084e-18 4.936316036565815667e-17 2.767179947250769003e-16 1.447668777746717961e-15 7.025006953207591167e-15 3.139537356523906878e-14 1.281329173212418351e-13 4.727965603838684287e-13 1.558493102509094796e-12 4.524355596243280694e-12 1.137517076396782626e-11 2.430669697540696487e-11 4.331087202538015287e-11 6.344812081055885603e-11 7.632969991240126716e-11 7.632969991240431739e-11 6.344812081056544762e-11 4.331087202538169737e-11 2.430669697539472842e-11 1.137517076394376856e-11 4.524355596212513453e-12 1.558493102479033768e-12 4.727965603613999536e-13 1.281329173065762166e-13 3.139537355710104715e-14 7.025006949167156051e-15 1.447668775950015069e-15 2.767179939964311778e-16 4.936316009426077428e-17 8.261351095570933781e-18 1.303073491124808353e-18 1.944909300151829362e-19 2.756662221839096961e-20 3.722155293682580187e-21 4.801353260610817269e-22 5.932018034823212748e-23 7.035886832704367029e-24 8.027535070999739041e-25 8.734214839167286534e-26 0.000000000000000000e+00
0.000000000000000000e+00 6.618785238198452422e-25 6.118707570553297057e-24 5.394041657406663160e-23 4.573523946384748848e-22 3.722155988201508413e-21 2.900905040904932180e-20 2.159503603068378878e-19 1.531170132188078548e-18 1.030790098977585726e-17 6.565333411061516141e-17 3.940457845042141671e-16 2.218515200464692798e-15 1.165551238974271411e-14 5.679590148124351726e-14 2.548771660139969807e-13 1.044533597933356136e-12 3.870279969874903964e-12 1.281107222255878153e-11 3.734482991457988877e-11 9.426400105660112143e-11 2.021353440003074397e-10 3.611603309951090753e-10 5.299227002017952585e-10 6.378095700939250561e-10 6.378095700939227813e-10 5.299227002017937075e-10 3.611603309951411802e-10 2.021353440004097516e-10 9.426400105675926802e-11 3.734482991477034064e-11 1.281107222274085174e-11 3.870279970009337777e-12 1.044533598021356360e-12 2.548771660627594393e-13 5.679590150556380866e-14 1.165551240058395222e-14 2.218515204877518381e-15 3.940457861527873225e-16 6.565333468119793368e-17 1.030790117377332929e-17 1.531170187798902788e-18 2.159503761273355622e-19 2.900905466442965530e-20 3.722157073790386751e-21 4.573526582329677867e-22 5.394047763235060911e-23 6.118721086963744262e-24 6.618813413194013469e-25 0.000000000000000000e+00
0.000000000000000000e+00 4.793521261281699490e-24 4.456937514983083235e-23 3.951617600119544482e-22 3.369132864166089608e-21 2.756662480181192891e-20 2.159503603068379841e-19 1.615513711553132395e-18 1.150848836180202054e-17 7.782230784908944350e-17 4.977743579438024020e-16 2.999663429970616202e-15 1.695337039312472571e-14 8.939727471048758822e-14 4.371782007075342503e-13 1.968752649643589747e-12 8.096415486549990102e-12 3.010452011189282147e-11 1.000020904576868605e-10 2.925425991675080158e-10 7.409536557681283512e-10 1.593774920166267196e-09 2.854477070817191815e-09 4.194012283717501356e-09 5.049613676922887452e-09 5.049613676923042135e-09 4.194012283717862007e-09 2.854477070817405227e-09 1.593774920165973133e-09 7.409536557673838886e-10 2.925425991665010785e-10 1.000020904566998660e-10 3.010452011116424337e-11 8.096415486071107458e-12 1.968752649379725190e-12 4.371782005758251753e-13 8.939727465191541069e-14 1.695337036928079585e-14 2.999663421067141145e-15 4.977743548623644851e-16 7.782230685565675262e-17 1.150848806172432420e-17 1.615513626271195120e-18 2.159503374071906095e-19 2.756661897407814617e-20 3.369131453946297786e-21 3.951614347890052564e-22 4.456930355992168593e-23 4.793506436510392219e-24 0.000000000000000000e+00
0.000000000000000000e+00 3.308385707401313150e-23 3.093695131066642341e-22 2.758463830721794235e-21 2.364678373988252640e-20 1.944909391078044506e-19 1.531170132188078355e-18 1.150848836180201900e-17 8.234596639547345351e-17 5.591379337203400401e-16 3.590142837885421147e-15 2.171165119567027605e-14 1.231125967262268181e-13 6.511722566185261598e-13 3.193555791752147351e-12 1.442103703270036853e-11 5.946500646284913328e-11 2.217000971564822982e-10 7.384661692360662725e-10 2.166306391777968049e-09 5.501967796063508570e-09 1.186453832689387586e-08 2.129144881864701608e-08 3.131635439556291828e-08 3.771228737457393979e-08 3.771228737456979727e-08 3.131635439555205243e-08 2.129144881863453558e-08 1.186453832688498201e-08 5.501967796059475238e-09 2.166306391778141757e-09 7.384661692384074005e-10 2.217000971589118569e-10 5.946500646474689240e-11 1.442103703382301256e-11 3.193555792340298212e-12 6.511722568860332599e-13 1.231125968368293327e-13 2.171165123727474655e-14 3.590142852342881268e-15 5.591379383857403475e-16 8.234596780316413514e-17 1.150848876070790755e-17 1.531170238804764782e-18 1.944909660685968155e-19 2.364679020990147520e-20 2.758465307312484639e-21 3.093698339571757076e-22 3.308392249781424539e-23 0.000000000000000000e+00
0.000000000000000000e+00 2.169085028584065055e-22 2.039858949826003200e-21 1.828995586604021481e-20 1.576294254278648908e-19 1.303073521261312151e-18 1.030790098977585726e-17 7.782230784908944350e-17 5.591379337203400401e-16 3.810922464654302571e-15 2.455252654964990792e-14 1.489322977435427134e-13 8.467472737569636685e-13 4.489097527408783580e-12 2.206111482217462472e-11 9.980387257688331333e-11 4.122456507017007331e-10 1.539539824752158270e-09 5.136997213501555336e-09 1.509715361898099798e-08 3.841648005639823180e-08 8.299154036720153301e-08 1.491422753034792703e-07 2.195154882465392764e-07 2.643482370886903502e-07 2.643482370886748918e-07 2.195154882465058980e-07 1.491422753034528005e-07 8.299154036719729785e-08 3.841648005641073877e-08 1.509715361899083481e-08 5.136997213502970642e-09 1.539539824749430848e-09 4.122456506975095123e-10 9.980387257383024139e-11 2.206111482031843789e-11 4.489097526495942922e-12 8.467472733570568803e-13 1.489322975878106908e-13 2.455252649424954761e-14 3.810922446540067469e-15 5.591379282213163945e-16 7.782230629084208199e-17 1.030790057552891518e-17 1.303073417601824517e-18 1.576294009433450167e-19 1.828995039883782136e-20 2.039857795641138853e-21 2.169082760574658798e-22 0.000000000000000000e+00
0.000000000000000000e+00 1.346094985752884462e-21 1.273059667264150316e-20 1.147784370721729728e-19 9.944158716746196713e-19 8.261351189244867543e-18 6.565333411061518606e-17 4.977743579438025006e-16 3.590142837885420359e-15 2.455252654964991423e-14 1.586476947949609424e-13 9.646947409313532993e-13 5.495542570289250941e-12 2.917918700441680729e-11 1.435559437866909847e-10 6.499445495156388441e-10 2.686098776627882844e-09 1.003578714990543719e-08 3.350269967329370385e-08 9.852273892077947777e-08 2.509018985983493741e-07 5.424956076991158416e-07 9.755728194868870338e-07 1.436180948985919071e-06 1.729075160293985642e-06 1.729075160294852157e-06 1.436180948988183190e-06 9.755728194896117270e-07 5.424956077014149008e-07 2.509018985999208320e-07 9.852273892169721150e-08 3.350269967375374862e-08 1.003578715010640734e-08 2.686098776710864363e-09 6.499445495473284436e-10 1.435559437989302334e-10 2.917918700894249983e-11 5.495542571954651472e-12 9.646947415141234474e-13 1.586476949899007152e-13 2.455252661091614957e-14 3.590142855975125042e-15 4.977743629440599642e-16 6.565333540452871817e-17 8.261351502349537074e-18 9.944159424106626994e-19 1.147784519282854701e-19 1.273059954828032218e-20 1.346095483357364730e-21 0.000000000000000000e+00
0.000000000000000000e+00 7.874909768498046360e-21 7.489637741048395881e-20 6.789750789469163800e-19 5.913091467662295843e-18 4.936316036565816284e-17 3.940457845042139206e-16 2.999663429970617780e-15 2.171165119567026028e-14 1.489322977435427892e-13 9.646947409313530973e-13 5.876879639618603913e-12 3.351951102745706469e-11 1.780829296397598629e-10 8.761538127716121928e-10 3.964856165195992664e-09 1.637195268898784288e-08 6.110332759989331999e-08 2.037602765617714823e-07 5.986517582906837097e-07 1.523576044159507777e-06 3.293048186511962967e-06 5.920274104854928953e-06 8.711570731391487165e-06 1.048233644584945076e-05 1.048233644585033676e-05 8.711570731392410431e-06 5.920274104852947743e-06 3.293048186505440390e-06 1.523576044150531980e-06 5.986517582831263759e-07 2.037602765570174835e-07 6.110332759744115961e-08 1.637195268789237120e-08 3.964856164768678605e-09 8.761538126196486711e-10 1.780829295906689941e-10 3.351951101253236122e-11 5.876879635364194303e-12 9.646947397708372772e-13 1.489322974416825511e-13 2.171165112050052188e-14 2.999663412188651680e-15 3.940457805443465986e-16 4.936315955020650062e-17 5.913091317154284208e-18 6.789750558145521735e-19 7.489637515928197278e-20 7.874909970499217605e-21 0.000000000000000000e+00
0.000000000000000000e+00 4.322838291627469078e-20 4.134517554068405748e-19 3.768676315669247851e-18 3.298987856060980354e-17 2.767179947250767031e-16 2.218515200464694770e-15 1.695337039312472887e-14 1.231125967262267929e-13 8.467472737569636685e-13 5.495542570289251748e-12 3.351951102745706469e-11 1.912639786549192187e-10 1.015751006387572898e-09 4.991443251957345576e-09 2.254417747841750644e-08 9.285519385622009685e-08 3.455373704622811461e-07 1.148721104177099144e-06 3.365122893325327262e-06 8.542746460286471563e-06 1.842743089757510627e-05 3.307759884581255345e-05 4.860956077010241327e-05 5.843346031392638131e-05 5.843346031375236009e-05 4.860956076965010445e-05 3.307759884527942414e-05 1.842743089714536580e-05 8.542746460011556856e-06 3.365122893178539417e-06 1.148721104112178516e-06 3.455373704383043433e-07 9.285519384880985558e-08 2.254417747651563293e-08 4.991443251586424554e-09 1.015751006347717682e-09 1.912639786636491795e-10 3.351951103453197924e-11 5.495542573142595923e-12 8.467472746454568225e-13 1.231125969629459266e-13 1.695337044813784367e-14 2.218515211526270804e-15 2.767179965228204481e-16 3.298987873200135380e-17 3.768676289178653082e-18 4.134517335740331798e-19 4.322837468730146821e-20 0.000000000000000000e+00
0.000000000000000000e+00 2.214764758494932170e-19 2.130237631861466666e-18 1.952359943781123764e-17 1.717790436238262118e-16 1.447668777746718355e-15 1.165551238974271253e-14 8.939727471048758822e-14 6.511722566185260588e-13 4.489097527408783580e-12 2.917918700441683314e-11 1.780829296397599404e-10 1.015751006387572898e-09 5.386544062913779053e-09 2.640256828565010509e-08 1.188215359193290068e-07 4.871968071323673537e-07 1.803546597228489378e-06 5.962473660659122754e-06 1.737091867541435081e-05 4.387804658724416272e-05 9.425343007485519834e-05 1.686326842807304885e-04 2.472064601697245142e-04 2.967151576392812072e-04 2.967151576403484416e-04 2.472064601727451015e-04 1.686326842848132957e-04 9.425343007898626612e-05 4.387804659069323345e-05 1.737091867768953551e-05 5.962473661883231899e-06 1.803546597788272277e-06 4.871968073550637505e-07 1.188215359977109078e-07 2.640256831034835499e-08 5.386544069968493132e-09 1.015751008226508724e-09 1.780829300813700077e-10 2.917918710256413280e-11 4.489097547778797635e-12 6.511722605978361172e-13 8.939727545436243183e-14 1.165551252621659734e-14 1.447668803343483540e-15 1.717790487594945094e-16 1.952360056757942152e-17 2.130237899471213538e-18 2.214765403729803900e-19 0.000000000000000000e+00
0.000000000000000000e+00 1.052537427853613662e-18 1.018100869379502093e-17 9.381968820895000658e-17 8.296965049830053630e-16 7.025006953207591167e-15 5.679590148124349832e-14 4.371782007075347552e-13 3.193555791752146139e-12 2.206111482217462149e-11 1.435559437866910881e-10 8.761538127716123996e-10 4.991443251957348057e-09 2.640256828565009847e-08 1.289007949168497615e-07 5.769561592856309871e-07 2.349576786539945587e-06 8.628786495936404354e-06 2.827911209034740170e-05 8.166117171226542194e-05 2.045634844042144124e-04 4.362818156377482113e-04 7.761691091299625011e-04 1.133216197569479047e-03 1.357087119878034242e-03 1.357087119896203085e-03 1.133216197615165158e-03 7.761691091803342088e-04 4.362818156727392102e-04 2.045634844214432794e-04 8.166117171882858558e-05 2.827911209194366917e-05 8.628786495907325713e-06 2.349576786261886693e-06 5.769561591019678802e-07 1.289007948332952287e-07 2.640256825458858966e-08 4.991443241962928380e-09 8.761538098992187269e-10 1.435559430363829807e-10 2.206111464145670228e-11 3.193555751210476990e-12 4.371781921453174517e-13 5.679589976109911185e-14 7.025006620185360969e-15 8.296964418834914981e-16 9.381967629331218431e-17 1.018100641368840250e-17 1.052536987452752290e-18 0.000000000000000000e+00
0.000000000000000000e+00 4.606482298591758599e-18 4.481104448153554000e-17 4.152095888298835275e-16 3.690726978131618122e-15 3.139537356523906878e-14 2.548771660139969302e-13 1.968752649643588535e-12 1.442103703270037176e-11 9.980387257688331333e-11 6.499445495156385339e-10 3.964856165195992664e-09 2.254417747841748659e-08 1.188215359193290200e-07 5.769561592856309871e-07 2.563351056618841219e-06 1.034106344870342396e-05 3.755297836525399430e-05 1.215303356834336021e-04 3.463371699739452390e-04 8.565722101105472308e-04 1.806375481371339962e-03 3.184929323071356098e-03 4.620849431553826318e-03 5.515403714809298877e-03 5.515403714450666482e-03 4.620849430598272106e-03 3.184929321905873023e-03 1.806375480368846084e-03 8.565722094061442235e-04 3.463371695653903759e-04 1.215303354854654140e-04 3.755297828275940914e-05 1.034106341854763141e-05 2.563351046813007604e-06 5.769561564164082046e-07 1.188215351569030307e-07 2.254417729307394908e-08 3.964856123760816753e-09 6.499445409641371041e-10 9.980387094544593841e-11 1.442103674529890585e-11 1.968752603197119260e-12 2.548771592408264947e-13 3.139537271286146267e-14 3.690726898585660441e-15 4.152095881981998543e-16 4.481104677022705433e-17 4.606483104813493228e-18 0.000000000000000000e+00
0.000000000000000000e+00 1.840985118874158157e-17 1.801084395368481434e-16 1.678041639374923627e-15 1.499251260091483239e-14 1.281329173212417593e-13 1.044533597933355732e-12 8.096415486549993334e-12 5.946500646284908159e-11 4.122456507017008365e-10 2.686098776627882431e-09 1.637195268898784619e-08 9.285519385622013656e-08 4.871968071323673537e-07 2.349576786539946010e-06 1.034106344870342396e-05 4.121175483136570904e-05 1.474340037540665816e-04 4.689282991654528479e-04 1.311474213154192187e-03 3.183246099253985491e-03 6.599794218010292084e-03 1.147811784805941385e-02 1.649528997455896456e-02 1.959398301126798192e-02 1.959398301404972551e-02 1.649528998223283652e-02 1.147811785786577443e-02 6.599794227137388732e-03 3.183246106254277764e-03 1.311474217444889108e-03 4.689283013587330733e-04 1.474340047196894270e-04 4.121175520451293478e-05 1.034106357727669971e-05 2.349576826562580570e-06 4.871968185065232340e-07 9.285519683304196434e-08 1.637195341163734033e-08 2.686098940342259102e-09 4.122456854898289665e-10 5.946501342650125086e-11 8.096416804313167826e-12 1.044533834354120642e-12 1.281329576194017908e-13 1.499251913448067025e-14 1.678042646775230360e-15 1.801085868954102870e-16 1.840987123024602463e-17 0.000000000000000000e+00
0.000000000000000000e+00 6.651923807881520969e-17 6.544738797863084813e-16 6.131199880379408901e-15 5.506146458487293178e-14 4.727965603838680248e-13 3.870279969874905580e-12 3.010452011189280208e-11 2.217000971564823757e-10 1.539539824752157649e-09 1.003578714990544050e-08 6.110332759989330676e-08 3.455373704622810402e-07 1.803546597228489166e-06 8.628786495936406048e-06 3.755297836525398752e-05 1.474340037540665003e-04 5.175211833972888451e-04 1.608852426549413220e-03 4.385056371536693795e-03 1.036228026204434605e-02 2.095295713380912819e-02 3.569997840635289604e-02 5.057929820418501088e-02 5.965933783275782082e-02 5.965933782180533190e-02 5.057929817250488014e-02 3.569997836387119039e-02 2.095295709141293400e-02 1.036228022750521754e-02 4.385056349957948060e-03 1.608852415262421263e-03 5.175211783241781853e-04 1.474340017568196229e-04 3.755297766405298163e-05 8.628786273342991536e-06 1.803546532632315382e-06 3.455373531689448398e-07 6.110332329628341144e-08 1.003578614792853807e-08 1.539539605314701111e-09 2.217000517405326207e-10 3.010451119402927909e-11 3.870278302897570238e-12 4.727962629162254582e-13 5.506141379115491168e-14 6.131191565710905528e-15 6.544725736204709060e-16 6.651904406146531644e-17 0.000000000000000000e+00
0.000000000000000000e+00 2.147525125925337097e-16 2.124767114585272293e-15 2.001354599293600964e-14 1.806517738060282303e-13 1.558493102509094190e-12 1.281107222255878153e-11 1.000020904576868476e-10 7.384661692360661691e-10 5.136997213501554509e-09 3.350269967329371708e-08 2.037602765617715088e-07 1.148721104177098297e-06 5.962473660659119365e-06 2.827911209034741186e-05 1.215303356834335614e-04 4.689282991654529021e-04 1.608852426549413871e-03 4.859947565455227658e-03 1.280321747093816388e-02 2.915360670190162221e-02 5.685880854784617494e-02 9.397622490454063393e-02 1.303458084132619599e-01 1.521579492855348048e-01 1.521579493016182449e-01 1.303458084667801498e-01 9.397622498328979390e-02 5.685880863502026233e-02 2.915360677730266872e-02 1.280321751696318275e-02 4.859947589627432694e-03 1.608852437335544323e-03 4.689283033692086267e-04 1.215303371460249213e-04 2.827911255100223480e-05 5.962473793569659510e-06 1.148721139670367108e-06 2.037602854120861289e-07 3.350270174972613276e-08 5.136997674933557159e-09 7.384662669159723379e-10 1.000021102487871000e-10 1.281107607520125099e-11 1.558493825162328685e-12 1.806519046912058101e-13 2.001356891419562389e-14 2.124770997302037554e-15 2.147531379856243914e-16 0.000000000000000000e+00
0.000000000000000000e+00 6.109326836126783076e-16 6.077344276249520454e-15 5.754617552209255043e-14 5.220304990662814467e-13 4.524355596243279887e-12 3.734482991457990169e-11 2.925425991675081192e-10 2.166306391777968463e-09 1.509715361898100460e-08 9.852273892077943807e-08 5.986517582906834980e-07 3.365122893325326838e-06 1.737091867541435420e-05 8.166117171226540839e-05 3.463371699739450763e-04 1.311474213154192187e-03 4.385056371536695530e-03 1.280321747093816388e-02 3.232297076535647906e-02 7.006385285579760924e-02 1.299078399037166265e-01 2.054391942146996664e-01 2.761377139661958524e-01 3.174344700496203320e-01 3.174344700752336768e-01 2.761377140155631404e-01 2.054391942639893776e-01 1.299078399369925918e-01 7.006385288034006065e-02 3.232297079166411569e-02 1.280321748605834503e-02 4.385056379905777867e-03 1.311474217081038665e-03 3.463371715943477274e-04 8.166117231506751838e-05 1.737091887972950921e-05 3.365122956944780155e-06 5.986517766002349302e-07 9.852274381248945704e-08 1.509715483638214545e-08 2.166306674828683361e-09 2.925426608075894757e-10 3.734484251542944931e-11 4.524358018889180193e-12 5.220309377544842400e-13 5.754625040218227776e-14 6.077356322895871783e-15 6.109344801741181002e-16 0.000000000000000000e+00
0.000000000000000000e+00 1.507074935927535505e-15 1.506760158429505284e-14 1.433806443147895306e-13 1.306784277213306770e-12 1.137517076396782626e-11 9.426400105660116020e-11 7.409536557681288682e-10 5.501967796063508570e-09 3.841648005639819871e-08 2.509018985983492153e-07 1.523576044159507565e-06 8.542746460286471563e-06 4.387804658724421693e-05 2.045634844042144396e-04 8.565722101105471224e-04 3.183246099253985491e-03 1.036228026204434605e-02 2.915360670190160486e-02 7.006385285579758149e-02 1.429015058775341407e-01 2.478764831603056107e-01 3.688251888250943522e-01 4.741560796880558981e-01 5.331679105087883119e-01 5.331679104378520551e-01 4.741560794936801604e-01 3.688251885472201841e-01 2.478764828473517812e-01 1.429015055909198528e-01 7.006385266100885467e-02 2.915360660124531947e-02 1.036228021334863365e-02 3.183246078565376246e-03 8.565722018752187960e-04 2.045634812969262498e-04 4.387804547621148980e-05 8.542746085612257180e-06 1.523575925709378370e-06 2.509018636287026728e-07 3.841647042573941461e-08 5.501965319250139695e-09 7.409530595052336975e-10 9.426386627904671878e-11 1.137514206473172392e-11 1.306778501107426369e-12 1.433795420426913954e-13 1.506740163923338808e-14 1.507041013575043416e-15 0.000000000000000000e+00
0.000000000000000000e+00 3.166984586114126403e-15 3.180294269235818878e-14 3.039433181079158046e-13 2.781610578279542753e-12 2.430669697540696487e-11 2.021353440003074914e-10 1.593774920166267196e-09 1.186453832689388082e-08 8.299154036720148007e-08 5.424956076991156298e-07 3.293048186511962543e-06 1.842743089757511643e-05 9.425343007485519834e-05 4.362818156377483198e-04 1.806375481371339962e-03 6.599794218010293818e-03 2.095295713380914554e-02 5.685880854784618882e-02 1.299078399037166542e-01 2.478764831603054164e-01 3.977840435043804579e-01 5.494544867878018435e-01 6.680314367969448774e-01 7.302863841339143347e-01 7.302863840061731837e-01 6.680314364937470772e-01 5.494544864374858451e-01 3.977840431937321730e-01 2.478764828935415554e-01 1.299078396747414266e-01 5.685880840345997750e-02 2.095295706931651208e-02 6.599794195642366863e-03 1.806375477191935960e-03 4.362818164501618785e-04 9.425343128760656035e-05 1.842743159837292787e-05 3.293048487528493377e-06 5.424957159473654966e-07 8.299157453835083080e-08 1.186454803933642402e-08 1.593777445922163636e-09 2.021359517504508557e-10 2.430683342928749491e-11 2.781639355480046797e-12 3.039490493245537046e-13 3.180402477750285643e-14 3.167175237067025402e-15 0.000000000000000000e+00
0.000000000000000000e+00 5.570535296363660510e-15 5.613029866156494505e-14 5.382412651474149345e-13 4.941602312467400672e-12 4.331087202538016580e-11 3.611603309951087651e-10 2.854477070817190574e-09 2.129144881864700284e-08 1.491422753034794027e-07 9.755728194868863985e-07 5.920274104854925565e-06 3.307759884581253312e-05 1.686326842807305156e-04 7.761691091299628264e-04 3.184929323071357399e-03 1.147811784805941732e-02 3.569997840635286135e-02 9.397622490454062005e-02 2.054391942146998051e-01 3.688251888250940191e-01 5.494544867878017325e-01 7.060179400347216250e-01 8.131009459575356813e-01 8.647282493141558168e-01 8.647282494009461695e-01 8.131009462201705951e-01 7.060179404682067617e-01 5.494544873807410967e-01 3.688251894182223434e-01 2.054391945880335302e-01 9.397622505184914654e-02 3.569997843656340375e-02 1.147811783736159968e-02 3.184929307247073675e-03 7.761690989324328315e-04 1.686326793352560115e-04 3.307759684159193179e-05 5.920273394577428008e-06 9.755725937298535915e-07 1.491422098930667694e-07 2.129143134190136866e-08 2.854472726930278080e-09 3.611593196439368919e-10 4.331065021554750984e-11 4.941556269520327966e-12 5.382321829741108339e-13 5.612859157725029684e-14 5.570234371094724164e-15 0.000000000000000000e+00
0.000000000000000000e+00 8.097267009142474746e-15 8.175976879464458180e-14 7.855948509169424930e-13 7.226374022647991431e-12 6.344812081055884310e-11 5.299227002017953619e-10 4.194012283717498047e-09 3.131635439556291166e-08 2.195154882465393293e-07 1.436180948985918859e-06 8.711570731391490553e-06 4.860956077010239294e-05 2.472064601697244058e-04 1.133216197569478830e-03 4.620849431553827186e-03 1.649528997455896456e-02 5.057929820418501782e-02 1.303458084132619876e-01 2.761377139661957414e-01 4.741560796880561757e-01 6.680314367969447664e-01 8.131009459575354592e-01 8.993546636932174820e-01 9.370099948688994651e-01 9.370099953991236630e-01 8.993546651054138419e-01 8.131009478874472451e-01 6.680314389923076579e-01 4.741560818162352531e-01 2.761377156004802269e-01 1.303458093809491403e-01 5.057929864148000276e-02 1.649529013112542575e-02 4.620849468782149173e-03 1.133216199065691055e-03 2.472064558594641408e-04 4.860955777055781050e-05 8.711569355565076494e-06 1.436180436082607186e-06 2.195153222293597079e-07 3.131630624484396469e-08 4.193999535643763537e-09 5.299195808212567138e-10 6.344740895500052971e-11 7.226221466219079074e-12 7.855639766831698796e-13 8.175384507576968675e-14 8.096206888060686081e-15 0.000000000000000000e+00
0.000000000000000000e+00 9.714937113944618270e-15 9.816835261016314088e-14 9.439367179942629111e-13 8.688560380776253615e-12 7.632969991240129301e-11 6.378095700939248493e-10 5.049613676922890761e-09 3.771228737457391994e-08 2.643482370886902972e-07 1.729075160293986066e-06 1.048233644584945245e-05 5.843346031392638809e-05 2.967151576392810988e-04 1.357087119878034025e-03 5.515403714809298877e-03 1.959398301126796457e-02 5.965933783275778612e-02 1.521579492855347215e-01 3.174344700496203875e-01 5.331679105087879789e-01 7.302863841339136686e-01 8.647282493141550397e-01 9.370099948688987990e-01 9.660856836061167963e-01 9.660856845536507365e-01 9.370099974043506474e-01 8.647282527737631952e-01 7.302863879826357874e-01 5.331679142808257721e-01 3.174344732386288892e-01 1.521579515547170636e-01 5.965933917888126964e-02 1.959398370343856319e-02 5.515404027394331388e-03 1.357087245082636137e-03 2.967152028480140691e-04 5.843347516916288159e-05 1.048234092999825810e-05 1.729076413600450413e-06 2.643485636456976989e-07 3.771236716442001550e-08 5.049632053215874628e-09 6.378135773602439641e-10 7.633053060926593408e-11 8.688724653014239707e-12 9.439678037873696310e-13 9.817399294538669910e-14 9.715903905661819642e-15 0.000000000000000000e+00
0.000000000000000000e+00 9.714937113532798168e-15 9.816835260968232701e-14 9.439367179940106775e-13 8.688560380775600917e-12 7.632969991240429154e-11 6.378095700939224711e-10 5.049613676923045444e-09 3.771228737456979065e-08 2.643482370886748918e-07 1.729075160294851098e-06 1.048233644585033337e-05 5.843346031375238041e-05 2.967151576403482790e-04 1.357087119896203302e-03 5.515403714450669084e-03 1.959398301404973244e-02 5.965933782180526945e-02 1.521579493016181617e-01 3.174344700752335657e-01 5.331679104378518330e-01 7.302863840061730727e-01 8.647282494009461695e-01 9.370099953991229969e-01 9.660856845536505144e-01 9.660856857496894490e-01 9.370099986673217085e-01 8.647282539780815069e-01 7.302863891242254990e-01 5.331679155242976531e-01 3.174344746598353195e-01 1.521579529798371688e-01 5.965934035321888984e-02 1.959398450130177272e-02 5.515404483864989535e-03 1.357087469864047503e-03 2.967152999395293437e-04 5.843351253349353912e-05 1.048235390647592672e-05 1.729080523977084123e-06 2.643497616896568607e-07 3.771269088632924294e-08 5.049713663507939902e-09 6.378328780766014515e-10 7.633483318183811997e-11 8.689632522673664231e-12 9.441497974249583354e-13 9.820874105553078254e-14 9.722117098829634154e-15 0.000000000000000000e+00
0.000000000000000000e+00 8.097267008048550284e-15 8.175976879337449050e-14 7.855948509162279995e-13 7.226374022646518015e-12 6.344812081056543470e-11 5.299227002017940177e-10 4.194012283717862834e-09 3.131635439555207228e-08 2.195154882465059774e-07 1.436180948988182978e-06 8.711570731392417208e-06 4.860956076965007735e-05 2.472064601727450473e-04 1.133216197615164941e-03 4.620849430598271239e-03 1.649528998223284346e-02 5.057929817250490095e-02 1.303458084667800665e-01 2.761377140155630849e-01 4.741560794936800494e-01 6.680314364937465221e-01 8.131009462201702620e-01 8.993546651054130647e-01 9.370099974043494262e-01 9.370099986673214865e-01 8.993546686258431233e-01 8.131009513749414275e-01 6.680314423712311322e-01 4.741560854115640655e-01 2.761377195866829837e-01 1.303458133252385354e-01 5.057930188574756569e-02 1.649529234180211953e-02 4.620850739246181761e-03 1.133216827691060696e-03 2.472067286464237740e-04 4.860966320381176868e-05 8.711606118901966541e-06 1.436192124320550857e-06 2.195187407556724020e-07 3.131723295623033340e-08 4.194233876147916479e-09 5.299751640331733434e-10 6.345983450496818690e-11 7.228850445314679472e-12 7.860923766065081335e-13 8.185499185286852718e-14 8.114335889125329942e-15 0.000000000000000000e+00
0.000000000000000000e+00 5.570535294948926040e-15 5.613029865994918752e-14 5.382412651463177489e-13 4.941602312466707585e-12 4.331087202538165214e-11 3.611603309951407149e-10 2.854477070817406054e-09 2.129144881863452234e-08 1.491422753034527211e-07 9.755728194896119388e-07 5.920274104852948590e-06 3.307759884527942414e-05 1.686326842848134041e-04 7.761691091803342088e-04 3.184929321905873023e-03 1.147811785786577443e-02 3.569997836387117651e-02 9.397622498328980778e-02 2.054391942639894053e-01 3.688251885472200176e-01 5.494544864374859561e-01 7.060179404682067617e-01 8.131009478874472451e-01 8.647282527737623070e-01 8.647282539780813959e-01 8.131009513749414275e-01 7.060179458431501409e-01 5.494544927015229119e-01 3.688251949267964958e-01 2.054392004646338199e-01 9.397623074600346127e-02 3.569998308981369578e-02 1.147812101028846885e-02 3.184931137676027483e-03 7.761700092678066459e-04 1.686330765847934214e-04 3.307775126114360134e-05 5.920327545924149537e-06 9.755899065421273899e-07 1.491473011450837592e-07 2.129281885496693517e-08 2.854825412485328442e-09 3.612433962657748953e-10 4.332953819537803679e-11 4.945571826392620097e-12 5.390430763608535233e-13 5.628452863168243972e-14 5.598303285849692014e-15 0.000000000000000000e+00
0.000000000000000000e+00 3.166984584742161605e-15 3.180294269084098838e-14 3.039433181065444235e-13 2.781610578281137741e-12 2.430669697539470257e-11 2.021353440004095448e-10 1.593774920165972099e-09 1.186453832688498698e-08 8.299154036719728461e-08 5.424956077014147949e-07 3.293048186505441237e-06 1.842743089714537257e-05 9.425343007898623901e-05 4.362818156727391559e-04 1.806375480368846084e-03 6.599794227137382660e-03 2.095295709141292359e-02 5.685880863502029009e-02 1.299078399369925918e-01 2.478764828473517257e-01 3.977840431937324506e-01 5.494544873807419849e-01 6.680314389923086571e-01 7.302863879826357874e-01 7.302863891242256100e-01 6.680314423712314653e-01 5.494544927015228009e-01 3.977840494722579834e-01 2.478764893669919422e-01 1.299078465021002715e-01 5.685881496995947443e-02 2.095296242336512627e-02 6.599797849705489258e-03 1.806377590572961914e-03 4.362828710929888328e-04 9.425389328370226410e-05 1.842761191970298325e-05 3.293111987395091570e-06 5.425161037601636456e-07 8.299759557922749297e-08 1.186619590925104711e-08 1.594198077167684638e-09 2.022366455736215916e-10 2.432954831123302800e-11 2.786488338813493770e-12 3.049322231905640349e-13 3.199385143283831557e-14 3.201472204428609046e-15 0.000000000000000000e+00
0.000000000000000000e+00 1.507074934813276379e-15 1.506760158311445623e-14 1.433806443133738471e-13 1.306784277216882670e-12 1.137517076394376048e-11 9.426400105675922925e-11 7.409536557673845090e-10 5.501967796059471102e-09 3.841648005641074539e-08 2.509018985999206732e-07 1.523576044150532192e-06 8.542746460011560244e-06 4.387804659069324023e-05 2.045634844214433336e-04 8.565722094061441151e-04 3.183246106254277331e-03 1.036228022750521928e-02 2.915360677730268260e-02 7.006385288034007452e-02 1.429015055909200194e-01 2.478764828935418052e-01 3.688251894182224544e-01 4.741560818162357527e-01 5.331679142808262162e-01 5.331679155242976531e-01 4.741560854115642876e-01 3.688251949267962737e-01 2.478764893669919978e-01 1.429015123858719538e-01 7.006385975129741928e-02 2.915361329270326970e-02 1.036228558087119202e-02 3.183249699640911153e-03 8.565742803136730185e-04 2.045645136290903654e-04 4.387849649932689733e-05 8.542921915284099047e-06 1.523637836678414881e-06 2.509217548383200317e-07 3.842235236257452888e-08 5.503577940838713638e-09 7.413655657423506431e-10 9.436285306002680074e-11 1.139753088860004915e-11 1.311571416016223859e-12 1.443542490472908577e-13 1.525617836361564262e-14 1.541250893784417000e-15 0.000000000000000000e+00
0.000000000000000000e+00 6.109326828085355889e-16 6.077344275444127391e-15 5.754617552081939203e-14 5.220304990708938470e-13 4.524355596212511837e-12 3.734482991477033418e-11 2.925425991665012336e-10 2.166306391778141344e-09 1.509715361899083812e-08 9.852273892169718503e-08 5.986517582831266935e-07 3.365122893178540264e-06 1.737091867768953213e-05 8.166117171882862624e-05 3.463371695653904301e-04 1.311474217444889541e-03 4.385056349957947193e-03 1.280321751696316714e-02 3.232297079166410181e-02 7.006385266100891018e-02 1.299078396747415098e-01 2.054391945880336134e-01 2.761377156004801159e-01 3.174344732386288892e-01 3.174344746598352640e-01 2.761377195866830392e-01 2.054392004646337644e-01 1.299078465021002160e-01 7.006385975129743315e-02 3.232297768213650280e-02 1.280322365616664605e-02 4.385061114256361310e-03 1.311477308673992094e-03 3.463389061508482213e-04 8.166202047475990000e-05 1.737128554391789381e-05 3.365264911408238620e-06 5.987015451479443367e-07 9.853869611153273461e-08 1.510186777011792109e-08 2.167599072524660730e-09 2.928736099044907236e-10 3.742439757143480770e-11 4.542392903494396682e-12 5.259022479126744457e-13 5.833594019798577880e-14 6.230807989921662500e-15 6.388354172444841860e-16 0.000000000000000000e+00
0.000000000000000000e+00 2.147525120625959602e-16 2.124767114088537625e-15 2.001354599192543148e-14 1.806517738105090360e-13 1.558493102479034172e-12 1.281107222274085658e-11 1.000020904566998919e-10 7.384661692384074005e-10 5.136997213502970642e-09 3.350269967375372876e-08 2.037602765570175364e-07 1.148721104112178516e-06 5.962473661883231052e-06 2.827911209194369628e-05 1.215303354854655089e-04 4.689283013587333443e-04 1.608852415262419745e-03 4.859947589627430960e-03 1.280321748605833636e-02 2.915360660124531600e-02 5.685880840345999832e-02 9.397622505184910491e-02 1.303458093809491680e-01 1.521579515547168693e-01 1.521579529798370578e-01 1.303458133252385354e-01 9.397623074600353066e-02 5.685881496995947443e-02 2.915361329270325930e-02 1.280322365616664085e-02 4.859952710605166572e-03 1.608856140559580556e-03 4.689306172250917270e-04 1.215315950911959649e-04 2.827971419288451783e-05 5.962729911715167148e-06 1.148819254373657236e-06 2.037944425469449437e-07 3.351360158289086447e-08 5.140209894882973820e-09 7.393462482987340976e-10 1.002274830329694420e-10 1.286530891332506986e-11 1.570809895192402643e-12 1.833018010963094244e-13 2.055561890675448534e-14 2.230434582465094680e-15 2.340275957860131348e-16 0.000000000000000000e+00
0.000000000000000000e+00 6.651923776266566803e-17 6.544738795066255388e-16 6.131199879698337950e-15 5.506146458821341061e-14 4.727965603614000546e-13 3.870279970009337777e-12 3.010452011116423691e-11 2.217000971589119344e-10 1.539539824749431469e-09 1.003578715010640237e-08 6.110332759744118608e-08 3.455373704383045550e-07 1.803546597788272701e-06 8.628786495907330795e-06 3.755297828275938881e-05 1.474340047196894270e-04 5.175211783241776432e-04 1.608852437335543022e-03 4.385056379905775265e-03 1.036228021334863365e-02 2.095295706931652596e-02 3.569997843656338987e-02 5.057929864148002358e-02 5.965933917888119331e-02 5.965934035321881351e-02 5.057930188574755875e-02 3.569998308981371660e-02 2.095296242336512280e-02 1.036228558087119375e-02 4.385061114256356106e-03 1.608856140559580339e-03 5.175237232383719539e-04 1.474355222176172806e-04 3.755377703330140855e-05 8.629159351674742145e-06 1.803702582711282187e-06 3.455963938677257133e-07 6.112370132579830516e-08 1.004225195379716096e-08 1.541438449862600054e-09 2.222193042971352652e-10 3.023743558040797832e-11 3.902283358656996555e-12 4.800747963535783761e-13 5.663071874278050194e-14 6.453046527496064809e-15 7.174054233440534518e-16 7.803576515906005095e-17 0.000000000000000000e+00
0.000000000000000000e+00 1.840985101302647574e-17 1.801084393888629652e-16 1.678041638964088220e-15 1.499251260307234172e-14 1.281329173065762419e-13 1.044533598021356562e-12 8.096415486071107458e-12 5.946500646474690533e-11 4.122456506975097191e-10 2.686098776710864776e-09 1.637195268789237120e-08 9.285519384880988205e-08 4.871968073550638564e-07 2.349576786261888387e-06 1.034106341854762972e-05 4.121175520451291445e-05 1.474340017568197042e-04 4.689283033692084098e-04 1.311474217081038014e-03 3.183246078565374945e-03 6.599794195642368598e-03 1.147811783736159448e-02 1.649529013112542575e-02 1.959398370343855972e-02 1.959398450130174496e-02 1.649529234180211607e-02 1.147812101028846538e-02 6.599797849705485789e-03 3.183249699640911586e-03 1.311477308673992311e-03 4.689306172250916728e-04 1.474355222176172264e-04 4.121262995753667422e-05 1.034151044379645818e-05 2.349780810272541310e-06 4.872807286424473327e-07 9.288655704256311206e-08 1.638268304865435010e-08 2.689482970251569920e-09 4.132356711797954106e-10 5.973515354079025589e-11 8.165516720237808379e-12 1.061176700018656438e-12 1.319223800704477607e-13 1.581111109121349020e-14 1.846351087998706738e-15 2.131162335657587131e-16 2.446936989363005349e-17 0.000000000000000000e+00
0.000000000000000000e+00 4.606482209040834861e-18 4.481104440860425230e-17 4.152095886110387212e-16 3.690726979323285604e-15 3.139537355710102191e-14 2.548771660627596413e-13 1.968752649379725998e-12 1.442103703382301579e-11 9.980387257383031894e-11 6.499445495473281334e-10 3.964856164768677777e-09 2.254417747651561969e-08 1.188215359977109078e-07 5.769561591019677743e-07 2.563351046813008875e-06 1.034106357727670141e-05 3.755297766405301551e-05 1.215303371460249755e-04 3.463371715943477274e-04 8.565722018752187960e-04 1.806375477191936394e-03 3.184929307247073241e-03 4.620849468782146571e-03 5.515404027394331388e-03 5.515404483864979127e-03 4.620850739246179159e-03 3.184931137676025748e-03 1.806377590572960613e-03 8.565742803136729101e-04 3.463389061508482755e-04 1.215315950911958972e-04 3.755377703330140178e-05 1.034151044379644971e-05 2.563573803410570267e-06 5.770558274256858411e-07 1.188619024515405432e-07 2.255908725275837195e-08 3.969913468446695786e-09 6.515298676105572406e-10 1.002657814106772289e-10 1.454678123226360528e-11 2.000884630475114630e-12 2.626169612705530436e-13 3.315941511288419580e-14 4.072461019381689764e-15 4.938822524410663113e-16 6.028406181688795617e-17 7.455736040313698561e-18 0.000000000000000000e+00
0.000000000000000000e+00 1.052537385513961869e-18 1.018100865998783217e-17 9.381968810354327524e-17 8.296965055702900216e-16 7.025006949167153685e-15 5.679590150556380866e-14 4.371782005758254277e-13 3.193555792340298212e-12 2.206111482031844758e-11 1.435559437989302334e-10 8.761538126196483609e-10 4.991443251586424554e-09 2.640256831034835168e-08 1.289007948332952287e-07 5.769561564164083104e-07 2.349576826562581840e-06 8.628786273342994924e-06 2.827911255100223819e-05 8.166117231506751838e-05 2.045634812969262769e-04 4.362818164501619327e-04 7.761690989324329399e-04 1.133216199065690188e-03 1.357087245082635920e-03 1.357087469864045335e-03 1.133216827691061347e-03 7.761700092678065375e-04 4.362828710929889412e-04 2.045645136290903654e-04 8.166202047475990000e-05 2.827971419288449412e-05 8.629159351674733675e-06 2.349780810272540039e-06 5.770558274256856293e-07 1.289446547938354233e-07 2.642009489507809650e-08 4.997849375100170611e-09 8.783096315796664493e-10 1.442278890453712366e-10 2.225614418742832136e-11 3.246525374135306723e-12 4.506997558239164076e-13 6.005300044442866800e-14 7.768037939577602338e-15 9.907522600720886376e-16 1.270875261668484271e-16 1.674219756030038647e-17 2.264370115442178807e-18 0.000000000000000000e+00
0.000000000000000000e+00 2.214764573511268645e-19 2.130237617210710349e-18 1.952359939171439100e-17 1.717790438836052816e-16 1.447668775950014871e-15 1.165551240058394906e-14 8.939727465191541069e-14 6.511722568860333609e-13 4.489097526495942922e-12 2.917918700894249983e-11 1.780829295906687356e-10 1.015751006347717061e-09 5.386544069968489823e-09 2.640256825458859628e-08 1.188215351569030837e-07 4.871968185065232340e-07 1.803546532632314747e-06 5.962473793569661204e-06 1.737091887972951599e-05 4.387804547621150335e-05 9.425343128760657390e-05 1.686326793352561199e-04 2.472064558594640866e-04 2.967152028480139064e-04 2.967152999395292895e-04 2.472067286464239367e-04 1.686330765847932588e-04 9.425389328370226410e-05 4.387849649932690411e-05 1.737128554391790058e-05 5.962729911715163760e-06 1.803702582711281128e-06 4.872807286424471210e-07 1.188619024515404770e-07 2.642009489507809981e-08 5.393470000187042068e-09 1.018259967290370168e-09 1.789214669992187162e-10 2.943923341848871525e-11 4.564314527121266869e-12 6.715584464675927781e-13 9.459647212935529063e-14 1.290799233533461873e-14 1.733652497685216280e-15 2.338679516695148646e-16 3.237728362684370505e-17 4.672204020783396473e-18 6.923586375993694141e-19 0.000000000000000000e+00
0.000000000000000000e+00 4.322837541117214431e-20 4.134517494634097405e-19 3.768676297163048645e-18 3.298987866539160913e-17 2.767179939964312271e-16 2.218515204877518776e-15 1.695337036928080532e-14 1.231125968368292822e-13 8.467472733570571833e-13 5.495542571954651472e-12 3.351951101253235475e-11 1.912639786636491278e-10 1.015751008226508930e-09 4.991443241962926726e-09 2.254417729307395900e-08 9.285519683304195111e-08 3.455373531689449457e-07 1.148721139670367320e-06 3.365122956944783119e-06 8.542746085612260568e-06 1.842743159837292448e-05 3.307759684159197245e-05 4.860955777055784438e-05 5.843347516916286126e-05 5.843351253349353912e-05 4.860966320381178901e-05 3.307775126114362166e-05 1.842761191970297647e-05 8.542921915284099047e-06 3.365264911408238620e-06 1.148819254373656389e-06 3.455963938677257133e-07 9.288655704256309882e-08 2.255908725275835210e-08 4.997849375100169784e-09 1.018259967290370168e-09 1.921662458041310868e-10 3.381934444233361951e-11 5.588133194051142580e-12 8.734509055229114699e-13 1.303376630179611142e-13 1.879474609936066164e-14 2.662192032186129211e-15 3.781239971618157629e-16 5.504212380567726921e-17 8.344113286607708376e-18 1.320754946399361622e-18 2.117933653952731455e-19 0.000000000000000000e+00
0.000000000000000000e+00 7.874906935272256697e-21 7.489637515397213577e-20 6.789750720852467816e-19 5.913091506502567402e-18 4.936316009426079277e-17 3.940457861527871253e-16 2.999663421067143512e-15 2.171165123727474340e-14 1.489322975878107665e-13 9.646947415141236493e-13 5.876879635364195918e-12 3.351951103453197278e-11 1.780829300813700594e-10 8.761538098992189337e-10 3.964856123760818407e-09 1.637195341163734364e-08 6.110332329628343791e-08 2.037602854120861289e-07 5.986517766002354596e-07 1.523575925709379641e-06 3.293048487528492954e-06 5.920273394577439866e-06 8.711569355565076494e-06 1.048234092999826149e-05 1.048235390647592164e-05 8.711606118901968235e-06 5.920327545924150384e-06 3.293111987395090300e-06 1.523637836678414881e-06 5.987015451479443367e-07 2.037944425469449701e-07 6.112370132579830516e-08 1.638268304865435341e-08 3.969913468446692478e-09 8.783096315796667595e-10 1.789214669992186645e-10 3.381934444233361951e-11 5.976068270236428627e-12 9.952222910729426201e-13 1.577166992970426868e-13 2.408539183545972166e-14 3.604407924337327759e-15 5.398195195560653220e-16 8.271833477418015478e-17 1.317927156879778568e-17 2.190005309022351097e-18 3.753522961959836911e-19 6.385991595313479861e-20 0.000000000000000000e+00
0.000000000000000000e+00 1.346093986507744455e-21 1.273059586996718289e-20 1.147784347044965215e-19 9.944158850231494045e-19 8.261351095570933781e-18 6.565333468119794600e-17 4.977743548623648795e-16 3.590142852342880479e-15 2.455252649424955707e-14 1.586476949899007152e-13 9.646947397708376811e-13 5.495542573142595115e-12 2.917918710256413280e-11 1.435559430363829031e-10 6.499445409641375177e-10 2.686098940342260343e-09 1.003578614792854469e-08 3.350270174972612614e-08 9.852274381248944380e-08 2.509018636287027787e-07 5.424957159473658142e-07 9.755725937298550738e-07 1.436180436082608245e-06 1.729076413600451472e-06 1.729080523977083064e-06 1.436192124320550222e-06 9.755899065421280252e-07 5.425161037601636456e-07 2.509217548383199788e-07 9.853869611153274784e-08 3.351360158289087771e-08 1.004225195379715930e-08 2.689482970251569506e-09 6.515298676105568270e-10 1.442278890453712366e-10 2.943923341848870878e-11 5.588133194051141772e-12 9.952222910729428221e-13 1.680202087104854037e-13 2.724524001126986819e-14 4.317223677823296596e-15 6.830091836883793908e-16 1.103351691810344529e-16 1.849865577735221698e-17 3.228710317324505046e-18 5.805081966337955244e-19 1.055963214272530659e-19 1.870170573881909124e-20 0.000000000000000000e+00
0.000000000000000000e+00 2.169081725256272871e-22 2.039858681615030642e-21 1.828995510234177992e-20 1.576294297051297709e-19 1.303073491124808545e-18 1.030790117377332929e-17 7.782230685565685123e-17 5.591379383857404461e-16 3.810922446540069047e-15 2.455252661091615903e-14 1.489322974416826268e-13 8.467472746454568225e-13 4.489097547778797635e-12 2.206111464145670874e-11 9.980387094544602889e-11 4.122456854898290182e-10 1.539539605314702558e-09 5.136997674933555504e-09 1.509715483638213883e-08 3.841647042573942123e-08 8.299157453835088374e-08 1.491422098930668753e-07 2.195153222293598667e-07 2.643485636456980166e-07 2.643497616896565960e-07 2.195187407556722962e-07 1.491473011450839709e-07 8.299759557922745327e-08 3.842235236257452888e-08 1.510186777011792770e-08 5.140209894882979610e-09 1.541438449862601708e-09 4.132356711797954106e-10 1.002657814106772289e-10 2.225614418742833752e-11 4.564314527121267677e-12 8.734509055229119748e-13 1.577166992970427120e-13 2.724524001126986819e-14 4.583847401829647105e-15 7.677953630524365498e-16 1.310029155442209405e-16 2.314886336647511387e-17 4.249691568079206988e-18 8.020439131805577431e-19 1.529506088360262555e-19 2.896866133528655173e-20 5.264988927182139751e-21 0.000000000000000000e+00
0.000000000000000000e+00 3.308375431529807259e-23 3.093694287626509381e-22 2.758463598998257358e-21 2.364678502613632892e-20 1.944909300151829844e-19 1.531170187798902017e-18 1.150848806172433499e-17 8.234596780316415979e-17 5.591379282213165917e-16 3.590142855975126620e-15 2.171165112050053766e-14 1.231125969629459266e-13 6.511722605978364201e-13 3.193555751210476990e-12 1.442103674529891231e-11 5.946501342650127671e-11 2.217000517405328016e-10 7.384662669159721311e-10 2.166306674828682947e-09 5.501965319250141349e-09 1.186454803933641741e-08 2.129143134190139182e-08 3.131630624484399778e-08 3.771236716442005520e-08 3.771269088632924294e-08 3.131723295623033340e-08 2.129281885496696495e-08 1.186619590925105207e-08 5.503577940838712811e-09 2.167599072524662385e-09 7.393462482987352350e-10 2.222193042971355237e-10 5.973515354079029466e-11 1.454678123226361335e-11 3.246525374135307531e-12 6.715584464675935859e-13 1.303376630179612909e-13 2.408539183545973744e-14 4.317223677823297385e-15 7.677953630524366484e-16 1.386925545987730916e-16 2.588162191375946200e-17 5.006345923773503145e-18 9.933824239648534814e-19 1.987539096775058018e-19 3.944695096322055875e-20 7.668316323211948902e-21 1.416952016664243233e-21 0.000000000000000000e+00
0.000000000000000000e+00 4.793491086425633893e-24 4.456935010455160993e-23 3.951616936717200944e-22 3.369133228520869628e-21 2.756662221839098165e-20 2.159503761273353937e-19 1.615513626271197816e-18 1.150848876070790447e-17 7.782230629084209431e-17 4.977743629440600628e-16 2.999663412188654046e-15 1.695337044813784367e-14 8.939727545436245707e-14 4.371781921453177546e-13 1.968752603197119260e-12 8.096416804313175904e-12 3.010451119402930494e-11 1.000021102487871259e-10 2.925426608075894757e-10 7.409530595052338009e-10 1.593777445922161775e-09 2.854472726930280561e-09 4.193999535643769328e-09 5.049632053215882900e-09 5.049713663507943210e-09 4.194233876147918133e-09 2.854825412485332165e-09 1.594198077167685465e-09 7.413655657423505397e-10 2.928736099044907236e-10 1.002274830329695842e-10 3.023743558040801064e-11 8.165516720237813226e-12 2.000884630475114227e-12 4.506997558239158523e-13 9.459647212935531588e-14 1.879474609936067111e-14 3.604407924337329337e-15 6.830091836883793908e-16 1.310029155442209651e-16 2.588162191375946509e-17 5.286518811115557307e-18 1.105031381955101745e-18 2.323798843973839809e-19 4.837265430428436908e-20 9.851068813560594413e-21 1.947250299844319658e-21 3.637764883242110753e-22 0.000000000000000000e+00
0.000000000000000000e+00 6.618701302277830069e-25 6.118700533591683626e-24 5.394039855830920205e-23 4.573524923755931872e-22 3.722155293682579435e-21 2.900905466442964327e-20 2.159503374071908261e-19 1.531170238804764204e-18 1.030790057552891826e-17 6.565333540452874282e-17 3.940457805443466972e-16 2.218515211526270804e-15 1.165551252621659577e-14 5.679589976109914971e-14 2.548771592408264442e-13 1.044533834354122257e-12 3.870278302897570238e-12 1.281107607520125584e-11 3.734484251542947516e-11 9.426386627904677048e-11 2.021359517504507264e-10 3.611593196439368919e-10 5.299195808212572308e-10 6.378135773602446879e-10 6.378328780766018651e-10 5.299751640331736536e-10 3.612433962657752055e-10 2.022366455736215916e-10 9.436285306002678782e-11 3.742439757143478832e-11 1.286530891332508763e-11 3.902283358657004632e-12 1.061176700018657448e-12 2.626169612705529427e-13 6.005300044442859227e-14 1.290799233533460769e-14 2.662192032186128816e-15 5.398195195560655193e-16 1.103351691810344653e-16 2.314886336647512620e-17 5.006345923773503915e-18 1.105031381955101552e-18 2.447733978391026009e-19 5.354491362727818216e-20 1.143461265395059109e-20 2.367451157671738254e-21 4.731982857439330071e-22 8.909223363705845177e-23 0.000000000000000000e+00
0.000000000000000000e+00 8.734039401873343039e-26 8.027538471035405101e-25 7.035892171231349598e-24 5.932024829861270472e-23 4.801353260610814448e-22 3.722157073790387503e-21 2.756661897407814617e-20 1.944909660685966711e-19 1.303073417601825865e-18 8.261351502349535533e-18 4.936315955020653760e-17 2.767179965228203495e-16 1.447668803343482948e-15 7.025006620185365702e-15 3.139537271286147530e-14 1.281329576194020180e-13 4.727962629162255592e-13 1.558493825162328887e-12 4.524358018889185040e-12 1.137514206473173523e-11 2.430683342928748845e-11 4.331065021554749691e-11 6.344740895500060726e-11 7.633053060926602455e-11 7.633483318183810704e-11 6.345983450496819982e-11 4.332953819537808202e-11 2.432954831123301507e-11 1.139753088860004754e-11 4.542392903494396682e-12 1.570809895192404662e-12 4.800747963535791838e-13 1.319223800704478365e-13 3.315941511288418318e-14 7.768037939577594449e-15 1.733652497685215688e-15 3.781239971618156643e-16 8.271833477418015478e-17 1.849865577735223547e-17 4.249691568079211610e-18 9.933824239648544444e-19 2.323798843973841254e-19 5.354491362727819420e-20 1.201560743506016137e-20 2.608443389221215492e-21 5.460359734559615164e-22 1.100114571462783167e-22 2.083938023934099242e-23 0.000000000000000000e+00
0.000000000000000000e+00 1.104308820561441517e-26 1.009062467584923944e-25 8.792269095992080319e-25 7.370290915329709178e-24 5.932018034823206871e-23 4.573526582329680688e-22 3.369131453946294777e-21 2.364679020990146918e-20 1.576294009433451612e-19 9.944159424106626994e-19 5.913091317154289600e-18 3.298987873200134764e-17 1.717790487594945094e-16 8.296964418834925828e-16 3.690726898585659652e-15 1.499251913448069234e-14 5.506141379115491168e-14 1.806519046912057849e-13 5.220309377544843410e-13 1.306778501107427177e-12 2.781639355480045990e-12 4.941556269520327966e-12 7.226221466219082305e-12 8.688724653014249400e-12 8.689632522673659384e-12 7.228850445314677049e-12 4.945571826392623329e-12 2.786488338813490943e-12 1.311571416016223657e-12 5.259022479126742438e-13 1.833018010963095506e-13 5.663071874278056505e-14 1.581111109121349651e-14 4.072461019381690553e-15 9.907522600720884403e-16 2.338679516695149632e-16 5.504212380567729386e-17 1.317927156879779493e-17 3.228710317324508128e-18 8.020439131805588023e-19 1.987539096775059944e-19 4.837265430428439315e-20 1.143461265395059862e-20 2.608443389221216621e-21 5.725059704159959417e-22 1.207962114892805776e-22 2.449052680530220562e-23 4.663815200713920319e-24 0.000000000000000000e+00
0.000000000000000000e+00 1.340912362904439875e-27 1.218067562943210216e-26 1.055030085762947753e-25 8.792294579991267059e-25 7.035886832704356744e-24 5.394047763235065613e-23 3.951614347890050213e-22 2.758465307312484639e-21 1.828995039883784243e-20 1.147784519282854220e-19 6.789750558145530402e-19 3.768676289178653082e-18 1.952360056757942152e-17 9.381967629331233222e-17 4.152095881981997557e-16 1.678042646775234304e-15 6.131191565710906316e-15 2.001356891419562074e-14 5.754625040218225252e-14 1.433795420426913701e-13 3.039490493245536036e-13 5.382321829741106319e-13 7.855639766831703845e-13 9.439678037873706407e-13 9.441497974249581334e-13 7.860923766065079316e-13 5.390430763608532204e-13 3.049322231905635805e-13 1.443542490472908577e-13 5.833594019798575355e-14 2.055561890675449481e-14 6.453046527496067965e-15 1.846351087998707527e-15 4.938822524410661141e-16 1.270875261668485504e-16 3.237728362684375435e-17 8.344113286607716080e-18 2.190005309022351482e-18 5.805081966337958133e-19 1.529506088360263518e-19 3.944695096322058884e-20 9.851068813560597423e-21 2.367451157671739007e-21 5.460359734559618926e-22 1.207962114892806247e-22 2.564777930361117666e-23 5.228497864903011783e-24 1.000670592469534807e-24 0.000000000000000000e+00
0.000000000000000000e+00 1.566731613351854008e-28 1.414823742159956756e-27 1.218072968016631419e-26 1.009070341583411911e-25 8.027535070999728939e-25 6.118721086963748670e-24 4.456930355992167417e-23 3.093698339571758017e-22 2.039857795641141110e-21 1.273059954828030713e-20 7.489637515928206907e-20 4.134517335740333724e-19 2.130237899471213153e-18 1.018100641368841482e-17 4.481104677022704816e-17 1.801085868954106567e-16 6.544725736204708074e-16 2.124770997302037554e-15 6.077356322895867839e-15 1.506740163923338808e-14 3.180402477750283750e-14 5.612859157725029684e-14 8.175384507576972461e-14 9.817399294538674959e-14 9.820874105553082041e-14 8.185499185286850194e-14 5.628452863168240185e-14 3.199385143283826508e-14 1.525617836361564578e-14 6.230807989921666445e-15 2.230434582465094680e-15 7.174054233440537476e-16 2.131162335657587131e-16 6.028406181688794385e-17 1.674219756030040804e-17 4.672204020783404176e-18 1.320754946399362970e-18 3.753522961959841244e-19 1.055963214272531261e-19 2.896866133528656376e-20 7.668316323211956425e-21 1.947250299844320410e-21 4.731982857439332893e-22 1.100114571462782932e-22 2.449052680530221150e-23 5.228497864903010314e-24 1.071423326115322189e-24 2.060908754690837353e-25 0.000000000000000000e+00
0.000000000000000000e+00 1.745242469224582802e-29 1.566983877676737450e-28 1.341033622893255055e-27 1.104371175559179352e-26 8.734214839167278498e-26 6.618813413194016224e-25 4.793506436510392953e-24 3.308392249781422776e-23 2.169082760574662089e-22 1.346095483357363225e-21 7.874909970499229642e-21 4.322837468730147423e-20 2.214765403729804863e-19 1.052536987452754023e-18 4.606483104813491688e-18 1.840987123024605544e-17 6.651904406146531644e-17 2.147531379856243914e-16 6.109344801741175086e-16 1.507041013575043613e-15 3.167175237067024219e-15 5.570234371094728108e-15 8.096206888060695548e-15 9.715903905661822798e-15 9.722117098829645198e-15 8.114335889125328365e-15 5.598303285849687281e-15 3.201472204428605891e-15 1.541250893784417000e-15 6.388354172444846790e-16 2.340275957860132827e-16 7.803576515906007560e-17 2.446936989363005657e-17 7.455736040313700102e-18 2.264370115442181118e-18 6.923586375993706660e-19 2.117933653952733622e-19 6.385991595313488287e-20 1.870170573881911230e-20 5.264988927182140503e-21 1.416952016664244738e-21 3.637764883242112164e-22 8.909223363705847528e-23 2.083938023934098067e-23 4.663815200713919584e-24 1.000670592469534073e-24 2.060908754690836435e-25 3.985678161510405601e-26 0.000000000000000000e+00
0.000000000000000000e+00 0.000000000000000000e+00 0.000000000000000000e+00 0.000000000000000000e+00 0.000000000000000000e+00 0.000000000000000000e+00 0.000000000000000000e+00 0.000000000000000000e+00 0.000000000000000000e+00 0.000000000000000000e+00 0.000000000000000000e+00 0.000000000000000000e+00 0.000000000000000000e+00 0.000000000000000000e+00 0.000000000000000000e+00 0.000000000000000000e+00 0.000000000000000000e+00 0.000000000000000000e+00 0.000000000000000000e+00 0.000000000000000000e+00 0.000000000000000000e+00 0.000000000000000000e+00 0.000000000000000000e+00 0.000000000000000000e+00 0.000000000000000000e+00 0.000000000000000000e+00 0.000000000000000000e+00 0.000000000000000000e+00 0.000000000000000000e+00 0.000000000000000000e+00 0.000000000000000000e+00 0.000000000000000000e+00 0.000000000000000000e+00 0.000000000000000000e+00 0.000000000000000000e+00 0.000000000000000000e+00 0.000000000000000000e+00 0.000000000000000000e+00 0.000000000000000000e+00 0.000000000000000000e+00 0.000000000000000000e+00 0.000000000000000000e+00 0.000000000000000000e+00 0.000000000000000000e+00 0.000000000000000000e+00 0.000000000000000000e+00 0.000000000000000000e+00 0.000000000000000000e+00 0.000000000000000000e+00 0.000000000000000000e+00
