0.000000000000000000e+00 0.000000000000000000e+00 0.000000000000000000e+00 0.000000000000000000e+00 0.000000000000000000e+00 0.000000000000000000e+00 0.000000000000000000e+00 0.000000000000000000e+00 0.000000000000000000e+00 0.000000000000000000e+00 0.000000000000000000e+00 0.000000000000000000e+00 0.000000000000000000e+00 0.000000000000000000e+00 0.000000000000000000e+00 0.000000000000000000e+00 0.000000000000000000e+00 0.000000000000000000e+00 0.000000000000000000e+00 0.000000000000000000e+00 0.000000000000000000e+00 0.000000000000000000e+00 0.000000000000000000e+00 0.000000000000000000e+00 0.000000000000000000e+00 0.000000000000000000e+00 0.000000000000000000e+00 0.000000000000000000e+00 0.000000000000000000e+00 0.000000000000000000e+00 0.000000000000000000e+00 0.000000000000000000e+00 0.000000000000000000e+00 0.000000000000000000e+00 0.000000000000000000e+00 0.000000000000000000e+00 0.000000000000000000e+00 0.000000000000000000e+00 0.000000000000000000e+00 0.000000000000000000e+00 0.000000000000000000e+00 0.000000000000000000e+00 0.000000000000000000e+00 0.000000000000000000e+00 0.000000000000000000e+00 0.000000000000000000e+00 0.000000000000000000e+00 0.000000000000000000e+00 0.000000000000000000e+00 0.000000000000000000e+00
0.000000000000000000e+00 -4.030518694296463934e-34 1.625532383570393559e-33 -7.043927198780211790e-33 2.886917023317336683e-32 -1.161059381786279739e-31 4.825063555347522823e-31 -2.185092099685113480e-30 1.100281889370855419e-29 -5.746881603311707262e-29 3.019363393243800781e-28 -1.395000131186844506e-27 6.511105956955085986e-27 -2.051445469357379542e-26 1.011500542277959363e-25 -3.126983415350940016e-26 1.735219131742671494e-24 6.940653615500393352e-24 4.376456298195546993e-23 2.040066389767435653e-22 8.229100020740394144e-22 2.700145933999161744e-21 6.820751620703506013e-21 1.248162941976559631e-20 1.589722332200175868e-20 1.589577020859911821e-20 1.247861265295703079e-20 6.817190342993602908e-21 2.692502979963412276e-21 8.161513167724397813e-22 1.967704639720381139e-22 3.688660824718035985e-23 4.021538067926665383e-24 -7.701231499458264452e-25 -7.650381575981868640e-25 -3.684846433021508031e-25 -1.433902889389660828e-25 -4.929006183859601805e-26 -1.542115613475490003e-26 -4.452940323329905920e-27 -1.196765126675033217e-27 -3.011872777676371826e-28 -7.132005714159014029e-29 -1.595332550495097401e-29 -3.382133029997208619e-30 -6.814276169649294242e-31 -1.307639161924474687e-31 -2.392879590709352288e-32 -4.162812331080718626e-33 0.000000000000000000e+00
0.000000000000000000e+00 1.625532383570408954e-33 -6.541981143228747098e-33 2.839677193778884922e-32 -1.202802106576509509e-31 5.274442286216788887e-31 -2.521866864305113669e-30 1.344432014115397242e-29 -7.460980641952559832e-29 4.204475295413958575e-28 -2.089750387927542388e-27 1.068891023589845981e-26 -3.670680549520340740e-26 2.051940754574492408e-25 -7.803288532103231509e-26 4.475604790345015708e-24 1.927253683119490989e-23 1.440865187213945692e-22 7.735905096910493935e-22 3.779279017246548371e-21 1.547131536355163434e-20 5.139733506727906666e-20 1.316229750574297328e-19 2.428810896481103090e-19 3.095283949557888823e-19 3.095297758949353439e-19 2.428770317045230473e-19 1.316171603616230741e-19 5.141684562314713943e-20 1.549044425746154739e-20 3.808285257573461243e-21 8.046063312023534527e-22 1.565125566387851863e-22 3.155186543897879070e-23 7.626036140147294599e-24 2.271581913531299747e-24 7.432261500028674390e-25 2.404582379352435642e-25 7.353491864454570405e-26 2.100069587030151300e-26 5.599374850627765023e-27 1.398146797608874189e-27 3.281447194701765956e-28 7.263587018797952396e-29 1.520756980186500510e-29 3.018442104448763033e-30 5.688825567765100915e-31 1.018572546843474259e-31 1.729518278956877388e-32 0.000000000000000000e+00
0.000000000000000000e+00 -7.043927198780263791e-33 2.839677193778930902e-32 -1.276674943283230421e-31 5.903630678513509089e-31 -2.979837728910075975e-30 1.678820193580371119e-29 -9.883533790582581556e-29 5.934633313229942327e-28 -3.170644344212446113e-27 1.746527299330982338e-26 -6.629884058808728231e-26 3.966408907053312383e-25 -2.732559339307945326e-25 1.016847718863506945e-23 4.464884196358641778e-23 3.951173837861049893e-22 2.385710515753677719e-21 1.373008222451136122e-20 6.751630906094974424e-20 2.807458506258236771e-19 9.474551838896228207e-19 2.457733564236973792e-18 4.574584267621522410e-18 5.832048924761587871e-18 5.831937154370303317e-18 4.574295093684073139e-18 2.457428160785623849e-18 9.471380787514170646e-19 2.805332164976980954e-19 6.731217972658728550e-20 1.354781567001277944e-20 2.318524286513016893e-21 3.262453047591218592e-22 2.935028022381256756e-23 -3.013172133786720041e-24 -2.852328472474032417e-24 -1.148345470399500843e-24 -3.741857436184482043e-25 -1.088001912672725431e-25 -2.908348037914284591e-26 -7.235291861866330567e-27 -1.685916953204862740e-27 -3.694134209702424443e-28 -7.631836307666621995e-29 -1.488934819388925067e-29 -2.744553205641614410e-30 -4.774386109282365685e-31 -7.794147097592154377e-32 0.000000000000000000e+00
0.000000000000000000e+00 2.886917023317471886e-32 -1.202802106576507319e-31 5.903630678513532736e-31 -3.142354646672404419e-30 1.869528071235269642e-29 -1.164950177074684968e-28 7.427905074356769559e-28 -4.240103197986538563e-27 2.501957723537357899e-26 -1.035545633247913372e-25 6.628142084664435750e-25 -6.296101014652763679e-25 1.981547783860898418e-23 8.923997989538151394e-23 9.153192696365062839e-22 6.124209945656666977e-21 4.060016368792250654e-20 2.330150427687855568e-19 1.167363953707586437e-18 4.931463388420924744e-18 1.689330801146831966e-17 4.441122938440760767e-17 8.339776071015030501e-17 1.063556365833626971e-16 1.063585685635417949e-16 8.340667011024440013e-17 4.442099225449764491e-17 1.690019833727008122e-17 4.935617583584090860e-18 1.169711888594020902e-18 2.343885844018807561e-19 4.105531252723655247e-20 6.511624848287774964e-21 9.885869492665924568e-22 1.590363450799304032e-22 3.078621315781260954e-23 7.376227417804687110e-24 1.975174655321137954e-24 5.332406301054063611e-25 1.380744478010671223e-25 3.371090141533567490e-26 7.727281136880901723e-27 1.662226116256932822e-27 3.355744152199977730e-28 6.352558188828251667e-29 1.124421740882258692e-29 1.848782386978665232e-30 2.772862683049341071e-31 0.000000000000000000e+00
0.000000000000000000e+00 -1.161059381786275579e-31 5.274442286216876468e-31 -2.979837728910012216e-30 1.869528071235236291e-29 -1.230432068167947518e-28 8.306042483107232964e-28 -5.041981005536039316e-27 3.172433126399317016e-26 -1.417753830198709648e-25 9.686837811686191579e-25 -1.141657917543739797e-24 3.346652093971987261e-23 1.552826738169368817e-22 1.812954108459418238e-21 1.328992178867005238e-20 9.967112044869992938e-20 6.530797731921047057e-19 3.828772738715970880e-18 1.946956928166056264e-17 8.355689202624313773e-17 2.906325211573295916e-16 7.745067206081362599e-16 1.467550934244671188e-15 1.871656839503689644e-15 1.871596930536888519e-15 1.467357552298799933e-15 7.742923061496819237e-16 2.904894351443710772e-16 8.346866070413435790e-17 1.942900001654732546e-17 3.811475441873766153e-18 6.476358019781521282e-19 9.690943493290289774e-20 1.278259203402877067e-20 1.428081231133840116e-21 1.071054886714728551e-22 -6.842937120192450710e-24 -6.119075917205250145e-24 -2.074031645647991007e-24 -5.681699729583258419e-25 -1.393411614868421946e-25 -3.144431979518890857e-26 -6.579426850587381159e-27 -1.276275760934474336e-27 -2.281679291576605106e-28 -3.706383624974875249e-29 -5.297291110473210699e-30 -6.011887965747526349e-31 0.000000000000000000e+00
0.000000000000000000e+00 4.825063555347607776e-31 -2.521866864304972839e-30 1.678820193580287321e-29 -1.164950177074616808e-28 8.306042483107021312e-28 -5.340540298794508908e-27 3.569887408605813493e-26 -1.708853761739222401e-25 1.244180524781855686e-24 -1.710274564844655718e-24 4.930510144054011790e-23 2.370806843366723236e-22 3.098885296579593362e-21 2.467504428986479936e-20 2.062745180325576280e-19 1.516720952230293249e-18 1.017365643931871036e-17 6.045640701042066405e-17 3.123519006741067295e-16 1.361638067257824363e-15 4.809827434131474370e-15 1.299257347702926874e-14 2.484578758062442188e-14 3.168823138540174234e-14 3.168923028770780366e-14 2.484917058744505518e-14 1.299634749330673246e-14 4.812350127796480521e-15 1.363262015142733160e-15 3.130584483320496951e-16 6.073294439195745525e-17 1.026090761820509437e-17 1.546594154662417361e-18 2.126211589197097684e-19 2.737836390636254061e-20 3.445777377412330713e-21 4.562147008949665477e-22 6.972812460593234521e-23 1.278445437991436714e-23 2.646753376939634779e-24 5.651234850421905268e-25 1.169794068165444294e-25 2.266903466182608368e-26 4.004028841175681758e-27 6.202088720415496503e-28 7.657024051739444965e-29 4.701938206924560410e-30 -1.204181815169112881e-30 0.000000000000000000e+00
0.000000000000000000e+00 -2.185092099685061282e-30 1.344432014115282896e-29 -9.883533790581564774e-29 7.427905074356280786e-28 -5.041981005535696368e-27 3.569887408605722231e-26 -1.818094481894301098e-25 1.408939539842852002e-24 -2.164681532401546458e-24 6.367031077776513939e-23 3.194518150000658933e-22 4.604173666453061732e-21 3.956248834163758259e-20 3.641770395393918958e-19 2.964286162895579161e-18 2.234914111285901170e-17 1.517082039951502428e-16 9.156335550307133147e-16 4.803081698759877161e-15 2.127070848103860712e-14 7.627832493468873801e-14 2.089249120215355812e-13 4.032548668266769969e-13 5.141622703401214410e-13 5.141484848711859049e-13 4.032057008781738913e-13 2.088698282359763709e-13 7.624098202235211367e-14 2.124556265511183125e-14 4.792397669987308765e-15 9.114546446264574024e-16 1.503805939648298313e-16 2.195277346338864707e-17 2.870567551507645552e-18 3.374063461089225369e-19 3.519463421490241256e-20 3.067979168496405655e-21 1.640420414641181565e-22 -1.470995819823465580e-23 -7.588626268270560881e-24 -1.888137561918450969e-24 -3.797099068533132329e-25 -6.538200427977871968e-26 -9.142213164245678232e-27 -7.582418805084235962e-28 9.655343240430226202e-29 7.007678451146007917e-29 2.356712197223130165e-29 0.000000000000000000e+00
0.000000000000000000e+00 1.100281889370699454e-29 -7.460980641951750442e-29 5.934633313229303784e-28 -4.240103197986004051e-27 3.172433126399099480e-26 -1.708853761739077301e-25 1.408939539842804983e-24 -2.339127968833625462e-24 7.229675185153890824e-23 3.814295357045368771e-22 5.977518678992619102e-21 5.515947718149894881e-20 5.534932843640257634e-19 4.933572755546528303e-18 4.122300381437818913e-17 3.140155445399255088e-16 2.163470064197366784e-15 1.324483875559977992e-14 7.054194192396779271e-14 3.171309781512006752e-13 1.154834072804287401e-12 3.206380209662189733e-12 6.246888133749232702e-12 7.961967087845802880e-12 7.962125327273483950e-12 6.247488166752267966e-12 3.207054692622329707e-12 1.155299832646613118e-12 3.174590774464299932e-13 7.067824489575274012e-14 1.329941009856875514e-14 2.180804920012054346e-15 3.190334732737424799e-16 4.246304873670229822e-17 5.238523912917137890e-18 6.114250091617238600e-19 6.928015349753535987e-20 7.878059124803770286e-21 9.327159081641738811e-22 1.178616869585571857e-22 1.575152872848988400e-23 2.105740800717436905e-24 2.490561307873154992e-25 1.679874316100363662e-26 -3.297428131350644757e-27 -1.970398096701479257e-27 -6.347063763083850158e-28 -1.685676743039202986e-28 0.000000000000000000e+00
0.000000000000000000e+00 -5.746881603311246515e-29 4.204475295413290436e-28 -3.170644344212040028e-27 2.501957723537068330e-26 -1.417753830198506003e-25 1.244180524781749341e-24 -2.164681532401039158e-24 7.229675185153736834e-23 4.045464683359829144e-22 6.805003198544719918e-21 6.720219978738148582e-20 7.290024695023661989e-19 7.054871244531922705e-18 6.459783154018497433e-17 5.445263999938210029e-16 4.206407151999496717e-15 2.936020479830015150e-14 1.822977579323637253e-13 9.846756003855726784e-13 4.494043599888118331e-12 1.660520794901051035e-11 4.673919550207333066e-11 9.191529219062469038e-11 1.170672002247939589e-10 1.170656913180047171e-10 9.190911886496711849e-11 4.673223928157594126e-11 1.660030006681415836e-11 4.490426251654249081e-12 9.832157067505253228e-13 1.816926732441840030e-13 2.916967945675359245e-14 4.151200724134118615e-15 5.306646281374332206e-16 6.133741634953346326e-17 6.395138638375833628e-18 5.898240186389614203e-19 4.502643673858774777e-20 2.111701602391104766e-21 -1.317887456540490702e-22 -5.668455637358469452e-23 -1.027337522719167323e-23 -1.285019301170725334e-24 -6.948993419433735179e-26 2.357241234779364365e-26 1.155619248221244991e-26 3.464197725258560237e-27 8.765322627421591375e-28 0.000000000000000000e+00
0.000000000000000000e+00 3.019363393243368957e-28 -2.089750387927295222e-27 1.746527299330726634e-26 -1.035545633247753579e-25 9.686837811684913228e-25 -1.710274564843978707e-24 6.367031077776103692e-23 3.814295357045515943e-22 6.805003198544697348e-21 7.175165190480159689e-20 8.357257653522855012e-19 8.721876400231611628e-18 8.674047062679981765e-17 8.002929534095058356e-16 6.835266475969305914e-15 5.342296831413840684e-14 3.776601025415730524e-13 2.374541114756557530e-12 1.300455143628220392e-11 6.017399158931670497e-11 2.255674760598110969e-10 6.433294244648665799e-10 1.276813286972143866e-09 1.624703038816224804e-09 1.624714897653151474e-09 1.276866807884657030e-09 6.433898159545195787e-10 2.256111507203010337e-10 6.020768441459227935e-11 1.301763212923444717e-11 2.380216069077148804e-12 3.794119279178754168e-13 5.393754059150115607e-14 6.964811652416604548e-15 8.304227493343123199e-16 9.298508236990101634e-17 9.973808110305814079e-18 1.050081508179996938e-18 1.115330456473275031e-19 1.222491329037737993e-20 1.389367466884834849e-21 1.597674224985229690e-22 1.742176201506972671e-23 1.521194326723379773e-24 2.090063367511996054e-26 -3.789290887698023165e-26 -1.372916530618543984e-26 -3.624072316297706141e-27 0.000000000000000000e+00
0.000000000000000000e+00 -1.395000131186716617e-27 1.068891023589701914e-26 -6.629884058807840870e-26 6.628142084663499946e-25 -1.141657917543220559e-24 4.930510144053562752e-23 3.194518150000816450e-22 5.977518678992558916e-21 6.720219978738131730e-20 8.357257653522881975e-19 9.357025608017640078e-18 1.003714289979884403e-16 1.005026391052629114e-15 9.388667307988224894e-15 8.103725232327233735e-14 6.405726674938956361e-13 4.577625426556632278e-12 2.912847852760500526e-11 1.614312048025352853e-10 7.568626529131736017e-10 2.874796045195711863e-09 8.303817182421254664e-09 1.662774635703377097e-08 2.113084765794632809e-08 2.113077217899946178e-08 1.662735698187287809e-08 8.303377855436898169e-09 2.874469107473530537e-09 7.565985169375535960e-10 1.613338625611621388e-10 2.908361073247904794e-11 4.564258020539788673e-12 6.365479490945810230e-13 8.003229221101250916e-14 9.155002549677680307e-15 9.562815152016166301e-16 9.079661719286918101e-17 7.674108110417976984e-18 5.405020805960596050e-19 2.392353689140546589e-20 -1.184854982365100968e-21 -5.026698497127501487e-22 -8.530380247128711696e-23 -1.038209722491654279e-23 -7.725791596019186926e-25 5.428468370774241221e-26 4.099208193440153276e-26 1.229469288159260405e-26 0.000000000000000000e+00
0.000000000000000000e+00 6.511105956954635418e-27 -3.670680549519944125e-26 3.966408907052919327e-25 -6.296101014649842392e-25 3.346652093971722775e-23 2.370806843366829971e-22 4.604173666453012079e-21 5.515947718149856362e-20 7.290024695023728433e-19 8.721876400231563865e-18 1.003714289979886868e-16 1.083723558087460118e-15 1.098279439240450595e-14 1.036006475625442202e-13 9.033340475764570986e-13 7.206394291049191290e-12 5.201208505305492334e-11 3.341012694251545926e-10 1.871555361781672290e-09 8.872085958900021747e-09 3.410706816371978639e-08 9.967001749397839224e-08 2.012433141874842032e-07 2.553173192244826850e-07 2.553176944268038999e-07 2.012456715699621425e-07 9.967267147944733587e-08 3.410911053862363208e-08 8.873815356007977021e-09 1.872149073433344433e-09 3.343985375704807020e-10 5.209551394373938972e-11 7.232590983227527870e-12 9.097208271238707954e-13 1.050942660440302009e-13 1.129242399239342989e-14 1.143697348023919910e-15 1.109227049200987115e-16 1.050766302296443843e-17 9.949862191985396841e-19 9.618979939963371268e-20 9.573351875193737667e-21 9.652255789594076539e-22 9.359272429609854157e-23 7.635629548368056064e-24 2.409284797551812615e-25 -1.022048898259905207e-25 -3.785191843600042338e-26 0.000000000000000000e+00
0.000000000000000000e+00 -2.051445469357247528e-26 2.051940754574459577e-25 -2.732559339306896565e-25 1.981547783860842288e-23 1.552826738169422890e-22 3.098885296579600133e-21 3.956248834163713722e-20 5.534932843640342374e-19 7.054871244531853372e-18 8.674047062680038465e-17 1.005026391052626748e-15 1.098279439240450753e-14 1.123581044125421446e-13 1.069971549790018727e-12 9.404410265036800230e-12 7.564011922063526211e-11 5.497575528540140468e-10 3.558798963355999207e-09 2.008853749604457309e-08 9.608467995643710250e-08 3.730069760760706709e-07 1.101076277351878826e-06 2.239521864629076564e-06 2.835105336124249201e-06 2.835104000738452085e-06 2.239510148448605035e-06 1.101063158874237218e-06 3.729964685370554340e-07 9.607534408926882432e-08 2.008563728672229254e-08 3.557164296266070188e-09 5.493427612617820077e-10 7.549977161709246761e-11 9.371989902040152807e-12 1.062273587076502840e-12 1.108041715241037540e-13 1.068799775467767117e-14 9.545625775444191832e-16 7.862615784333914570e-17 5.898468287231484058e-18 3.918244322599598692e-19 2.174734962119936098e-20 9.185753194246562655e-22 4.346720781015131542e-23 1.110883860825668745e-23 3.560918913472631454e-24 8.835205064134703277e-25 1.883775138129442853e-25 0.000000000000000000e+00
0.000000000000000000e+00 1.011500542278017219e-25 -7.803288532103360079e-26 1.016847718863536185e-23 8.923997989538266592e-23 1.812954108459453597e-21 2.467504428986448639e-20 3.641770395393999365e-19 4.933572755546466674e-18 6.459783154018559063e-17 8.002929534095036662e-16 9.388667307988240671e-15 1.036006475625441823e-13 1.069971549790018727e-12 1.026659490107415964e-11 9.088488104714525649e-11 7.347621071471755022e-10 5.366991339209539657e-09 3.487794297789913170e-08 1.977618000406022696e-07 9.507885811948600818e-07 3.715729318249618599e-06 1.105176935471744560e-05 2.260707732783190786e-05 2.853913531599501082e-05 2.853913773554774512e-05 2.260712411987114530e-05 1.105182117687193355e-05 3.715772917770201103e-06 9.508293020332539385e-07 1.977726781044216164e-07 3.488529793265522284e-08 5.368550136641577890e-09 7.353717341579670389e-10 9.100955445490470022e-11 1.029740589158159984e-11 1.075711745866143147e-12 1.046365315634455133e-13 9.547806423836140538e-15 8.219514851769992887e-16 6.686690140776008260e-17 5.089571758860346811e-18 3.465451027050733401e-19 1.744387551165584443e-20 -2.332116305129035553e-22 -2.691292256316123077e-22 -5.901622420461453228e-23 -1.019084881010195032e-23 -1.590740287108078748e-24 0.000000000000000000e+00
0.000000000000000000e+00 -3.126983415354016505e-26 4.475604790345319867e-24 4.464884196358505420e-23 9.153192696365305461e-22 1.328992178866986129e-20 2.062745180325627799e-19 2.964286162895535635e-18 4.122300381437870682e-17 5.445263999938189321e-16 6.835266475969315380e-15 8.103725232327233735e-14 9.033340475764562909e-13 9.404410265036800230e-12 9.088488104714526942e-11 8.081528510664564855e-10 6.555270394927009634e-09 4.792473210409139046e-08 3.114404014762891809e-07 1.764494204621484534e-06 8.483353308193209474e-06 3.321021811144083010e-05 9.913577631220220376e-05 2.034078694432455748e-04 2.558435759824425238e-04 2.558435820060911718e-04 2.034077243026928951e-04 9.913561896905464599e-05 3.321007706907697289e-05 8.483214388972569624e-06 1.764465612099179499e-06 3.114138678018002819e-07 4.792086546809482113e-08 6.553164909115210699e-09 8.078392088621541003e-10 9.079658092369146061e-11 9.392301789703281690e-12 9.015872283645285779e-13 8.095532556953426638e-14 6.865460304687130747e-15 5.585773506226383284e-16 4.496522556939082527e-17 3.796500295446125810e-18 3.641451455150638106e-19 4.150742764537251655e-20 5.413248412666651214e-21 7.488859479442283583e-22 1.040639970065575320e-22 1.406190217963747617e-23 0.000000000000000000e+00
0.000000000000000000e+00 1.735219131742821737e-24 1.927253683119322011e-23 3.951173837861142992e-22 6.124209945656533065e-21 9.967112044870201179e-20 1.516720952230269753e-18 2.234914111285931677e-17 3.140155445399237339e-16 4.206407151999505395e-15 5.342296831413841315e-14 6.405726674938951313e-13 7.206394291049195329e-12 7.564011922063527504e-11 7.347621071471757089e-10 6.555270394927008807e-09 5.315830133230718362e-08 3.875128131409223476e-07 2.503235661766819030e-06 1.407377330198551634e-05 6.713060785247503546e-05 2.612405696821938194e-04 7.776473194491884729e-04 1.593386026324031301e-03 1.994378945500743881e-03 1.994378879405720763e-03 1.593386356018130145e-03 7.776476609137817275e-04 2.612409046037781008e-04 6.713095807256225982e-05 1.407381181595979338e-05 2.503310305922702459e-06 3.875155631981249407e-07 5.316395876698436854e-08 6.555429613070148771e-09 7.348986947882497179e-10 7.562471385283509549e-11 7.199948151032782628e-12 6.378365309305562702e-13 5.267811614522969743e-14 4.028167264931950331e-15 2.764516171391725471e-16 1.509494554841237201e-17 2.293107658824617067e-19 -1.155122707042584739e-19 -2.740783812783380387e-20 -4.615675465643260894e-21 -6.836012683939258206e-22 -9.337225890040935991e-23 0.000000000000000000e+00
0.000000000000000000e+00 6.940653615499499977e-24 1.440865187213986600e-22 2.385710515753599478e-21 4.060016368792316256e-20 6.530797731920949797e-19 1.017365643931882283e-17 1.517082039951495033e-16 2.163470064197371912e-15 2.936020479830015781e-14 3.776601025415725980e-13 4.577625426556633893e-12 5.201208505305490395e-11 5.497575528540139434e-10 5.366991339209538830e-09 4.792473210409140369e-08 3.875128131409222946e-07 2.802158028193885246e-06 1.786681516537815239e-05 9.870479429003247785e-05 4.616162268763189806e-04 1.763769799621041356e-03 5.179570964643243416e-03 1.051726573391309656e-02 1.307510357701893375e-02 1.307510384145375501e-02 1.051726524702732007e-02 5.179570520652189425e-03 1.763769287618460833e-03 4.616156479126877119e-04 9.870483818376562201e-05 1.786665714257270961e-05 2.802181932040550997e-06 3.875011433731658833e-07 4.792755265898222318e-08 5.367153016406210256e-09 5.500276803573774039e-10 5.207936653008642211e-11 4.598219142858719635e-12 3.825449897535041927e-13 3.044582736598617872e-14 2.381953139208696198e-15 1.925544141077215865e-16 1.729024779752822865e-17 1.821086216128832281e-18 2.213413829054669129e-19 2.904231742577684731e-20 3.877043093946938979e-21 5.057662930684057580e-22 0.000000000000000000e+00
0.000000000000000000e+00 4.376456298195762696e-23 7.735905096910168559e-22 1.373008222451160196e-20 2.330150427687820902e-19 3.828772738715999384e-18 6.045640701042041753e-17 9.156335550307144979e-16 1.324483875559978308e-14 1.822977579323635991e-13 2.374541114756559145e-12 2.912847852760499880e-11 3.341012694251545926e-10 3.558798963356001689e-09 3.487794297789913832e-08 3.114404014762891279e-07 2.503235661766820301e-06 1.786681516537814900e-05 1.114734784858645452e-04 5.972383806983761877e-04 2.690017140052810337e-03 9.886516012612549600e-03 2.810398736930181524e-02 5.575968023032244064e-02 6.862667233242851494e-02 6.862667172711141295e-02 5.575968055935315998e-02 2.810398748188271817e-02 9.886516317079485638e-03 2.690017555821882286e-03 5.972380650148308026e-04 1.114737216138494665e-04 1.786669709650652064e-05 2.503254548625290421e-06 3.114250838614403236e-07 3.487621916659668445e-08 3.557463567464398826e-09 3.337958569432945004e-10 2.903790489891125229e-11 2.353936169524932903e-12 1.777804450138534731e-13 1.234884364022277022e-14 7.495698131148405603e-16 3.168705313610882310e-17 -8.680274639798647526e-19 -4.923198679256213537e-19 -9.284608985875558416e-20 -1.415115725625386640e-20 -1.943825481270291426e-21 0.000000000000000000e+00
0.000000000000000000e+00 2.040066389767359481e-22 3.779279017246641658e-21 6.751630906094885350e-20 1.167363953707592985e-18 1.946956928166052566e-17 3.123519006741066802e-16 4.803081698759882683e-15 7.054194192396775485e-14 9.846756003855726784e-13 1.300455143628220392e-11 1.614312048025352336e-10 1.871555361781672704e-09 2.008853749604456647e-08 1.977618000406023226e-07 1.764494204621485381e-06 1.407377330198551465e-05 9.870479429003247785e-05 5.972383806983764046e-04 3.052767970474370637e-03 1.289906744590684981e-02 4.403655880206290563e-02 1.169464874255611714e-01 2.203838178011594817e-01 2.667641264465415718e-01 2.667641271532270042e-01 2.203838178751919841e-01 1.169464879430587578e-01 4.403655917774583484e-02 1.289906780623787698e-02 3.052768488661731713e-03 5.972381086905526959e-04 9.870507104306408877e-05 1.407374840153113556e-05 1.764539288256289096e-06 1.977673915062581614e-07 2.009266625527017975e-08 1.872449384759441539e-09 1.617033003968711118e-10 1.306478026033113823e-11 9.979388353002359679e-13 7.315096492427636374e-14 5.285635301791337154e-15 3.957027682591425875e-16 3.304499844312047034e-17 3.260729613537392956e-18 3.745076707972862885e-19 4.674117492492296619e-20 5.915971652238582251e-21 0.000000000000000000e+00
0.000000000000000000e+00 8.229100020740534263e-22 1.547131536355148388e-20 2.807458506258245920e-19 4.931463388420925515e-18 8.355689202624300215e-17 1.361638067257825941e-15 2.127070848103860081e-14 3.171309781512006247e-13 4.494043599888120754e-12 6.017399158931665327e-11 7.568626529131741186e-10 8.872085958900021747e-09 9.608467995643708926e-08 9.507885811948608230e-07 8.483353308193207780e-06 6.713060785247503546e-05 4.616162268763193059e-04 2.690017140052810337e-03 1.289906744590684287e-02 4.937952475373690031e-02 1.477166346497711946e-01 3.417770348385824608e-01 5.742046329519739922e-01 6.727064727938393274e-01 6.727064727535285726e-01 5.742046331403778403e-01 3.417770345872565563e-01 1.477166342317747794e-01 4.937952417858593179e-02 1.289906747722397579e-02 2.690017359991633567e-03 4.616158749116103005e-04 6.713062589071882636e-05 8.483271048041938041e-06 9.507779082879486147e-07 9.607647859119735886e-08 8.870427966481369507e-09 7.563319185490845548e-10 6.006112861592700986e-11 4.468887597713851494e-12 3.122548775283569023e-13 2.037105914188766318e-14 1.207275492643958427e-15 5.853877372314253733e-17 1.092336291878413122e-18 -2.795968077096620912e-19 -6.261769142724897550e-20 -9.515353999374236479e-21 0.000000000000000000e+00
0.000000000000000000e+00 2.700145933999178295e-21 5.139733506727892823e-20 9.474551838896251318e-19 1.689330801146826727e-17 2.906325211573300353e-16 4.809827434131469636e-15 7.627832493468873801e-14 1.154834072804287805e-12 1.660520794901050388e-11 2.255674760598112520e-10 2.874796045195712690e-09 3.410706816371976653e-08 3.730069760760710944e-07 3.715729318249620293e-06 3.321021811144085043e-05 2.612405696821938736e-04 1.763769799621041356e-03 9.886516012612549600e-03 4.403655880206291257e-02 1.477166346497711946e-01 3.568853156129224158e-01 6.359676272658920659e-01 8.296708224642750373e-01 8.992319393237623304e-01 8.992319386830519568e-01 8.296708216321846407e-01 6.359676265418358065e-01 3.568853149508312561e-01 1.477166339675184403e-01 4.403655806514141652e-02 9.886516045501341984e-03 1.763769976579729294e-03 2.612405988233638737e-04 3.321029012985791858e-05 3.715738968886990205e-06 3.730146607520145311e-07 3.410835772378446675e-08 2.875256710412578128e-09 2.256536826325688833e-10 1.662496510981177731e-11 1.158433098880399242e-12 7.693191566832903872e-14 4.918052588064833323e-15 3.076989163072323501e-16 1.943549712157322557e-17 1.307808313548818472e-18 1.001684985624183483e-19 8.971304527877186844e-21 0.000000000000000000e+00
0.000000000000000000e+00 6.820751620703451847e-21 1.316229750574301903e-19 2.457733564236968399e-18 4.441122938440765081e-17 7.745067206081355696e-16 1.299257347702926558e-14 2.089249120215356569e-13 3.206380209662189329e-12 4.673919550207333712e-11 6.433294244648664765e-10 8.303817182421249701e-09 9.967001749397839224e-08 1.101076277351878190e-06 1.105176935471744899e-05 9.913577631220219020e-05 7.776473194491881477e-04 5.179570964643245151e-03 2.810398736930181177e-02 1.169464874255610465e-01 3.417770348385822388e-01 6.359676272658921770e-01 8.467951401181298410e-01 9.454818750722853160e-01 9.754275932482694422e-01 9.754275931214920758e-01 9.454818744479764892e-01 8.467951397805778546e-01 6.359676272485450532e-01 3.417770350321793771e-01 1.169464870284308289e-01 2.810398690125562315e-02 5.179571168273747368e-03 7.776472735481196113e-04 9.913583261426973123e-05 1.105178030632602651e-05 1.101082830418855151e-06 9.967185402219078805e-08 8.304331372559635656e-09 6.434587696083472161e-10 4.676740748905031611e-11 3.212273849899189993e-12 2.100366209929513225e-13 1.319143605157920049e-14 8.077544073673827749e-16 4.968134509715873954e-17 3.250725396009741446e-18 2.454148037346395079e-19 2.231497052889893839e-20 0.000000000000000000e+00
0.000000000000000000e+00 1.248162941976556772e-20 2.428810896481102127e-19 4.574584267621523181e-18 8.339776071015028036e-17 1.467550934244670597e-15 2.484578758062442819e-14 4.032548668266766940e-13 6.246888133749231894e-12 9.191529219062471623e-11 1.276813286972143659e-09 1.662774635703378420e-08 2.012433141874840973e-07 2.239521864629076564e-06 2.260707732783190786e-05 2.034078694432454935e-04 1.593386026324030216e-03 1.051726573391309136e-02 5.575968023032241289e-02 2.203838178011592319e-01 5.742046329519734371e-01 8.296708224642744822e-01 9.454818750722846499e-01 9.847806257846112299e-01 9.947648909554925867e-01 9.947648913304588669e-01 9.847806270455589095e-01 9.454818757052166900e-01 8.296708235151838418e-01 5.742046342590145791e-01 2.203838183644456772e-01 5.575968012800559120e-02 1.051726509500957099e-02 1.593385879184222717e-03 2.034076789883341302e-04 2.260703995954371588e-05 2.239501034138671630e-06 2.012390323530009045e-07 1.662640072674689483e-08 1.276537872200840829e-09 9.185361614583618599e-11 6.235207420715995431e-12 4.011074239961745458e-13 2.448125624885522362e-14 1.408828403530479484e-15 7.444494122156356659e-17 3.274915502500161694e-18 6.270073685163693863e-20 -1.126826222261135880e-20 0.000000000000000000e+00
0.000000000000000000e+00 1.589722332200183692e-20 3.095283949557880156e-19 5.832048924761594805e-18 1.063556365833626231e-16 1.871656839503688855e-15 3.168823138540173603e-14 5.141622703401212391e-13 7.961967087845806112e-12 1.170672002247939589e-10 1.624703038816224804e-09 2.113084765794632147e-08 2.553173192244825262e-07 2.835105336124248354e-06 2.853913531599501421e-05 2.558435759824423611e-04 1.994378945500743881e-03 1.307510357701892507e-02 6.862667233242848719e-02 2.667641264465412942e-01 6.727064727938379951e-01 8.992319393237617753e-01 9.754275932482691092e-01 9.947648909554923646e-01 9.987023386145111870e-01 9.987023395992203900e-01 9.947648924815382099e-01 9.754275948836756971e-01 8.992319410512503719e-01 6.727064746905419002e-01 2.667641281557656674e-01 6.862667291050067453e-02 1.307510378988518962e-02 1.994379015515648779e-03 2.558435645037216094e-04 2.853913170172241975e-05 2.835101527518359073e-06 2.553160591470745496e-07 2.113045440040328748e-08 1.624594160536538911e-09 1.170421293463009455e-10 7.956366500036378532e-12 5.130601324884131834e-13 3.148128741390074254e-14 1.835706173316006697e-15 1.004346726746964733e-16 4.909921306749690164e-18 1.727868097606518996e-19 -3.294950315244323226e-21 0.000000000000000000e+00
0.000000000000000000e+00 1.589577020859915131e-20 3.095297758949352957e-19 5.831937154370304858e-18 1.063585685635416963e-16 1.871596930536888913e-15 3.168923028770780366e-14 5.141484848711855010e-13 7.962125327273485566e-12 1.170656913180046912e-10 1.624714897653152301e-09 2.113077217899945186e-08 2.553176944268036881e-07 2.835104000738452932e-06 2.853913773554773834e-05 2.558435820060911176e-04 1.994378879405721196e-03 1.307510384145375675e-02 6.862667172711142682e-02 2.667641271532267822e-01 6.727064727535274624e-01 8.992319386830507355e-01 9.754275931214914097e-01 9.947648913304588669e-01 9.987023395992213892e-01 9.987023397124722424e-01 9.947648938141796515e-01 9.754275954817479555e-01 8.992319410497648935e-01 6.727064752127366321e-01 2.667641291790428526e-01 6.862667387456063139e-02 1.307510440946099174e-02 1.994379323593962507e-03 2.558436907846713365e-04 2.853917601886399002e-05 2.835115182663383483e-06 2.553198204508540598e-07 2.113139328469264927e-08 1.624808830141846437e-09 1.170874806075254882e-10 7.965283217298196852e-12 5.147017476650776611e-13 3.176577731591417671e-14 1.882325973715746176e-15 1.076876654465577718e-16 5.985001511243083058e-18 3.250566326956358284e-19 1.721282986288145445e-20 0.000000000000000000e+00
0.000000000000000000e+00 1.247861265295696910e-20 2.428770317045232399e-19 4.574295093684070057e-18 8.340667011024435083e-17 1.467357552298800524e-15 2.484917058744503309e-14 4.032057008781736893e-13 6.247488166752269582e-12 9.190911886496710556e-11 1.276866807884656410e-09 1.662735698187286486e-08 2.012456715699620102e-07 2.239510148448602918e-06 2.260712411987113513e-05 2.034077243026928409e-04 1.593386356018130145e-03 1.051726524702731834e-02 5.575968055935318080e-02 2.203838178751918730e-01 5.742046331403775072e-01 8.296708216321843077e-01 9.454818744479758230e-01 9.847806270455596866e-01 9.947648924815392091e-01 9.947648938141798736e-01 9.847806284322246917e-01 9.454818768637180959e-01 8.296708239559280607e-01 5.742046352332708103e-01 2.203838205327467159e-01 5.575968256917399057e-02 1.051726688645835198e-02 1.593386857994176812e-03 2.034081074697348813e-04 2.260719723869731446e-05 2.239550955224344494e-06 2.012530406223239159e-07 1.662993423803300643e-08 1.277349550122086689e-09 9.202517913067763784e-11 6.268859441382485383e-12 4.072764000291001566e-13 2.554446721876460717e-14 1.581987466756319681e-15 1.012122678603506831e-16 7.217390393655211963e-18 6.177313593939363900e-19 6.307636523921681601e-20 0.000000000000000000e+00
0.000000000000000000e+00 6.817190342993544227e-21 1.316171603616230018e-19 2.457428160785632709e-18 4.442099225449745386e-17 7.742923061496840931e-16 1.299634749330671353e-14 2.088698282359762951e-13 3.207054692622330515e-12 4.673223928157588956e-11 6.433898159545198889e-10 8.303377855436889897e-09 9.967267147944730940e-08 1.101063158874237007e-06 1.105182117687193016e-05 9.913561896905468665e-05 7.776476609137816191e-04 5.179570520652188557e-03 2.810398748188271470e-02 1.169464879430587578e-01 3.417770345872564453e-01 6.359676265418350294e-01 8.467951397805774105e-01 9.454818757052163569e-01 9.754275948836751420e-01 9.754275954817475114e-01 9.454818768637182069e-01 8.467951431627419590e-01 6.359676299267884581e-01 3.417770375828598217e-01 1.169464901770372323e-01 2.810398994710448795e-02 5.179573318095671147e-03 7.776484423034913914e-04 9.913634818318557880e-05 1.105197207706714055e-05 1.101144684007889499e-06 9.968951858274970755e-08 8.308870358853485508e-09 6.445214940395393988e-10 4.699644769310392491e-11 3.258095046078068116e-12 2.186054111465706227e-13 1.469818271511607895e-14 1.058151778079162668e-15 8.918100296578064714e-17 9.188104072628544631e-18 1.098525009679869401e-18 1.389036496998731482e-19 0.000000000000000000e+00
0.000000000000000000e+00 2.692502979963376541e-21 5.141684562314737415e-20 9.471380787514176424e-19 1.690019833727004116e-17 2.904894351443716688e-16 4.812350127796471055e-15 7.624098202235213891e-14 1.155299832646613118e-12 1.660030006681414866e-11 2.256111507203010079e-10 2.874469107473527641e-09 3.410911053862361884e-08 3.729964685370554869e-07 3.715772917770198985e-06 3.321007706907696611e-05 2.612409046037781550e-04 1.763769287618460616e-03 9.886516317079485638e-03 4.403655917774581402e-02 1.477166342317747239e-01 3.568853149508309230e-01 6.359676272485452753e-01 8.296708235151841748e-01 8.992319410512508160e-01 8.992319410497645604e-01 8.296708239559278386e-01 6.359676299267884581e-01 3.568853173752774555e-01 1.477166361829766184e-01 4.403656121237224663e-02 9.886519406079012293e-03 1.763772493404088242e-03 2.612420238189364237e-04 3.321093862089718139e-05 3.715986464107267513e-06 3.730962829800609921e-07 3.413213466241223047e-08 2.881477441060869508e-09 2.271345725980460490e-10 1.694910926123163106e-11 1.224229664122361626e-12 8.940612073235748603e-14 7.140250921557240462e-15 6.815951284229725460e-16 7.911881650754527005e-17 1.038136010420331052e-17 1.418174797417390833e-18 1.909342792002003581e-19 0.000000000000000000e+00
0.000000000000000000e+00 8.161513167724184343e-22 1.549044425746185433e-20 2.805332164976962658e-19 4.935617583584104727e-18 8.346866070413435790e-17 1.363262015142732569e-15 2.124556265511181547e-14 3.174590774464303971e-13 4.490426251654241003e-12 6.020768441459233105e-11 7.565985169375527689e-10 8.873815356007977021e-09 9.607534408926873168e-08 9.508293020332542561e-07 8.483214388972569624e-06 6.713095807256228692e-05 4.616156479126878203e-04 2.690017555821882719e-03 1.289906780623787698e-02 4.937952417858589016e-02 1.477166339675184403e-01 3.417770350321794881e-01 5.742046342590146901e-01 6.727064746905422332e-01 6.727064752127362990e-01 5.742046352332703663e-01 3.417770375828597662e-01 1.477166361829765906e-01 4.937952614118310685e-02 1.289907067086123148e-02 2.690020891736491938e-03 4.616185369617735045e-04 6.713213179525176185e-05 8.483954492745577128e-06 9.510379781967482790e-07 9.616202614752533235e-08 8.895297551941127503e-09 7.628291844515479555e-10 6.160657096249528112e-11 4.807079765110127644e-12 3.809244743131027518e-13 3.340077921780688792e-14 3.531484358601096736e-15 4.502872504423112215e-16 6.376125765934278594e-17 9.272193036114173383e-18 1.328889744413684494e-18 1.831915289051336939e-19 0.000000000000000000e+00
0.000000000000000000e+00 1.967704639720252305e-22 3.808285257573667377e-21 6.731217972658569660e-20 1.169711888594038235e-18 1.942900001654722993e-17 3.130584483320502374e-16 4.792397669987303243e-15 7.067824489575282848e-14 9.832157067505239091e-13 1.301763212923446171e-11 1.613338625611619837e-10 1.872149073433344846e-09 2.008563728672226938e-08 1.977726781044217487e-07 1.764465612099178017e-06 1.407381181595979507e-05 9.870483818376559490e-05 5.972380650148304774e-04 3.052768488661730412e-03 1.289906747722396191e-02 4.403655806514139570e-02 1.169464870284307734e-01 2.203838183644456217e-01 2.667641281557658339e-01 2.667641291790426861e-01 2.203838205327465494e-01 1.169464901770371629e-01 4.403656121237223275e-02 1.289907067086122974e-02 3.052771927231399431e-03 5.972410788146761225e-04 9.870700391540745619e-05 1.407475052813236712e-05 1.764971009184108767e-06 1.979267418320828517e-07 2.014422264278410706e-08 1.887328931657276547e-09 1.655871114813433129e-10 1.399184254644757162e-11 1.202160904877743227e-12 1.149865804835538448e-13 1.330682395742881480e-14 1.843068644031264251e-15 2.800127087394856612e-16 4.327696677071949851e-17 6.554112943421302226e-18 9.590255660065475846e-19 1.339196193757764943e-19 0.000000000000000000e+00
0.000000000000000000e+00 3.688660824717266624e-23 8.046063312024500313e-22 1.354781567001196092e-20 2.343885844018888932e-19 3.811475441873716079e-18 6.073294439195775108e-17 9.114546446264556274e-16 1.329941009856877092e-14 1.816926732441838011e-13 2.380216069077152439e-12 2.908361073247901563e-11 3.343985375704810638e-10 3.557164296266066466e-09 3.488529793265525593e-08 3.114138678018000701e-07 2.503310305922701612e-06 1.786665714257272317e-05 1.114737216138494529e-04 5.972381086905526959e-04 2.690017359991634435e-03 9.886516045501336780e-03 2.810398690125561275e-02 5.575968012800558427e-02 6.862667291050066065e-02 6.862667387456058976e-02 5.575968256917397670e-02 2.810398994710448448e-02 9.886519406079015762e-03 2.690020891736491504e-03 5.972410788146761225e-04 1.114759386884720709e-04 1.786802439298719512e-05 2.503912856884416233e-06 3.117017815522172211e-07 3.497689859301074757e-08 3.589759880287772105e-09 3.430690416938655609e-10 3.145124259457258232e-11 2.929174479818576966e-12 3.044608013585784265e-13 3.831494621907258889e-14 5.734668958941387268e-15 9.329743924886568214e-16 1.533082115581100107e-16 2.456431111710737240e-17 3.790017256936522804e-18 5.612943993489905248e-19 7.912923154395203221e-20 0.000000000000000000e+00
0.000000000000000000e+00 4.021538067922875148e-24 1.565125566388208979e-22 2.318524286512668946e-21 4.105531252723944136e-20 6.476358019781302689e-19 1.026090761820522534e-17 1.503805939648290671e-16 2.180804920012057895e-15 2.916967945675357351e-14 3.794119279178758206e-13 4.564258020539783019e-12 5.209551394373944141e-11 5.493427612617815941e-10 5.368550136641582026e-09 4.792086546809480790e-08 3.875155631981248878e-07 2.802181932040553538e-06 1.786669709650652403e-05 9.870507104306415654e-05 4.616158749116104631e-04 1.763769976579728860e-03 5.179571168273744766e-03 1.051726509500957446e-02 1.307510378988518615e-02 1.307510440946097786e-02 1.051726688645835024e-02 5.179573318095670280e-03 1.763772493404088676e-03 4.616185369617736129e-04 9.870700391540751040e-05 1.786802439298720190e-05 2.802913847992359054e-06 3.878370414228222479e-07 4.806152889764424343e-08 5.414249974709815513e-09 5.648096880763316194e-10 5.626964576677231539e-11 5.681809341731650452e-12 6.403867470118944542e-13 8.732467074726423721e-14 1.408957521800714383e-14 2.453838278457722466e-15 4.291536297362908194e-16 7.286875841957748995e-17 1.187374059503698497e-17 1.852247617685937940e-18 2.767999597440883616e-19 3.934556288114737394e-20 0.000000000000000000e+00
0.000000000000000000e+00 -7.701231499473225373e-25 3.155186543899023414e-23 3.262453047590010654e-22 6.511624848288635614e-21 9.690943493289545883e-20 1.546594154662459732e-18 2.195277346338840055e-17 3.190334732737432687e-16 4.151200724134117827e-15 5.393754059150117500e-14 6.365479490945803162e-13 7.232590983227533524e-12 7.549977161709241591e-11 7.353717341579673491e-10 6.553164909115207391e-09 5.316395876698436192e-08 3.875011433731662009e-07 2.503254548625289574e-06 1.407374840153114573e-05 6.713062589071885347e-05 2.612405988233639821e-04 7.776472735481196113e-04 1.593385879184222500e-03 1.994379015515647478e-03 1.994379323593960772e-03 1.593386857994176162e-03 7.776484423034914998e-04 2.612420238189364780e-04 6.713213179525185671e-05 1.407475052813238915e-05 2.503912856884420045e-06 3.878370414228223008e-07 5.331012121055589449e-08 6.613169491874061044e-09 7.550358363803559580e-10 8.190863305756847225e-11 8.974666010578823638e-12 1.095904081996850731e-12 1.616384453133929826e-13 2.808755362279337102e-14 5.238951531555290730e-15 9.764658828445149050e-16 1.759969094578398018e-16 3.034106019384964116e-17 4.993088292881312455e-18 7.853120897883931037e-19 1.182769805162454953e-19 1.694167608773703380e-20 0.000000000000000000e+00
0.000000000000000000e+00 -7.650381575986754289e-25 7.626036140150650636e-24 2.935028022377762599e-23 9.885869492668179636e-22 1.278259203402670030e-20 2.126211589197212277e-19 2.870567551507576604e-18 4.246304873670253858e-17 5.306646281374328261e-16 6.964811652416605337e-15 8.003229221101247130e-14 9.097208271238711993e-13 9.371989902040147960e-12 9.100955445490470022e-11 8.078392088621542037e-10 6.555429613070151252e-09 4.792755265898223641e-08 3.114250838614401118e-07 1.764539288256290579e-06 8.483271048041938041e-06 3.321029012985792536e-05 9.913583261426975833e-05 2.034076789883340489e-04 2.558435645037214468e-04 2.558436907846711197e-04 2.034081074697347458e-04 9.913634818318564656e-05 3.321093862089720850e-05 8.483954492745594068e-06 1.764971009184111944e-06 3.117017815522175916e-07 4.806152889764425005e-08 6.613169491874057736e-09 8.304927204795560079e-10 9.845122712661670178e-11 1.173025300410076580e-11 1.552728850096746135e-12 2.476190644257284911e-13 4.634357347793885315e-14 9.266423772262727323e-15 1.843405641232344018e-15 3.532919978479991382e-16 6.455109667844849753e-17 1.122584754984392046e-17 1.860894756878094136e-18 2.947556512156224898e-19 4.471575552395266978e-20 6.452005596452532130e-21 0.000000000000000000e+00
0.000000000000000000e+00 -3.684846433022892910e-25 2.271581913532223245e-24 -3.013172133795383067e-24 1.590363450799851813e-22 1.428081231133363523e-21 2.737836390636528506e-20 3.374063461089061665e-19 5.238523912917200290e-18 6.133741634953343861e-17 8.304227493343108408e-16 9.155002549677697662e-15 1.050942660440301378e-13 1.062273587076503042e-12 1.029740589158159499e-11 9.079658092369155109e-11 7.348986947882498212e-10 5.367153016406213565e-09 3.487621916659668445e-08 1.977673915062581879e-07 9.507779082879486147e-07 3.715738968886991899e-06 1.105178030632603667e-05 2.260703995954370233e-05 2.853913170172240620e-05 2.853917601886396291e-05 2.260719723869729074e-05 1.105197207706714902e-05 3.715986464107273443e-06 9.510379781967506084e-07 1.979267418320833282e-07 3.497689859301081375e-08 5.414249974709822130e-09 7.550358363803558546e-10 9.845122712661668885e-11 1.281129078488150775e-11 1.842785264918602762e-12 3.181350560011865246e-13 6.420149667193733261e-14 1.378212330849848235e-14 2.931489112911931327e-15 5.985036038953224814e-16 1.161107797714136342e-16 2.137618527232515825e-17 3.741052149108093609e-18 6.240383070511613017e-19 9.949299882900953645e-20 1.519826356051923635e-20 2.208575529042647052e-21 0.000000000000000000e+00
0.000000000000000000e+00 -1.433902889390012558e-25 7.432261500031044664e-25 -2.852328472475911371e-24 3.078621315782500513e-23 1.071054886713799910e-22 3.445777377412914511e-21 3.519463421489923477e-20 6.114250091617363786e-19 6.395138638375843642e-18 9.298508236990046167e-17 9.562815152016229410e-16 1.129242399239339044e-14 1.108041715241040696e-13 1.075711745866141531e-12 9.392301789703301077e-12 7.562471385283505672e-11 5.500276803573775073e-10 3.557463567464398826e-09 2.009266625527017975e-08 9.607647859119738533e-08 3.730146607520143193e-07 1.101082830418856210e-06 2.239501034138670783e-06 2.835101527518355685e-06 2.835115182663378401e-06 2.239550955224341530e-06 1.101144684007889499e-06 3.730962829800614685e-07 9.616202614752558381e-08 2.014422264278416992e-08 3.589759880287781204e-09 5.648096880763324466e-10 8.190863305756854980e-11 1.173025300410077065e-11 1.842785264918603569e-12 3.455401341002628311e-13 7.538610817414595603e-14 1.741658516223662829e-14 3.970113592495535719e-15 8.653529474785187375e-16 1.786160247092367982e-16 3.487774905552135212e-17 6.455786446248839466e-18 1.135984607170599499e-18 1.905981901739513026e-19 3.057955133846266665e-20 4.702824205075646661e-21 6.881890194322502327e-22 0.000000000000000000e+00
0.000000000000000000e+00 -4.929006183860428898e-26 2.404582379352996298e-25 -1.148345470399872960e-24 7.376227417807239402e-24 -6.842937120208136213e-24 4.562147008950730005e-22 3.067979168495880538e-21 6.928015349753730987e-20 5.898240186389655610e-19 9.973808110305672330e-18 9.079661719287075873e-17 1.143697348023909064e-15 1.068799775467775321e-14 1.046365315634450968e-13 9.015872283645315061e-13 7.199948151032775358e-12 5.207936653008642211e-11 3.337958569432946038e-10 1.872449384759441125e-09 8.870427966481377779e-09 3.410835772378443366e-08 9.967185402219089393e-08 2.012390323530007987e-07 2.553160591470742849e-07 2.553198204508536363e-07 2.012530406223238100e-07 9.968951858274964137e-08 3.413213466241227018e-08 8.895297551941153973e-09 1.887328931657282750e-09 3.430690416938666466e-10 5.626964576677241879e-11 8.974666010578834947e-12 1.552728850096747347e-12 3.181350560011866255e-13 7.538610817414599390e-14 1.881678894011844867e-14 4.611927587853672397e-15 1.076263383834499074e-15 2.369467400749065139e-16 4.918322782157385095e-17 9.647880120155448777e-18 1.794174312385598583e-18 3.173350170038440848e-19 5.354576401544109210e-20 8.644169028291275585e-21 1.338274361366686542e-21 1.972022383457750662e-22 0.000000000000000000e+00
0.000000000000000000e+00 -1.542115613475675683e-26 7.353491864455772302e-26 -3.741857436185184585e-25 1.975174655321608519e-24 -6.119075917207641541e-24 6.972812460594847300e-23 1.640420414640450878e-22 7.878059124803968897e-21 4.502643673858904778e-20 1.050081508179968434e-18 7.674108110418280510e-18 1.109227049200965175e-16 9.545625775444343688e-16 9.547806423836061652e-15 8.095532556953468290e-14 6.378365309305551595e-13 4.598219142858719635e-12 2.903790489891127491e-11 1.617033003968710085e-10 7.563319185490861058e-10 2.875256710412575233e-09 8.304331372559643928e-09 1.662640072674688160e-08 2.113045440040328087e-08 2.113139328469261949e-08 1.662993423803300974e-08 8.308870358853478890e-09 2.881477441060871576e-09 7.628291844515498167e-10 1.655871114813438299e-10 3.145124259457267925e-11 5.681809341731657722e-12 1.095904081996851135e-12 2.476190644257285920e-13 6.420149667193733261e-14 1.741658516223664091e-14 4.611927587853673975e-15 1.156828119929386347e-15 2.725384769687557885e-16 6.030389747620435794e-17 1.256699156927963338e-17 2.475204652289675801e-18 4.623974948139745874e-19 8.220251071934046690e-20 1.394923408545067000e-20 2.265876412728351495e-21 3.531531387398119920e-22 5.240601357395648996e-23 0.000000000000000000e+00
0.000000000000000000e+00 -4.452940323330299808e-27 2.100069587030392368e-26 -1.088001912672854690e-25 5.332406301054842376e-25 -2.074031645648327860e-24 1.278445437991631405e-23 -1.470995819824253161e-23 9.327159081641746334e-22 2.111701602391427886e-21 1.115330456473222791e-19 5.405020805961099680e-19 1.050766302296408252e-17 7.862615784334157392e-17 8.219514851769870613e-16 6.865460304687190700e-15 5.267811614522954596e-14 3.825449897535040412e-13 2.353936169524935730e-12 1.306478026033112531e-11 6.006112861592716495e-11 2.256536826325686765e-10 6.434587696083478365e-10 1.276537872200840208e-09 1.624594160536538704e-09 1.624808830141844369e-09 1.277349550122088343e-09 6.445214940395386750e-10 2.271345725980461783e-10 6.160657096249535867e-11 1.399184254644759909e-11 2.929174479818582620e-12 6.403867470118944542e-13 1.616384453133928816e-13 4.634357347793884053e-14 1.378212330849847604e-14 3.970113592495534141e-15 1.076263383834499271e-15 2.725384769687556899e-16 6.451834175828607068e-17 1.432770921504599868e-17 2.996761923559616500e-18 5.926693031765748633e-19 1.112338432857270470e-19 1.987793098475835551e-20 3.392643368611980196e-21 5.545705311170872815e-22 8.702539197630053281e-23 1.300790007993077134e-23 0.000000000000000000e+00
0.000000000000000000e+00 -1.196765126675111600e-27 5.599374850628204829e-27 -2.908348037914513032e-26 1.380744478010789461e-25 -5.681699729583694637e-25 2.646753376939801553e-24 -7.588626268270941447e-24 1.178616869585514258e-22 -1.317887456539777647e-22 1.222491329037651928e-20 2.392353689141299507e-20 9.949862191984884544e-19 5.898468287231825333e-18 6.686690140775838162e-17 5.585773506226462170e-16 4.028167264931933765e-15 3.044582736598616610e-14 1.777804450138538265e-13 9.979388353002343523e-13 4.468887597713864418e-12 1.662496510981176115e-11 4.676740748905036781e-11 9.185361614583614722e-11 1.170421293463009713e-10 1.170874806075254107e-10 9.202517913067780586e-11 4.699644769310387321e-11 1.694910926123162783e-11 4.807079765110127644e-12 1.202160904877744035e-12 3.044608013585785275e-13 8.732467074726413624e-14 2.808755362279332684e-14 9.266423772262717857e-15 2.931489112911929355e-15 8.653529474785178500e-16 2.369467400749065139e-16 6.030389747620435794e-17 1.432770921504598943e-17 3.192998155198111049e-18 6.704288106395190337e-19 1.331698010194216993e-19 2.511617936654059423e-20 4.512762478286784127e-21 7.748103316680973697e-22 1.274786531427613885e-22 2.014663323596629613e-23 3.034409049831139699e-24 0.000000000000000000e+00
0.000000000000000000e+00 -3.011872777676518458e-28 1.398146797608952931e-27 -7.235291861866707953e-27 3.371090141533742551e-26 -1.393411614868469241e-25 5.651234850421945675e-25 -1.888137561918352154e-24 1.575152872848817954e-23 -5.668455637357017716e-23 1.389367466884705262e-21 -1.184854982364040202e-21 9.618979939962706822e-20 3.918244322600034915e-19 5.089571758860138040e-18 4.496522556939171274e-17 2.764516171391706736e-16 2.381953139208692254e-15 1.234884364022280651e-14 7.315096492427625014e-14 3.122548775283576596e-13 1.158433098880398232e-12 3.212273849899191608e-12 6.235207420715991392e-12 7.956366500036389841e-12 7.965283217298193621e-12 6.268859441382495077e-12 3.258095046078065692e-12 1.224229664122360414e-12 3.809244743131023479e-13 1.149865804835537691e-13 3.831494621907253210e-14 1.408957521800712174e-14 5.238951531555284419e-15 1.843405641232343624e-15 5.985036038953221855e-16 1.786160247092367736e-16 4.918322782157385095e-17 1.256699156927962875e-17 2.996761923559614189e-18 6.704288106395183596e-19 1.413694030347717433e-19 2.821351203117853576e-20 5.348907751530823275e-21 9.665710736070487080e-22 1.669932636222810805e-22 2.766364088726939517e-23 4.404889979334254249e-24 6.689372165786537007e-25 0.000000000000000000e+00
0.000000000000000000e+00 -7.132005714159259537e-29 3.281447194701896893e-28 -1.685916953204921572e-27 7.727281136881152836e-27 -3.144431979518929313e-26 1.169794068165422943e-25 -3.797099068532757640e-25 2.105740800717086461e-24 -1.027337522718904747e-23 1.597674224985044197e-22 -5.026698497126095596e-22 9.573351875192958268e-21 2.174734962120441354e-20 3.465451027050508067e-19 3.796500295446218254e-18 1.509494554841220253e-17 1.925544141077211675e-16 7.495698131148448990e-16 5.285635301791327688e-15 2.037105914188771998e-14 7.693191566832896299e-14 2.100366209929514487e-13 4.011074239961741419e-13 5.130601324884142942e-13 5.147017476650779641e-13 4.072764000291008634e-13 2.186054111465704965e-13 8.940612073235738505e-14 3.340077921780681850e-14 1.330682395742879586e-14 5.734668958941372280e-15 2.453838278457719310e-15 9.764658828445139189e-16 3.532919978479988423e-16 1.161107797714135602e-16 3.487774905552133980e-17 9.647880120155456480e-18 2.475204652289675801e-18 5.926693031765747670e-19 1.331698010194216752e-19 2.821351203117853576e-20 5.659608460228517445e-21 1.078992485557316991e-21 1.961680823463362532e-22 3.411787322074066059e-23 5.693434050584219353e-24 9.139874903033906481e-25 1.400793143578140500e-25 0.000000000000000000e+00
0.000000000000000000e+00 -1.595332550495136637e-29 7.263587018798163152e-29 -3.694134209702507848e-28 1.662226116256966542e-27 -6.579426850587404118e-27 2.266903466182548962e-26 -6.538200427977076443e-26 2.490561307872566785e-25 -1.285019301170299952e-24 1.742176201506733752e-23 -8.530380247126979017e-23 9.652255789593277203e-22 9.185753194251772446e-22 1.744387551165381619e-20 3.641451455150722847e-19 2.293107658824514511e-19 1.729024779752817934e-17 3.168705313610923602e-17 3.957027682591414042e-16 1.207275492643962569e-15 4.918052588064829379e-15 1.319143605157920049e-14 2.448125624885519522e-14 3.148128741390081195e-14 3.176577731591421458e-14 2.554446721876466397e-14 1.469818271511608211e-14 7.140250921557230995e-15 3.531484358601087270e-15 1.843068644031261490e-15 9.329743924886546520e-16 4.291536297362902770e-16 1.759969094578396785e-16 6.455109667844843590e-17 2.137618527232514592e-17 6.455786446248837925e-18 1.794174312385597813e-18 4.623974948139741059e-19 1.112338432857269989e-19 2.511617936654058520e-20 5.348907751530819514e-21 1.078992485557316427e-21 2.069508835689809776e-22 3.787249508223043380e-23 6.634473793762602434e-24 1.116056106416637688e-24 1.808004243400972667e-25 2.800308711328111924e-26 0.000000000000000000e+00
0.000000000000000000e+00 -3.382133029997262569e-30 1.520756980186531339e-29 -7.631836307666726252e-29 3.355744152200019881e-28 -1.276275760934472722e-27 4.004028841175579878e-27 -9.142213164244382491e-27 1.679874316099537716e-26 -6.948993419427730286e-26 1.521194326723115470e-24 -1.038209722491461645e-23 9.359272429609209986e-23 4.346720781019524364e-23 -2.332116305130319663e-22 4.150742764537307627e-20 -1.155122707042583535e-19 1.821086216128824578e-18 -8.680274639798256562e-19 3.304499844312035324e-17 5.853877372314285781e-17 3.076989163072321529e-16 8.077544073673828735e-16 1.408828403530477315e-15 1.835706173316010641e-15 1.882325973715751304e-15 1.581987466756325006e-15 1.058151778079163456e-15 6.815951284229714614e-16 4.502872504423102354e-16 2.800127087394852174e-16 1.533082115581097641e-16 7.286875841957746530e-17 3.034106019384964116e-17 1.122584754984391275e-17 3.741052149108092839e-18 1.135984607170598536e-18 3.173350170038439404e-19 8.220251071934044283e-20 1.987793098475834949e-20 4.512762478286783375e-21 9.665710736070483319e-22 1.961680823463362532e-22 3.787249508223042792e-23 6.980577486803914180e-24 1.232623350262838578e-24 2.092314158726146644e-25 3.425053869403964227e-26 5.371308550911447591e-27 0.000000000000000000e+00
0.000000000000000000e+00 -6.814276169649362555e-31 3.018442104448799817e-30 -1.488934819388936277e-29 6.352558188828303235e-29 -2.281679291576598828e-28 6.202088720415364669e-28 -7.582418805082551713e-28 -3.297428131351563112e-27 2.357241234780072933e-26 2.090063367509837346e-26 -7.725791596017447562e-25 7.635629548367820965e-24 1.110883860825856971e-23 -2.691292256316122137e-22 5.413248412666648205e-21 -2.740783812783358720e-20 2.213413829054658055e-19 -4.923198679256171167e-19 3.260729613537379860e-18 1.092336291878438737e-18 1.943549712157321017e-17 4.968134509715872721e-17 7.444494122156336937e-17 1.004346726746966828e-16 1.076876654465583388e-16 1.012122678603512625e-16 8.918100296578079505e-17 7.911881650754517145e-17 6.376125765934263803e-17 4.327696677071946153e-17 2.456431111710735699e-17 1.187374059503698343e-17 4.993088292881312455e-18 1.860894756878092210e-18 6.240383070511611091e-19 1.905981901739511100e-19 5.354576401544107405e-20 1.394923408545066398e-20 3.392643368611980196e-21 7.748103316680976518e-22 1.669932636222811040e-22 3.411787322074066059e-23 6.634473793762603903e-24 1.232623350262838762e-24 2.196206875507205212e-25 3.766912530423968922e-26 6.242539087316084956e-27 9.938590010983956454e-28 0.000000000000000000e+00
0.000000000000000000e+00 -1.307639161924481912e-31 5.688825567765135071e-31 -2.744553205641620015e-30 1.124421740882262055e-29 -3.706383624974861236e-29 7.657024051739339587e-29 9.655343240431814714e-29 -1.970398096701539882e-27 1.155619248221304398e-26 -3.789290887698054159e-26 5.428468370774971314e-26 2.409284797552329649e-25 3.560918913472313336e-24 -5.901622420461246341e-23 7.488859479442175437e-22 -4.615675465643208231e-21 2.904231742577664870e-20 -9.284608985875504250e-20 3.745076707972850848e-19 -2.795968077096601171e-19 1.307808313548817509e-18 3.250725396009741831e-18 3.274915502500145901e-18 4.909921306749698638e-18 5.985001511243141606e-18 7.217390393655267430e-18 9.188104072628564661e-18 1.038136010420329665e-17 9.272193036114159517e-18 6.554112943421300685e-18 3.790017256936519722e-18 1.852247617685937555e-18 7.853120897883926222e-19 2.947556512156223453e-19 9.949299882900948831e-20 3.057955133846264859e-20 8.644169028291272576e-21 2.265876412728350743e-21 5.545705311170876577e-22 1.274786531427614825e-22 2.766364088726940692e-23 5.693434050584217149e-24 1.116056106416637872e-24 2.092314158726146185e-25 3.766912530423967774e-26 6.540907292318125486e-27 1.100142924450525203e-27 1.784348647232689812e-28 0.000000000000000000e+00
0.000000000000000000e+00 -2.392879590709359678e-32 1.018572546843475572e-31 -4.774386109282359554e-31 1.848782386978663130e-30 -5.297291110473191081e-30 4.701938206924596143e-30 7.007678451146042669e-29 -6.347063763083799039e-28 3.464197725258560237e-27 -1.372916530618504954e-26 4.099208193439985102e-26 -1.022048898259729801e-25 8.835205064133575537e-25 -1.019084881010143751e-23 1.040639970065548871e-22 -6.836012683939152882e-22 3.877043093946903620e-21 -1.415115725625379418e-20 4.674117492492280369e-20 -6.261769142724873476e-20 1.001684985624181798e-19 2.454148037346397968e-19 6.270073685163559048e-20 1.727868097606521644e-19 3.250566326956417506e-19 6.177313593939418789e-19 1.098525009679870749e-18 1.418174797417389485e-18 1.328889744413683723e-18 9.590255660065479698e-19 5.612943993489903322e-19 2.767999597440883616e-19 1.182769805162455193e-19 4.471575552395266978e-20 1.519826356051923635e-20 4.702824205075647413e-21 1.338274361366686165e-21 3.531531387398121331e-22 8.702539197630059158e-23 2.014663323596630201e-23 4.404889979334257922e-24 9.139874903033908318e-25 1.808004243400972437e-25 3.425053869403961931e-26 6.242539087316082086e-27 1.100142924450524844e-27 1.884172696027296422e-28 3.126768701769014834e-29 0.000000000000000000e+00
0.000000000000000000e+00 -4.162812331080721363e-33 1.729518278956872187e-32 -7.794147097592106207e-32 2.772862683049326620e-31 -6.011887965747492193e-31 -1.204181815169077148e-30 2.356712197223101579e-29 -1.685676743039173615e-28 8.765322627421442501e-28 -3.624072316297586324e-27 1.229469288159196121e-26 -3.785191843599663517e-26 1.883775138129206376e-25 -1.590740287107981219e-24 1.406190217963700597e-23 -9.337225890040767895e-23 5.057662930684005859e-22 -1.943825481270280894e-21 5.915971652238560433e-21 -9.515353999374204882e-21 8.971304527877156752e-21 2.231497052889901663e-20 -1.126826222261148970e-20 -3.294950315244335639e-21 1.721282986288202621e-20 6.307636523921738175e-20 1.389036496998732686e-19 1.909342792002002377e-19 1.831915289051335495e-19 1.339196193757764943e-19 7.912923154395200814e-20 3.934556288114737996e-20 1.694167608773703681e-20 6.452005596452532130e-21 2.208575529042647428e-21 6.881890194322500446e-22 1.972022383457750662e-22 5.240601357395648996e-23 1.300790007993076987e-23 3.034409049831139331e-24 6.689372165786540680e-25 1.400793143578140730e-25 2.800308711328112498e-26 5.371308550911445438e-27 9.938590010983952867e-28 1.784348647232688915e-28 3.126768701769014834e-29 5.343524734554172895e-30 0.000000000000000000e+00
0.000000000000000000e+00 0.000000000000000000e+00 0.000000000000000000e+00 0.000000000000000000e+00 0.000000000000000000e+00 0.000000000000000000e+00 0.000000000000000000e+00 0.000000000000000000e+00 0.000000000000000000e+00 0.000000000000000000e+00 0.000000000000000000e+00 0.000000000000000000e+00 0.000000000000000000e+00 0.000000000000000000e+00 0.000000000000000000e+00 0.000000000000000000e+00 0.000000000000000000e+00 0.000000000000000000e+00 0.000000000000000000e+00 0.000000000000000000e+00 0.000000000000000000e+00 0.000000000000000000e+00 0.000000000000000000e+00 0.000000000000000000e+00 0.000000000000000000e+00 0.000000000000000000e+00 0.000000000000000000e+00 0.000000000000000000e+00 0.000000000000000000e+00 0.000000000000000000e+00 0.000000000000000000e+00 0.000000000000000000e+00 0.000000000000000000e+00 0.000000000000000000e+00 0.000000000000000000e+00 0.000000000000000000e+00 0.000000000000000000e+00 0.000000000000000000e+00 0.000000000000000000e+00 0.000000000000000000e+00 0.000000000000000000e+00 0.000000000000000000e+00 0.000000000000000000e+00 0.000000000000000000e+00 0.000000000000000000e+00 0.000000000000000000e+00 0.000000000000000000e+00 0.000000000000000000e+00 0.000000000000000000e+00 0.000000000000000000e+00
