0.000000000000000000e+00 0.000000000000000000e+00 0.000000000000000000e+00 0.000000000000000000e+00 0.000000000000000000e+00 0.000000000000000000e+00 0.000000000000000000e+00 0.000000000000000000e+00 0.000000000000000000e+00 0.000000000000000000e+00 0.000000000000000000e+00 0.000000000000000000e+00 0.000000000000000000e+00 0.000000000000000000e+00 0.000000000000000000e+00 0.000000000000000000e+00 0.000000000000000000e+00 0.000000000000000000e+00 0.000000000000000000e+00 0.000000000000000000e+00 0.000000000000000000e+00 0.000000000000000000e+00 0.000000000000000000e+00 0.000000000000000000e+00 0.000000000000000000e+00 0.000000000000000000e+00 0.000000000000000000e+00 0.000000000000000000e+00 0.000000000000000000e+00 0.000000000000000000e+00 0.000000000000000000e+00 0.000000000000000000e+00 0.000000000000000000e+00 0.000000000000000000e+00 0.000000000000000000e+00 0.000000000000000000e+00 0.000000000000000000e+00 0.000000000000000000e+00 0.000000000000000000e+00 0.000000000000000000e+00 0.000000000000000000e+00 0.000000000000000000e+00 0.000000000000000000e+00 0.000000000000000000e+00 0.000000000000000000e+00 0.000000000000000000e+00 0.000000000000000000e+00 0.000000000000000000e+00 0.000000000000000000e+00 0.000000000000000000e+00
0.000000000000000000e+00 -3.472397533464261028e-34 1.398760918108492293e-33 -6.084360707620367370e-33 2.489641132995769668e-32 -9.900829908636921828e-32 4.020445710739661595e-31 -1.755938446268061580e-30 8.661753180492403105e-30 -4.401539008891873020e-29 2.388162655156503063e-28 -1.044943786045728204e-27 5.566087376520494391e-27 -1.292474396805808587e-26 1.096745495973362266e-25 1.740438611206139643e-25 2.762387234365884596e-24 1.367619728297248553e-23 7.850014876662059418e-23 3.637939450845181063e-22 1.440724463031322554e-21 4.643481408618054073e-21 1.156335899349149653e-20 2.095720293513580021e-20 2.666369676016074969e-20 2.666235156872913517e-20 2.095432822707471427e-20 1.155985623947033658e-20 4.636390607717627418e-21 1.434346056922489255e-21 3.570843296700968457e-22 7.220335378083214078e-23 1.090078233354536587e-23 4.795276506830449221e-25 -5.350143103456824056e-25 -3.211292145098436562e-25 -1.320749598913779703e-25 -4.633792493018205340e-26 -1.464791390325477203e-26 -4.259900037834655612e-27 -1.151919930420067061e-27 -2.916097656319190464e-28 -6.946067055518709312e-29 -1.563151306547230409e-29 -3.334676610794462645e-30 -6.762589373228275790e-31 -1.306646509046008750e-31 -2.408497037651582529e-32 -4.219637449141747115e-33 0.000000000000000000e+00
0.000000000000000000e+00 1.398760918108510083e-33 -5.620134556883357137e-33 2.436217531744213373e-32 -1.019813425663899548e-31 4.366574549956280329e-31 -2.009906629553885139e-30 1.048610219702192557e-29 -5.641948409367257307e-29 3.291962497677622608e-28 -1.537889111109898277e-27 9.079413762684516232e-27 -2.231697821028821742e-26 2.218350968892995449e-25 3.945060284556698934e-25 7.034258251537746491e-24 3.849183689827877496e-23 2.565573161408685500e-22 1.380241517230908362e-21 6.592130150872135678e-21 2.649022778328387504e-20 8.650279510490085267e-20 2.181814919063198062e-19 3.986052123211325487e-19 5.074525099978230824e-19 5.074521761019756887e-19 3.985973785943208506e-19 2.181721258890447995e-19 8.651736648279551904e-20 2.650651548151646871e-20 6.617940761285646298e-21 1.408102129508563757e-21 2.682754623732599999e-22 4.955271342543419437e-23 1.009364734502988886e-23 2.525132967342500493e-24 7.471581119663924016e-25 2.323813383469592936e-25 7.027698770153085303e-26 2.006206408562129577e-26 5.367921518920301356e-27 1.347108410035589749e-27 3.179844882722672895e-28 7.082471313576315802e-29 1.492709458717129394e-29 2.983974252520628278e-30 5.667599531004145852e-31 1.023468565458517092e-31 1.753948086912203616e-32 0.000000000000000000e+00
0.000000000000000000e+00 -6.084360707620452215e-33 2.436217531744282890e-32 -1.083274858054384778e-31 4.892954974737887044e-31 -2.378901285406279103e-30 1.311463427310203025e-29 -7.487372619299864117e-29 4.647730216758758682e-28 -2.340148365517473015e-27 1.478216614836744006e-26 -4.125089612854827363e-26 4.214959303197405051e-25 6.786945471430947008e-25 1.560932174136069754e-23 9.106623874683132424e-23 6.980205076741184825e-22 4.261651857658583103e-21 2.387838275658813096e-20 1.152823687483374971e-19 4.703350094989298939e-19 1.558847791281615149e-18 3.981145377710401599e-18 7.333623073004689087e-18 9.340480074832421916e-18 9.340414590693031638e-18 7.333470673876973710e-18 3.980986906829474312e-18 1.558637382042690723e-18 4.701826880036954751e-19 1.151139985085736893e-19 2.371863522889967626e-20 4.199282030687253077e-21 6.360067878773473146e-22 7.596022826670713843e-23 3.623960049812366122e-24 -1.905473738244061531e-24 -1.002105756216079023e-24 -3.484248796559775719e-25 -1.037655828439885251e-25 -2.807578461514293882e-26 -7.043736303962215537e-27 -1.653506874104020557e-27 -3.650028442781807010e-28 -7.600023963911034432e-29 -1.495511193068281449e-29 -2.783480202091712086e-30 -4.896789201376862011e-31 -8.101068633247314213e-32 0.000000000000000000e+00
0.000000000000000000e+00 2.489641132995971105e-32 -1.019813425663923633e-31 4.892954974737990389e-31 -2.509233085605355885e-30 1.460958880122621101e-29 -8.829929382607691688e-29 5.815816436199637225e-28 -3.133298392402656578e-27 2.111995352614591206e-26 -6.529625004744116115e-26 6.960576692502672203e-25 1.041075765668913355e-24 2.988475956213409380e-23 1.853824029593963463e-22 1.606466405478777942e-21 1.095476185948795002e-20 7.044345360970423973e-20 3.971586551896159571e-19 1.949766697768642661e-18 8.077101978323469483e-18 2.716131575853558601e-17 7.026300301082464433e-17 1.305263676262156358e-16 1.663043930570790596e-16 1.663063268951015122e-16 1.305320617077064123e-16 7.026922907908686966e-17 2.716587390929624465e-17 8.079858368103622112e-18 1.951472037661540583e-18 3.982554377093733551e-19 7.082627409131335761e-20 1.129465708156609685e-20 1.677335564416514521e-21 2.484008685100525892e-22 4.113280601609021030e-23 8.394465867481870931e-24 2.044401510514521899e-24 5.315453523783688072e-25 1.362836126260496494e-25 3.331224724681280360e-26 7.678365129364318284e-27 1.664439567908784366e-27 3.391486770430329484e-28 6.491480515782963892e-29 1.164670664484273299e-29 1.948711376018933474e-30 2.995743506770719143e-31 0.000000000000000000e+00
0.000000000000000000e+00 -9.900829908637372871e-32 4.366574549956584235e-31 -2.378901285406268593e-30 1.460958880122592514e-29 -9.328018182527594372e-29 6.502715954754567589e-28 -3.728535363976634807e-27 2.673538131833429130e-26 -9.016800845160500847e-26 1.008963720172334215e-24 1.429879567171167073e-24 4.980336948317875347e-23 3.276645112639669740e-22 3.164944291469279496e-21 2.380441818112533984e-20 1.726134131633374876e-19 1.111815874645005737e-18 6.381525514014605642e-18 3.179601095213604809e-17 1.337400639792141790e-16 4.564021759233490518e-16 1.196092804675705360e-15 2.241079138284209663e-15 2.855864756918989898e-15 2.855822332413802651e-15 2.240945627587006878e-15 1.195944749806597335e-15 4.563024225067766080e-16 1.336792939401437182e-16 3.176722312056106469e-17 6.368776244214098921e-18 1.107718217728107158e-18 1.703494812162306198e-19 2.336826531495221603e-20 2.827265131739829721e-21 2.793388060257898794e-22 1.326477831057846660e-23 -3.842054114115872486e-24 -1.818938548719182756e-24 -5.403149913544234822e-25 -1.367949123200317700e-25 -3.142423871170713852e-26 -6.668549896272561371e-27 -1.312446718018000171e-27 -2.388037959552877081e-28 -3.975009503968524871e-29 -5.909378570427130042e-30 -7.301900002441709356e-31 0.000000000000000000e+00
0.000000000000000000e+00 4.020445710740039070e-31 -2.009906629553844502e-30 1.311463427310132119e-29 -8.829929382606809431e-29 6.502715954754242936e-28 -3.950242598062113685e-27 3.006085077458231371e-26 -1.092056233246001695e-25 1.289241660082171703e-24 1.777460290227207076e-24 7.267612392310232762e-23 5.065814147188222451e-22 5.387278076321977349e-21 4.424964701965643274e-20 3.567129060619091595e-19 2.580028708988898755e-18 1.693139360641209912e-17 9.853913188185589480e-17 4.985008461332691557e-16 2.128779583218939753e-15 7.372818264687247496e-15 1.957537115836110736e-14 3.699872392417272976e-14 4.715190624926289047e-14 4.715265392607136542e-14 3.700118846991924818e-14 1.957812376672451583e-14 7.374669172554542765e-15 2.129954889274565224e-15 4.990212230803296152e-16 9.874423828323005742e-17 1.699668645996325938e-17 2.603297935036058437e-18 3.616857888826920376e-19 4.650164847731865442e-20 5.693417597460638915e-21 6.990071142939736766e-22 9.379511350218272636e-23 1.496791375120678604e-23 2.833081109397119439e-24 5.833366097717777533e-25 1.200872794588603992e-25 2.350148498084788279e-26 4.237110560757092916e-27 6.802338667816948961e-28 9.066933540611642535e-29 7.750856358772111692e-30 -5.866184253989950934e-31 0.000000000000000000e+00
0.000000000000000000e+00 -1.755938446268142155e-30 1.048610219702093905e-29 -7.487372619298560348e-29 5.815816436198864157e-28 -3.728535363976065140e-27 3.006085077458044830e-26 -1.163668945980019878e-25 1.456326526768794415e-24 2.017315464867071147e-24 9.327446593316431996e-23 6.888592798804108034e-22 7.979580259749847350e-21 7.101603383496558076e-20 6.290785188660090335e-19 5.039662858576759184e-18 3.715422935237495768e-17 2.469375447261244281e-16 1.458473331929392259e-15 7.487850380202806979e-15 3.246105956453633502e-14 1.140771939638655686e-13 3.069033020469129231e-13 5.851886331556424495e-13 7.456508441904515030e-13 7.456400314083455724e-13 5.851512424432500140e-13 3.068613303489205419e-13 1.140485777319634617e-13 3.244205398000869438e-14 7.479627632123535509e-15 1.455261025771949027e-15 2.459078694066963575e-16 3.684266667499470693e-17 4.965704811920364179e-18 6.073262627567059332e-19 6.743012428040410715e-20 6.678389161814776811e-21 5.475811833513120053e-22 2.430191978506864012e-23 -3.790059352255179199e-24 -1.547037048958102129e-24 -3.565404237690599760e-25 -6.596945441429119766e-26 -9.916945379229613280e-27 -9.980107282579013489e-28 3.872364393291332710e-29 5.778704161947519546e-29 2.114934359487512691e-29 0.000000000000000000e+00
0.000000000000000000e+00 8.661753180491043845e-30 -5.641948409366219225e-29 4.647730216757771271e-28 -3.133298392401785934e-27 2.673538131832969952e-26 -1.092056233245710576e-25 1.456326526768685498e-24 2.102775080904066516e-24 1.055927841929991975e-22 8.270928609414473023e-22 1.033884388601002895e-20 9.908357354956103703e-20 9.553388117903318479e-19 8.384603947243891993e-18 6.847812457291310732e-17 5.106432879683392750e-16 3.441481137928815574e-15 2.060938289068845380e-14 1.073525420417901665e-13 4.722187775330796538e-13 1.683874635125151965e-12 4.589498601125587818e-12 8.828606310184701849e-12 1.124597383388012616e-11 1.124610319811030523e-11 8.829079384067247944e-12 4.590031794611706120e-12 1.684245002259452890e-12 4.724760581655045957e-13 1.074617370176395989e-13 2.065288714433099462e-14 3.455461601568283537e-15 5.147152820465012908e-16 6.949085402974374917e-17 8.636658180751309537e-18 1.003540030115860927e-18 1.110106162898287778e-19 1.197849191436070346e-20 1.303370009470884783e-21 1.484336170329516423e-22 1.804841865820208577e-23 2.275572029946269509e-24 2.667827766862145126e-25 2.026053271501603408e-26 -2.457443512564819163e-27 -1.778944861094567029e-27 -5.956276873068097088e-28 -1.612299643177364126e-28 0.000000000000000000e+00
0.000000000000000000e+00 -4.401539008891291761e-29 3.291962497676647752e-28 -2.340148365516749452e-27 2.111995352614012643e-26 -9.016800845156225905e-26 1.289241660081906666e-24 2.017315464868445741e-24 1.055927841929944485e-22 8.788574896660014344e-22 1.175830542621095596e-20 1.207682817534732788e-19 1.257617949106854240e-18 1.198690090054803916e-17 1.072503283465374301e-16 8.849142212928427848e-16 6.685025986921772072e-15 4.562693467311471474e-14 2.769146306776745986e-13 1.462221938816911431e-12 6.524523396882709373e-12 2.359379093879142676e-11 6.514460391057106363e-11 1.264207210316493107e-10 1.609400585938704272e-10 1.609387768605513079e-10 1.264157008237262682e-10 6.513892711136933755e-11 2.358976146090247541e-11 6.521595806968321344e-12 1.461009792879841876e-12 2.764165604260324587e-13 4.546767246430225831e-14 6.638716649423955365e-15 8.731884259649189636e-16 1.044706733670456385e-16 1.142017372529071210e-17 1.137112461168589032e-18 1.013236068463652999e-19 7.639240358631768800e-21 3.917543117881738546e-22 -8.459184398941859119e-24 -5.961235426719367544e-24 -9.219242998592575889e-25 -4.388294817374918344e-26 2.428961614635422281e-26 1.131909514344259960e-26 3.395028229811239129e-27 8.636645402411968139e-28 0.000000000000000000e+00
0.000000000000000000e+00 2.388162655155864520e-28 -1.537889111109418472e-27 1.478216614836238624e-26 -6.529625004740307238e-26 1.008963720172014627e-24 1.777460290229240681e-24 9.327446593315178919e-23 8.270928609415016572e-22 1.175830542621081302e-20 1.289627596775690561e-19 1.441360595790233134e-18 1.481732933486928665e-17 1.439649038148727220e-16 1.300004476131695718e-15 1.085615524711530305e-14 8.294961085667119627e-14 5.729683396493788200e-13 3.519903143291367906e-12 1.882971120993592472e-11 8.513744261980307208e-11 3.120929004867922737e-10 8.725465058313050317e-10 1.707895012423097151e-09 2.172429878067285464e-09 2.172440335808538794e-09 1.707939728064475364e-09 8.725971904813864009e-10 3.121297782286773375e-10 8.516547087925988838e-11 1.884093051175268600e-11 3.524704664148614563e-12 5.744812812660695629e-13 8.339431541748361678e-14 1.096932508467863740e-14 1.326507724656627927e-15 1.495047705436753112e-16 1.593605826464119701e-17 1.635018293371331359e-18 1.650050877133753232e-19 1.677476808273178317e-20 1.748088827390480767e-21 1.857946108404609264e-22 1.916045580024415158e-23 1.633717201859884183e-24 2.943527771386554580e-26 -3.700367532259051470e-26 -1.364480952345267562e-26 -3.626082155589625463e-27 0.000000000000000000e+00
0.000000000000000000e+00 -1.044943786045451442e-27 9.079413762681356517e-27 -4.125089612852204886e-26 6.960576692500052136e-25 1.429879567173087720e-24 7.267612392308729305e-23 6.888592798804917715e-22 1.033884388600964376e-20 1.207682817534743381e-19 1.441360595790233520e-18 1.589568304423031075e-17 1.665614285780027121e-16 1.632178014535570558e-15 1.490584743394433716e-14 1.257558767633307628e-13 9.710606359492710848e-13 6.777791225650369385e-12 4.210393368936760905e-11 2.278113727404018732e-10 1.042819041784192793e-09 3.870807859848565745e-09 1.095179030561482794e-08 2.161446018377324951e-08 2.746088694405869887e-08 2.746081768720744336e-08 2.161412702651234463e-08 1.095141223531750093e-08 3.870524838843434870e-09 1.042593929260118940e-09 2.277253126036023330e-10 4.206507152027681231e-11 6.765888107229599827e-12 9.674910662352022718e-13 1.248515148483944184e-13 1.469430751774218463e-14 1.587610214405686725e-15 1.577349138528857824e-16 1.432708441510415494e-17 1.164488200323227077e-18 7.945809688397092067e-20 3.521675491223870896e-21 -1.232368429256084438e-22 -5.653124209701492661e-23 -8.399341758711277465e-24 -6.594015003674593931e-25 5.830915517184026564e-26 4.105045800712203936e-26 1.236427281724138117e-26 0.000000000000000000e+00
0.000000000000000000e+00 5.566087376519036502e-27 -2.231697821027266279e-26 4.214959303195807113e-25 1.041075765670352233e-24 4.980336948316649307e-23 5.065814147189034953e-22 7.979580259749361354e-21 9.908357354956293888e-20 1.257617949106852891e-18 1.481732933486926508e-17 1.665614285780028600e-16 1.759844332425766044e-15 1.743352503035138311e-14 1.607198755519925309e-13 1.368712805376519220e-12 1.066224128099861277e-11 7.509937527915340950e-11 4.707208788384342048e-10 2.572200617770829872e-09 1.189735133606268754e-08 4.465982242772658510e-08 1.277356008265780856e-07 2.540303128964493515e-07 3.222376349003093071e-07 3.222379962087530586e-07 2.540323730040171441e-07 1.277379372411759410e-07 4.466163042089865975e-08 1.189885728034244190e-08 2.572741198518997137e-09 4.709834744024596482e-10 7.517593769009802440e-11 1.068599085179068919e-11 1.374626359602661056e-12 1.621079524879017791e-13 1.772495020508305461e-14 1.816835550640951229e-15 1.767170098430645155e-16 1.655391269593434138e-17 1.521179180616905388e-18 1.399947266077948990e-19 1.312038363376861817e-20 1.252745346873028763e-21 1.179388329062209719e-22 9.877640706279457177e-24 4.654798610984314992e-25 -7.933204567906859005e-26 -3.582032430078725744e-26 0.000000000000000000e+00
0.000000000000000000e+00 -1.292474396805007035e-26 2.218350968892228623e-25 6.786945471439774236e-25 2.988475956212648248e-23 3.276645112640315322e-22 5.387278076321563575e-21 7.101603383496791595e-20 9.553388117903264553e-19 1.198690090054803916e-17 1.439649038148729192e-16 1.632178014535570360e-15 1.743352503035137365e-14 1.742879920791859238e-13 1.620819835141808908e-12 1.390869148139324041e-11 1.091447572290425733e-10 7.737975342911463703e-10 4.883638112718374772e-09 2.687414062925159606e-08 1.253152192337705133e-07 4.746499167854585670e-07 1.370212667501272112e-06 2.743076847654439698e-06 3.472406549531691400e-06 3.472405161472968771e-06 2.743066414888115289e-06 1.370200875060881683e-06 4.746404250381341382e-07 1.253069317692940761e-07 2.687141849081831731e-08 4.882170878014999482e-09 7.734043688221176217e-10 1.090152781068323180e-10 1.387776567904147530e-11 1.613492123015618792e-12 1.727801093056709752e-13 1.714416861377089291e-14 1.581729902277842949e-15 1.357042620722026174e-16 1.077479082099980659e-17 7.817121520069187738e-19 5.051648100715390983e-20 2.795348795324576624e-21 1.365194889392498218e-22 1.159634659551416010e-23 2.802156784435335055e-24 7.379018835737259212e-25 1.690136580885349093e-25 0.000000000000000000e+00
0.000000000000000000e+00 1.096745495973033725e-25 3.945060284561055151e-25 1.560932174135668617e-23 1.853824029594373711e-22 3.164944291468995497e-21 4.424964701965858136e-20 6.290785188660016187e-19 8.384603947243925889e-18 1.072503283465375040e-16 1.300004476131697691e-15 1.490584743394431822e-14 1.607198755519926571e-13 1.620819835141807898e-12 1.518185398951272658e-11 1.311024208969613294e-10 1.033642283199172080e-09 7.358500179435012222e-09 4.659416225307124201e-08 2.573424527356357807e-07 1.205268574241010580e-06 4.591773730372557297e-06 1.334473504299095757e-05 2.684837096543416697e-05 3.389506344550835483e-05 3.389506660760309995e-05 2.684841332691526711e-05 1.334478254487952418e-05 4.591813847598564051e-06 1.205305350864878507e-06 2.573530265138010041e-07 4.660084278426908712e-08 7.360039409858327339e-09 1.034211201078143963e-09 1.312258627632034117e-10 1.521183929878562488e-11 1.626618273020730877e-12 1.617825029369733239e-13 1.507583512328187213e-14 1.324413337053821405e-15 1.101382869152919348e-16 8.659009835394383436e-18 6.332461760938598957e-19 4.044783704832159112e-20 1.677569095657381102e-21 -9.877640678204932815e-23 -4.246999862365499341e-23 -8.475004452591203100e-24 -1.409990456173386254e-24 0.000000000000000000e+00
0.000000000000000000e+00 1.740438611207879237e-25 7.034258251535842190e-24 9.106623874685177784e-23 1.606466405478607919e-21 2.380441818112681137e-20 3.567129060619017447e-19 5.039662858576810799e-18 6.847812457291303336e-17 8.849142212928441653e-16 1.085615524711528412e-14 1.257558767633310405e-13 1.368712805376516999e-12 1.390869148139325171e-11 1.311024208969613552e-10 1.136693278750260026e-09 8.984088426368226275e-09 6.397677183524809269e-08 4.047669871517215141e-07 2.232118899614296069e-06 1.044557403802494644e-05 3.982907555656373284e-05 1.160690201087715708e-04 2.340575998370414185e-04 2.944351399007493061e-04 2.944351416332492461e-04 2.340574665677889056e-04 1.160688731596855062e-04 3.982894356791345824e-05 1.044544662737340836e-05 2.232089663848413260e-06 4.047427210681836975e-07 6.397266061397606432e-08 8.982119757332320774e-09 1.136360086951916764e-09 1.310147208753691623e-10 1.389521305080830840e-11 1.366670293367695781e-12 1.255868888960164919e-13 1.086740744281845495e-14 8.950910498349974397e-16 7.151384585262871105e-17 5.750702017354853958e-18 4.958392462258145934e-19 4.919594144305226785e-20 5.729087206257379882e-21 7.442936737525181535e-22 1.008517068225350710e-22 1.355253529137568643e-23 0.000000000000000000e+00
0.000000000000000000e+00 2.762387234365079382e-24 3.849183689828696816e-23 6.980205076740310257e-22 1.095476185948868579e-20 1.726134131633322876e-19 2.580028708988934963e-18 3.715422935237482826e-17 5.106432879683403597e-16 6.685025986921764183e-15 8.294961085667132249e-14 9.710606359492694692e-13 1.066224128099862085e-11 1.091447572290425604e-10 1.033642283199172700e-09 8.984088426368224621e-09 7.094708956933249259e-08 5.033575229176772815e-07 3.163353319793155547e-06 1.729707334071705173e-05 8.024091964773951661e-05 3.038808427181176981e-04 8.823026775919165596e-04 1.775417987124662447e-03 2.222664854286786774e-03 2.222664804297821116e-03 1.775418293134435306e-03 8.823030025864430758e-04 3.038811610596918282e-04 8.024124521250722048e-05 1.729711834432969106e-05 3.163421569887575187e-06 5.033620284476010350e-07 7.095229641427292290e-08 8.984396858740181786e-09 1.033780280928687386e-09 1.091378935701474100e-10 1.065725422105329599e-11 9.687546555146515300e-13 8.229026315162053526e-14 6.523592248339734502e-15 4.759971421702959452e-16 3.037087064322722113e-17 1.361497245788872354e-18 -3.311655240594067413e-20 -2.143231545890163967e-20 -4.180831762430513501e-21 -6.524318963232080615e-22 -9.132066905291802091e-23 0.000000000000000000e+00
0.000000000000000000e+00 1.367619728297532435e-23 2.565573161408330501e-22 4.261651857658875754e-21 7.044345360970165176e-20 1.111815874645023263e-18 1.693139360641199435e-17 2.469375447261254635e-16 3.441481137928808869e-15 4.562693467311476523e-14 5.729683396493780122e-13 6.777791225650372616e-12 7.509937527915339657e-11 7.737975342911461635e-10 7.358500179435011395e-09 6.397677183524813240e-08 5.033575229176771756e-07 3.539988477678789768e-06 2.194171625062357866e-05 1.178000093274249717e-04 5.353758456045741446e-04 1.989088667064002093e-03 5.692666461289414524e-03 1.134415311504367689e-02 1.410609274488056411e-02 1.410609296811220909e-02 1.134415266164923164e-02 5.692666029027690713e-03 1.989088173343463682e-03 5.353753015949656250e-04 1.178000308885291650e-04 2.194157334457814572e-05 3.540005686795923476e-06 5.033473131072100300e-07 6.397894335127009381e-08 7.358669464962733218e-09 7.740319798244029918e-10 7.516214339325456688e-11 6.796859285737870401e-12 5.775885252227074973e-13 4.666224503894166401e-14 3.652123343474496107e-15 2.866786570747309544e-16 2.391789957531974966e-17 2.268065030383097976e-18 2.508666034008907411e-19 3.107465029577039396e-20 4.041707004885960906e-21 5.228324282950442246e-22 0.000000000000000000e+00
0.000000000000000000e+00 7.850014876661009702e-23 1.380241517230998640e-21 2.387838275658727934e-20 3.971586551896213016e-19 6.381525514014562502e-18 9.853913188185626458e-17 1.458473331929389103e-15 2.060938289068848220e-14 2.769146306776743462e-13 3.519903143291369925e-12 4.210393368936762843e-11 4.707208788384341014e-10 4.883638112718376426e-09 4.659416225307125524e-08 4.047669871517214612e-07 3.163353319793157241e-06 2.194171625062357528e-05 1.329801715412058183e-04 6.918883195959852966e-04 3.026410827953994638e-03 1.080880761995123979e-02 2.992519656685246193e-02 5.824172606829565446e-02 7.169145035024644674e-02 7.169144981316298570e-02 5.824172636376745427e-02 2.992519668812145678e-02 1.080880791741556032e-02 3.026411218858750252e-03 6.918880444880352041e-04 1.329803857610121001e-04 2.194161504338936554e-05 3.163368140804206233e-06 4.047536743081386296e-07 4.659234297748232862e-08 4.882414541123868230e-09 4.704233613662711654e-10 4.201726996665450930e-11 3.499777905453896478e-12 2.724820315706722128e-13 1.972107118939099443e-14 1.292486163131631190e-15 6.953710249570936924e-17 1.607981332160845253e-18 -3.460041239770000714e-19 -8.616992270607939152e-20 -1.415121446632347759e-20 -2.004487814008238066e-21 0.000000000000000000e+00
0.000000000000000000e+00 3.637939450845423215e-22 6.592130150871947599e-21 1.152823687483387249e-19 1.949766697768635343e-18 3.179601095213612820e-17 4.985008461332683669e-16 7.487850380202818024e-15 1.073525420417901033e-13 1.462221938816911431e-12 1.882971120993593765e-11 2.278113727404016406e-10 2.572200617770831526e-09 2.687414062925159275e-08 2.573424527356358336e-07 2.232118899614296916e-06 1.729707334071704835e-05 1.178000093274249581e-04 6.918883195959854050e-04 3.432466567207758529e-03 1.408013793153064380e-02 4.670734614204183344e-02 1.208096971609307624e-01 2.233816079734510796e-01 2.703724308990292369e-01 2.703724315452338267e-01 2.233816080786846514e-01 1.208096976596280403e-01 4.670734651455830250e-02 1.408013828856131099e-02 3.432467055956076821e-03 6.918880866461206034e-04 1.178002572236483636e-04 1.729705654992073899e-05 2.232159491053127287e-06 2.573484385645203112e-07 2.687801082951506588e-08 2.573095644336963530e-09 2.280770315013800455e-10 1.888999270923495567e-11 1.475523958108305694e-12 1.099998880997363464e-13 7.981340250084191568e-15 5.844998984667220707e-16 4.592037595228349600e-17 4.145876007667818704e-18 4.399608826003352839e-19 5.239198580074929789e-20 6.498524430006406105e-21 0.000000000000000000e+00
0.000000000000000000e+00 1.440724463031280048e-21 2.649022778328413384e-20 4.703350094989291235e-19 8.077101978323461779e-18 1.337400639792143022e-16 2.128779583218938570e-15 3.246105956453634764e-14 4.722187775330794519e-13 6.524523396882711796e-12 8.513744261980300745e-11 1.042819041784193620e-09 1.189735133606268919e-08 1.253152192337705133e-07 1.205268574241011004e-06 1.044557403802494305e-05 8.024091964773948950e-05 5.353758456045746867e-04 3.026410827953996373e-03 1.408013793153063686e-02 5.234510225504651615e-02 1.523671986555565905e-01 3.441246686143575872e-01 5.689584785017099966e-01 6.663276349872403470e-01 6.663276349538115317e-01 5.689584786584378495e-01 3.441246683649706317e-01 1.523671982346722631e-01 5.234510169324030349e-02 1.408013794814926348e-02 3.026411025184912867e-03 5.353755252081896995e-04 8.024092842102803589e-05 1.044549831663680574e-05 1.205256984910853649e-06 1.253073955578132316e-07 1.189564547880031607e-08 1.042291640968914486e-09 8.502158708501483092e-11 6.498754601504476119e-12 4.671505268415746380e-13 3.151924296576752462e-14 1.965600158583733761e-15 1.070631772423428458e-16 3.947581991467620376e-18 -1.375613663654169878e-19 -5.893509010365021112e-20 -9.958630290276776042e-21 0.000000000000000000e+00
0.000000000000000000e+00 4.643481408618111249e-21 8.650279510490084064e-20 1.558847791281609564e-18 2.716131575853565380e-17 4.564021759233481644e-16 7.372818264687253806e-15 1.140771939638655181e-13 1.683874635125153177e-12 2.359379093879141060e-11 3.120929004867924288e-10 3.870807859848567400e-09 4.465982242772654539e-08 4.746499167854590964e-07 4.591773730372558991e-06 3.982907555656374640e-05 3.038808427181178065e-04 1.989088667064001659e-03 1.080880761995123458e-02 4.670734614204183344e-02 1.523671986555565905e-01 3.599844729623507544e-01 6.321406344320538162e-01 8.235012746072860601e-01 8.939777842333112012e-01 8.939777836170131886e-01 8.235012737786193693e-01 6.321406336994210839e-01 3.599844722935821584e-01 1.523671979695526979e-01 4.670734541998709105e-02 1.080880763342176656e-02 1.989088832740584355e-03 3.038808747896111625e-04 3.982914427373940677e-05 4.591784544672794531e-06 4.746574408025183693e-07 4.466122368650514937e-08 3.871277335545525317e-09 3.121857559397161005e-10 2.361472375478634603e-11 1.687785523215156347e-12 1.147903727670070017e-13 7.492547944689786182e-15 4.754692591068672121e-16 3.003323270529922798e-17 1.970346772360550212e-18 1.427960496692189710e-19 1.195847212683839194e-20 0.000000000000000000e+00
0.000000000000000000e+00 1.156335899349147998e-20 2.181814919063189877e-19 3.981145377710418548e-18 7.026300301082437316e-17 1.196092804675707727e-15 1.957537115836108211e-14 3.069033020469131250e-13 4.589498601125588626e-12 6.514460391057101194e-11 8.725465058313056520e-10 1.095179030561481636e-08 1.277356008265780856e-07 1.370212667501271688e-06 1.334473504299096095e-05 1.160690201087715302e-04 8.823026775919162344e-04 5.692666461289415392e-03 2.992519656685246193e-02 1.208096971609306791e-01 3.441246686143573652e-01 6.321406344320538162e-01 8.415604995119839726e-01 9.419707720853081057e-01 9.732724943065440559e-01 9.732724941713041256e-01 9.419707714916756292e-01 8.415604991773273369e-01 6.321406344214161033e-01 3.441246688033544610e-01 1.208096967755073886e-01 2.992519611633265644e-02 5.692666634149815864e-03 8.823026362084014553e-04 1.160690703379435481e-04 1.334474603637938100e-05 1.370218877906277819e-06 1.277374220243309649e-07 1.095230099295209467e-08 8.726766771708898204e-10 6.517338844836360648e-11 4.595557252180836529e-12 3.080601984040228792e-13 1.978407032623624323e-14 1.231334304301791881e-15 7.589891886155632922e-17 4.836789142082116972e-18 3.420281842073472078e-19 2.856318358513426873e-20 0.000000000000000000e+00
0.000000000000000000e+00 2.095720293513572197e-20 3.986052123211332228e-19 7.333623073004679842e-18 1.305263676262157098e-16 2.241079138284208874e-15 3.699872392417273607e-14 5.851886331556420456e-13 8.828606310184700233e-12 1.264207210316493624e-10 1.707895012423096738e-09 2.161446018377326275e-08 2.540303128964491927e-07 2.743076847654439275e-06 2.684837096543416359e-05 2.340575998370412016e-04 1.775417987124661362e-03 1.134415311504367342e-02 5.824172606829560589e-02 2.233816079734508575e-01 5.689584785017094415e-01 8.235012746072853940e-01 9.419707720853073285e-01 9.833137934944199410e-01 9.941105372708201049e-01 9.941105376633129209e-01 9.833137947361941800e-01 9.419707727665276309e-01 8.235012756875093043e-01 5.689584798256427378e-01 2.233816085645295990e-01 5.824172597502280668e-02 1.134415251191553918e-02 1.775417831052482744e-03 2.340574156970404282e-04 2.684833118014546616e-05 2.743056161801284854e-06 2.540257772309127614e-07 2.161307957166402676e-08 1.707602296021233012e-09 1.263555422510565430e-10 8.816042595861332619e-12 5.828656311100616005e-13 3.660004573725541207e-14 2.176293942849431252e-15 1.205567341195610969e-16 5.873230490957366226e-18 1.943232952641733678e-19 -6.199508991989019151e-21 0.000000000000000000e+00
0.000000000000000000e+00 2.666369676016073765e-20 5.074525099978226009e-19 9.340480074832429620e-18 1.663043930570788377e-16 2.855864756918989504e-15 4.715190624926290309e-14 7.456508441904503923e-13 1.124597383388014554e-11 1.609400585938703238e-10 2.172429878067286705e-09 2.746088694405868895e-08 3.222376349003089894e-07 3.472406549531690553e-06 3.389506344550836161e-05 2.944351399007492519e-04 2.222664854286786774e-03 1.410609274488055544e-02 7.169145035024640511e-02 2.703724308990291259e-01 6.663276349872391258e-01 8.939777842333108682e-01 9.732724943065435008e-01 9.941105372708198828e-01 9.984919435186133674e-01 9.984919444798228128e-01 9.941105388585828040e-01 9.732724960008340975e-01 8.939777860298304679e-01 6.663276369487166617e-01 2.703724326372168307e-01 7.169145098685814066e-02 1.410609296326852981e-02 2.222664931753448331e-03 2.944351292733839989e-04 3.389505972493836016e-05 3.472402643737659338e-06 3.222362990326600291e-07 2.746046700457521441e-08 2.172312864133630632e-09 1.609127030641217806e-10 1.123984544098323474e-11 7.444299837058742767e-13 4.692138719459644786e-14 2.815453813459484547e-15 1.596010656373050966e-16 8.288337361724755258e-18 3.502715046079301273e-19 4.446964563029861501e-21 0.000000000000000000e+00
0.000000000000000000e+00 2.666235156872905994e-20 5.074521761019761702e-19 9.340414590693034719e-18 1.663063268951011918e-16 2.855822332413807778e-15 4.715265392607127707e-14 7.456400314083462793e-13 1.124610319811029715e-11 1.609387768605513854e-10 2.172440335808538381e-09 2.746081768720744005e-08 3.222379962087528998e-07 3.472405161472970041e-06 3.389506660760309995e-05 2.944351416332492461e-04 2.222664804297821550e-03 1.410609296811221082e-02 7.169144981316298570e-02 2.703724315452336602e-01 6.663276349538104215e-01 8.939777836170120784e-01 9.732724941713037925e-01 9.941105376633129209e-01 9.984919444798239230e-01 9.984919446863700365e-01 9.941105401452161594e-01 9.732724966108841080e-01 8.939777860642376117e-01 6.663276374790098044e-01 2.703724336676068263e-01 7.169145197138603043e-02 1.410609360605998182e-02 2.222665256193672584e-03 2.944352640993034708e-04 3.389510763783748579e-05 3.472417577800527569e-06 3.222404567802707289e-07 2.746151529442546178e-08 2.172554835384306086e-09 1.609642890181831553e-10 1.125007744888158982e-11 7.463299104023522217e-13 4.725340519091915045e-14 2.870310858281679645e-15 1.682050274134795442e-16 9.573932258929852680e-18 5.338099766485706346e-19 2.935305981021477165e-20 0.000000000000000000e+00
0.000000000000000000e+00 2.095432822707466312e-20 3.985973785943207062e-19 7.333470673876978332e-18 1.305320617077060918e-16 2.240945627587012005e-15 3.700118846991915351e-14 5.851512424432507208e-13 8.829079384067239866e-12 1.264157008237262940e-10 1.707939728064474123e-09 2.161412702651232147e-08 2.540323730040170382e-07 2.743066414888113595e-06 2.684841332691525695e-05 2.340574665677888514e-04 1.775418293134435523e-03 1.134415266164923164e-02 5.824172636376746814e-02 2.233816080786845404e-01 5.689584786584375165e-01 8.235012737786190362e-01 9.419707714916751851e-01 9.833137947361951792e-01 9.941105388585836922e-01 9.941105401452163814e-01 9.833137962164062440e-01 9.419707739982485784e-01 8.235012762165870859e-01 5.689584808796237514e-01 2.233816107931473338e-01 5.824172847085938576e-02 1.134415435162430472e-02 1.775418843848568890e-03 2.340578629850413638e-04 2.684849691435106479e-05 2.743109278422867255e-06 2.540408290011783353e-07 2.161691381329155822e-08 1.708491737666270227e-09 1.265453855119544470e-10 8.853642710002736255e-12 5.898248532138546464e-13 3.781091290709675204e-14 2.375365682236429511e-15 1.516176016115308601e-16 1.049042513435166438e-17 8.502869037034980660e-19 8.242646114029795641e-20 0.000000000000000000e+00
0.000000000000000000e+00 1.155985623947022072e-20 2.181721258890452810e-19 3.980986906829478164e-18 7.026922907908664779e-17 1.195944749806600490e-15 1.957812376672447166e-14 3.068613303489207943e-13 4.590031794611699658e-12 6.513892711136931170e-11 8.725971904813861941e-10 1.095141223531748935e-08 1.277379372411758616e-07 1.370200875060881259e-06 1.334478254487952080e-05 1.160688731596855333e-04 8.823030025864430758e-04 5.692666029027690713e-03 2.992519668812144637e-02 1.208096976596280125e-01 3.441246683649705762e-01 6.321406336994200847e-01 8.415604991773268928e-01 9.419707727665277419e-01 9.732724960008335424e-01 9.732724966108837750e-01 9.419707739982486894e-01 8.415605026043584402e-01 6.321406371623795595e-01 3.441246714286931851e-01 1.208097000095924717e-01 2.992519925679720458e-02 5.692668867051802438e-03 8.823038607843331068e-04 1.160696155774797671e-04 1.334495078004271745e-05 1.370285549074154794e-06 1.277566442012024620e-07 1.095728693757424646e-08 8.738549603542151844e-10 6.542967556438062765e-11 4.647295277853233404e-12 3.178220463307222989e-13 2.151572785365765796e-14 1.521603515086230260e-15 1.220789993015616956e-16 1.183662194048153623e-17 1.356099232381102364e-18 1.682230614863364692e-19 0.000000000000000000e+00
0.000000000000000000e+00 4.636390607717512314e-21 8.651736648279653015e-20 1.558637382042684946e-18 2.716587390929623540e-17 4.563024225067772983e-16 7.374669172554530143e-15 1.140485777319634869e-13 1.684245002259452486e-12 2.358976146090245926e-11 3.121297782286773375e-10 3.870524838843431561e-09 4.466163042089863328e-08 4.746404250381340853e-07 4.591813847598560663e-06 3.982894356791345824e-05 3.038811610596918824e-04 1.989088173343463248e-03 1.080880791741556032e-02 4.670734651455828168e-02 1.523671982346721798e-01 3.599844722935817698e-01 6.321406344214163253e-01 8.235012756875096374e-01 8.939777860298306900e-01 8.939777860642371676e-01 8.235012762165867528e-01 6.321406371623795595e-01 3.599844748263529293e-01 1.523672003019826138e-01 4.670734867654492695e-02 1.080881109883430856e-02 1.989091438282553168e-03 3.038823599293581841e-04 3.982982546159546093e-05 4.592046702928031786e-06 4.747446454808995575e-07 4.468684848775259319e-08 3.878040093110212925e-09 3.138096881895475076e-10 2.397324821588851109e-11 1.761183574310281031e-12 1.288235259275393107e-13 1.001337792843241880e-14 9.031162961135574805e-16 9.885331068211089372e-17 1.251714712391203806e-17 1.686953054408914903e-18 2.267320144153827297e-19 0.000000000000000000e+00
0.000000000000000000e+00 1.434346056922423051e-21 2.650651548151722705e-20 4.701826880036901788e-19 8.079858368103660631e-18 1.336792939401435457e-16 2.129954889274566801e-15 3.244205398000866283e-14 4.724760581655051006e-13 6.521595806968310842e-12 8.516547087925997885e-11 1.042593929260118320e-09 1.189885728034244024e-08 1.253069317692940231e-07 1.205305350864878718e-06 1.044544662737340497e-05 8.024124521250726113e-05 5.353753015949657334e-04 3.026411218858751119e-03 1.408013828856130752e-02 5.234510169324026185e-02 1.523671979695526701e-01 3.441246688033545720e-01 5.689584798256428488e-01 6.663276369487173278e-01 6.663276374790092493e-01 5.689584808796233073e-01 3.441246714286931296e-01 1.523672003019825860e-01 5.234510378919259022e-02 1.408014125264735183e-02 3.026414651941046995e-03 5.353782659891036634e-04 8.024248863434183248e-05 1.044621196222297721e-05 1.205530866827787393e-06 1.253982848779137504e-07 1.192230555271998801e-08 1.049319475350981098e-09 8.670824174130869527e-11 6.871136064375040624e-12 5.434284908668449877e-13 4.611856385192301709e-14 4.592145222614202560e-15 5.535165519114429076e-16 7.596306441223222187e-17 1.092889293650528602e-17 1.566242017834073442e-18 2.168123775214221631e-19 0.000000000000000000e+00
0.000000000000000000e+00 3.570843296700659067e-22 6.617940761286040511e-21 1.151139985085704393e-19 1.951472037661571783e-18 3.176722312056084282e-17 4.990212230803314888e-16 7.479627632123514999e-15 1.074617370176398134e-13 1.461009792879839048e-12 1.884093051175271185e-11 2.277253126036021262e-10 2.572741198518996723e-09 2.687141849081830076e-08 2.573530265138011629e-07 2.232089663848412413e-06 1.729711834432969445e-05 1.178000308885291243e-04 6.918880444880349872e-04 3.432467055956075087e-03 1.408013794814924786e-02 4.670734541998707023e-02 1.208096967755073609e-01 2.233816085645295157e-01 2.703724326372170528e-01 2.703724336676066597e-01 2.233816107931471673e-01 1.208097000095924300e-01 4.670734867654490613e-02 1.408014125264734837e-02 3.432470591447710651e-03 6.918911563436462879e-04 1.178022720151369993e-04 1.729811096476244314e-05 2.232618036220788256e-06 2.575192643983913285e-07 2.693378235457793923e-08 2.589334553352416606e-09 2.323524296048308231e-10 1.991919469305414940e-11 1.704134643689065086e-12 1.572145555254301210e-13 1.710661433116301262e-14 2.244106708698795132e-15 3.313066265134973110e-16 5.074136119096708668e-17 7.689888754961694648e-18 1.130635847617658056e-18 1.588390345915791282e-19 0.000000000000000000e+00
0.000000000000000000e+00 7.220335378081761167e-23 1.408102129508731147e-21 2.371863522889824385e-20 3.982554377093866921e-19 6.368776244214011869e-18 9.874423828323063673e-17 1.455261025771944491e-15 2.065288714433103564e-14 2.764165604260318528e-13 3.524704664148621025e-12 4.206507152027676061e-11 4.709834744024599584e-10 4.882170878014993691e-09 4.660084278426914006e-08 4.047427210681834328e-07 3.163421569887574340e-06 2.194157334457815927e-05 1.329803857610121272e-04 6.918880866461208203e-04 3.026411025184911566e-03 1.080880763342176136e-02 2.992519611633264603e-02 5.824172597502279974e-02 7.169145098685812678e-02 7.169145197138600267e-02 5.824172847085936494e-02 2.992519925679721846e-02 1.080881109883431203e-02 3.026414651941047428e-03 6.918911563436462879e-04 1.329826865304761536e-04 2.194300107997094117e-05 3.164060504108061710e-06 4.050469446675293240e-07 4.669992145861327643e-08 4.917212631773258255e-09 4.804995796625868613e-10 4.466192344609125613e-11 4.135509772873454240e-12 4.136671879356420462e-13 4.890257062584278316e-14 6.941282879141894591e-15 1.099169181781673929e-15 1.791597479701687489e-16 2.873899492854936907e-17 4.456238031279096173e-18 6.642242994440223689e-19 9.425830970128162292e-20 0.000000000000000000e+00
0.000000000000000000e+00 1.090078233353910930e-23 2.682754623733185395e-22 4.199282030686710657e-21 7.082627409131778724e-20 1.107718217728075187e-18 1.699668645996345352e-17 2.459078694066952235e-16 3.455461601568291031e-15 4.546767246430219520e-14 5.744812812660704716e-13 6.765888107229590134e-12 7.517593769009808902e-11 7.734043688221168979e-10 7.360039409858330647e-09 6.397266061397603785e-08 5.033620284476010350e-07 3.540005686795925594e-06 2.194161504338937909e-05 1.178002572236484314e-04 5.353755252081898080e-04 1.989088832740583488e-03 5.692666634149813262e-03 1.134415251191554092e-02 1.410609296326852634e-02 1.410609360605996794e-02 1.134415435162430819e-02 5.692668867051801571e-03 1.989091438282553602e-03 5.353782659891038803e-04 1.178022720151370941e-04 2.194300107997095473e-05 3.540777154253025654e-06 5.037046902836098283e-07 6.412280734163018471e-08 7.409700829685474435e-09 7.901906707261315305e-10 7.978228493816958254e-11 8.001712656379853178e-12 8.666586192544527191e-13 1.109475380864599360e-13 1.698967234077862248e-14 2.882942289226072868e-15 5.004331123235822634e-16 8.509083571740772417e-17 1.393572705812693812e-17 2.188006288220135080e-18 3.292524437988711866e-19 4.711529718753358590e-20 0.000000000000000000e+00
0.000000000000000000e+00 4.795276506807062394e-25 4.955271342545239102e-23 6.360067878771701441e-22 1.129465708156734269e-20 1.703494812162208217e-19 2.603297935036110822e-18 3.684266667499444192e-17 5.147152820465018825e-16 6.638716649423952209e-15 8.339431541748367989e-14 9.674910662352012621e-13 1.068599085179069080e-11 1.090152781068322534e-10 1.034211201078144169e-09 8.982119757332320774e-09 7.095229641427293614e-08 5.033473131072103477e-07 3.163368140804207080e-06 1.729705654992073899e-05 8.024092842102807654e-05 3.038808747896112167e-04 8.823026362084013469e-04 1.775417831052482744e-03 2.222664931753447030e-03 2.222665256193670415e-03 1.775418843848568457e-03 8.823038607843332153e-04 3.038823599293584009e-04 8.024248863434192735e-05 1.729811096476247364e-05 3.164060504108066793e-06 5.037046902836100400e-07 7.110910431348182324e-08 9.046791244229528829e-09 1.055707656243655984e-09 1.160345455877223771e-10 1.262063492717761893e-11 1.479598031767997171e-12 2.047810440875287756e-13 3.378670001292494452e-14 6.143820387355780489e-15 1.136979928848625364e-15 2.052475467405205693e-16 3.556526682386820509e-17 5.890775598010350597e-18 9.329415970632511663e-19 1.415035877618861525e-19 2.040348377468068728e-20 0.000000000000000000e+00
0.000000000000000000e+00 -5.350143103464333444e-25 1.009364734503511981e-23 7.596022826665726221e-23 1.677335564416826920e-21 2.336826531494969125e-20 3.616857888827041709e-19 4.965704811920307942e-18 6.949085402974379847e-17 8.731884259649195552e-16 1.096932508467863266e-14 1.248515148483944941e-13 1.374626359602660450e-12 1.387776567904147368e-11 1.312258627632033858e-10 1.136360086951917178e-09 8.984396858740185094e-09 6.397894335127010704e-08 4.047536743081385767e-07 2.232159491053127287e-06 1.044549831663680913e-05 3.982914427373940677e-05 1.160690703379435481e-04 2.340574156970403740e-04 2.944351292733837821e-04 2.944352640993031997e-04 2.340578629850412825e-04 1.160696155774798213e-04 3.982982546159548803e-05 1.044621196222299584e-05 2.232618036220792067e-06 4.050469446675299592e-07 6.412280734163023765e-08 9.046791244229527175e-09 1.161002306700758461e-09 1.394158905609046730e-10 1.648343194390550741e-11 2.093599470587419144e-12 3.131827718164592195e-13 5.566234456506629856e-14 1.085386893608884024e-14 2.144288225503250960e-15 4.116332470570454334e-16 7.559820935707561368e-17 1.323216137080545068e-17 2.208680494153840356e-18 3.523065871901398041e-19 5.382116203700424442e-20 7.816675045415769838e-21 0.000000000000000000e+00
0.000000000000000000e+00 -3.211292145100552452e-25 2.525132967343913290e-24 3.623960049800088818e-24 2.484008685101253288e-22 2.827265131739279401e-21 4.650164847732120628e-20 6.073262627566957257e-19 8.636658180751303374e-18 1.044706733670461069e-16 1.326507724656622997e-15 1.469430751774221934e-14 1.621079524879015014e-13 1.613492123015620609e-12 1.521183929878561842e-11 1.310147208753693174e-10 1.033780280928687386e-09 7.358669464962735699e-09 4.659234297748234186e-08 2.573484385645202053e-07 1.205256984910854073e-06 4.591784544672793684e-06 1.334474603637938947e-05 2.684833118014545600e-05 3.389505972493833983e-05 3.389510763783745191e-05 2.684849691435104108e-05 1.334495078004272592e-05 4.592046702928036868e-06 1.205530866827790146e-06 2.575192643983919108e-07 4.669992145861336246e-08 7.409700829685483534e-09 1.055707656243656191e-09 1.394158905609046730e-10 1.799845826644403658e-11 2.483254056337193303e-12 4.020176209696265130e-13 7.704332331553538209e-14 1.613101803402194533e-14 3.407714642842071645e-15 6.969000525199883888e-16 1.358960051804346303e-16 2.518025836352670692e-17 4.437234786016584155e-18 7.453596067981098258e-19 1.196667364003868600e-19 1.840623397745272043e-20 2.691929958406500795e-21 0.000000000000000000e+00
0.000000000000000000e+00 -1.320749598914317171e-25 7.471581119667511110e-25 -1.905473738246751944e-24 4.113280601610632045e-23 2.793388060256864359e-22 5.693417597461133939e-21 6.743012428040259048e-20 1.003540030115857075e-18 1.142017372529084460e-17 1.495047705436740540e-16 1.587610214405696783e-15 1.772495020508299465e-14 1.727801093056714043e-13 1.626618273020728454e-12 1.389521305080833586e-11 1.091378935701473453e-10 7.740319798244029918e-10 4.882414541123871538e-09 2.687801082951504933e-08 1.253073955578132846e-07 4.746574408025177340e-07 1.370218877906278666e-06 2.743056161801283160e-06 3.472402643737655950e-06 3.472417577800522910e-06 2.743109278422863019e-06 1.370285549074154582e-06 4.747446454809001398e-07 1.253982848779140151e-07 2.693378235457800540e-08 4.917212631773267354e-09 7.901906707261326679e-10 1.160345455877224676e-10 1.648343194390551711e-11 2.483254056337194111e-12 4.365309114305141143e-13 9.042880806071314545e-14 2.037650036398329912e-14 4.613201143369097813e-15 1.007206408258694379e-15 2.089619771946889253e-16 4.106573797682040867e-17 7.653440710245817855e-18 1.356137703154195135e-18 2.291209265037180292e-19 3.701349687674706459e-20 5.730936350914430667e-21 8.439121123751328211e-22 0.000000000000000000e+00
0.000000000000000000e+00 -4.633792493019469226e-26 2.323813383470437822e-25 -1.002105756216621954e-24 8.394465867485187294e-24 1.326477831056141606e-23 6.990071142940575599e-22 6.678389161814609044e-21 1.110106162898274297e-19 1.137112461168615802e-18 1.593605826464093509e-17 1.577349138528878531e-16 1.816835550640939396e-15 1.714416861377098126e-14 1.617825029369728695e-13 1.366670293367699416e-12 1.065725422105328630e-11 7.516214339325452810e-11 4.704233613662716824e-10 2.573095644336962289e-09 1.189564547880032599e-08 4.466122368650511628e-08 1.277374220243310444e-07 2.540257772309126555e-07 3.222362990326597115e-07 3.222404567802703054e-07 2.540408290011781235e-07 1.277566442012024091e-07 4.468684848775263290e-08 1.192230555272001613e-08 2.589334553352424050e-09 4.804995796625879986e-10 7.978228493816971178e-11 1.262063492717762862e-11 2.093599470587419144e-12 4.020176209696265635e-13 9.042880806071314545e-14 2.201177896115044387e-14 5.357950484896991464e-15 1.252398720686099182e-15 2.771279653933558765e-16 5.789162724177686496e-17 1.143385680099047401e-17 2.141095458078435043e-18 3.813219165609745851e-19 6.478441369916001308e-20 1.052931200070137093e-20 1.640982072809454238e-21 2.432945655960148008e-22 0.000000000000000000e+00
0.000000000000000000e+00 -1.464791390325757301e-26 7.027698770154908238e-26 -3.484248796560820807e-25 2.044401510515143442e-24 -3.842054114118423308e-24 9.379511350219411690e-23 5.475811833513066451e-22 1.197849191436031225e-20 1.013236068463705842e-19 1.635018293371283404e-18 1.432708441510451855e-17 1.767170098430622968e-16 1.581729902277857740e-15 1.507583512328179955e-14 1.255868888960169210e-13 9.687546555146501163e-13 6.796859285737867170e-12 4.201726996665458039e-11 2.280770315013798387e-10 1.042291640968915727e-09 3.871277335545523663e-09 1.095230099295209633e-08 2.161307957166402014e-08 2.746046700457519456e-08 2.746151529442542539e-08 2.161691381329154829e-08 1.095728693757423984e-08 3.878040093110214580e-09 1.049319475350982753e-09 2.323524296048313918e-10 4.466192344609136599e-11 8.001712656379861256e-12 1.479598031767997777e-12 3.131827718164590680e-13 7.704332331553534423e-14 2.037650036398330227e-14 5.357950484896991464e-15 1.346046641643903557e-15 3.187138561979980938e-16 7.096890807456551846e-17 1.489015924448811155e-17 2.953077289275981662e-18 5.554797654812127990e-19 9.942541534249550720e-20 1.698568006545697084e-20 2.777439417332002713e-21 4.357070852965416913e-22 6.504437098749002152e-23 0.000000000000000000e+00
0.000000000000000000e+00 -4.259900037835239628e-27 2.006206408562493475e-26 -1.037655828440079254e-25 5.315453523784739588e-25 -1.818938548719532466e-24 1.496791375120778521e-23 2.430191978507285721e-23 1.303370009470784349e-21 7.639240358632736279e-21 1.650050877133671380e-19 1.164488200323287359e-18 1.655391269593398701e-17 1.357042620722048607e-16 1.324413337053811347e-15 1.086740744281850701e-14 8.229026315162043428e-14 5.775885252227066895e-13 3.499777905453905768e-12 1.888999270923493629e-11 8.502158708501496017e-11 3.121857559397160488e-10 8.726766771708897170e-10 1.707602296021233219e-09 2.172312864133630218e-09 2.172554835384304018e-09 1.708491737666271882e-09 8.738549603542146674e-10 3.138096881895476627e-10 8.670824174130878574e-11 1.991919469305418818e-11 4.135509772873462318e-12 8.666586192544528201e-13 2.047810440875286998e-13 5.566234456506627332e-14 1.613101803402194217e-14 4.613201143369097813e-15 1.252398720686099182e-15 3.187138561979978965e-16 7.592436332770921104e-17 1.697460812459425805e-17 3.574816440547723668e-18 7.118493512618558181e-19 1.345113604740514979e-19 2.419922972622682121e-20 4.157511730880347619e-21 6.840207868519881738e-22 1.080236835861232105e-22 1.624073197051611911e-23 0.000000000000000000e+00
0.000000000000000000e+00 -1.151919930420181138e-27 5.367921518920965729e-27 -2.807578461514634247e-26 1.362836126260657666e-25 -5.403149913544650836e-25 2.833081109397092256e-24 -3.790059352253418162e-24 1.484336170329287202e-22 3.917543117883504608e-22 1.677476808273042298e-20 7.945809688398024940e-20 1.521179180616853388e-18 1.077479082100012090e-17 1.101382869152905913e-16 8.950910498350035534e-16 6.523592248339723458e-15 4.666224503894158196e-14 2.724820315706731216e-13 1.475523958108302463e-12 6.498754601504488236e-12 2.361472375478633957e-11 6.517338844836361940e-11 1.263555422510565688e-10 1.609127030641218323e-10 1.609642890181830519e-10 1.265453855119546280e-10 6.542967556438057595e-11 2.397324821588851755e-11 6.871136064375043048e-12 1.704134643689067510e-12 4.136671879356423996e-13 1.109475380864598603e-13 3.378670001292490035e-14 1.085386893608883393e-14 3.407714642842070068e-15 1.007206408258693195e-15 2.771279653933558272e-16 7.096890807456550613e-17 1.697460812459425497e-17 3.808726825345522581e-18 8.051759198075286882e-19 1.610183457732543111e-19 3.057161844681368107e-20 5.529176445581566798e-21 9.554760708336991622e-22 1.582036356552196151e-22 2.515781272047655449e-23 3.810546659637825647e-24 0.000000000000000000e+00
0.000000000000000000e+00 -2.916097656319397632e-28 1.347108410035703826e-27 -7.043736303962760810e-27 3.331224724681508227e-26 -1.367949123200350072e-25 5.833366097717417538e-25 -1.547037048957615584e-24 1.804841865819743082e-23 -8.459184398909821021e-24 1.748088827390265981e-21 3.521675491225261177e-21 1.399947266077877249e-19 7.817121520069604702e-19 8.659009835394213954e-18 7.151384585262942595e-17 4.759971421702947619e-16 3.652123343474485852e-15 1.972107118939108594e-14 1.099998880997360182e-13 4.671505268415756478e-13 1.687785523215155741e-12 4.595557252180837337e-12 8.816042595861331003e-12 1.123984544098324444e-11 1.125007744888158497e-11 8.853642710002745948e-12 4.647295277853229365e-12 1.761183574310281031e-12 5.434284908668443819e-13 1.572145555254301967e-13 4.890257062584275791e-14 1.698967234077859723e-14 6.143820387355773389e-15 2.144288225503250171e-15 6.969000525199880930e-16 2.089619771946888267e-16 5.789162724177686496e-17 1.489015924448810231e-17 3.574816440547722127e-18 8.051759198075281104e-19 1.709258886711711702e-19 3.433918642855271154e-20 6.552967879937702859e-21 1.191794606802717088e-21 2.072098285373130704e-22 3.453871096380496130e-23 5.532786184161867186e-24 8.447671809817667289e-25 0.000000000000000000e+00
0.000000000000000000e+00 -6.946067055519041139e-29 3.179844882722853158e-28 -1.653506874104100196e-27 7.678365129364609575e-27 -3.142423871170694911e-26 1.200872794588500218e-25 -3.565404237689505999e-25 2.275572029945408826e-24 -5.961235426713774395e-24 1.857946108404280126e-22 -1.232368429254070111e-22 1.312038363376768229e-20 5.051648100715914595e-20 6.332461760938396734e-19 5.750702017354933306e-18 3.037087064322712869e-17 2.866786570747297711e-16 1.292486163131641248e-15 7.981340250084158436e-15 3.151924296576763190e-14 1.147903727670069260e-13 3.080601984040228792e-13 5.828656311100614995e-13 7.444299837058760942e-13 7.463299104023524236e-13 5.898248532138552522e-13 3.178220463307220464e-13 1.288235259275392602e-13 4.611856385192294136e-14 1.710661433116300316e-14 6.941282879141882758e-15 2.882942289226068924e-15 1.136979928848624772e-15 4.116332470570450390e-16 1.358960051804345070e-16 4.106573797682039018e-17 1.143385680099047709e-17 2.953077289275981276e-18 7.118493512618558181e-19 1.610183457732542389e-19 3.433918642855270552e-20 6.933372276192430064e-21 1.330326440585981572e-21 2.433885628954705895e-22 4.259202345375985003e-23 7.150334638142889559e-24 1.154539882647240423e-24 1.778523410240481794e-25 0.000000000000000000e+00
0.000000000000000000e+00 -1.563151306547278333e-29 7.082471313576579246e-29 -3.650028442781904316e-28 1.664439567908811629e-27 -6.668549896272416444e-27 2.350148498084559552e-26 -6.596945441426993775e-26 2.667827766860681268e-25 -9.219242998583300504e-25 1.916045580023935262e-23 -5.653124209698679703e-23 1.252745346872914787e-21 2.795348795325195780e-21 4.044783704831951472e-20 4.958392462258225860e-19 1.361497245788869465e-18 2.391789957531962332e-17 6.953710249571040462e-17 5.844998984667185209e-16 1.965600158583744411e-15 7.492547944689771982e-15 1.978407032623623376e-14 3.660004573725538052e-14 4.692138719459658670e-14 4.725340519091920093e-14 3.781091290709680883e-14 2.151572785365765165e-14 1.001337792843241091e-14 4.592145222614191516e-15 2.244106708698792766e-15 1.099169181781671957e-15 5.004331123235816717e-16 2.052475467405204214e-16 7.559820935707550274e-17 2.518025836352669151e-17 7.653440710245814773e-18 2.141095458078434273e-18 5.554797654812124138e-19 1.345113604740514497e-19 3.057161844681366903e-20 6.552967879937699850e-21 1.330326440585981196e-21 2.567592387040667433e-22 4.727650986872044860e-23 8.331490555943332042e-24 1.409652857657171840e-24 2.296268219055671400e-25 3.573403219825076733e-26 0.000000000000000000e+00
0.000000000000000000e+00 -3.334676610794520799e-30 1.492709458717161063e-29 -7.600023963911112905e-29 3.391486770430335313e-28 -1.312446718017957841e-27 4.237110560756659567e-27 -9.916945379225914031e-27 2.026053271499301781e-26 -4.388294817360583397e-26 1.633717201859228111e-24 -8.399341758707545270e-24 1.179388329062082766e-22 1.365194889393161902e-22 1.677569095657201674e-21 4.919594144305296600e-20 -3.311655240594024681e-20 2.268065030383083339e-18 1.607981332160950409e-18 4.592037595228310157e-17 1.070631772423439058e-16 4.754692591068660288e-16 1.231334304301791486e-15 2.176293942849428096e-15 2.815453813459493619e-15 2.870310858281687139e-15 2.375365682236435428e-15 1.521603515086231049e-15 9.031162961135566916e-16 5.535165519114417243e-16 3.313066265134968673e-16 1.791597479701685024e-16 8.509083571740771185e-17 3.556526682386820509e-17 1.323216137080543836e-17 4.437234786016582614e-18 1.356137703154193594e-18 3.813219165609742962e-19 9.942541534249548312e-20 2.419922972622680918e-20 5.529176445581566046e-21 1.191794606802716524e-21 2.433885628954705895e-22 4.727650986872044860e-23 8.765884038067464016e-24 1.556802505134529232e-24 2.657172947349370519e-25 4.372225899840161088e-26 6.885747593020091820e-27 0.000000000000000000e+00
0.000000000000000000e+00 -6.762589373228324835e-31 2.983974252520651049e-30 -1.495511193068278646e-29 6.491480515782907840e-29 -2.388037959552782466e-28 6.802338667816191139e-28 -9.980107282573142833e-28 -2.457443512568144971e-27 2.428961614637460455e-26 2.943527771378295699e-26 -6.594015003670017768e-25 9.877640706278197928e-24 1.159634659551998908e-23 -9.877640678206043657e-23 5.729087206257412984e-21 -2.143231545890145912e-20 2.508666034008890559e-19 -3.460041239769894306e-19 4.145876007667774793e-18 3.947581991467728998e-18 3.003323270529909239e-17 7.589891886155636620e-17 1.205567341195607518e-16 1.596010656373057375e-16 1.682050274134803330e-16 1.516176016115315257e-16 1.220789993015618681e-16 9.885331068211079511e-17 7.596306441223203699e-17 5.074136119096703737e-17 2.873899492854935674e-17 1.393572705812693503e-17 5.890775598010351367e-18 2.208680494153838815e-18 7.453596067981094407e-19 2.291209265037177403e-19 6.478441369916000104e-20 1.698568006545696482e-20 4.157511730880343858e-21 9.554760708336987861e-22 2.072098285373130469e-22 4.259202345375984415e-23 8.331490555943336450e-24 1.556802505134529600e-24 2.789041095856844768e-25 4.808411252959425240e-26 8.006001735793421364e-27 1.279166872245754111e-27 0.000000000000000000e+00
0.000000000000000000e+00 -1.306646509046008531e-31 5.667599531004131839e-31 -2.783480202091680557e-30 1.164670664484251579e-29 -3.975009503968334855e-29 9.066933540610409392e-29 3.872364393299891841e-29 -1.778944861095005758e-27 1.131909514344521117e-26 -3.700367532259984174e-26 5.830915517188909917e-26 4.654798610983291945e-25 2.802156784435613500e-24 -4.246999862365482296e-23 7.442936737525138277e-22 -4.180831762430473628e-21 3.107465029577015923e-20 -8.616992270607827207e-20 4.399608826003308543e-19 -1.375613663654062748e-19 1.970346772360535575e-18 4.836789142082126987e-18 5.873230490957336951e-18 8.288337361724798398e-18 9.573932258929934340e-18 1.049042513435172909e-17 1.183662194048155626e-17 1.251714712391202419e-17 1.092889293650527524e-17 7.689888754961691567e-18 4.456238031279091551e-18 2.188006288220134309e-18 9.329415970632503959e-19 3.523065871901395634e-19 1.196667364003868119e-19 3.701349687674703450e-20 1.052931200070136492e-20 2.777439417332002713e-21 6.840207868519882678e-22 1.582036356552197091e-22 3.453871096380496718e-23 7.150334638142886620e-24 1.409652857657171657e-24 2.657172947349369600e-25 4.808411252959424666e-26 8.388490686987756360e-27 1.416655048834707826e-27 2.303921764773445747e-28 0.000000000000000000e+00
0.000000000000000000e+00 -2.408497037651572129e-32 1.023468565458506801e-31 -4.896789201376775306e-31 1.948711376018880224e-30 -5.909378570426779718e-30 7.750856358770212933e-30 5.778704161948667490e-29 -5.956276873068613662e-28 3.395028229811529702e-27 -1.364480952345355093e-26 4.105045800712600550e-26 -7.933204567907228643e-26 7.379018835736926768e-25 -8.475004452590965062e-24 1.008517068225333783e-22 -6.524318963231999741e-22 4.041707004885924042e-21 -1.415121446632335421e-20 5.239198580074883446e-20 -5.893509010364911575e-20 1.427960496692173821e-19 3.420281842073485078e-19 1.943232952641709123e-19 3.502715046079326792e-19 5.338099766485783383e-19 8.502869037035044216e-19 1.356099232381103520e-18 1.686953054408913555e-18 1.566242017834072479e-18 1.130635847617658441e-18 6.642242994440222726e-19 3.292524437988712348e-19 1.415035877618861284e-19 5.382116203700423238e-20 1.840623397745272043e-20 5.730936350914430667e-21 1.640982072809454050e-21 4.357070852965416913e-22 1.080236835861232340e-22 2.515781272047655449e-23 5.532786184161870124e-24 1.154539882647240423e-24 2.296268219055672318e-25 4.372225899840159366e-26 8.006001735793417059e-27 1.416655048834707109e-27 2.434200517727135769e-28 4.046085296449498764e-29 0.000000000000000000e+00
0.000000000000000000e+00 -4.219637449141708799e-33 1.753948086912173236e-32 -8.101068633247098545e-32 2.995743506770603536e-31 -7.301900002441078772e-31 -5.866184253992862132e-31 2.114934359487658987e-29 -1.612299643177418609e-28 8.636645402412224632e-28 -3.626082155589675685e-27 1.236427281724145579e-26 -3.582032430078621855e-26 1.690136580885210192e-25 -1.409990456173324541e-24 1.355253529137533378e-23 -9.132066905291666909e-23 5.228324282950391465e-22 -2.004487814008222643e-21 6.498524430006358709e-21 -9.958630290276661689e-21 1.195847212683822493e-20 2.856318358513446132e-20 -6.199508991989229799e-21 4.446964563029993156e-21 2.935305981021551795e-20 8.242646114029860641e-20 1.682230614863365414e-19 2.267320144153825853e-19 2.168123775214219946e-19 1.588390345915792005e-19 9.425830970128159884e-20 4.711529718753359192e-20 2.040348377468069029e-20 7.816675045415771343e-21 2.691929958406501547e-21 8.439121123751324450e-22 2.432945655960148949e-22 6.504437098749000977e-23 1.624073197051611618e-23 3.810546659637825647e-24 8.447671809817667289e-25 1.778523410240482024e-25 3.573403219825077881e-26 6.885747593020091820e-27 1.279166872245753752e-27 2.303921764773444850e-28 4.046085296449498764e-29 6.916264081358931377e-30 0.000000000000000000e+00
0.000000000000000000e+00 0.000000000000000000e+00 0.000000000000000000e+00 0.000000000000000000e+00 0.000000000000000000e+00 0.000000000000000000e+00 0.000000000000000000e+00 0.000000000000000000e+00 0.000000000000000000e+00 0.000000000000000000e+00 0.000000000000000000e+00 0.000000000000000000e+00 0.000000000000000000e+00 0.000000000000000000e+00 0.000000000000000000e+00 0.000000000000000000e+00 0.000000000000000000e+00 0.000000000000000000e+00 0.000000000000000000e+00 0.000000000000000000e+00 0.000000000000000000e+00 0.000000000000000000e+00 0.000000000000000000e+00 0.000000000000000000e+00 0.000000000000000000e+00 0.000000000000000000e+00 0.000000000000000000e+00 0.000000000000000000e+00 0.000000000000000000e+00 0.000000000000000000e+00 0.000000000000000000e+00 0.000000000000000000e+00 0.000000000000000000e+00 0.000000000000000000e+00 0.000000000000000000e+00 0.000000000000000000e+00 0.000000000000000000e+00 0.000000000000000000e+00 0.000000000000000000e+00 0.000000000000000000e+00 0.000000000000000000e+00 0.000000000000000000e+00 0.000000000000000000e+00 0.000000000000000000e+00 0.000000000000000000e+00 0.000000000000000000e+00 0.000000000000000000e+00 0.000000000000000000e+00 0.000000000000000000e+00 0.000000000000000000e+00
