0.000000000000000000e+00 0.000000000000000000e+00 0.000000000000000000e+00 0.000000000000000000e+00 0.000000000000000000e+00 0.000000000000000000e+00 0.000000000000000000e+00 0.000000000000000000e+00 0.000000000000000000e+00 0.000000000000000000e+00 0.000000000000000000e+00 0.000000000000000000e+00 0.000000000000000000e+00 0.000000000000000000e+00 0.000000000000000000e+00 0.000000000000000000e+00 0.000000000000000000e+00 0.000000000000000000e+00 0.000000000000000000e+00 0.000000000000000000e+00 0.000000000000000000e+00 0.000000000000000000e+00 0.000000000000000000e+00 0.000000000000000000e+00 0.000000000000000000e+00 0.000000000000000000e+00 0.000000000000000000e+00 0.000000000000000000e+00 0.000000000000000000e+00 0.000000000000000000e+00 0.000000000000000000e+00 0.000000000000000000e+00 0.000000000000000000e+00 0.000000000000000000e+00 0.000000000000000000e+00 0.000000000000000000e+00 0.000000000000000000e+00 0.000000000000000000e+00 0.000000000000000000e+00 0.000000000000000000e+00 0.000000000000000000e+00 0.000000000000000000e+00 0.000000000000000000e+00 0.000000000000000000e+00 0.000000000000000000e+00 0.000000000000000000e+00 0.000000000000000000e+00 0.000000000000000000e+00 0.000000000000000000e+00 0.000000000000000000e+00
0.000000000000000000e+00 8.507438178531227933e-32 8.573741300922809698e-31 8.265208892358082800e-30 7.675202644495275214e-29 6.851450846485020748e-28 5.865701529964281108e-27 4.803643894869582169e-26 3.752121112214084007e-25 2.786271254565904414e-24 1.959802048718121681e-23 1.300238715372912610e-22 8.097809860029594099e-22 4.707920843592316306e-21 2.538560668593597171e-20 1.259857160087051129e-19 5.702734103157385429e-19 2.328847275738937370e-18 8.468020175674383379e-18 2.698275475166319723e-17 7.391392430781521682e-17 1.702022259339491184e-16 3.216430633722842546e-16 4.891421497258548648e-16 5.971593891259783414e-16 5.971593885415240171e-16 4.891421481706334382e-16 3.216430613822328362e-16 1.702022240136128635e-16 7.391392275452928504e-17 2.698275362105794258e-17 8.468019416231776103e-18 2.328846829128897309e-18 5.702731615213374916e-19 1.259855931254926813e-19 2.538555012381718515e-20 4.707897186563392212e-21 8.097718088359765390e-22 1.300205816307994677e-22 1.959692007096909201e-23 2.785927334328599873e-24 3.751109727660496966e-25 4.800841590021072297e-26 5.858339920649869454e-27 6.833105447879162667e-28 7.631590363233127845e-29 8.166298073456387263e-30 8.358995001819289950e-31 8.074846319843364355e-32 0.000000000000000000e+00
0.000000000000000000e+00 8.573741300923032154e-31 8.702430835233948280e-30 8.450611074884856644e-29 7.904353520393110188e-28 7.107078818615250272e-27 6.128371927800962413e-26 5.054783892631694295e-25 3.976554654230109640e-24 2.974051616705956117e-23 2.106851435159952651e-22 1.407826754115814559e-21 8.831051060422765056e-21 5.171461959459377638e-20 2.808903343341985857e-19 1.404311521287571266e-18 6.403870592231835193e-18 2.634687434408254546e-17 9.651199750461855840e-17 3.097601775689226255e-16 8.543572998285240584e-16 1.979388050212417325e-15 3.758693226847929307e-15 5.732828839256857454e-15 7.005094890553623677e-15 7.005094889890083581e-15 5.732828837527057460e-15 3.758693224850432521e-15 1.979388048730406431e-15 8.543572990242434863e-16 3.097601773218426632e-16 9.651199756880674044e-17 2.634687446864534331e-17 6.403870700267472461e-18 1.404311584268648410e-18 2.808903656082192984e-19 5.171463286093320342e-20 8.831056110773262704e-21 1.407828488247157007e-21 2.106856923476591855e-22 2.974067605944729292e-23 3.976598408545934825e-24 5.054895285994818315e-25 6.128642286744544140e-26 7.107694220771706652e-27 7.905705738199824868e-28 8.453422039104680355e-29 8.708134382855554470e-30 8.585397743110371154e-31 0.000000000000000000e+00
0.000000000000000000e+00 8.265208892357862796e-30 8.450611074884907091e-29 8.266578695616363503e-28 7.788867736086219666e-27 7.054131623583470214e-26 6.126597262079240190e-25 5.089516251484452396e-24 4.032384607385245216e-23 3.037175944084339454e-22 2.166770340321658714e-21 1.458087441440771659e-20 9.211022346657327477e-20 5.432299901707595303e-19 2.971690288403176645e-18 1.496418323905847938e-17 6.873553792897772704e-17 2.848617686445662602e-16 1.051101103582678913e-15 3.397719648117162157e-15 9.435133605929565374e-15 2.199263438601505669e-14 4.196362189794607101e-14 6.418974803211251762e-14 7.850201382381177619e-14 7.850201382399754346e-14 6.418974803248130062e-14 4.196362189729719821e-14 2.199263438294973253e-14 9.435133601306950910e-15 3.397719642804039993e-15 1.051101098670754446e-15 2.848617652694645175e-16 6.873553580538410125e-17 1.496418213633083880e-17 2.971689764262336060e-18 5.432297695683444128e-19 9.211013815628038928e-20 1.458084420516495964e-20 2.166760401226882728e-21 3.037145498804804863e-22 4.032296964397426428e-23 5.089278965103926366e-24 6.125987868199854854e-25 7.052648860292945575e-26 7.785421089348755466e-27 8.258943945854872200e-28 8.434385939482993892e-29 8.232692820030458424e-30 0.000000000000000000e+00
0.000000000000000000e+00 7.675202644495409739e-29 7.904353520393077006e-28 7.788867736086225406e-27 7.391956064889178303e-26 6.742668815614780869e-25 5.897609880311499065e-24 4.933650313076204076e-23 3.936023408610005521e-22 2.984985418964507337e-21 2.144074548430925768e-20 1.452616143038838941e-19 9.238679884138348075e-19 5.485612757040784500e-18 3.021335614512175151e-17 1.531883420506845332e-16 7.085308028265263425e-16 2.956916836451648144e-15 1.098701329718965978e-14 3.576096438686304925e-14 9.995940802528765271e-14 2.343795520497110979e-13 4.493185021727223473e-13 6.892387455425857927e-13 8.435765568798753752e-13 8.435765568765792745e-13 6.892387455341894854e-13 4.493185021685154089e-13 2.343795520608192187e-13 9.995940804760599185e-14 3.576096441603622993e-14 1.098701332578670852e-14 2.956916856418933684e-15 7.085308157246693695e-16 1.531883487655363758e-16 3.021335937438996495e-17 5.485614118218314322e-18 9.238685171261087384e-19 1.452618017258786805e-19 2.144080720219129157e-20 2.985004324778172254e-21 3.936077767777858781e-22 4.933797283118972762e-23 5.897986211221298318e-24 6.743581664351037114e-25 7.394067754401294897e-26 7.793521221613607591e-27 7.914175120960784117e-28 7.694763006554585077e-29 0.000000000000000000e+00
0.000000000000000000e+00 6.851450846484966938e-28 7.107078818615247402e-27 7.054131623583486285e-26 6.742668815614772604e-25 6.193864885818318717e-24 5.455275483465017927e-23 4.594861991585740819e-22 3.690449483891110510e-21 2.817333723713950247e-20 2.036913744974191632e-19 1.388960767404320742e-18 8.890678628491866447e-18 5.312848018796516294e-17 2.944983492026167388e-16 1.502824204506607208e-15 6.996259569037800215e-15 2.938992467515954560e-14 1.099271409565721299e-13 3.601423326839933235e-13 1.013021530095336174e-12 2.388823848694671950e-12 4.600300588477600694e-12 7.075755448937798646e-12 8.666236139326414620e-12 8.666236139346536758e-12 7.075755448991979784e-12 4.600300588513322133e-12 2.388823848644894499e-12 1.013021529981271280e-12 3.601423325243959834e-13 1.099271407958531179e-13 2.938992456264488898e-14 6.996259494883663434e-15 1.502824166021439457e-15 2.944983304832093597e-16 5.312847230268408686e-17 8.890675549807254314e-18 1.388959675181922542e-18 2.036910141649516205e-19 2.817322679710397395e-20 3.690417734495254550e-21 4.594776204416005566e-22 5.455056240820907209e-23 6.193334315995550182e-24 6.741446250327216409e-25 7.051449637689720186e-26 7.101453603209341703e-27 6.840326900603638037e-28 0.000000000000000000e+00
0.000000000000000000e+00 5.865701529964281108e-27 6.128371927800983076e-26 6.126597262079220904e-25 5.897609880311511554e-24 5.455275483465015576e-23 4.837502792058784297e-22 4.101696626425675162e-21 3.315838148948736522e-20 2.547495893818826857e-19 1.853323753069048282e-18 1.271515139203545163e-17 8.188024589957920127e-17 4.922180199924816632e-16 2.744656778562972420e-15 1.408946714438490965e-14 6.598646088630451129e-14 2.788816264213062159e-13 1.049502156214159567e-12 3.459413435943413769e-12 9.788452761637002566e-12 2.320695671072135047e-11 4.488390234153665306e-11 6.921176952774586378e-11 8.481952308095530077e-11 8.481952308087347451e-11 6.921176952750126388e-11 4.488390234135469918e-11 2.320695671093257233e-11 9.788452762147300302e-12 3.459413436713033435e-12 1.049502157014047258e-12 2.788816269833051640e-13 6.598646126644358109e-14 1.408946734071392015e-14 2.744656875509439749e-15 4.922180607288251326e-16 8.188026190853873049e-17 1.271515706780359566e-17 1.853325628510258465e-18 2.547501636391171982e-19 3.315854633839856996e-20 4.101741050838765507e-21 4.837615862090284047e-22 5.455547694236626676e-23 5.898232657593299822e-24 6.127951730233128248e-25 6.131181612699910332e-26 5.871186241118981495e-27 0.000000000000000000e+00
0.000000000000000000e+00 4.803643894869595370e-26 5.054783892631677765e-25 5.089516251484463416e-24 4.933650313076199962e-23 4.594861991585746461e-22 4.101696626425673657e-21 3.500346950926636568e-20 2.847489951599543868e-19 2.200996045112689993e-18 1.610689900984725581e-17 1.111375933091390501e-16 7.196667568738066600e-16 4.349819639776877214e-15 2.438543788876009376e-14 1.258505041445160605e-13 5.925763806428115818e-13 2.518067574206145120e-12 9.528459774421107911e-12 3.158255920834725386e-11 8.984891070989946482e-11 2.140828832045741885e-10 4.157134580779324313e-10 6.425332883354048213e-10 7.877981704851015434e-10 7.877981704843035209e-10 6.425332883335392188e-10 4.157134580754411701e-10 2.140828832011806284e-10 8.984891070623181060e-11 3.158255920414837521e-11 9.528459770479367726e-12 2.518067571563961010e-12 5.925763788563809552e-13 1.258505032415337152e-13 2.438543743780222579e-14 4.349819452124224380e-15 7.196666826788579627e-16 1.111375671178198538e-16 1.610689035096127126e-17 2.200993403682370103e-18 2.847482397484414063e-19 3.500326717121037162e-20 4.101645538715551437e-21 4.594740271707566751e-22 4.933375575754032689e-23 5.088928750178385018e-24 5.053591118075768686e-25 4.801376810046823008e-26 0.000000000000000000e+00
0.000000000000000000e+00 3.752121112214076660e-25 3.976554654230117722e-24 4.032384607385242865e-23 3.936023408610008342e-22 3.690449483891110510e-21 3.315838148948738929e-20 2.847489951599543387e-19 2.330382285122605979e-18 1.811703326162004701e-17 1.333125763168666315e-16 9.247060758227007787e-16 6.018089465418525454e-15 3.655094269798949350e-14 2.058707674184167514e-13 1.067380294643547326e-12 5.048960512189652395e-12 2.155461778550670276e-11 8.195046445672695616e-11 2.729398402814811367e-10 7.802037308241166573e-10 1.867292016415223777e-09 3.639063489864644384e-09 5.636168307785948217e-09 6.912565041908534053e-09 6.912565041912851936e-09 5.636168307798271553e-09 3.639063489883778725e-09 1.867292016442093499e-09 7.802037308530107998e-10 2.729398403089316940e-10 8.195046447843666031e-11 2.155461779867463940e-11 5.048960520518067886e-12 1.067380298612153110e-12 2.058707693707905929e-13 3.655094348494394279e-14 6.018089775284680946e-15 9.247061834293064360e-16 1.333126116975339448e-16 1.811704393130762562e-17 2.330385306593995122e-18 2.847497933973985128e-19 3.315857971263005220e-20 3.690495706787593155e-21 3.936124877117831735e-22 4.032593844174099875e-23 3.976959428648757381e-24 3.752841706314704133e-25 0.000000000000000000e+00
0.000000000000000000e+00 2.786271254565906251e-24 2.974051616705956117e-23 3.037175944084341334e-22 2.984985418964506585e-21 2.817333723713952655e-20 2.547495893818824931e-19 2.200996045112691533e-18 1.811703326162004701e-17 1.416145759963869501e-16 1.047384997151615910e-15 7.299723744906948664e-15 4.771860616650564365e-14 2.910223356039292109e-13 1.645566167831091434e-12 8.563634739754190602e-12 4.065585971152982118e-11 1.742004582892606104e-10 6.647977864787873599e-10 2.222749013495216871e-09 6.378862037097093623e-09 1.532421470427533533e-08 2.995629607906721898e-08 4.647478479810690963e-08 5.700649912579736085e-08 5.700649912616354378e-08 4.647478479905280720e-08 2.995629608011879053e-08 1.532421470499539274e-08 6.378862037450056553e-09 2.222749013607882593e-09 6.647977864807249271e-10 1.742004582669350315e-10 4.065585968721162236e-11 8.563634726761419151e-12 1.645566160821667128e-12 2.910223327775046051e-13 4.771860503357291302e-14 7.299723358283738837e-15 1.047384870772734599e-15 1.416145386782625856e-16 1.811702289648883623e-17 2.200993384630418203e-18 2.547489517174784332e-19 2.817319557370331461e-20 2.984956326139066458e-21 3.037121504483534913e-22 2.973961057471845818e-23 2.786147818738957763e-24 0.000000000000000000e+00
0.000000000000000000e+00 1.959802048718124032e-23 2.106851435159952181e-22 2.166770340321657585e-21 2.144074548430926370e-20 2.036913744974190669e-19 1.853323753069049823e-18 1.610689900984726814e-17 1.333125763168666315e-16 1.047384997151616107e-15 7.782718255357245025e-15 5.447081862127873222e-14 3.574242969126322369e-13 2.187143502069508462e-12 1.240388260122366926e-11 6.472358001719761077e-11 3.080402774526417890e-10 1.323086439052307745e-09 5.061919585827937837e-09 1.696980436794185396e-08 4.883864474064948404e-08 1.176590174380177343e-07 2.305452530363471056e-07 3.581053199870752158e-07 4.392006786478483717e-07 4.392006786421740451e-07 3.581053199715585781e-07 2.305452530175188337e-07 1.176590174221805873e-07 4.883864472960417441e-08 1.696980436178589974e-08 5.061919583063917129e-09 1.323086438008125604e-09 3.080402771401494972e-10 6.472357993599799462e-11 1.240388258989258734e-11 2.187143502260594050e-12 3.574242984948015567e-13 5.447081937372905554e-14 7.782718552636299626e-15 1.047385089942963130e-15 1.333126026503390313e-16 1.610690557490640260e-17 1.853325228538054529e-18 2.036916636046669812e-19 2.144079237365671774e-20 2.166775280148611518e-21 2.106848275930994279e-22 1.959763595407018610e-23 0.000000000000000000e+00
0.000000000000000000e+00 1.300238715372911905e-22 1.407826754115813995e-21 1.458087441440772561e-20 1.452616143038838941e-19 1.388960767404321513e-18 1.271515139203545780e-17 1.111375933091389761e-16 9.247060758227011731e-16 7.299723744906948664e-15 5.447081862127871960e-14 3.826300193472222990e-13 2.518392898766828595e-12 1.544843881135748311e-11 8.777938582000716655e-11 4.586893089779431546e-10 2.185408350641355000e-09 9.395141098287290513e-09 3.597706738450046517e-08 1.207441742782124532e-07 3.479812354637108900e-07 8.396599518806250797e-07 1.647540444104093855e-06 2.560561008605276725e-06 3.139033475427839224e-06 3.139033475388326831e-06 2.560561008513596420e-06 1.647540444019367902e-06 8.396599518513053519e-07 3.479812354798428971e-07 1.207441743013505875e-07 3.597706740061879409e-08 9.395141106679719424e-09 2.185408354116126927e-09 4.586893102235268170e-10 8.777938619073825969e-11 1.544843891259649633e-11 2.518392921421944844e-12 3.826300240535249087e-13 5.447081936194761356e-14 7.299723843539982071e-15 9.247060814230675112e-16 1.111375931090067148e-16 1.271515154371569594e-17 1.388961011642773695e-18 1.452617472217953316e-19 1.458092694358665159e-20 1.407843990802840340e-21 1.300288153845951763e-22 0.000000000000000000e+00
0.000000000000000000e+00 8.097809860029593159e-22 8.831051060422766561e-21 9.211022346657329885e-20 9.238679884138350001e-19 8.890678628491867988e-18 8.188024589957918894e-17 7.196667568738075474e-16 6.018089465418520721e-15 4.771860616650564365e-14 3.574242969126322369e-13 2.518392898766828595e-12 1.661331794703811398e-11 1.020608494084908928e-10 5.803197334052416629e-10 3.032356910161469944e-09 1.443859712723201668e-08 6.200963859828969953e-08 2.371888000791000226e-07 7.952836117753818823e-07 2.290729214073313911e-06 5.526844906935725151e-06 1.084528530533749827e-05 1.685014545255737389e-05 2.063927163775441099e-05 2.063927164015369619e-05 1.685014545890014634e-05 1.084528531261920674e-05 5.526844912416705946e-06 2.290729217355493737e-06 7.952836134066958703e-07 2.371888007486252778e-07 6.200963883139811646e-08 1.443859719762757166e-08 3.032356928669122058e-09 5.803197377212866719e-10 1.020608502781812993e-10 1.661331810346186461e-11 2.518392921110506093e-12 3.574242993877320218e-13 4.771860613342104448e-14 6.018089358468214402e-15 7.196667095282368403e-16 8.188023012848364355e-17 8.890673684696154574e-18 9.238665211246205021e-19 9.210980632499827463e-20 8.830938466802890519e-21 8.097524470972698526e-22 0.000000000000000000e+00
0.000000000000000000e+00 4.707920843592317811e-21 5.171461959459378240e-20 5.432299901707595303e-19 5.485612757040787582e-18 5.312848018796513829e-17 4.922180199924822549e-16 4.349819639776876426e-15 3.655094269798952505e-14 2.910223356039292109e-13 2.187143502069509270e-12 1.544843881135748311e-11 1.020608494084908411e-10 6.272586989115734806e-10 3.564252118234112810e-09 1.859244569469946315e-08 8.829358764343516523e-08 3.779235898113848058e-07 1.440201050956619942e-06 4.811342894701307657e-06 1.381493281501985169e-05 3.325138482607727189e-05 6.513544789224710017e-05 1.010460140112125676e-04 1.235950067415241124e-04 1.235950067021116287e-04 1.010460139034509219e-04 6.513544776370433454e-05 3.325138472109394843e-05 1.381493274408547563e-05 4.811342856171356909e-06 1.440201033586952150e-06 3.779235830819671790e-07 8.829358535823053548e-08 1.859244500418103228e-08 3.564251929948603222e-09 6.272586521761857849e-10 1.020608387311574158e-10 1.544843655961881763e-11 2.187143059440861992e-12 2.910222547988924558e-13 3.655092893234999878e-14 4.349817491186684057e-15 4.922177205858999666e-16 5.312844705563482685e-17 5.485611330904132119e-18 5.432307016694836311e-19 5.171494748823555198e-20 4.708019026381696946e-21 0.000000000000000000e+00
0.000000000000000000e+00 2.538560668593596569e-20 2.808903343341987783e-19 2.971690288403177800e-18 3.021335614512174535e-17 2.944983492026169360e-16 2.744656778562971237e-15 2.438543788876011584e-14 2.058707674184167009e-13 1.645566167831090626e-12 1.240388260122367249e-11 8.777938582000717948e-11 5.803197334052418697e-10 3.564252118234113637e-09 2.021023920259868431e-08 1.050439205258035752e-07 4.963341439448241635e-07 2.111232870406408335e-06 7.989151920554682666e-06 2.649785212067080518e-05 7.557620195685999063e-05 1.808911134987569423e-04 3.528289368708558142e-04 5.455924532150736687e-04 6.659067090598458491e-04 6.659067094406387940e-04 5.455924542887838000e-04 3.528289381876394105e-04 1.808911146344294716e-04 7.557620277719234519e-05 2.649785258106475891e-05 7.989152135933626187e-06 2.111232956973769314e-06 4.963341744114739930e-07 1.050439300775863204e-07 2.021024190737629345e-08 3.564252817348926380e-09 5.803198999046566677e-10 8.777942260269944161e-11 1.240389019215997133e-11 1.645567636876233797e-12 2.058710353622190096e-13 2.438548398696483052e-14 2.744664269095362647e-15 2.944994925498263734e-16 3.021351829705120756e-17 2.971710982987086919e-18 2.808925109441866921e-19 2.538572568268182838e-20 0.000000000000000000e+00
0.000000000000000000e+00 1.259857160087051610e-19 1.404311521287570496e-18 1.496418323905848554e-17 1.531883420506845332e-16 1.502824204506607011e-15 1.408946714438491754e-14 1.258505041445160352e-13 1.067380294643547932e-12 8.563634739754188986e-12 6.472358001719759784e-11 4.586893089779433097e-10 3.032356910161469531e-09 1.859244569469945322e-08 1.050439205258035620e-07 5.428858852831606406e-07 2.545287605085676791e-06 1.072204417868505818e-05 4.012067334155488538e-05 1.314910146177929705e-04 3.707214459810673061e-04 8.784029195169210710e-04 1.699797535254590937e-03 2.613629415444015686e-03 3.179718565189112740e-03 3.179718562790592989e-03 2.613629408419208301e-03 1.699797526402016881e-03 8.784029114906816756e-04 3.707214398750169077e-04 1.314910111462305232e-04 4.012067167853261963e-05 1.072204349713204368e-05 2.545287360850716590e-06 5.428858073023596300e-07 1.050438980351113534e-07 1.859243977038886295e-08 3.032355471566279253e-09 4.586889845250011204e-10 6.472351159719728757e-11 8.563621179917409096e-12 1.067377756474251127e-12 1.258500539288087660e-13 1.408939121913751839e-14 1.502812015006929838e-15 1.531864780110622295e-16 1.496391247106129890e-17 1.404274414495665233e-18 1.259810589008904610e-19 0.000000000000000000e+00
0.000000000000000000e+00 5.702734103157382540e-19 6.403870592231838274e-18 6.873553792897771471e-17 7.085308028265266383e-16 6.996259569037802582e-15 6.598646088630449867e-14 5.925763806428113798e-13 5.048960512189651587e-12 4.065585971152984703e-11 3.080402774526416856e-10 2.185408350641355828e-09 1.443859712723201668e-08 8.829358764343517846e-08 4.963341439448237400e-07 2.545287605085675944e-06 1.180581163762907049e-05 4.905216267401866197e-05 1.805584181461931416e-04 5.811224463863800052e-04 1.608682047695750511e-03 3.749030694459861562e-03 7.159081922442796925e-03 1.090635252598535186e-02 1.320517359706599968e-02 1.320517360676463914e-02 1.090635255610268931e-02 7.159081961626111504e-03 3.749030731946126523e-03 1.608682077550040992e-03 5.811224632884778906e-04 1.805584263985169063e-04 4.905216608237494147e-05 1.180581286861053817e-05 2.545288001188779078e-06 4.963342590250424125e-07 8.829361817789254969e-08 1.443860459638943684e-08 2.185410048145374026e-09 3.080406383114208571e-10 4.065593186912850711e-11 5.048974153832038199e-12 5.925788289633278764e-13 6.598687964373839759e-14 6.996328017884385685e-15 7.085415218236713788e-16 6.873714795412336460e-17 6.404102540784333758e-18 5.703049691294519097e-19 0.000000000000000000e+00
0.000000000000000000e+00 2.328847275738937755e-18 2.634687434408255162e-17 2.848617686445663095e-16 2.956916836451649327e-15 2.938992467515954560e-14 2.788816264213060139e-13 2.518067574206146331e-12 2.155461778550670599e-11 1.742004582892604295e-10 1.323086439052308985e-09 9.395141098287282241e-09 6.200963859828968630e-08 3.779235898113847529e-07 2.111232870406406641e-06 1.072204417868506157e-05 4.905216267401866197e-05 2.001287636379146947e-04 7.201858392356956171e-04 2.258084311570647800e-03 6.080680269358637591e-03 1.380740574857632422e-02 2.581069384453593685e-02 3.874432601494964129e-02 4.657531365780699650e-02 4.657531363610802055e-02 3.874432593842406375e-02 2.581069374013366530e-02 1.380740564154739509e-02 6.080680180269457114e-03 2.258084262876041727e-03 7.201858149452928116e-04 2.001287537236443351e-04 4.905215911317300609e-05 1.072204304298411768e-05 2.111232544583851026e-06 3.779235047591053593e-07 6.200961822169478169e-08 9.395136585429070859e-09 1.323085509238408279e-09 1.742002790901508118e-10 2.155458531486772157e-11 2.518062017435155653e-12 2.788807241682208041e-13 2.938978510569388989e-14 2.956896177653786741e-15 2.848588317738333925e-16 2.634647204265527663e-17 2.328794712087594636e-18 0.000000000000000000e+00
0.000000000000000000e+00 8.468020175674383379e-18 9.651199750461849677e-17 1.051101103582679505e-15 1.098701329718966293e-14 1.099271409565720542e-13 1.049502156214159970e-12 9.528459774421106296e-12 8.195046445672686569e-11 6.647977864787876701e-10 5.061919585827938664e-09 3.597706738450046517e-08 2.371888000790999432e-07 1.440201050956619518e-06 7.989151920554675890e-06 4.012067334155491248e-05 1.805584181461931145e-04 7.201858392356952918e-04 2.516384185100870377e-03 7.611137169020032803e-03 1.968857012151198696e-02 4.296625660882510966e-02 7.766848612130146379e-02 1.138930934781904047e-01 1.354201148400359100e-01 1.354201148479634853e-01 1.138930935494402441e-01 7.766848623332345269e-02 4.296625674223786967e-02 1.968857023850018387e-02 7.611137222197061555e-03 2.516384213597275699e-03 7.201858494721028250e-04 1.805584215389887618e-04 4.012067426633995486e-05 7.989152123791559660e-06 1.440201082047793940e-06 2.371888004736986590e-07 3.597706542034194901e-08 5.061918636126491005e-09 6.647974700993861846e-10 8.195037689833296596e-11 9.528438400976454426e-12 1.049497422697443254e-12 1.099261741006876304e-13 1.098682918966754763e-14 1.051068165737143454e-15 9.650643018738422348e-17 8.467140935563481046e-18 0.000000000000000000e+00
0.000000000000000000e+00 2.698275475166318183e-17 3.097601775689228720e-16 3.397719648117160185e-15 3.576096438686302401e-14 3.601423326839933235e-13 3.459413435943413365e-12 3.158255920834722801e-11 2.729398402814812918e-10 2.222749013495216457e-09 1.696980436794185727e-08 1.207441742782124532e-07 7.952836117753820940e-07 4.811342894701305116e-06 2.649785212067079163e-05 1.314910146177928891e-04 5.811224463863798968e-04 2.258084311570646499e-03 7.611137169020032803e-03 2.196848546229170085e-02 5.373296496276950412e-02 1.105416663885658290e-01 1.896882579753004783e-01 2.680659952807148416e-01 3.133252292172110653e-01 3.133252292889306401e-01 2.680659954070587769e-01 1.896882581204369089e-01 1.105416665115517838e-01 5.373296506843990017e-02 2.196848555796354283e-02 7.611137207778731310e-03 2.258084334592146570e-03 5.811224560976673351e-04 1.314910187891844199e-04 2.649785376631602399e-05 4.811343495161379167e-06 7.952838131250711639e-07 1.207442361903896287e-07 1.696982186340645306e-08 2.222753575972101316e-09 2.729409437286076426e-10 3.158280797588930200e-11 3.459465971927392075e-12 3.601527731797763107e-13 3.576292500284317542e-14 3.398068873207690885e-15 3.098193565973667556e-16 2.699217338282154435e-17 0.000000000000000000e+00
0.000000000000000000e+00 7.391392430781521682e-17 8.543572998285238612e-16 9.435133605929560641e-15 9.995940802528760222e-14 1.013021530095335972e-12 9.788452761636994488e-12 8.984891070989946482e-11 7.802037308241166573e-10 6.378862037097095277e-09 4.883864474064949066e-08 3.479812354637106782e-07 2.290729214073314334e-06 1.381493281501985169e-05 7.557620195685999063e-05 3.707214459810673603e-04 1.608682047695750511e-03 6.080680269358633254e-03 1.968857012151196614e-02 5.373296496276947637e-02 1.222127981035083105e-01 2.314051070717170755e-01 3.674941720270457068e-01 4.906603732551025332e-01 5.584480704613923319e-01 5.584480703943355273e-01 4.906603730648702033e-01 3.674941717291832499e-01 2.314051067067467438e-01 1.222127977590721642e-01 5.373296476553090367e-02 1.968857004470000657e-02 6.080680222052640797e-03 1.608682026718877929e-03 3.707214351088092968e-04 7.557619700120406920e-05 1.381493077599588290e-05 2.290728467137619107e-06 3.479809903669779387e-07 4.883857201353796944e-08 6.378842338642112662e-09 7.801988186857012762e-10 8.984777444169118229e-11 9.788207349033192306e-12 1.012971759802442734e-12 9.994988377343238417e-14 9.433406435967965696e-15 8.540594964593442683e-16 7.386572440608620875e-17 0.000000000000000000e+00
0.000000000000000000e+00 1.702022259339490938e-16 1.979388050212417720e-15 2.199263438601505669e-14 2.343795520497111484e-13 2.388823848694671547e-12 2.320695671072134724e-11 2.140828832045741627e-10 1.867292016415224191e-09 1.532421470427533533e-08 1.176590174380177343e-07 8.396599518806245503e-07 5.526844906935726845e-06 3.325138482607727867e-05 1.808911134987569423e-04 8.784029195169213962e-04 3.749030694459863297e-03 1.380740574857633116e-02 4.296625660882508885e-02 1.105416663885658013e-01 2.314051070717171588e-01 3.952947395037397782e-01 5.672075990411024060e-01 7.014646346471368199e-01 7.694866262324597805e-01 7.694866260188187868e-01 7.014646341674395380e-01 5.672075984960995854e-01 3.952947390058756394e-01 2.314051066249901145e-01 1.105416660128933914e-01 4.296625641884023461e-02 1.380740569587690127e-02 3.749030688354466727e-03 8.784029286348379959e-04 1.808911208038296945e-04 3.325138863130150792e-05 5.526846466089575388e-06 8.396604955318556255e-07 1.176591846061476701e-07 1.532426101531186017e-08 1.867303745274252961e-09 2.140856280587874843e-10 2.320755522816611759e-11 2.388946260313112273e-12 2.344031648963280970e-13 2.199695025050463370e-14 1.980138127501016258e-15 1.703246284093722075e-16 0.000000000000000000e+00
0.000000000000000000e+00 3.216430633722842052e-16 3.758693226847930096e-15 4.196362189794605839e-14 4.493185021727226502e-13 4.600300588477602309e-12 4.488390234153665952e-11 4.157134580779322762e-10 3.639063489864644797e-09 2.995629607906719251e-08 2.305452530363470527e-07 1.647540444104091737e-06 1.084528530533749489e-05 6.513544789224703241e-05 3.528289368708555974e-04 1.699797535254591587e-03 7.159081922442798659e-03 2.581069384453595419e-02 7.766848612130142215e-02 1.896882579753004505e-01 3.674941720270456513e-01 5.672075990411026281e-01 7.367811976850029421e-01 8.476849439118079310e-01 8.982084412558165587e-01 8.982084412564499409e-01 8.476849439542299969e-01 7.367811978406354489e-01 5.672075993879639455e-01 3.674941724041338453e-01 1.896882581005938928e-01 7.766848607143421457e-02 2.581069378473702797e-02 7.159081877022793229e-03 1.699797511415404236e-03 3.528289270970831485e-04 6.513544440399785993e-05 1.084528422343083928e-05 1.647540143146374001e-06 2.305451770805174540e-07 2.995627849367770453e-08 3.639059722671469990e-09 4.157127061578308718e-10 4.488376169059847312e-11 4.600275808873805256e-12 4.493143724875461059e-13 4.196296831209177738e-14 3.758594715985404951e-15 3.216289661715024736e-16 0.000000000000000000e+00
0.000000000000000000e+00 4.891421497258551607e-16 5.732828839256862187e-15 6.418974803211249237e-14 6.892387455425864995e-13 7.075755448937796223e-12 6.921176952774591548e-11 6.425332883354044077e-10 5.636168307785948217e-09 4.647478479810688316e-08 3.581053199870750041e-07 2.560561008605275878e-06 1.685014545255737728e-05 1.010460140112124863e-04 5.455924532150734519e-04 2.613629415444012651e-03 1.090635252598535013e-02 3.874432601494966211e-02 1.138930934781903770e-01 2.680659952807147861e-01 4.906603732551022001e-01 7.014646346471362648e-01 8.476849439118075979e-01 9.271758048260054785e-01 9.591235734545981995e-01 9.591235739518590986e-01 9.271758061007258078e-01 8.476849455394269706e-01 7.014646365199894706e-01 4.906603750999930513e-01 2.680659965889214402e-01 1.138930940930847763e-01 3.874432616112313821e-02 1.090635251815592378e-02 2.613629369831946010e-03 5.455924217620389391e-04 1.010459984551400649e-04 1.685013921520073441e-05 2.560558853860341339e-06 3.581046591198590498e-07 4.647460143599454556e-08 5.636121669864989615e-09 6.425223057189858028e-10 6.920935634937386080e-11 7.075257555933224851e-12 6.891417766286899945e-13 6.417184126572037048e-14 5.729682923091692534e-15 4.886231582570801284e-16 0.000000000000000000e+00
0.000000000000000000e+00 5.971593891259787358e-16 7.005094890553621310e-15 7.850201382381185192e-14 8.435765568798755772e-13 8.666236139326417851e-12 8.481952308095531369e-11 7.877981704851016468e-10 6.912565041908531572e-09 5.700649912579740055e-08 4.392006786478484246e-07 3.139033475427839648e-06 2.063927163775441777e-05 1.235950067415240311e-04 6.659067090598461743e-04 3.179718565189112306e-03 1.320517359706599621e-02 4.657531365780694099e-02 1.354201148400358545e-01 3.133252292172111209e-01 5.584480704613923319e-01 7.694866262324592254e-01 8.982084412558165587e-01 9.591235734545973113e-01 9.810037899641573800e-01 9.810037908743178825e-01 9.591235758184012417e-01 8.982084443186884037e-01 7.694866295879304596e-01 5.584480737699973885e-01 3.133252319640514316e-01 1.354201166637473697e-01 4.657531460621022051e-02 1.320517402999787059e-02 3.179718731391292363e-03 6.659067643305198458e-04 1.235950229457774378e-04 2.063927579103363300e-05 3.139034409667451504e-06 4.392008591410630220e-07 5.700652749260633092e-08 6.912567974018994834e-09 7.877980492129053951e-10 8.481934871725957556e-11 8.666174345240793026e-12 8.435601837382549009e-13 7.849828884907177934e-14 7.004331255713603314e-15 5.970179943953472396e-16 0.000000000000000000e+00
0.000000000000000000e+00 5.971593885415240171e-16 7.005094889890078848e-15 7.850201382399760657e-14 8.435765568765784667e-13 8.666236139346535142e-12 8.481952308087347451e-11 7.877981704843031073e-10 6.912565041912852763e-09 5.700649912616354378e-08 4.392006786421739921e-07 3.139033475388327255e-06 2.063927164015369280e-05 1.235950067021116287e-04 6.659067094406385771e-04 3.179718562790592989e-03 1.320517360676463220e-02 4.657531363610803443e-02 1.354201148479634020e-01 3.133252292889304180e-01 5.584480703943351942e-01 7.694866260188183427e-01 8.982084412564501630e-01 9.591235739518586545e-01 9.810037908743183266e-01 9.810037919814483809e-01 9.591235769635717556e-01 8.982084453325756002e-01 7.694866304650547217e-01 5.584480747911974019e-01 3.133252332531188955e-01 1.354201179911182495e-01 4.657531567190034694e-02 1.320517471650782537e-02 3.179719098665591877e-03 6.659069322166804401e-04 1.235950899926640894e-04 2.063929959491968372e-05 3.139042027669235250e-06 4.392030815844708073e-07 5.700712401695701266e-08 6.912716426014512813e-09 7.878325273405504907e-10 8.482686380307298736e-11 8.667719111610931535e-12 8.438609087554735491e-13 7.855393958726872009e-14 7.014148072398739198e-15 5.986466508275456448e-16 0.000000000000000000e+00
0.000000000000000000e+00 4.891421481706336354e-16 5.732828837527058249e-15 6.418974803248132587e-14 6.892387455341891824e-13 7.075755448991978976e-12 6.921176952750123804e-11 6.425332883335390120e-10 5.636168307798268245e-09 4.647478479905279397e-08 3.581053199715585252e-07 2.560561008513595996e-06 1.685014545890013956e-05 1.010460139034509490e-04 5.455924542887840168e-04 2.613629408419210036e-03 1.090635255610269104e-02 3.874432593842406375e-02 1.138930935494402302e-01 2.680659954070586659e-01 4.906603730648700923e-01 7.014646341674388719e-01 8.476849439542297748e-01 9.271758061007246976e-01 9.591235758184017968e-01 9.591235769635716446e-01 9.271758092004186436e-01 8.476849484863643314e-01 7.014646392188447210e-01 4.906603780701419559e-01 2.680660001395283598e-01 1.138930977019535495e-01 3.874432907175927310e-02 1.090635441044377797e-02 2.613630391837648732e-03 5.455928929708767300e-04 1.010461880530711022e-04 1.685020696685109713e-05 2.560580659232224596e-06 3.581110521967307338e-07 4.647632502660869277e-08 5.636552336359477231e-09 6.426227007952322423e-10 6.923131545163289138e-11 7.079786324612738883e-12 6.900262186428031455e-13 6.433601943457820695e-14 5.758732086557201190e-15 4.934564473143186935e-16 0.000000000000000000e+00
0.000000000000000000e+00 3.216430613822328855e-16 3.758693224850431732e-15 4.196362189729719190e-14 4.493185021685150555e-13 4.600300588513320517e-12 4.488390234135467979e-11 4.157134580754409116e-10 3.639063489883778725e-09 2.995629608011875745e-08 2.305452530175187808e-07 1.647540444019367690e-06 1.084528531261920505e-05 6.513544776370434810e-05 3.528289381876394647e-04 1.699797526402017532e-03 7.159081961626112371e-03 2.581069374013366530e-02 7.766848623332350821e-02 1.896882581204369089e-01 3.674941717291829724e-01 5.672075984960993633e-01 7.367811978406354489e-01 8.476849455394270816e-01 8.982084443186889589e-01 8.982084453325753781e-01 8.476849484863644424e-01 7.367812025963916822e-01 5.672076039352598187e-01 3.674941770972759980e-01 1.896882632974789540e-01 7.766849117880787745e-02 2.581069787133152826e-02 7.159084540497511785e-03 1.699798959278232997e-03 3.528295999613459909e-04 6.513571741418952988e-05 1.084538260425844284e-05 1.647572068961683105e-06 2.305546131748438408e-07 2.995884255902080732e-08 3.639705315451307212e-09 4.158643299014199275e-10 4.491716788220789608e-11 4.607214480465763387e-12 4.506788962747330670e-13 4.221799126725408178e-14 3.804018938329081400e-15 3.292342004331424807e-16 0.000000000000000000e+00
0.000000000000000000e+00 1.702022240136128142e-16 1.979388048730405642e-15 2.199263438294971991e-14 2.343795520608191682e-13 2.388823848644892480e-12 2.320695671093255294e-11 2.140828832011804733e-10 1.867292016442093912e-09 1.532421470499538943e-08 1.176590174221806667e-07 8.396599518513053519e-07 5.526844912416701711e-06 3.325138472109394843e-05 1.808911146344294174e-04 8.784029114906825430e-04 3.749030731946129125e-03 1.380740564154738989e-02 4.296625674223789049e-02 1.105416665115517144e-01 2.314051067067466050e-01 3.952947390058760280e-01 5.672075993879647227e-01 7.014646365199901368e-01 7.694866295879309037e-01 7.694866304650549438e-01 7.014646392188449431e-01 5.672076039352598187e-01 3.952947442592891214e-01 2.314051120013059237e-01 1.105416719180919993e-01 4.296626222585776117e-02 1.380741036651722368e-02 3.749033752982675917e-03 8.784046063416650835e-04 1.808919059514526911e-04 3.325170937790008694e-05 5.526962815859176099e-06 8.396984954983166049e-07 1.176704862039263421e-07 1.532735066978509052e-08 1.868086284313944468e-09 2.142704783273366732e-10 2.324851234703528735e-11 2.397500408555801364e-12 2.360945086172007110e-13 2.231473707648313890e-14 2.037037429987171675e-15 1.798976061174231109e-16 0.000000000000000000e+00
0.000000000000000000e+00 7.391392275452924806e-17 8.543572990242436835e-16 9.435133601306949332e-15 9.995940804760596660e-14 1.013021529981270876e-12 9.788452762147290609e-12 8.984891070623177183e-11 7.802037308530107998e-10 6.378862037450052417e-09 4.883864472960416779e-08 3.479812354798428442e-07 2.290729217355494584e-06 1.381493274408547055e-05 7.557620277719233164e-05 3.707214398750171246e-04 1.608682077550041209e-03 6.080680180269455379e-03 1.968857023850017346e-02 5.373296506843987241e-02 1.222127977590721504e-01 2.314051066249903088e-01 3.674941724041341784e-01 4.906603750999930513e-01 5.584480737699977215e-01 5.584480747911976239e-01 4.906603780701416229e-01 3.674941770972760535e-01 2.314051120013059515e-01 1.222128033141857417e-01 5.373297084736732704e-02 1.968857592996964279e-02 6.080684888175045925e-03 1.608685057949650393e-03 3.707230840085913104e-04 7.557696578429015655e-05 1.381524424628154452e-05 2.290842115607806425e-06 3.480181245595085527e-07 4.884962925747839677e-08 6.381870524296946285e-09 7.809674883576823477e-10 9.002981615784497808e-11 9.828657798572886239e-12 1.021446313227772674e-12 1.016310201930604767e-13 9.750369340407545298e-15 9.110153576226943057e-16 8.348187550063040608e-17 0.000000000000000000e+00
0.000000000000000000e+00 2.698275362105794258e-17 3.097601773218426632e-16 3.397719642804039599e-15 3.576096441603623624e-14 3.601423325243956805e-13 3.459413436713033031e-12 3.158255920414836875e-11 2.729398403089316423e-10 2.222749013607882593e-09 1.696980436178590636e-08 1.207441743013505875e-07 7.952836134066959761e-07 4.811342856171359450e-06 2.649785258106476907e-05 1.314910111462305503e-04 5.811224632884781074e-04 2.258084262876043028e-03 7.611137222197060688e-03 2.196848555796351507e-02 5.373296476553090367e-02 1.105416660128935163e-01 1.896882581005939483e-01 2.680659965889213847e-01 3.133252319640515426e-01 3.133252332531186735e-01 2.680660001395281933e-01 1.896882632974788707e-01 1.105416719180920271e-01 5.373297084736732704e-02 2.196849152896408405e-02 7.611142574979585206e-03 2.258088350691297291e-03 5.811249623979785044e-04 1.314923458707901321e-04 2.649846153890854161e-05 4.811588445837862259e-06 7.953719760939244418e-07 1.207729235682964843e-07 1.697834786697510682e-08 2.225088090750672389e-09 2.735341741293354566e-10 3.172359027402900011e-11 3.490836512100973912e-12 3.667474432567449063e-13 3.707620739225510198e-14 3.646726274921565016e-15 3.547033969815906930e-16 3.460447376871605737e-17 0.000000000000000000e+00
0.000000000000000000e+00 8.468019416231779184e-18 9.651199756880674044e-17 1.051101098670754248e-15 1.098701332578670694e-14 1.099271407958530927e-13 1.049502157014047864e-12 9.528459770479370957e-12 8.195046447843666031e-11 6.647977864807252372e-10 5.061919583063919610e-09 3.597706740061881394e-08 2.371888007486252778e-07 1.440201033586952361e-06 7.989152135933627881e-06 4.012067167853263319e-05 1.805584263985170689e-04 7.201858149452928116e-04 2.516384213597273965e-03 7.611137207778718300e-03 1.968857004470001004e-02 4.296625641884025543e-02 7.766848607143421457e-02 1.138930940930847485e-01 1.354201166637472586e-01 1.354201179911181385e-01 1.138930977019536050e-01 7.766849117880793296e-02 4.296626222585779586e-02 1.968857592996964279e-02 7.611142574979586940e-03 2.516388585601515675e-03 7.201888897718749637e-04 1.805602241841351154e-04 4.012159604755390817e-05 7.989564433356987716e-06 1.440364642214144189e-06 2.372470570713637981e-07 3.599589651675288427e-08 5.067493905131686499e-09 6.663213436572380480e-10 8.233753131716821438e-11 9.620406304792960820e-12 1.070029897741772268e-12 1.142539154252460869e-13 1.185145489706663772e-14 1.215382722411707279e-15 1.262869436254412889e-16 1.353890504485203367e-17 0.000000000000000000e+00
0.000000000000000000e+00 2.328846829128896924e-18 2.634687446864532791e-17 2.848617652694646654e-16 2.956916856418932500e-15 2.938992456264487636e-14 2.788816269833052650e-13 2.518067571563961414e-12 2.155461779867463294e-11 1.742004582669350315e-10 1.323086438008126224e-09 9.395141106679721078e-09 6.200963883139816940e-08 3.779235830819674437e-07 2.111232956973769738e-06 1.072204349713204707e-05 4.905216608237496857e-05 2.001287537236443351e-04 7.201858494721027166e-04 2.258084334592143968e-03 6.080680222052639930e-03 1.380740569587690994e-02 2.581069378473702797e-02 3.874432616112313821e-02 4.657531460621020664e-02 4.657531567190029143e-02 3.874432907175925228e-02 2.581069787133152826e-02 1.380741036651722889e-02 6.080684888175045925e-03 2.258088350691296858e-03 7.201888897718749637e-04 2.001307517142759463e-04 4.905328501492444852e-05 1.072259806135440039e-05 2.111474454611044808e-06 3.780177513520349270e-07 6.204277485426403694e-08 9.405767164472296782e-09 1.326217021351061348e-09 1.750538931785835355e-10 2.177125493766373711e-11 2.569555466268923268e-12 2.903947941639565176e-13 3.182250579030562566e-14 3.444423382200018138e-15 3.778463467841519516e-16 4.326833115232540910e-17 5.222816326113229624e-18 0.000000000000000000e+00
0.000000000000000000e+00 5.702731615213372990e-19 6.403870700267469380e-18 6.873553580538415055e-17 7.085308157246690736e-16 6.996259494883661068e-15 6.598646126644356847e-14 5.925763788563808542e-13 5.048960520518070309e-12 4.065585968721161590e-11 3.080402771401498591e-10 2.185408354116125687e-09 1.443859719762757166e-08 8.829358535823052225e-08 4.963341744114740989e-07 2.545287360850718707e-06 1.180581286861054325e-05 4.905215911317297220e-05 1.805584215389887076e-04 5.811224560976671182e-04 1.608682026718877495e-03 3.749030688354468028e-03 7.159081877022798433e-03 1.090635251815593072e-02 1.320517402999786885e-02 1.320517471650781149e-02 1.090635441044377797e-02 7.159084540497505714e-03 3.749033752982674182e-03 1.608685057949649959e-03 5.811249623979778539e-04 1.805602241841350341e-04 4.905328501492442142e-05 1.180642082569789056e-05 2.545579185258881237e-06 4.964584313241495689e-07 8.834122287466215087e-08 1.445516075699707136e-08 2.190676429152719878e-09 3.095840967687949136e-10 4.107544238627881311e-11 5.155332548238630627e-12 6.178610092419127097e-13 7.164740209087988465e-14 8.194911206364956022e-15 9.494396468544163176e-16 1.148445495259670012e-16 1.482792706391900348e-17 2.016917365069113094e-18 0.000000000000000000e+00
0.000000000000000000e+00 1.259855931254926091e-19 1.404311584268648410e-18 1.496418213633083572e-17 1.531883487655363758e-16 1.502824166021439654e-15 1.408946734071391068e-14 1.258505032415337152e-13 1.067380298612152706e-12 8.563634726761419151e-12 6.472357993599802047e-11 4.586893102235267136e-10 3.032356928669123712e-09 1.859244500418103559e-08 1.050439300775863601e-07 5.428858073023597359e-07 2.545288001188780772e-06 1.072204304298411090e-05 4.012067426633996841e-05 1.314910187891844471e-04 3.707214351088094595e-04 8.784029286348375622e-04 1.699797511415405320e-03 2.613629369831948612e-03 3.179718731391291495e-03 3.179719098665588408e-03 2.613630391837650033e-03 1.699798959278232997e-03 8.784046063416650835e-04 3.707230840085915273e-04 1.314923458707900237e-04 4.012159604755388784e-05 1.072259806135440039e-05 2.545579185258881237e-06 5.430219689077674264e-07 1.051007841617510460e-07 1.861391183867062957e-08 3.039738154598632364e-09 4.610184201192920787e-10 6.540253705475430220e-11 8.747581346170065052e-12 1.113946525007506752e-12 1.369184676060180590e-13 1.657004099709875376e-14 2.029088405421820388e-15 2.592441012781647001e-16 3.533009941882538310e-17 5.139327831252424413e-18 7.699665765746538527e-19 0.000000000000000000e+00
0.000000000000000000e+00 2.538555012381715205e-20 2.808903656082195873e-19 2.971689764262334904e-18 3.021335937438998960e-17 2.944983304832093597e-16 2.744656875509439355e-15 2.438543743780224473e-14 2.058707693707905676e-13 1.645566160821667532e-12 1.240388258989259703e-11 8.777938619073824676e-11 5.803197377212870855e-10 3.564251929948603222e-09 2.021024190737629676e-08 1.050438980351114593e-07 4.963342590250426242e-07 2.111232544583849755e-06 7.989152123791561354e-06 2.649785376631603754e-05 7.557619700120410985e-05 1.808911208038297216e-04 3.528289270970833111e-04 5.455924217620389391e-04 6.659067643305197374e-04 6.659069322166795727e-04 5.455928929708769469e-04 3.528295999613460451e-04 1.808919059514527724e-04 7.557696578429026497e-05 2.649846153890855516e-05 7.989564433356991104e-06 2.111474454611044384e-06 4.964584313241496748e-07 1.051007841617510592e-07 2.023361451520337346e-08 3.572963087394035669e-09 5.832857948430486232e-10 8.870866109289589099e-11 1.267346042551173060e-11 1.718384677766966069e-12 2.242788728325005700e-13 2.876021417647223102e-14 3.726077804649830555e-15 5.030950046779632560e-16 7.235953803841231296e-17 1.109092789222169264e-17 1.775442337295694041e-18 2.840828333692324400e-19 0.000000000000000000e+00
0.000000000000000000e+00 4.707897186563381680e-21 5.171463286093326360e-20 5.432297695683437387e-19 5.485614118218320485e-18 5.312847230268406220e-17 4.922180607288250340e-16 4.349819452124229113e-15 3.655094348494394910e-14 2.910223327775047061e-13 2.187143502260596473e-12 1.544843891259649633e-11 1.020608502781813122e-10 6.272586521761860951e-10 3.564252817348925139e-09 1.859243977038886626e-08 8.829361817789252322e-08 3.779235047591050946e-07 1.440201082047793940e-06 4.811343495161382555e-06 1.381493077599590153e-05 3.325138863130152825e-05 6.513544440399800901e-05 1.010459984551402140e-04 1.235950229457774920e-04 1.235950899926640352e-04 1.010461880530711293e-04 6.513571741418955699e-05 3.325170937790011404e-05 1.381524424628155299e-05 4.811588445837863106e-06 1.440364642214143765e-06 3.780177513520349800e-07 8.834122287466217734e-08 1.861391183867064281e-08 3.572963087394035669e-09 6.304709433832477478e-10 1.031456875980046650e-10 1.578626572641598770e-11 2.284735305610635161e-12 3.173162069810639683e-13 4.319000869176109739e-14 5.927609639272215230e-15 8.465215645060587988e-16 1.285713940085157162e-16 2.076718326823176269e-17 3.496369464415290758e-18 5.972917750238621577e-19 9.950782703988367855e-20 0.000000000000000000e+00
0.000000000000000000e+00 8.097718088359751284e-22 8.831056110773268723e-21 9.211013815628030502e-20 9.238685171261091235e-19 8.890675549807249692e-18 8.188026190853869351e-17 7.196666826788587516e-16 6.018089775284679369e-15 4.771860503357296351e-14 3.574242984948015062e-13 2.518392921421947267e-12 1.661331810346186461e-11 1.020608387311574675e-10 5.803198999046567711e-10 3.032355471566280080e-09 1.443860459638944346e-08 6.200961822169479493e-08 2.371888004736986590e-07 7.952838131250711639e-07 2.290728467137622072e-06 5.526846466089572847e-06 1.084528422343085623e-05 1.685013921520075135e-05 2.063927579103362622e-05 2.063929959491967695e-05 1.685020696685110390e-05 1.084538260425845300e-05 5.526962815859181181e-06 2.290842115607806848e-06 7.953719760939247595e-07 2.372470570713637981e-07 6.204277485426405017e-08 1.445516075699708129e-08 3.039738154598635673e-09 5.832857948430492436e-10 1.031456875980047167e-10 1.697731437062662884e-11 2.631193149692029935e-12 3.899005934644389905e-13 5.645096728712817043e-14 8.221143587870338498e-15 1.243338015624550415e-15 1.996044700266099428e-16 3.400520714018360229e-17 6.023975189017009712e-18 1.080773002908431307e-18 1.921400696359509232e-19 3.278336991412977620e-20 0.000000000000000000e+00
0.000000000000000000e+00 1.300205816307993501e-22 1.407828488247157760e-21 1.458084420516495061e-20 1.452618017258787046e-19 1.388959675181922734e-18 1.271515706780359412e-17 1.111375671178199524e-16 9.247061834293068304e-16 7.299723358283740415e-15 5.447081937372904292e-14 3.826300240535249592e-13 2.518392921110505689e-12 1.544843655961882733e-11 8.777942260269944161e-11 4.586889845250011204e-10 2.185410048145374853e-09 9.395136585429074167e-09 3.597706542034194240e-08 1.207442361903897081e-07 3.479809903669785210e-07 8.396604955318556255e-07 1.647540143146376118e-06 2.560558853860344304e-06 3.139034409667452351e-06 3.139042027669234403e-06 2.560580659232224596e-06 1.647572068961685011e-06 8.396984954983172402e-07 3.480181245595086586e-07 1.207729235682965372e-07 3.599589651675289750e-08 9.405767164472296782e-09 2.190676429152722773e-09 4.610184201192924406e-10 8.870866109289594269e-11 1.578626572641600063e-11 2.631193149692030743e-12 4.174586809748608324e-13 6.447355967933876264e-14 9.985606613564585525e-15 1.602062501255479810e-15 2.722302737224520286e-16 4.897714496515391757e-17 9.140394877595361148e-18 1.723500311616925161e-18 3.214903049132196502e-19 5.851820182257809168e-20 1.012955081088406567e-20 0.000000000000000000e+00
0.000000000000000000e+00 1.959692007096909495e-23 2.106856923476591855e-22 2.166760401226881975e-21 2.144080720219129759e-20 2.036910141649516927e-19 1.853325628510256539e-18 1.610689035096127742e-17 1.333126116975339695e-16 1.047384870772735782e-15 7.782718552636298048e-15 5.447081936194761356e-14 3.574242993877319208e-13 2.187143059440864011e-12 1.240389019215997295e-11 6.472351159719728757e-11 3.080406383114212707e-10 1.323085509238408073e-09 5.061918636126493487e-09 1.696982186340645968e-08 4.883857201353803561e-08 1.176591846061477098e-07 2.305451770805176658e-07 3.581046591198595262e-07 4.392008591410630750e-07 4.392030815844707544e-07 3.581110521967307868e-07 2.305546131748440790e-07 1.176704862039264348e-07 4.884962925747841662e-08 1.697834786697511344e-08 5.067493905131689807e-09 1.326217021351062382e-09 3.095840967687952755e-10 6.540253705475432805e-11 1.267346042551173868e-11 2.284735305610637989e-12 3.899005934644391419e-13 6.447355967933877526e-14 1.065098837861729352e-14 1.817023932108502308e-15 3.274338391259746344e-16 6.231476693723476567e-17 1.227107585521898093e-17 2.435487867440226739e-18 4.770948871156208790e-19 9.106181019790981739e-20 1.681327345349122202e-20 2.937802412044587020e-21 0.000000000000000000e+00
0.000000000000000000e+00 2.785927334328606118e-24 2.974067605944726353e-23 3.037145498804805804e-22 2.985004324778172254e-21 2.817322679710400404e-20 2.547501636391169093e-19 2.200993403682370874e-18 1.811704393130761638e-17 1.416145386782627089e-16 1.047385089942963327e-15 7.299723843539980493e-15 4.771860613342101923e-14 2.910222547988927083e-13 1.645567636876233394e-12 8.563621179917405865e-12 4.065593186912856527e-11 1.742002790901508118e-10 6.647974700993868050e-10 2.222753575972102143e-09 6.378842338642121761e-09 1.532426101531185355e-08 2.995627849367771777e-08 4.647460143599457865e-08 5.700652749260633754e-08 5.700712401695698619e-08 4.647632502660873248e-08 2.995884255902083379e-08 1.532735066978510044e-08 6.381870524296947112e-09 2.225088090750672389e-09 6.663213436572383582e-10 1.750538931785836130e-10 4.107544238627882603e-11 8.747581346170066667e-12 1.718384677766967483e-12 3.173162069810640692e-13 5.645096728712814519e-14 9.985606613564585525e-15 1.817023932108502308e-15 3.481291582794875639e-16 7.023918852692578414e-17 1.462392882038395633e-17 3.060800949676394848e-18 6.307661021321879053e-19 1.263713199511761480e-19 2.445656213947952261e-20 4.557701728220443152e-21 8.018019527962861219e-22 0.000000000000000000e+00
0.000000000000000000e+00 3.751109727660520843e-25 3.976598408545924539e-24 4.032296964397434069e-23 3.936077767777853609e-22 3.690417734495261321e-21 3.315854633839851579e-20 2.847482397484418396e-19 2.330385306593994737e-18 1.811702289648883932e-17 1.333126026503390313e-16 9.247060814230675112e-16 6.018089358468212035e-15 3.655092893235002403e-14 2.058710353622189086e-13 1.067377756474251127e-12 5.048974153832046277e-12 2.155458531486772480e-11 8.195037689833303058e-11 2.729409437286076943e-10 7.801988186857022068e-10 1.867303745274251720e-09 3.639059722671470817e-09 5.636121669864994578e-09 6.912567974018996488e-09 6.912716426014510331e-09 5.636552336359480539e-09 3.639705315451310934e-09 1.868086284313945295e-09 7.809674883576822443e-10 2.735341741293355083e-10 8.233753131716827900e-11 2.177125493766375003e-11 5.155332548238636282e-12 1.113946525007507560e-12 2.242788728325007215e-13 4.319000869176112264e-14 8.221143587870338498e-15 1.602062501255480599e-15 3.274338391259747330e-16 7.023918852692579646e-17 1.550111994917615798e-17 3.429257167022598715e-18 7.449945147845597911e-19 1.569640408555876803e-19 3.187547837999063439e-20 6.224643527217408246e-21 1.167897077213380573e-21 2.066024826710215218e-22 0.000000000000000000e+00
0.000000000000000000e+00 4.800841590021131990e-26 5.054895285994786172e-25 5.089278965103947672e-24 4.933797283118955718e-23 4.594776204416018732e-22 4.101741050838755727e-21 3.500326717121040171e-20 2.847497933973983683e-19 2.200993384630418203e-18 1.610690557490639952e-17 1.111375931090067394e-16 7.196667095282362487e-16 4.349817491186687213e-15 2.438548398696480843e-14 1.258500539288087913e-13 5.925788289633286842e-13 2.518062017435156865e-12 9.528438400976456041e-12 3.158280797588930846e-11 8.984777444169124691e-11 2.140856280587873551e-10 4.157127061578308718e-10 6.425223057189859062e-10 7.877980492129050849e-10 7.878325273405501805e-10 6.426227007952324490e-10 4.158643299014199792e-10 2.142704783273364664e-10 9.002981615784497808e-11 3.172359027402903889e-11 9.620406304792965666e-12 2.569555466268924883e-12 6.178610092419135175e-13 1.369184676060181600e-13 2.876021417647226257e-14 5.927609639272219963e-15 1.243338015624551599e-15 2.722302737224523738e-16 6.231476693723483962e-17 1.462392882038396866e-17 3.429257167022600256e-18 7.873525555857397974e-19 1.748479824100453461e-19 3.733337144635858814e-20 7.648451699461160429e-21 1.503432988719790756e-21 2.836573723032434522e-22 5.043204363841487226e-23 0.000000000000000000e+00
0.000000000000000000e+00 5.858339920650018687e-27 6.128642286744454600e-26 6.125987868199919139e-25 5.897986211221252033e-24 5.455056240820935421e-23 4.837615862090269001e-22 4.101645538715560465e-21 3.315857971263002211e-20 2.547489517174783850e-19 1.853325228538053373e-18 1.271515154371570056e-17 8.188023012848361890e-17 4.922177205859004597e-16 2.744664269095360675e-15 1.408939121913752628e-14 6.598687964373844808e-14 2.788807241682209051e-13 1.049497422697443254e-12 3.459465971927392882e-12 9.788207349033195537e-12 2.320755522816610790e-11 4.488376169059847958e-11 6.920935634937386080e-11 8.481934871725958849e-11 8.482686380307292273e-11 6.923131545163289138e-11 4.491716788220788316e-11 2.324851234703526796e-11 9.828657798572887855e-12 3.490836512100979163e-12 1.070029897741772268e-12 2.903947941639566186e-13 7.164740209087999824e-14 1.657004099709877269e-14 3.726077804649836077e-15 8.465215645060592919e-16 1.996044700266101894e-16 4.897714496515399153e-17 1.227107585521899634e-17 3.060800949676398315e-18 7.449945147845602726e-19 1.748479824100454665e-19 3.934702862403371265e-20 8.474635663001233999e-21 1.747399407312251175e-21 3.453531654468791441e-22 6.549139447476332583e-23 1.170109441862848275e-23 0.000000000000000000e+00
0.000000000000000000e+00 6.833105447879520502e-28 7.107694220771477063e-27 7.052648860293100547e-26 6.743581664350936095e-25 6.193334315995611161e-24 5.455547694236592587e-23 4.594740271707582738e-22 3.690495706787588642e-21 2.817319557370332063e-20 2.036916636046670053e-19 1.388961011642773888e-18 8.890673684696156114e-18 5.312844705563487615e-17 2.944994925498262747e-16 1.502812015006931218e-15 6.996328017884388840e-15 2.938978510569389620e-14 1.099261741006875673e-13 3.601527731797765127e-13 1.012971759802442936e-12 2.388946260313113081e-12 4.600275808873804448e-12 7.075257555933223236e-12 8.666174345240784948e-12 8.667719111610928304e-12 7.079786324612735652e-12 4.607214480465762579e-12 2.397500408555798941e-12 1.021446313227772472e-12 3.667474432567454112e-13 1.142539154252460869e-13 3.182250579030562566e-14 8.194911206364963910e-15 2.029088405421820782e-15 5.030950046779641434e-16 1.285713940085159380e-16 3.400520714018363927e-17 9.140394877595370392e-18 2.435487867440229820e-18 6.307661021321886757e-19 1.569640408555877766e-19 3.733337144635859416e-20 8.474635663001232494e-21 1.836982868005078759e-21 3.808058411960499115e-22 7.563947175037851097e-23 1.441601412384847501e-23 2.588664788709009320e-24 0.000000000000000000e+00
0.000000000000000000e+00 7.631590363233933872e-29 7.905705738199310984e-28 7.785421089349085500e-27 7.394067754401098599e-26 6.741446250327326611e-25 5.898232657593242517e-24 4.933375575754059726e-23 3.936124877117823272e-22 2.984956326139066835e-21 2.144079237365674181e-20 1.452617472217952353e-19 9.238665211246214651e-19 5.485611330904138282e-18 3.021351829705121372e-17 1.531864780110623034e-16 7.085415218236715760e-16 2.956896177653787136e-15 1.098682918966754447e-14 3.576292500284321960e-14 9.994988377343234630e-14 2.344031648963282485e-13 4.493143724875461564e-13 6.891417766286900955e-13 8.435601837382542951e-13 8.438609087554736501e-13 6.900262186428028426e-13 4.506788962747329155e-13 2.360945086172005090e-13 1.016310201930604262e-13 3.707620739225513353e-14 1.185145489706664087e-14 3.444423382200016166e-15 9.494396468544167120e-16 2.592441012781648973e-16 7.235953803841239924e-17 2.076718326823179042e-17 6.023975189017017416e-18 1.723500311616927665e-18 4.770948871156212642e-19 1.263713199511761961e-19 3.187547837999064642e-20 7.648451699461163439e-21 1.747399407312253056e-21 3.808058411960499585e-22 7.933434674074643237e-23 1.583663594401956118e-23 3.033951077141327335e-24 5.477328555357597545e-25 0.000000000000000000e+00
0.000000000000000000e+00 8.166298073458063216e-30 8.453422039103626578e-29 8.258943945855526887e-28 7.793521221613241683e-27 7.051449637689914188e-26 6.127951730233034576e-25 5.088928750178425426e-24 4.032593844174087532e-23 3.037121504483535383e-22 2.166775280148616784e-21 1.458092694358662451e-20 9.210980632499850333e-20 5.432307016694839200e-19 2.971710982987088459e-18 1.496391247106130198e-17 6.873714795412336460e-17 2.848588317738334911e-16 1.051068165737143454e-15 3.398068873207695224e-15 9.433406435967956229e-15 2.199695025050465579e-14 4.196296831209178370e-14 6.417184126572035786e-14 7.849828884907172885e-14 7.855393958726872009e-14 6.433601943457821957e-14 4.221799126725408178e-14 2.231473707648312312e-14 9.750369340407537409e-15 3.646726274921568171e-15 1.215382722411707081e-15 3.778463467841518530e-16 1.148445495259670259e-16 3.533009941882540159e-17 1.109092789222170805e-17 3.496369464415295380e-18 1.080773002908432463e-18 3.214903049132198910e-19 9.106181019790986554e-20 2.445656213947954066e-20 6.224643527217414265e-21 1.503432988719791696e-21 3.453531654468794262e-22 7.563947175037856975e-23 1.583663594401955824e-23 3.177672725081074546e-24 6.121479760997503717e-25 1.111640333518434841e-25 0.000000000000000000e+00
0.000000000000000000e+00 8.358995001822583002e-31 8.708134382853547811e-30 8.434385939484207977e-29 7.914175120960152748e-28 7.101453603209657388e-27 6.131181612699780614e-26 5.053591118075822869e-25 3.976959428648747830e-24 2.973961057471844055e-23 2.106848275931002978e-22 1.407843990802834697e-21 8.830938466802926630e-21 5.171494748823550383e-20 2.808925109441869809e-19 1.404274414495665618e-18 6.404102540784327595e-18 2.634647204265527047e-17 9.650643018738417417e-17 3.098193565973671500e-16 8.540594964593430850e-16 1.980138127501018230e-15 3.758594715985405740e-15 5.729682923091690167e-15 7.004331255713603314e-15 7.014148072398738409e-15 5.758732086557203556e-15 3.804018938329082978e-15 2.037037429987170492e-15 9.110153576226939112e-16 3.547033969815906930e-16 1.262869436254412150e-16 4.326833115232542759e-17 1.482792706391900656e-17 5.139327831252430576e-18 1.775442337295695582e-18 5.972917750238627355e-19 1.921400696359510435e-19 5.851820182257815187e-20 1.681327345349124308e-20 4.557701728220445409e-21 1.167897077213381513e-21 2.836573723032435463e-22 6.549139447476333758e-23 1.441601412384846914e-23 3.033951077141325865e-24 6.121479760997502798e-25 1.186376115180701991e-25 2.168552254192376733e-26 0.000000000000000000e+00
0.000000000000000000e+00 8.074846319849590280e-32 8.585397743106729529e-31 8.232692820032591201e-30 7.694763006553541390e-29 6.840326900604125913e-28 5.871186241118811455e-27 4.801376810046882127e-26 3.752841706314700918e-25 2.786147818738950416e-24 1.959763595407031835e-23 1.300288153845942359e-22 8.097524470972747427e-22 4.708019026381684157e-21 2.538572568268187954e-20 1.259810589008904369e-19 5.703049691294515245e-19 2.328794712087594250e-18 8.467140935563474883e-18 2.699217338282157825e-17 7.386572440608608549e-17 1.703246284093723554e-16 3.216289661715024736e-16 4.886231582570797340e-16 5.970179943953475354e-16 5.986466508275452504e-16 4.934564473143188907e-16 3.292342004331426779e-16 1.798976061174231356e-16 8.348187550063039375e-17 3.460447376871605737e-17 1.353890504485203367e-17 5.222816326113229624e-18 2.016917365069111938e-18 7.699665765746544305e-19 2.840828333692326326e-19 9.950782703988375078e-20 3.278336991412980027e-20 1.012955081088407168e-20 2.937802412044588525e-21 8.018019527962860279e-22 2.066024826710216863e-22 5.043204363841491340e-23 1.170109441862848422e-23 2.588664788709009320e-24 5.477328555357595709e-25 1.111640333518434382e-25 2.168552254192377307e-26 3.994026532697577216e-27 0.000000000000000000e+00
0.000000000000000000e+00 0.000000000000000000e+00 0.000000000000000000e+00 0.000000000000000000e+00 0.000000000000000000e+00 0.000000000000000000e+00 0.000000000000000000e+00 0.000000000000000000e+00 0.000000000000000000e+00 0.000000000000000000e+00 0.000000000000000000e+00 0.000000000000000000e+00 0.000000000000000000e+00 0.000000000000000000e+00 0.000000000000000000e+00 0.000000000000000000e+00 0.000000000000000000e+00 0.000000000000000000e+00 0.000000000000000000e+00 0.000000000000000000e+00 0.000000000000000000e+00 0.000000000000000000e+00 0.000000000000000000e+00 0.000000000000000000e+00 0.000000000000000000e+00 0.000000000000000000e+00 0.000000000000000000e+00 0.000000000000000000e+00 0.000000000000000000e+00 0.000000000000000000e+00 0.000000000000000000e+00 0.000000000000000000e+00 0.000000000000000000e+00 0.000000000000000000e+00 0.000000000000000000e+00 0.000000000000000000e+00 0.000000000000000000e+00 0.000000000000000000e+00 0.000000000000000000e+00 0.000000000000000000e+00 0.000000000000000000e+00 0.000000000000000000e+00 0.000000000000000000e+00 0.000000000000000000e+00 0.000000000000000000e+00 0.000000000000000000e+00 0.000000000000000000e+00 0.000000000000000000e+00 0.000000000000000000e+00 0.000000000000000000e+00
