0.000000000000000000e+00 0.000000000000000000e+00 0.000000000000000000e+00 0.000000000000000000e+00 0.000000000000000000e+00 0.000000000000000000e+00 0.000000000000000000e+00 0.000000000000000000e+00 0.000000000000000000e+00 0.000000000000000000e+00 0.000000000000000000e+00 0.000000000000000000e+00 0.000000000000000000e+00 0.000000000000000000e+00 0.000000000000000000e+00 0.000000000000000000e+00 0.000000000000000000e+00 0.000000000000000000e+00 0.000000000000000000e+00 0.000000000000000000e+00 0.000000000000000000e+00 0.000000000000000000e+00 0.000000000000000000e+00 0.000000000000000000e+00 0.000000000000000000e+00 0.000000000000000000e+00 0.000000000000000000e+00 0.000000000000000000e+00 0.000000000000000000e+00 0.000000000000000000e+00 0.000000000000000000e+00 0.000000000000000000e+00 0.000000000000000000e+00 0.000000000000000000e+00 0.000000000000000000e+00 0.000000000000000000e+00 0.000000000000000000e+00 0.000000000000000000e+00 0.000000000000000000e+00 0.000000000000000000e+00 0.000000000000000000e+00 0.000000000000000000e+00 0.000000000000000000e+00 0.000000000000000000e+00 0.000000000000000000e+00 0.000000000000000000e+00 0.000000000000000000e+00 0.000000000000000000e+00 0.000000000000000000e+00 0.000000000000000000e+00
0.000000000000000000e+00 3.619094272583770398e-08 7.810636697695565399e-08 1.328665324512592024e-07 2.083702718979901146e-07 3.146269553737577062e-07 4.647938468815453014e-07 6.754773268805118704e-07 9.671579422439737968e-07 1.364615161595601668e-06 1.896862703199278812e-06 2.595787875737645365e-06 3.494061239838960971e-06 4.621941396833513860e-06 6.002611877242993974e-06 7.646248495423749408e-06 9.543488871131657880e-06 1.165942881653602791e-05 1.392931274061653562e-05 1.625743417818126217e-05 1.852073327486221239e-05 2.057789368580258978e-05 2.228355370372739957e-05 2.350582897844813145e-05 2.414419734018338019e-05 2.414421577658628704e-05 2.350586590986875047e-05 2.228357731201188583e-05 2.057789822750996590e-05 1.852074459051619601e-05 1.625747265420401117e-05 1.392936316945141235e-05 1.165946690682363699e-05 9.543521558487995840e-06 7.646307710742388989e-06 6.002698941246210886e-06 4.622013794185047713e-06 3.494112467089980887e-06 2.595859292277462296e-06 1.896971187631455429e-06 1.364703202404991446e-06 9.671931834352135479e-07 6.755503950639904682e-07 4.649029162099662099e-07 3.146710220174027679e-07 2.083316226588562343e-07 1.328818395574251662e-07 7.815297158443730084e-08 3.608387215194785036e-08 0.000000000000000000e+00
0.000000000000000000e+00 7.810636696166308293e-08 1.693866686289215332e-07 2.888356626461008746e-07 4.541524762705804485e-07 6.880625700615908232e-07 1.020218991348016991e-06 1.488129649004328837e-06 2.138772516749974831e-06 3.029631125604212221e-06 4.228160418619380784e-06 5.809344254362727703e-06 7.851167644307266544e-06 1.042721323201014536e-05 1.359562295285402790e-05 1.738505529256806754e-05 2.177904494794579262e-05 2.670097272249018366e-05 3.200275971537165615e-05 3.746117482165268439e-05 4.278555629449438773e-05 4.763906695226339730e-05 5.167276658766414518e-05 5.456834273925591824e-05 5.608224351467193760e-05 5.608227711172974485e-05 5.456841797518142652e-05 5.167283524188929947e-05 4.763910752174787568e-05 4.278559361501202212e-05 3.746124461265609837e-05 3.200285516304445221e-05 2.670105217732534757e-05 2.177909714794507649e-05 1.738512722257050513e-05 1.359574542889911801e-05 1.042734222581546261e-05 7.851248235712877387e-06 5.809408639960137592e-06 4.228283812156039528e-06 3.029772767153823919e-06 2.138853134096748955e-06 1.488202174641142157e-06 1.020375247397893832e-06 6.882247756827670153e-07 4.541794999083282122e-07 2.888791206451589636e-07 1.695228419350039968e-07 7.815643663168238601e-08 0.000000000000000000e+00
0.000000000000000000e+00 1.328665324548203671e-07 2.888356626530551740e-07 4.939639226759280007e-07 7.799314513847259570e-07 1.187654374582252521e-06 1.770382168868757997e-06 2.596703583261154266e-06 3.753736554170813076e-06 5.349027163186911703e-06 7.510220021814623981e-06 1.038153448359409142e-05 1.411589145546670398e-05 1.886101967760578149e-05 2.473862662002073302e-05 3.181724918559178134e-05 4.008092240876734430e-05 4.939781882240565320e-05 5.949534251896161755e-05 6.994986967334689096e-05 8.019917016769754201e-05 8.958258806307151556e-05 9.740843449382926168e-05 1.030406989024700937e-04 1.059900592776084904e-04 1.059900869926940474e-04 1.030407689621427023e-04 9.740851422502422882e-05 8.958264907234793600e-05 8.019921229929557061e-05 6.994991542407044021e-05 5.949540387024106842e-05 4.939787584218167287e-05 4.008095577671651547e-05 3.181728265447034918e-05 2.473869794407583078e-05 1.886111561415956049e-05 1.411595641807671251e-05 1.038156189621982761e-05 7.510273930715106711e-06 5.349121796087058927e-06 3.753805770893493051e-06 2.596739609744085048e-06 1.770454810153442142e-06 1.187776511760159033e-06 7.799941848004354632e-07 4.939757534469517375e-07 2.888848759767780451e-07 1.328867708372321178e-07 0.000000000000000000e+00
0.000000000000000000e+00 2.083702718876723269e-07 4.541524762739690568e-07 7.799314513819664296e-07 1.238290226223788201e-06 1.897341041136901209e-06 2.847052903832042333e-06 4.205125958813329629e-06 6.122912838297546208e-06 8.789641203476777217e-06 1.243341695071145104e-05 1.731668752420411440e-05 2.372349240404354081e-05 3.193574642265728308e-05 4.219638447180089320e-05 5.465945828868870913e-05 6.933030862910678370e-05 8.600330040595897518e-05 1.042094970604802369e-04 1.231904170676523507e-04 1.419145497131699596e-04 1.591485329454441660e-04 1.735840906229963137e-04 1.840065110841569425e-04 1.894749031563216981e-04 1.894749251800829579e-04 1.840065743686936789e-04 1.735841837109698953e-04 1.591486339943821277e-04 1.419146387676764045e-04 1.231904932270817810e-04 1.042095716844228145e-04 8.600337727281537456e-05 6.933038350372094222e-05 5.465953315389745446e-05 4.219646754933303797e-05 3.193583479143957259e-05 2.372356747776222614e-05 1.731674560534676586e-05 1.243348080727062786e-05 8.789705037002339770e-06 6.122960829741007047e-06 4.205161279511777972e-06 2.847091113978944009e-06 1.897394028176174990e-06 1.238329756329891606e-06 7.800038441477850321e-07 4.541882458116581042e-07 2.083360466177256717e-07 0.000000000000000000e+00
0.000000000000000000e+00 3.146269553675863830e-07 6.880625700543080340e-07 1.187654374584326905e-06 1.897341041126251888e-06 2.927566455329766133e-06 4.426217354814649318e-06 6.589537470195722154e-06 9.673344233133528006e-06 1.400244577696228195e-05 1.997494076520559727e-05 2.805737862473099668e-05 3.876577951473529821e-05 5.262691746210371928e-05 7.011490282783531885e-05 9.156153268533670389e-05 1.170446792361607785e-04 1.462673368920960892e-04 1.784499067517198367e-04 2.122669891188165732e-04 2.458630848127815001e-04 2.769743254448087783e-04 3.031629935885726866e-04 3.221403291927327542e-04 3.321196286897856926e-04 3.321196473280549517e-04 3.221403820666380409e-04 3.031630718736523316e-04 2.769744175728559399e-04 2.458631802362412156e-04 2.122670804192201984e-04 1.784499902027406157e-04 1.462674129759722135e-04 1.170447586104583863e-04 9.156162971036306347e-05 7.011501250546220334e-05 5.262701706851116484e-05 3.876586217122454274e-05 2.805747576922472628e-05 1.997507414438322713e-05 1.400257112603145802e-05 9.673427404657388502e-06 6.589615003943909674e-06 4.426330552983094551e-06 2.927669662160342703e-06 1.897403803452842833e-06 1.187789666023015027e-06 6.882307747219642622e-07 3.146724676886696030e-07 0.000000000000000000e+00
0.000000000000000000e+00 4.647938468773221010e-07 1.020218991360741544e-06 1.770382168856939346e-06 2.847052903837468849e-06 4.426217354809931345e-06 6.746652451491735365e-06 1.012984394912964523e-05 1.500138028653401268e-05 2.191023541586576182e-05 3.154072186983844050e-05 4.471018912228203428e-05 6.234296930915600530e-05 8.540934469353724423e-05 1.148188429692086618e-04 1.512623141563872002e-04 1.950071801452516601e-04 2.456658611391820436e-04 3.019775274408936804e-04 3.616628877643748787e-04 4.214220202259416539e-04 4.771355667331612731e-04 5.242923319445579825e-04 5.586034175894998358e-04 5.766912741879938681e-04 5.766912903220322009e-04 5.586034570023911891e-04 5.242923784289485380e-04 4.771356135715816224e-04 4.214220746720836932e-04 3.616629563946833462e-04 3.019775977870837623e-04 2.456659123158947051e-04 1.950072172784364792e-04 1.512623719509518529e-04 1.148189360434013698e-04 8.540943935238693189e-05 6.234303167801006447e-05 4.471025298746808920e-05 3.154084405852404234e-05 2.191038311780360383e-05 1.500148152853132193e-05 1.012990522320466030e-05 6.746750287124511423e-06 4.426332443862332406e-06 2.847098379655573822e-06 1.770460119173713852e-06 1.020372552681140238e-06 4.648983860633652731e-07 0.000000000000000000e+00
0.000000000000000000e+00 6.754773268875955010e-07 1.488129648996279907e-06 2.596703583273376528e-06 4.205125958807098855e-06 6.589537470200400317e-06 1.012984394913382957e-05 1.534556772440640249e-05 2.293516913479851942e-05 3.381411895098365754e-05 4.914351093805043421e-05 7.033725796404004975e-05 9.903028009959402361e-05 1.369861488646005978e-04 1.859221833965085777e-04 2.472366191225484921e-04 3.216388490108135429e-04 4.087122750072119215e-04 5.064791159923355286e-04 6.110789515281896079e-04 7.167011634054014412e-04 8.159028181218300159e-04 9.003778563512010533e-04 9.621185326686258754e-04 9.947568427578783092e-04 9.947568548008100652e-04 9.621185615132604556e-04 9.003778872272197005e-04 8.159028443589379882e-04 7.167011948691323674e-04 6.110790005126692749e-04 5.064791735279755179e-04 4.087123118573085718e-04 3.216388560785714344e-04 2.472366312281948928e-04 1.859222358764808227e-04 1.369862237999800326e-04 9.903032367346536850e-05 7.033727344055165577e-05 4.914356329885438641e-05 3.381422698354352485e-05 2.293527552748500289e-05 1.534562668467465656e-05 1.012990875743515692e-05 6.589616952018569565e-06 4.205162987790643931e-06 2.596737784082860474e-06 1.488193151048698289e-06 6.755436646990563206e-07 0.000000000000000000e+00
0.000000000000000000e+00 9.671579422380142848e-07 2.138772516751435116e-06 3.753736554165308209e-06 6.122912838298151837e-06 9.673344233134669807e-06 1.500138028653325713e-05 2.293516913480143321e-05 3.460546974348301477e-05 5.151865320382480087e-05 7.561929859019383895e-05 1.093218742213125481e-04 1.554806047754827539e-04 2.172574798202775556e-04 2.978441532638896605e-04 4.000005282082115098e-04 5.253984245648870991e-04 6.738091830023789156e-04 8.422502616134420724e-04 1.024295031425158636e-03 1.209821406253350868e-03 1.385480840903327788e-03 1.536059619222679201e-03 1.646660478616068964e-03 1.705307303074949125e-03 1.705307307190135615e-03 1.646660492205517974e-03 1.536059641449564897e-03 1.385480867390275189e-03 1.209821435067675059e-03 1.024295065306170130e-03 8.422502985080792658e-04 6.738092075280310411e-04 5.253984288216716940e-04 4.000005325827071757e-04 2.978441891717112443e-04 2.172575448914949045e-04 1.554806559201087502e-04 1.093218971472050693e-04 7.561933238561386044e-05 5.151873453878971418e-05 3.460558494702176033e-05 2.293528082680395977e-05 1.500148982039445074e-05 9.673430712108259302e-06 6.122961414681801037e-06 3.753803706304386008e-06 2.138846361805376819e-06 9.671901583470519618e-07 0.000000000000000000e+00
0.000000000000000000e+00 1.364615161590812120e-06 3.029631125608907749e-06 5.349027163181511868e-06 8.789641203481571424e-06 1.400244577695572930e-05 2.191023541586469117e-05 3.381411895097619687e-05 5.151865320382993728e-05 7.746789213536765112e-05 1.148734609687847730e-04 1.678014226275454290e-04 2.411652858717232382e-04 3.405526511893901048e-04 4.717991802990431248e-04 6.402273877882710528e-04 8.495045696758456166e-04 1.100159415079334478e-03 1.387938042152543627e-03 1.702361687070513873e-03 2.026016865837562946e-03 2.335168330864438591e-03 2.602118060665611909e-03 2.799268555731910732e-03 2.904163455643428773e-03 2.904163454721021224e-03 2.799268559403373172e-03 2.602118079350571305e-03 2.335168364149874630e-03 2.026016902974370031e-03 1.702361719031123596e-03 1.387938064831365122e-03 1.100159426820222037e-03 8.495045745855141000e-04 6.402273991711833522e-04 4.717992127082940262e-04 3.405526971175847832e-04 2.411653198528937090e-04 1.678014440288651374e-04 1.148734919064306101e-04 7.746794716624924972e-05 5.151873303525689483e-05 3.381422990015008344e-05 2.191038874766618744e-05 1.400257064291050240e-05 8.789702630576066582e-06 5.349120182607645239e-06 3.029769263591884367e-06 1.364700465570009052e-06 0.000000000000000000e+00
0.000000000000000000e+00 1.896862703202510455e-06 4.228160418618283029e-06 7.510220021825331324e-06 1.243341695070690417e-05 1.997494076520165348e-05 3.154072186983563513e-05 4.914351093805607884e-05 7.561929859018161457e-05 1.148734609687881205e-04 1.721302272592284920e-04 2.541339569812597812e-04 3.692152415190870594e-04 5.270942643501549171e-04 7.382589659242231933e-04 1.012746072870518129e-03 1.358198992557191516e-03 1.777212684856920109e-03 2.264227922004684573e-03 2.802594244275050540e-03 3.362797986534796398e-03 3.903065019963190222e-03 4.373334918590219070e-03 4.722747043081135243e-03 4.909351696268765032e-03 4.909351695338290585e-03 4.722747045031892507e-03 4.373334930137761506e-03 3.903065041772170191e-03 3.362798013518379734e-03 2.802594268298797941e-03 2.264227935247232690e-03 1.777212682717460492e-03 1.358198981819024433e-03 1.012746072237667803e-03 7.382589858563215913e-04 5.270942855432308571e-04 3.692152385490377227e-04 2.541339452918146336e-04 1.721302382761530066e-04 1.148734945492529318e-04 7.561933014624100228e-05 4.914356271872793118e-05 3.154084689969928798e-05 1.997507162101880905e-05 1.243347758867175479e-05 7.510274622288096619e-06 4.228279503909157419e-06 1.896964575303969354e-06 0.000000000000000000e+00
0.000000000000000000e+00 2.595787875746729794e-06 5.809344254372840429e-06 1.038153448360133864e-05 1.731668752420101765e-05 2.805737862473663453e-05 4.471018912228275934e-05 7.033725796404135080e-05 1.093218742213134155e-04 1.678014226275329878e-04 2.541339569812659069e-04 3.793222489817757600e-04 5.572565235698357126e-04 8.045589643459802711e-04 1.139735001244301330e-03 1.581290596408810962e-03 2.144516520757762390e-03 2.836842694589895592e-03 3.652097049863328292e-03 4.564678652719168610e-03 5.525457220982413903e-03 6.461812189795082366e-03 7.284070231456615287e-03 7.899103860162379892e-03 8.228930173173911594e-03 8.228930175054884402e-03 7.899103863414934368e-03 7.284070231904563389e-03 6.461812186198231250e-03 5.525457218970510238e-03 4.564678660018554532e-03 3.652097061203225196e-03 2.836842693688787845e-03 2.144516502906325481e-03 1.581290581359610578e-03 1.139735010787730962e-03 8.045589810623409886e-04 5.572565126909778937e-04 3.793222191237176225e-04 2.541339495824261737e-04 1.678014495215648840e-04 1.093218948967533726e-04 7.033727321290606242e-05 4.471026004705262779e-05 2.805747907316501143e-05 1.731674787031716974e-05 1.038156473324663622e-05 5.809401414914908306e-06 2.595850976287630407e-06 0.000000000000000000e+00
0.000000000000000000e+00 3.494061239836862023e-06 7.851167644319280859e-06 1.411589145546154386e-05 2.372349240405180446e-05 3.876577951473647728e-05 6.234296930916391997e-05 9.903028009959150284e-05 1.554806047754792031e-04 2.411652858717292284e-04 3.692152415190893904e-04 5.572565235698274727e-04 8.280281119826896899e-04 1.209426486090915123e-03 1.733460458143285497e-03 2.433470785475035786e-03 3.338968269339586542e-03 4.467713530521862444e-03 5.815360814394140987e-03 7.344211042722578742e-03 8.974244225338601222e-03 1.058109305683897251e-02 1.200588775944031079e-02 1.307950209871978388e-02 1.365789482949598087e-02 1.365789483266546638e-02 1.307950210376995943e-02 1.200588775651335177e-02 1.058109304110693705e-02 8.974244206775347857e-03 7.344211039229645369e-03 5.815360829269032236e-03 4.467713544371542528e-03 3.338968263395775560e-03 2.433470771086178926e-03 1.733460463245123720e-03 1.209426507844036779e-03 8.280281188536061775e-04 5.572565073254621363e-04 3.692152363181791584e-04 2.411653185645739976e-04 1.554806483215786280e-04 9.903032230144179356e-05 6.234304224947016717e-05 3.876586836194121711e-05 2.372356710343437878e-05 1.411595202063175958e-05 7.851235699299834742e-06 3.494101603206702428e-06 0.000000000000000000e+00
0.000000000000000000e+00 4.621941396824683541e-06 1.042721323200331827e-05 1.886101967759993696e-05 3.193574642265727630e-05 5.262691746209810853e-05 8.540934469354270590e-05 1.369861488645884276e-04 2.172574798202836271e-04 3.405526511893986700e-04 5.270942643501281373e-04 8.045589643460214707e-04 1.209426486090893873e-03 1.787557473003528220e-03 2.593129484838884759e-03 3.684760562095187701e-03 5.117518210599026653e-03 6.929809266308867635e-03 9.125207180554146050e-03 1.165138122133971277e-02 1.438141413052557681e-02 1.710616797980927042e-02 1.954802357568728721e-02 2.140304098419976153e-02 2.240741726020586966e-02 2.240741726098466335e-02 2.140304098515898035e-02 1.954802357189917850e-02 1.710616796571658160e-02 1.438141410980183811e-02 1.165138120906581212e-02 9.125207186279116894e-03 6.929809280106877245e-03 5.117518214663394419e-03 3.684760556399747922e-03 2.593129489183573430e-03 1.787557492781187115e-03 1.209426502953160664e-03 8.045589685656797307e-04 5.270942750528281482e-04 3.405526898115648449e-04 2.172575352905510039e-04 1.369862227484081713e-04 8.540945043950121790e-05 5.262701860862358314e-05 3.193582190184589010e-05 1.886110136513982090e-05 1.042732504512291486e-05 4.621999615340738427e-06 0.000000000000000000e+00
0.000000000000000000e+00 6.002611877250267446e-06 1.359562295284278607e-05 2.473862662002854605e-05 4.219638447178759817e-05 7.011490282784357234e-05 1.148188429691870320e-04 1.859221833965222115e-04 2.978441532638806074e-04 4.717991802990203565e-04 7.382589659242702477e-04 1.139735001244257528e-03 1.733460458143295038e-03 2.593129484838902106e-03 3.808284629980695103e-03 5.479318516723549748e-03 7.705616339434541440e-03 1.056456313480858694e-02 1.408062325676465165e-02 1.818714258893316948e-02 2.268919417688464862e-02 2.724280266140919823e-02 3.137114154072311728e-02 3.453536115504363124e-02 3.625780482723944820e-02 3.625780482503346974e-02 3.453536115096893233e-02 3.137114153796057708e-02 2.724280265626508740e-02 2.268919416473981487e-02 1.818714257378892599e-02 1.408062324623015997e-02 1.056456313080347820e-02 7.705616336132329637e-03 5.479318512954467479e-03 3.808284632980408427e-03 2.593129492297743376e-03 1.733460459616740319e-03 1.139734998349887021e-03 7.382589771456671062e-04 4.717992119971929806e-04 2.978441886120164841e-04 1.859222420930721107e-04 1.148189508374542340e-04 7.011501093646591411e-05 4.219644963428394830e-05 2.473868488909520451e-05 1.359573207047007341e-05 6.002688505854897915e-06 0.000000000000000000e+00
0.000000000000000000e+00 7.646248495423995048e-06 1.738505529257488785e-05 3.181724918559495263e-05 5.465945828869358126e-05 9.156153268533747639e-05 1.512623141563916996e-04 2.472366191225383548e-04 4.000005282082094498e-04 6.402273877882808106e-04 1.012746072870507504e-03 1.581290596408788844e-03 2.433470785475092164e-03 3.684760562095130455e-03 5.479318516723580106e-03 7.984254744325371828e-03 1.137288596379313482e-02 1.579232359871710761e-02 2.131260518846233090e-02 2.785990891229211952e-02 3.514611559615233444e-02 4.262039032046592568e-02 4.948142900607009620e-02 5.479080144921309042e-02 5.769692380258440584e-02 5.769692380117409647e-02 5.479080144861116219e-02 4.948142901034092295e-02 4.262039032634597907e-02 3.514611559643843891e-02 2.785990890327805225e-02 2.131260517284847347e-02 1.579232358038061210e-02 1.137288594553751385e-02 7.984254733684758437e-03 5.479318518454495864e-03 3.684760563830743411e-03 2.433470771148461137e-03 1.581290574782354694e-03 1.012746073370704393e-03 6.402274120655131618e-04 4.000005450812832430e-04 2.472366456697020192e-04 1.512623903376494536e-04 9.156163011036075252e-05 5.465952033867254646e-05 3.181727881374939502e-05 1.738512470011572929e-05 7.646303149080280353e-06 0.000000000000000000e+00
0.000000000000000000e+00 9.543488871117744517e-06 2.177904494795214875e-05 4.008092240875879943e-05 6.933030862912789854e-05 1.170446792361537854e-04 1.950071801452635592e-04 3.216388490108089892e-04 5.253984245648857980e-04 8.495045696758759743e-04 1.358198992557127982e-03 2.144516520757851728e-03 3.338968269339506311e-03 5.117518210599081296e-03 7.705616339434489398e-03 1.137288596379315217e-02 1.641080486499735605e-02 2.308455118799307773e-02 3.155220274711009742e-02 4.175238762143718141e-02 5.327739240967270529e-02 6.527227147713277056e-02 7.642709862536024856e-02 8.514611483620208865e-02 8.994310134446735494e-02 8.994310134702201975e-02 8.514611484392137220e-02 7.642709863685459570e-02 6.527227148758386888e-02 5.327739241436490331e-02 4.175238761973750629e-02 3.155220273944145393e-02 2.308455117210760077e-02 1.641080484157816585e-02 1.137288594687776815e-02 7.705616343363499293e-03 5.117518223621935793e-03 3.338968266646777459e-03 2.144516503337787639e-03 1.358198992866018265e-03 8.495045973328724589e-04 5.253984475714507671e-04 3.216388703733347241e-04 1.950072334583126301e-04 1.170447619442542179e-04 6.933037522482752939e-05 4.008095824944953235e-05 2.177909951059732224e-05 9.543513156021352911e-06 0.000000000000000000e+00
0.000000000000000000e+00 1.165942881653475058e-05 2.670097272248079514e-05 4.939781882241286315e-05 8.600330040595875834e-05 1.462673368921003718e-04 2.456658611391749421e-04 4.087122750072184809e-04 6.738091830024034185e-04 1.100159415079294146e-03 1.777212684856979306e-03 2.836842694589849188e-03 4.467713530521892802e-03 6.929809266308839880e-03 1.056456313480858521e-02 1.579232359871711108e-02 2.308455118799308120e-02 3.289494940463497802e-02 4.553535304391309602e-02 6.099378730252331959e-02 7.871780599057008609e-02 9.742486172437042624e-02 1.150462258568968471e-01 1.289557952542943753e-01 1.366365979248569673e-01 1.366365979299485334e-01 1.289557952672794050e-01 1.150462258708583319e-01 9.742486173212318301e-02 7.871780599135415335e-02 6.099378730170093577e-02 4.553535304513503523e-02 3.289494940028338255e-02 2.308455116949514538e-02 1.579232357907844886e-02 1.056456313606600299e-02 6.929809288241382467e-03 4.467713550284956384e-03 2.836842700364031102e-03 1.777212698740343383e-03 1.100159450762052760e-03 6.738092222108951236e-04 4.087123178725258674e-04 2.456659246416848874e-04 1.462674175071783801e-04 8.600336868859602033e-05 4.939787658917904649e-05 2.670104747795884467e-05 1.165944958488927871e-05 0.000000000000000000e+00
0.000000000000000000e+00 1.392931274062650520e-05 3.200275971536706862e-05 5.949534251897959497e-05 1.042094970604693542e-04 1.784499067517236585e-04 3.019775274408859826e-04 5.064791159923525505e-04 8.422502616134387114e-04 1.387938042152537556e-03 2.264227922004708859e-03 3.652097049863306175e-03 5.815360814394162671e-03 9.125207180554099212e-03 1.408062325676467073e-02 2.131260518846232743e-02 3.155220274711008355e-02 4.553535304391307520e-02 6.381744325191353318e-02 8.648785852631238336e-02 1.128183017452480813e-01 1.409427551944619217e-01 1.677262782659220131e-01 1.890418726698215868e-01 2.008132969091765418e-01 2.008132969130689838e-01 1.890418726794258208e-01 1.677262782749013581e-01 1.409427551957993519e-01 1.128183017381234471e-01 8.648785851899502830e-02 6.381744325208045521e-02 4.553535304425521818e-02 3.155220273481656318e-02 2.131260516885777334e-02 1.408062324990345948e-02 9.125207195955355871e-03 5.815360840152488699e-03 3.652097072782436744e-03 2.264227950786674819e-03 1.387938082885786144e-03 8.422503053438369202e-04 5.064791736829843362e-04 3.019776100273516978e-04 1.784499957547380897e-04 1.042095595617113156e-04 5.949539624661756131e-05 3.200284217229102074e-05 1.392934327341288572e-05 0.000000000000000000e+00
0.000000000000000000e+00 1.625743417817807394e-05 3.746117482166738211e-05 6.994986967334880187e-05 1.231904170676537873e-04 2.122669891188108269e-04 3.616628877643871301e-04 6.110789515281977394e-04 1.024295031425134783e-03 1.702361687070554422e-03 2.802594244275018881e-03 4.564678652719192029e-03 7.344211042722533639e-03 1.165138122133973705e-02 1.818714258893313826e-02 2.785990891229211952e-02 4.175238762143716753e-02 6.099378730252330572e-02 8.648785852631238336e-02 1.184729947091557739e-01 1.559705651394316939e-01 1.963010035084396532e-01 2.349148756198439492e-01 2.657388979187023104e-01 2.826442491225838460e-01 2.826442491227087461e-01 2.657388979194277301e-01 2.349148756204078314e-01 1.963010035044191470e-01 1.559705651277939198e-01 1.184729946956063207e-01 8.648785851928950108e-02 6.099378729991895842e-02 4.175238761345508032e-02 2.785990889877593829e-02 1.818714258022933669e-02 1.165138122535287236e-02 7.344211057171860790e-03 4.564678673709732064e-03 2.802594279782698577e-03 1.702361731293236796e-03 1.024295071026652812e-03 6.110790045167417391e-04 3.616629728043388274e-04 2.122670886152412087e-04 1.231904771230172744e-04 6.994990232385101751e-05 3.746123577914668072e-05 1.625745780278234400e-05 0.000000000000000000e+00
0.000000000000000000e+00 1.852073327486116207e-05 4.278555629450960722e-05 8.019917016768671354e-05 1.419145497131770069e-04 2.458630848127772717e-04 4.214220202259617116e-04 7.167011634053872381e-04 1.209821406253364096e-03 2.026016865837565982e-03 3.362797986534782953e-03 5.525457220982407831e-03 8.974244225338585609e-03 1.438141413052559242e-02 2.268919417688463128e-02 3.514611559615234138e-02 5.327739240967269835e-02 7.871780599057014161e-02 1.128183017452481091e-01 1.559705651394316384e-01 2.067426948177854273e-01 2.612017766403093022e-01 3.129459389544513859e-01 3.537955792166764257e-01 3.758253266657014535e-01 3.758253266636861212e-01 3.537955792134014343e-01 3.129459389528334023e-01 2.612017766377195960e-01 2.067426948098743944e-01 1.559705651278490146e-01 1.128183017371816727e-01 7.871780598760171055e-02 5.327739240775026391e-02 3.514611559500394750e-02 2.268919417833181393e-02 1.438141413493032768e-02 8.974244229576698942e-03 5.525457231690149816e-03 3.362798021880722237e-03 2.026016917090293305e-03 1.209821450663313988e-03 7.167012084704879778e-04 4.214220967828406577e-04 2.458631910551180430e-04 1.419146212909060210e-04 8.019920511153825040e-05 4.278559859044989659e-05 1.852073586122474319e-05 0.000000000000000000e+00
0.000000000000000000e+00 2.057789368581489548e-05 4.763906695226285520e-05 8.958258806306738204e-05 1.591485329454415910e-04 2.769743254448185903e-04 4.771355667331636584e-04 8.159028181218257875e-04 1.385480840903346653e-03 2.335168330864418641e-03 3.903065019963181548e-03 6.461812189795066753e-03 1.058109305683900200e-02 1.710616797980923920e-02 2.724280266140922252e-02 4.262039032046589793e-02 6.527227147713279831e-02 9.742486172437046787e-02 1.409427551944618384e-01 1.963010035084395144e-01 2.612017766403091912e-01 3.296047672927479022e-01 3.925708141953104802e-01 4.400851642379076112e-01 4.652565000453932620e-01 4.652565000453126598e-01 4.400851642393860397e-01 3.925708141999796341e-01 3.296047672973208553e-01 2.612017766401362739e-01 1.963010035053164848e-01 1.409427551943839285e-01 9.742486172896208663e-02 6.527227148516570598e-02 4.262039033295741269e-02 2.724280267930909508e-02 1.710616799787172820e-02 1.058109306495718001e-02 6.461812196664145844e-03 3.903065052414940277e-03 2.335168388661235019e-03 1.385480896403682100e-03 8.159028652320193548e-04 4.771356370884781688e-04 2.769744288212914996e-04 1.591486203283521230e-04 8.958265327643056110e-05 4.763912227162816825e-05 2.057788987214822447e-05 0.000000000000000000e+00
0.000000000000000000e+00 2.228355370373692360e-05 5.167276658765184626e-05 9.740843449383191797e-05 1.735840906229885075e-04 3.031629935885905760e-04 5.242923319445447553e-04 9.003778563512204606e-04 1.536059619222667708e-03 2.602118060665592827e-03 4.373334918590214733e-03 7.284070231456624828e-03 1.200588775944032120e-02 1.954802357568725946e-02 3.137114154072309646e-02 4.948142900607008926e-02 7.642709862536033183e-02 1.150462258568968055e-01 1.677262782659219853e-01 2.349148756198438381e-01 3.129459389544514969e-01 3.925708141953100916e-01 4.622528902749852842e-01 5.130112390061417615e-01 5.394897102615641149e-01 5.394897102652341792e-01 5.130112390167437253e-01 4.622528902892552582e-01 3.925708142068800033e-01 3.129459389597950003e-01 2.349148756235243385e-01 1.677262782754618820e-01 1.150462258726380610e-01 7.642709864358711302e-02 4.948142902751128530e-02 3.137114156889649758e-02 1.954802360654292470e-02 1.200588777854388542e-02 7.284070242166554299e-03 4.373334948198002309e-03 2.602118114932460737e-03 1.536059676247228563e-03 9.003779065822547448e-04 5.242923961052755200e-04 3.031630830662762534e-04 1.735841765748911123e-04 9.740852279799554116e-05 5.167285080938625056e-05 2.228356512474252062e-05 0.000000000000000000e+00
0.000000000000000000e+00 2.350582897844222255e-05 5.456834273924298913e-05 1.030406989024675865e-04 1.840065110841557498e-04 3.221403291927362779e-04 5.586034175894983179e-04 9.621185326686319469e-04 1.646660478616044461e-03 2.799268555731901191e-03 4.722747043081135243e-03 7.899103860162411117e-03 1.307950209871975439e-02 2.140304098419973031e-02 3.453536115504364512e-02 5.479080144921313900e-02 8.514611483620207477e-02 1.289557952542943198e-01 1.890418726698214480e-01 2.657388979187021993e-01 3.537955792166760371e-01 4.400851642379075557e-01 5.130112390061418726e-01 5.649227618628951397e-01 5.916993505693207700e-01 5.916993505754547522e-01 5.649227618794262495e-01 5.130112390266351463e-01 4.400851642534788222e-01 3.537955792238597907e-01 2.657388979245389193e-01 1.890418726837961028e-01 1.289557952764429638e-01 8.514611486032197529e-02 5.479080147275500884e-02 3.453536118314676912e-02 2.140304101713731352e-02 1.307950212303177900e-02 7.899103876411949290e-03 4.722747070159094909e-03 2.799268597450938270e-03 1.646660522257559125e-03 9.621185717064148274e-04 5.586034681574560167e-04 3.221403970860480187e-04 1.840065713832785411e-04 1.030407756489038596e-04 5.456843476579447522e-05 2.350585574989354015e-05 0.000000000000000000e+00
0.000000000000000000e+00 2.414419734016837754e-05 5.608224351466657758e-05 1.059900592775970792e-04 1.894749031563296398e-04 3.321196286897685622e-04 5.766912741880104564e-04 9.947568427578522884e-04 1.705307303074941102e-03 2.904163455643416630e-03 4.909351696268794522e-03 8.228930173173915064e-03 1.365789482949594964e-02 2.240741726020588007e-02 3.625780482723943432e-02 5.769692380258446829e-02 8.994310134446725780e-02 1.366365979248569396e-01 2.008132969091764863e-01 2.826442491225836795e-01 3.758253266657013425e-01 4.652565000453932065e-01 5.394897102615640039e-01 5.916993505693204369e-01 6.184619316887439711e-01 6.184619316941065703e-01 5.916993505843334278e-01 5.394897102818221324e-01 4.652565000625166758e-01 3.758253266748094457e-01 2.826442491293050807e-01 2.008132969222246877e-01 1.366365979463330382e-01 8.994310136914387965e-02 5.769692382594560770e-02 3.625780485339813453e-02 2.240741728947417272e-02 1.365789485238396751e-02 8.228930191735484012e-03 4.909351722205018177e-03 2.904163488332106493e-03 1.705307330292759596e-03 9.947568613506805203e-04 5.766913059945583033e-04 3.321196733418874244e-04 1.894749296426369279e-04 1.059901021723872296e-04 5.608231172861613539e-05 2.414421952040400558e-05 0.000000000000000000e+00
0.000000000000000000e+00 2.414421577657517397e-05 5.608227711173271286e-05 1.059900869926847774e-04 1.894749251800874844e-04 3.321196473280401524e-04 5.766912903220394650e-04 9.947568548007764550e-04 1.705307307190135182e-03 2.904163454721011683e-03 4.909351695338344361e-03 8.228930175054844504e-03 1.365789483266547331e-02 2.240741726098464254e-02 3.625780482503351831e-02 5.769692380117405484e-02 8.994310134702201975e-02 1.366365979299484779e-01 2.008132969130689283e-01 2.826442491227088571e-01 3.758253266636859546e-01 4.652565000453122712e-01 5.394897102652339571e-01 5.916993505754547522e-01 6.184619316941065703e-01 6.184619316964754532e-01 5.916993505843303192e-01 5.394897102814005807e-01 4.652565000635460746e-01 3.758253266778286417e-01 2.826442491329773654e-01 2.008132969249402655e-01 1.366365979476046044e-01 8.994310136933178490e-02 5.769692382610893538e-02 3.625780485434727113e-02 2.240741729126100382e-02 1.365789485489360064e-02 8.228930193519326183e-03 4.909351723079801062e-03 2.904163489435135619e-03 1.705307330355472018e-03 9.947568622710816454e-04 5.766913086833813174e-04 3.321196744648361636e-04 1.894749307521663884e-04 1.059901043352753030e-04 5.608231262540101293e-05 2.414421922215338799e-05 0.000000000000000000e+00
0.000000000000000000e+00 2.350586590986953651e-05 5.456841797518390664e-05 1.030407689621467952e-04 1.840065743686873363e-04 3.221403820666473108e-04 5.586034570023690714e-04 9.621185615132579619e-04 1.646660492205497591e-03 2.799268559403404397e-03 4.722747045031917661e-03 7.899103863414887530e-03 1.307950210376998372e-02 2.140304098515893871e-02 3.453536115096900866e-02 5.479080144861117607e-02 8.514611484392137220e-02 1.289557952672794050e-01 1.890418726794256543e-01 2.657388979194277856e-01 3.537955792134014898e-01 4.400851642393855401e-01 5.130112390167433922e-01 5.649227618794260275e-01 5.916993505843332057e-01 5.916993505843305412e-01 5.649227618829865127e-01 5.130112390291751145e-01 4.400851642592392698e-01 3.537955792340138905e-01 2.657388979364008197e-01 1.890418726934736948e-01 1.289557952823374709e-01 8.514611486303562404e-02 5.479080147437170867e-02 3.453536118632660051e-02 2.140304102286117241e-02 1.307950213011865002e-02 7.899103882611216085e-03 4.722747074649087488e-03 2.799268600434435834e-03 1.646660523890129506e-03 9.621185751666809722e-04 5.586034741339765105e-04 3.221404016328624953e-04 1.840065750554049191e-04 1.030407805136538199e-04 5.456843755433901698e-05 2.350585615993525102e-05 0.000000000000000000e+00
0.000000000000000000e+00 2.228357731202373413e-05 5.167283524188929269e-05 9.740851422503870292e-05 1.735841837109619807e-04 3.031630718736730398e-04 5.242923784289160120e-04 9.003778872272379151e-04 1.536059641449535407e-03 2.602118079350639827e-03 4.373334930137734618e-03 7.284070231904547776e-03 1.200588775651335004e-02 1.954802357189918544e-02 3.137114153796061872e-02 4.948142901034096458e-02 7.642709863685452631e-02 1.150462258708583180e-01 1.677262782749012748e-01 2.349148756204079147e-01 3.129459389528332913e-01 3.925708141999791900e-01 4.622528902892550362e-01 5.130112390266350353e-01 5.394897102818219103e-01 5.394897102814002476e-01 5.130112390291753366e-01 4.622528903010193480e-01 3.925708142213086282e-01 3.129459389779802314e-01 2.349148756432003216e-01 1.677262782929417884e-01 1.150462258858773457e-01 7.642709865202679254e-02 4.948142903261384951e-02 3.137114157498262917e-02 1.954802361560225438e-02 1.200588778862213268e-02 7.284070252890552377e-03 4.373334957625796791e-03 2.602118119905105862e-03 1.536059680524972521e-03 9.003779122280729762e-04 5.242924019872196488e-04 3.031630904470950286e-04 1.735841829052431264e-04 9.740852826491428829e-05 5.167285546867037173e-05 2.228356798677552569e-05 0.000000000000000000e+00
0.000000000000000000e+00 2.057789822752194634e-05 4.763910752174667628e-05 8.958264907235936078e-05 1.591486339943851093e-04 2.769744175728634751e-04 4.771356135715675278e-04 8.159028443589489386e-04 1.385480867390273454e-03 2.335168364149936213e-03 3.903065041772124655e-03 6.461812186198232985e-03 1.058109304110690235e-02 1.710616796571664405e-02 2.724280265626509434e-02 4.262039032634600683e-02 6.527227148758381337e-02 9.742486173212312750e-02 1.409427551957992408e-01 1.963010035044192303e-01 2.612017766377194294e-01 3.296047672973206888e-01 3.925708142068797812e-01 4.400851642534786001e-01 4.652565000625163982e-01 4.652565000635459636e-01 4.400851642592392143e-01 3.925708142213085727e-01 3.296047673198968520e-01 2.612017766636360316e-01 1.963010035286127386e-01 1.409427552161862662e-01 9.742486174789496967e-02 6.527227149895850622e-02 4.262039034164676748e-02 2.724280268730721113e-02 1.710616800735664453e-02 1.058109307537146923e-02 6.461812208831557887e-03 3.903065063953287811e-03 2.335168396228855161e-03 1.385480901556446817e-03 8.159028703846216580e-04 4.771356423733671233e-04 2.769744354793672288e-04 1.591486275005485264e-04 8.958265899413771194e-05 4.763912712951476965e-05 2.057789413798817083e-05 0.000000000000000000e+00
0.000000000000000000e+00 1.852074459051869645e-05 4.278559361501464454e-05 8.019921229929664126e-05 1.419146387676906076e-04 2.458631802362278257e-04 4.214220746720930715e-04 7.167011948691229348e-04 1.209821435067711922e-03 2.026016902974397786e-03 3.362798013518348509e-03 5.525457218970508504e-03 8.974244206775302754e-03 1.438141410980194219e-02 2.268919416473982181e-02 3.514611559643841809e-02 5.327739241436484086e-02 7.871780599135412559e-02 1.128183017381233916e-01 1.559705651277939475e-01 2.067426948098741724e-01 2.612017766401359964e-01 3.129459389597947783e-01 3.537955792238596242e-01 3.758253266748091126e-01 3.758253266778284196e-01 3.537955792340138905e-01 3.129459389779802314e-01 2.612017766636358096e-01 2.067426948339576021e-01 1.559705651499905810e-01 1.128183017582994330e-01 7.871780600744829326e-02 5.327739242340304160e-02 3.514611560529214834e-02 2.268919418649657793e-02 1.438141414322149057e-02 8.974244238806289992e-03 5.525457242385248269e-03 3.362798033299156577e-03 2.026016927003459513e-03 1.209821455706124775e-03 7.167012120122704050e-04 4.214221025264232963e-04 2.458631959839151053e-04 1.419146259169948938e-04 8.019921051253525572e-05 4.278560213008880870e-05 1.852073909860274328e-05 0.000000000000000000e+00
0.000000000000000000e+00 1.625747265419557472e-05 3.746124461265922900e-05 6.994991542406740444e-05 1.231904932270968243e-04 2.122670804191977283e-04 3.616629563947014524e-04 6.110790005126553971e-04 1.024295065306219353e-03 1.702361719031127716e-03 2.802594268298774522e-03 4.564678660018544991e-03 7.344211039229620215e-03 1.165138120906591274e-02 1.818714257378895721e-02 2.785990890327796551e-02 4.175238761973747853e-02 6.099378730170092189e-02 8.648785851899502830e-02 1.184729946956063068e-01 1.559705651278488203e-01 1.963010035053162072e-01 2.349148756235240609e-01 2.657388979245387528e-01 2.826442491293049142e-01 2.826442491329771989e-01 2.657388979364008197e-01 2.349148756432004048e-01 1.963010035286126831e-01 1.559705651499905532e-01 1.184729947153183721e-01 8.648785853785467825e-02 6.099378731782204716e-02 4.175238762880759819e-02 2.785990891048328519e-02 1.818714258991059943e-02 1.165138123499331879e-02 7.344211066986102224e-03 4.564678684214999727e-03 2.802594292058349992e-03 1.702361742089754338e-03 1.024295077477291663e-03 6.110790093746870568e-04 3.616629791439463231e-04 2.122670940483858926e-04 1.231904796907521446e-04 6.994990673300262307e-05 3.746123926691158752e-05 1.625745977457310310e-05 0.000000000000000000e+00
0.000000000000000000e+00 1.392936316944027217e-05 3.200285516304562450e-05 5.949540387024074994e-05 1.042095716844254573e-04 1.784499902027258434e-04 3.019775977870950922e-04 5.064791735279686874e-04 8.422502985081190561e-04 1.387938064831358833e-03 2.264227935247206235e-03 3.652097061203212185e-03 5.815360829269042645e-03 9.125207186279191487e-03 1.408062324623019813e-02 2.131260517284835898e-02 3.155220273944144699e-02 4.553535304513502829e-02 6.381744325208044133e-02 8.648785851928951496e-02 1.128183017371815755e-01 1.409427551943837620e-01 1.677262782754615766e-01 1.890418726837960472e-01 2.008132969222245212e-01 2.008132969249400712e-01 1.890418726934736116e-01 1.677262782929418716e-01 1.409427552161862385e-01 1.128183017582993497e-01 8.648785853785460886e-02 6.381744326962975056e-02 4.553535306062138355e-02 3.155220274996641677e-02 2.131260518258556308e-02 1.408062326282584140e-02 9.125207209300564490e-03 5.815360853201529713e-03 3.652097085595341561e-03 2.264227963598294206e-03 1.387938093543338242e-03 8.422503148660430775e-04 5.064791828834223821e-04 3.019776180335295582e-04 1.784500038681808415e-04 1.042095652612563995e-04 5.949539989762478545e-05 3.200284507191305763e-05 1.392934553494163720e-05 0.000000000000000000e+00
0.000000000000000000e+00 1.165946690681508196e-05 2.670105217732357219e-05 4.939787584218991958e-05 8.600337727280557608e-05 1.462674129759714546e-04 2.456659123158987166e-04 4.087123118573117702e-04 6.738092075280543514e-04 1.100159426820210978e-03 1.777212682717433604e-03 2.836842693688773967e-03 4.467713544371568549e-03 6.929809280106945767e-03 1.056456313080348167e-02 1.579232358038049761e-02 2.308455117210764587e-02 3.289494940028336867e-02 4.553535304425518349e-02 6.099378729991902087e-02 7.871780598760162728e-02 9.742486172896200336e-02 1.150462258726378251e-01 1.289557952764428250e-01 1.366365979463328995e-01 1.366365979476044656e-01 1.289557952823373321e-01 1.150462258858773457e-01 9.742486174789499742e-02 7.871780600744823775e-02 6.099378731782197777e-02 4.553535306062133498e-02 3.289494941416584717e-02 2.308455118217155044e-02 1.579232359197239866e-02 1.056456314971017559e-02 6.929809302903251408e-03 4.467713565907155231e-03 2.836842714935635876e-03 1.777212710345154895e-03 1.100159461343636113e-03 6.738092333567460759e-04 4.087123291907105382e-04 2.456659356162384017e-04 1.462674281813592931e-04 8.600337762371738058e-05 4.939788011419321648e-05 2.670104715228429536e-05 1.165945184138749982e-05 0.000000000000000000e+00
0.000000000000000000e+00 9.543521558486173025e-06 2.177909714794829522e-05 4.008095577672577184e-05 6.933038350370528905e-05 1.170447586104687810e-04 1.950072172784357745e-04 3.216388560785765844e-04 5.253984288216847045e-04 8.495045745854994633e-04 1.358198981818999496e-03 2.144516502906311170e-03 3.338968263395798979e-03 5.117518214663473348e-03 7.705616336132292341e-03 1.137288594553742017e-02 1.641080484157824218e-02 2.308455116949511415e-02 3.155220273481650073e-02 4.175238761345517052e-02 5.327739240775018065e-02 6.527227148516570598e-02 7.642709864358696037e-02 8.514611486032185039e-02 8.994310136914375475e-02 8.994310136933174327e-02 8.514611486303554078e-02 7.642709865202675090e-02 6.527227149895850622e-02 5.327739242340300690e-02 4.175238762880754961e-02 3.155220274996636126e-02 2.308455118217151575e-02 1.641080485085166102e-02 1.137288595741283229e-02 7.705616354223652348e-03 5.117518235527360355e-03 3.338968281766268621e-03 2.144516517615048003e-03 1.358199002877405817e-03 8.495046060645886554e-04 5.253984565105327721e-04 3.216388798531103041e-04 1.950072449887153207e-04 1.170447729901969293e-04 6.933038293434214247e-05 4.008096272176760351e-05 2.177909820440820406e-05 9.543513368101899313e-06 0.000000000000000000e+00
0.000000000000000000e+00 7.646307710742328002e-06 1.738512722257732544e-05 3.181728265447432007e-05 5.465953315388426785e-05 9.156162971037553179e-05 1.512623719509490882e-04 2.472366312281978201e-04 4.000005325827104283e-04 6.402273991711694744e-04 1.012746072237648070e-03 1.581290581359598652e-03 2.433470771086196274e-03 3.684760556399827719e-03 5.479318512954403295e-03 7.984254733684678640e-03 1.137288594687786009e-02 1.579232357907842110e-02 2.131260516885770395e-02 2.785990889877602156e-02 3.514611559500389892e-02 4.262039033295744739e-02 4.948142902751118816e-02 5.479080147275488394e-02 5.769692382594546198e-02 5.769692382610890069e-02 5.479080147437168785e-02 4.948142903261387726e-02 4.262039034164679524e-02 3.514611560529213447e-02 2.785990891048325049e-02 2.131260518258552145e-02 1.579232359197236049e-02 1.137288595741281494e-02 7.984254744627074935e-03 5.479318526919664534e-03 3.684760572938444983e-03 2.433470783963327059e-03 1.581290587649634635e-03 1.012746082787343736e-03 6.402274189795561761e-04 4.000005520202004573e-04 2.472366534452355999e-04 1.512623993965618195e-04 9.156164051893713775e-05 5.465952810533137674e-05 3.181728524840586614e-05 1.738512733503991934e-05 7.646303248086295598e-06 0.000000000000000000e+00
0.000000000000000000e+00 6.002698941244702320e-06 1.359574542891022092e-05 2.473869794407264594e-05 4.219646754932881636e-05 7.011501250547811401e-05 1.148189360433943902e-04 1.859222358764875990e-04 2.978441891717142258e-04 4.717992127082850273e-04 7.382589858563070630e-04 1.139735010787722939e-03 1.733460463245143452e-03 2.593129489183639783e-03 3.808284632980343375e-03 5.479318518454414332e-03 7.705616343363592101e-03 1.056456313606598911e-02 1.408062324990339009e-02 1.818714258022939220e-02 2.268919417833179311e-02 2.724280267930912283e-02 3.137114156889643513e-02 3.453536118314665115e-02 3.625780485339800269e-02 3.625780485434721562e-02 3.453536118632660745e-02 3.137114157498264999e-02 2.724280268730724930e-02 2.268919418649658140e-02 1.818714258991058208e-02 1.408062326282581711e-02 1.056456314971014956e-02 7.705616354223632399e-03 5.479318526919654993e-03 3.808284643142099794e-03 2.593129501498097397e-03 1.733460470599192896e-03 1.139735011173502238e-03 7.382589890282704060e-04 4.717992214369504957e-04 2.978441967795860236e-04 1.859222500692374390e-04 1.148189584701746310e-04 7.011502039860095553e-05 4.219645967397009888e-05 2.473869298064199543e-05 1.359573722729582685e-05 6.002691958665562896e-06 0.000000000000000000e+00
0.000000000000000000e+00 4.622013794184409050e-06 1.042734222582839511e-05 1.886111561415416998e-05 3.193583479143592018e-05 5.262701706852714327e-05 8.540943935237466686e-05 1.369862237999912541e-04 2.172575448914896461e-04 3.405526971175765975e-04 5.270942855432265203e-04 8.045589810623336160e-04 1.209426507844060632e-03 1.787557492781228965e-03 2.593129492297693937e-03 3.684760563830669251e-03 5.117518223622003447e-03 6.929809288241396345e-03 9.125207195955296890e-03 1.165138122535289839e-02 1.438141413493031207e-02 1.710616799787175596e-02 1.954802360654290042e-02 2.140304101713721638e-02 2.240741728947405823e-02 2.240741729126094831e-02 2.140304102286117588e-02 1.954802361560226825e-02 1.710616800735667228e-02 1.438141414322149925e-02 1.165138123499331706e-02 9.125207209300548877e-03 6.929809302903234929e-03 5.117518235527343008e-03 3.684760572938427202e-03 2.593129501498087422e-03 1.787557502004591924e-03 1.209426513066382556e-03 8.045589818737754586e-04 5.270942881985825985e-04 3.405527005586645069e-04 2.172575437642534023e-04 1.369862294013818348e-04 8.540945570813485111e-05 5.262702393361048096e-05 3.193582853144115289e-05 1.886110737767886949e-05 1.042732663674464165e-05 4.622002749609793082e-06 0.000000000000000000e+00
0.000000000000000000e+00 3.494112467094346918e-06 7.851248235717725804e-06 1.411595641806299566e-05 2.372356747775727947e-05 3.876586217124602349e-05 6.234303167798577834e-05 9.903032367347556000e-05 1.554806559201025431e-04 2.411653198528843848e-04 3.692152385490350664e-04 5.572565126909649917e-04 8.280281188536332826e-04 1.209426502953179312e-03 1.733460459616702372e-03 2.433470771148399554e-03 3.338968266646815623e-03 4.467713550284987609e-03 5.815360840152447065e-03 7.344211057171865127e-03 8.974244229576678125e-03 1.058109306495719562e-02 1.200588777854389583e-02 1.307950212303171308e-02 1.365789485238387210e-02 1.365789485489353472e-02 1.307950213011864656e-02 1.200588778862216044e-02 1.058109307537149872e-02 8.974244238806309074e-03 7.344211066986100489e-03 5.815360853201514968e-03 4.467713565907139618e-03 3.338968281766258213e-03 2.433470783963313615e-03 1.733460470599182271e-03 1.209426513066370413e-03 8.280281257475232554e-04 5.572565157429802294e-04 3.692152437517608491e-04 2.411653246581361488e-04 1.554806531545368262e-04 9.903032450714545798e-05 6.234304253922939127e-05 3.876586870475410592e-05 2.372356728836160354e-05 1.411595318141444002e-05 7.851233790673911554e-06 3.494100692604950616e-06 0.000000000000000000e+00
0.000000000000000000e+00 2.595859292280952495e-06 5.809408639950548332e-06 1.038156189620980382e-05 1.731674560534131435e-05 2.805747576923935962e-05 4.471025298743700648e-05 7.033727344056657710e-05 1.093218971472021013e-04 1.678014440288548917e-04 2.541339452918210846e-04 3.793222191237113883e-04 5.572565073254919519e-04 8.045589685656868864e-04 1.139734998349866638e-03 1.581290574782311976e-03 2.144516503337802384e-03 2.836842700364071868e-03 3.652097072782419396e-03 4.564678673709728594e-03 5.525457231690125530e-03 6.461812196664144109e-03 7.284070242166575115e-03 7.899103876411923270e-03 8.228930191735421562e-03 8.228930193519258529e-03 7.899103882611198738e-03 7.284070252890570592e-03 6.461812208831583040e-03 5.525457242385264749e-03 4.564678684215004931e-03 3.652097085595335489e-03 2.836842714935625901e-03 2.144516517615034125e-03 1.581290587649619890e-03 1.139735011173486842e-03 8.045589818737604966e-04 5.572565157429756758e-04 3.793222229195234146e-04 2.541339537862853312e-04 1.678014536273213903e-04 1.093218983454935674e-04 7.033727543526263853e-05 4.471026141705278332e-05 2.805748143932154429e-05 1.731674974428331110e-05 1.038156571355205571e-05 5.809401026051660470e-06 2.595850854802668559e-06 0.000000000000000000e+00
0.000000000000000000e+00 1.896971187641616013e-06 4.228283812152180446e-06 7.510273930713540547e-06 1.243348080726896768e-05 1.997507414439885659e-05 3.154084405849818412e-05 4.914356329886608902e-05 7.561933238561287110e-05 1.148734919064196733e-04 1.721302382761545787e-04 2.541339495824177170e-04 3.692152363182058840e-04 5.270942750528247872e-04 7.382589771456495422e-04 1.012746073370674035e-03 1.358198992866015663e-03 1.777212698740382631e-03 2.264227950786677854e-03 2.802594279782689036e-03 3.362798021880697517e-03 3.903065052414928134e-03 4.373334948198022258e-03 4.722747070159092307e-03 4.909351722204985218e-03 4.909351723079740347e-03 4.722747074649052794e-03 4.373334957625806332e-03 3.903065063953317735e-03 3.362798033299181297e-03 2.802594292058356064e-03 2.264227963598285532e-03 1.777212710345140367e-03 1.358199002877393674e-03 1.012746082787335713e-03 7.382589890282618408e-04 5.270942881985683955e-04 3.692152437517461582e-04 2.541339537862759529e-04 1.721302486196632346e-04 1.148735034577798427e-04 7.561933723294028524e-05 4.914356987580466096e-05 3.154085448513403684e-05 1.997507955579991000e-05 1.243348478659714650e-05 7.510279345530186557e-06 4.228280506461641470e-06 1.896966994794152389e-06 0.000000000000000000e+00
0.000000000000000000e+00 1.364703202419548554e-06 3.029772767144295222e-06 5.349121796078709724e-06 8.789705037005353513e-06 1.400257112603587784e-05 2.191038311777487247e-05 3.381422698355492930e-05 5.151873453878907044e-05 7.746794716623808244e-05 1.148734945492547749e-04 1.678014495215628783e-04 2.411653185645989614e-04 3.405526898115572012e-04 4.717992119971805122e-04 6.402274120654975493e-04 8.495045973328591233e-04 1.100159450762081166e-03 1.387938082885808696e-03 1.702361731293234627e-03 2.026016917090270753e-03 2.335168388661214203e-03 2.602118114932464640e-03 2.799268597450940872e-03 2.904163488332095651e-03 2.904163489435098756e-03 2.799268600434404175e-03 2.602118119905101092e-03 2.335168396228870340e-03 2.026016927003477727e-03 1.702361742089765614e-03 1.387938093543337808e-03 1.100159461343627439e-03 8.495046060645743439e-04 6.402274189795470688e-04 4.717992214369390032e-04 3.405527005586533396e-04 2.411653246581220542e-04 1.678014536273104941e-04 1.148735034577726193e-04 7.746795582820749891e-05 5.151873868366650488e-05 3.381423580762664486e-05 2.191039548356706328e-05 1.400257712102000935e-05 8.789708187959142038e-06 5.349125148503287830e-06 3.029769407055444524e-06 1.364700775694075516e-06 0.000000000000000000e+00
0.000000000000000000e+00 9.671931834390633127e-07 2.138853134087479873e-06 3.753805770887997925e-06 6.122960829749454507e-06 9.673427404657551133e-06 1.500148152850469969e-05 2.293527552749518084e-05 3.460558494701776911e-05 5.151873303524701504e-05 7.561933014623830533e-05 1.093218948967485614e-04 1.554806483215992008e-04 2.172575352905417611e-04 2.978441886119973479e-04 4.000005450812739731e-04 5.253984475714376483e-04 6.738092222109172413e-04 8.422503053438695547e-04 1.024295071026654329e-03 1.209821450663286233e-03 1.385480896403654778e-03 1.536059676247226394e-03 1.646660522257570401e-03 1.705307330292765234e-03 1.705307330355449683e-03 1.646660523890095679e-03 1.536059680524956474e-03 1.385480901556455273e-03 1.209821455706146026e-03 1.024295077477305757e-03 8.422503148660432943e-04 6.738092333567344749e-04 5.253984565105197617e-04 4.000005520201936810e-04 2.978441967795772958e-04 2.172575437642460027e-04 1.554806531545208884e-04 1.093218983454796625e-04 7.561933723292724771e-05 5.151873868366040624e-05 3.460558714535186741e-05 2.293528336743386376e-05 1.500149284467224108e-05 9.673433595360854243e-06 6.122964209084536163e-06 3.753807737054098689e-06 2.138848444175083125e-06 9.671905143191852340e-07 0.000000000000000000e+00
0.000000000000000000e+00 6.755503950620273635e-07 1.488202174636631495e-06 2.596739609735658764e-06 4.205161279525294924e-06 6.589615003942700958e-06 1.012990522317636093e-05 1.534562668469080778e-05 2.293528082680150676e-05 3.381422990014307001e-05 4.914356271872792441e-05 7.033727321290194246e-05 9.903032230145534609e-05 1.369862227484000127e-04 1.859222420930541401e-04 2.472366456697042960e-04 3.216388703733276768e-04 4.087123178725320474e-04 5.064791736830091644e-04 6.110790045167504127e-04 7.167012084704693295e-04 8.159028652319968034e-04 9.003779065822501912e-04 9.621185717064193810e-04 9.947568613506868086e-04 9.947568622710740559e-04 9.621185751666611313e-04 9.003779122280548700e-04 8.159028703846203569e-04 7.167012120122823312e-04 6.110790093747028862e-04 5.064791828834283452e-04 4.087123291907033282e-04 3.216388798530958300e-04 2.472366534452223184e-04 1.859222500692268409e-04 1.369862294013744622e-04 9.903032450713437202e-05 7.033727543525210822e-05 4.914356987579024107e-05 3.381423580761796447e-05 2.293528336742970992e-05 1.534563374683345024e-05 1.012991561034363774e-05 6.589622534539820220e-06 4.205167180602073503e-06 2.596742644786375389e-06 1.488197355366573028e-06 6.755476024937846535e-07 0.000000000000000000e+00
0.000000000000000000e+00 4.649029161991826864e-07 1.020375247396327668e-06 1.770454810148195620e-06 2.847091113989197342e-06 4.426330552987782878e-06 6.746750287094268959e-06 1.012990875745527057e-05 1.500148982040126935e-05 2.191038874766035308e-05 3.154084689969583209e-05 4.471026004704453015e-05 6.234304224947838000e-05 8.540945043950623234e-05 1.148189508374420639e-04 1.512623903376464178e-04 1.950072334583017339e-04 2.456659246416822854e-04 3.019776100273760923e-04 3.616629728043604572e-04 4.214220967828301409e-04 4.771356370884535575e-04 5.242923961052669548e-04 5.586034681574600282e-04 5.766913059945656759e-04 5.766913086833794742e-04 5.586034741339628495e-04 5.242924019872057710e-04 4.771356423733640875e-04 4.214221025264310483e-04 3.616629791439574361e-04 3.019776180335347624e-04 2.456659356162315712e-04 1.950072449887033945e-04 1.512623993965489717e-04 1.148189584701670416e-04 8.540945570812858985e-05 6.234304253922693826e-05 4.471026141704591218e-05 3.154085448512768748e-05 2.191039548356105274e-05 1.500149284466929510e-05 1.012991561034127791e-05 6.746760907315608816e-06 4.426340913897274652e-06 2.847101999153451423e-06 1.770462347474173838e-06 1.020373689714961200e-06 4.649012287062198557e-07 0.000000000000000000e+00
0.000000000000000000e+00 3.146710220010075452e-07 6.882247756786846341e-07 1.187776511752634628e-06 1.897394028183261903e-06 2.927669662161333308e-06 4.426332443835793170e-06 6.589616952043616330e-06 9.673430712116314585e-06 1.400257064290035325e-05 1.997507162101122980e-05 2.805747907316357825e-05 3.876586836195571154e-05 5.262701860863214833e-05 7.011501093644568019e-05 9.156163011035091338e-05 1.170447619442511415e-04 1.462674175071773772e-04 1.784499957547547593e-04 2.122670886152673109e-04 2.458631910551190730e-04 2.769744288212667798e-04 3.031630830662573883e-04 3.221403970860449288e-04 3.321196733418945802e-04 3.321196744648421267e-04 3.221404016328589717e-04 3.031630904470844034e-04 2.769744354793581757e-04 2.458631959839148885e-04 2.122670940483955963e-04 1.784500038681906806e-04 1.462674281813603774e-04 1.170447729901915489e-04 9.156164051892846413e-05 7.011502039859501953e-05 5.262702393360871913e-05 3.876586870475400427e-05 2.805748143931793931e-05 1.997507955579057569e-05 1.400257712100514223e-05 9.673433595344957129e-06 6.589622534521685245e-06 4.426340913886369950e-06 2.927679940346578369e-06 1.897407990450185950e-06 1.187789760891698265e-06 6.882296163835251887e-07 3.146727756327276882e-07 0.000000000000000000e+00
0.000000000000000000e+00 2.083316226323952692e-07 4.541794998939751859e-07 7.799941847950316048e-07 1.238329756318607645e-06 1.897403803461762726e-06 2.847098379632142773e-06 4.205162987801432590e-06 6.122961414688460410e-06 8.789702630563374640e-06 1.243347758866783642e-05 1.731674787032246539e-05 2.372356710343499203e-05 3.193582190184649996e-05 4.219644963427010440e-05 5.465952033866236851e-05 6.933037522482701439e-05 8.600336868860236292e-05 1.042095595617263047e-04 1.231904771230372779e-04 1.419146212909040965e-04 1.591486203283251264e-04 1.735841765748723285e-04 1.840065713832800590e-04 1.894749296426467399e-04 1.894749307521710776e-04 1.840065750554015851e-04 1.735841829052346696e-04 1.591486275005430783e-04 1.419146259169957612e-04 1.231904796907609808e-04 1.042095652612663471e-04 8.600337762372322172e-05 6.933038293434497495e-05 5.465952810532418034e-05 4.219645967396004290e-05 3.193582853142630610e-05 2.372356728835120536e-05 1.731674974427425463e-05 1.243348478658924368e-05 8.789708187952521628e-06 6.122964209079268465e-06 4.205167180598465142e-06 2.847101999156510482e-06 1.897407990460732146e-06 1.238340135995175274e-06 7.800083760908269654e-07 4.541889999399665314e-07 2.083370779128038473e-07 0.000000000000000000e+00
0.000000000000000000e+00 1.328818395329997271e-07 2.888791206362726351e-07 4.939757534376147875e-07 7.800038441541173446e-07 1.187789666030341015e-06 1.770460119153641712e-06 2.596737784089123859e-06 3.753803706320283546e-06 5.349120182613549906e-06 7.510274622284786414e-06 1.038156473324333618e-05 1.411595202062994184e-05 1.886110136514385956e-05 2.473868488908849262e-05 3.181727881374539024e-05 4.008095824945588170e-05 4.939787658918191963e-05 5.949539624661310253e-05 6.994990232385796996e-05 8.019920511154756098e-05 8.958265327642180617e-05 9.740852279797923747e-05 1.030407756488951860e-04 1.059901021723894251e-04 1.059901043352830957e-04 1.030407805136566388e-04 9.740852826491050713e-05 8.958265899413292790e-05 8.019921051253804754e-05 6.994990673301255707e-05 5.949539989763333710e-05 4.939788011419489700e-05 4.008096272176080014e-05 3.181728524839093803e-05 2.473869298062721301e-05 1.886110737766770898e-05 1.411595318141524639e-05 1.038156571355525750e-05 7.510279345534718183e-06 5.349125148502216334e-06 3.753807737050359885e-06 2.596742644771981758e-06 1.770462347467182005e-06 1.187789760882096511e-06 7.800083760781257064e-07 4.939857379760140283e-07 2.888882476729973047e-07 1.328889906215348399e-07 0.000000000000000000e+00
0.000000000000000000e+00 7.815297156229986977e-08 1.695228419128232214e-07 2.888848759872225436e-07 4.541882458054853516e-07 6.882307747203191124e-07 1.020372552659885005e-06 1.488193151055017578e-06 2.138846361829517258e-06 3.029769263594714727e-06 4.228279503895474449e-06 5.809401414909305183e-06 7.851235699301488150e-06 1.042732504513715517e-05 1.359573207048063761e-05 1.738512470011066403e-05 2.177909951058666996e-05 2.670104747795255969e-05 3.200284217229377190e-05 3.746123577916364849e-05 4.278559859046359820e-05 4.763912227161877635e-05 5.167285080936473592e-05 5.456843476578135638e-05 5.608231172861759229e-05 5.608231262541087239e-05 5.456843755434638956e-05 5.167285546867424098e-05 4.763912712951419367e-05 4.278560213008701977e-05 3.746123926690748788e-05 3.200284507190800931e-05 2.670104715228490522e-05 2.177909820441028098e-05 1.738512733504363612e-05 1.359573722729243194e-05 1.042732663674088082e-05 7.851233790668470214e-06 5.809401026047200841e-06 4.228280506457219111e-06 3.029769407052574353e-06 2.138848444168988299e-06 1.488197355358620236e-06 1.020373689714396441e-06 6.882296163856489121e-07 4.541889999349388615e-07 2.888882476813434380e-07 1.695266651658703417e-07 7.815707490132378218e-08 0.000000000000000000e+00
0.000000000000000000e+00 3.608387212564586931e-08 7.815643662912518031e-08 1.328867708331887002e-07 2.083360466120254841e-07 3.146724676740897837e-07 4.648983860557583878e-07 6.755436647059516982e-07 9.671901583592064611e-07 1.364700465566065055e-06 1.896964575284977181e-06 2.595850976287056118e-06 3.494101603218435105e-06 4.621999615354084278e-06 6.002688505853147945e-06 7.646303149064093553e-06 9.543513156012774161e-06 1.165944958489984799e-05 1.392934327342250971e-05 1.625745780278590492e-05 1.852073586122838543e-05 2.057788987214363694e-05 2.228356512472632535e-05 2.350585574987961831e-05 2.414421952040801374e-05 2.414421922217093174e-05 2.350585615994770579e-05 2.228356798677186650e-05 2.057789413797424222e-05 1.852073909859287704e-05 1.625745977457491575e-05 1.392934553495185411e-05 1.165945184139927019e-05 9.543513368105983706e-06 7.646303248083974728e-06 6.002691958655213001e-06 4.622002749601039844e-06 3.494100692594942075e-06 2.595850854799338873e-06 1.896966994796208773e-06 1.364700775699617864e-06 9.671905143257884911e-07 6.755476024911755802e-07 4.649012287139610487e-07 3.146727756208531862e-07 2.083370779125729250e-07 1.328889906191153962e-07 7.815707489982070898e-08 3.608704033326908719e-08 0.000000000000000000e+00
0.000000000000000000e+00 0.000000000000000000e+00 0.000000000000000000e+00 0.000000000000000000e+00 0.000000000000000000e+00 0.000000000000000000e+00 0.000000000000000000e+00 0.000000000000000000e+00 0.000000000000000000e+00 0.000000000000000000e+00 0.000000000000000000e+00 0.000000000000000000e+00 0.000000000000000000e+00 0.000000000000000000e+00 0.000000000000000000e+00 0.000000000000000000e+00 0.000000000000000000e+00 0.000000000000000000e+00 0.000000000000000000e+00 0.000000000000000000e+00 0.000000000000000000e+00 0.000000000000000000e+00 0.000000000000000000e+00 0.000000000000000000e+00 0.000000000000000000e+00 0.000000000000000000e+00 0.000000000000000000e+00 0.000000000000000000e+00 0.000000000000000000e+00 0.000000000000000000e+00 0.000000000000000000e+00 0.000000000000000000e+00 0.000000000000000000e+00 0.000000000000000000e+00 0.000000000000000000e+00 0.000000000000000000e+00 0.000000000000000000e+00 0.000000000000000000e+00 0.000000000000000000e+00 0.000000000000000000e+00 0.000000000000000000e+00 0.000000000000000000e+00 0.000000000000000000e+00 0.000000000000000000e+00 0.000000000000000000e+00 0.000000000000000000e+00 0.000000000000000000e+00 0.000000000000000000e+00 0.000000000000000000e+00 0.000000000000000000e+00
