0.000000000000000000e+00 0.000000000000000000e+00 0.000000000000000000e+00 0.000000000000000000e+00 0.000000000000000000e+00 0.000000000000000000e+00 0.000000000000000000e+00 0.000000000000000000e+00 0.000000000000000000e+00 0.000000000000000000e+00 0.000000000000000000e+00 0.000000000000000000e+00 0.000000000000000000e+00 0.000000000000000000e+00 0.000000000000000000e+00 0.000000000000000000e+00 0.000000000000000000e+00 0.000000000000000000e+00 0.000000000000000000e+00 0.000000000000000000e+00 0.000000000000000000e+00 0.000000000000000000e+00 0.000000000000000000e+00 0.000000000000000000e+00 0.000000000000000000e+00 0.000000000000000000e+00 0.000000000000000000e+00 0.000000000000000000e+00 0.000000000000000000e+00 0.000000000000000000e+00 0.000000000000000000e+00 0.000000000000000000e+00 0.000000000000000000e+00 0.000000000000000000e+00 0.000000000000000000e+00 0.000000000000000000e+00 0.000000000000000000e+00 0.000000000000000000e+00 0.000000000000000000e+00 0.000000000000000000e+00 0.000000000000000000e+00 0.000000000000000000e+00 0.000000000000000000e+00 0.000000000000000000e+00 0.000000000000000000e+00 0.000000000000000000e+00 0.000000000000000000e+00 0.000000000000000000e+00 0.000000000000000000e+00 0.000000000000000000e+00
0.000000000000000000e+00 -1.082784043573775587e-34 4.323131766989253692e-34 -1.897460505051946638e-33 8.763186922224153400e-33 -2.465701952890990863e-32 1.988693711132932086e-31 4.171373493893176787e-31 1.043012873070386129e-29 7.722783346126769976e-29 8.196134208789156065e-28 6.651017346307093046e-27 5.701070970196326576e-26 4.278404616198939329e-25 3.092990074222038804e-24 2.021074759700118919e-23 1.215453113084207477e-22 6.557664245190545919e-22 3.142440033295971876e-21 1.308695857691211844e-20 4.619932682113915232e-20 1.337272699961800723e-19 3.043437449530584614e-19 5.202660255443302805e-19 6.559580805492287774e-19 6.559570501455442875e-19 5.202634061410156099e-19 3.043403104063675424e-19 1.337226502939627247e-19 4.619508851272893464e-20 1.308305737772143642e-20 3.139128837571300888e-21 6.540202247298896563e-22 1.203755377266979778e-22 1.973731506796098387e-23 2.859322845607608527e-24 3.461878785136901980e-25 2.607375762666436385e-26 -2.922265844972753548e-27 -2.150799598869216225e-27 -7.378269220119616364e-28 -2.075684860999010621e-28 -5.271692649508092590e-29 -1.246979976377153857e-29 -2.783135090331004566e-30 -5.899624486795693518e-31 -1.192420309398161502e-31 -2.302797864193105565e-32 -4.212600862448435343e-33 0.000000000000000000e+00
0.000000000000000000e+00 4.323131766989542778e-34 -1.664796271696556475e-33 8.318563761223913686e-33 -2.311180516958305961e-32 2.199887016222907403e-31 6.158364069688307847e-31 1.366711208641551419e-29 1.124113465502271929e-28 1.235210396431132964e-27 1.088096893740414396e-26 9.936542721648455242e-26 8.100484113808257976e-25 6.362886548753292695e-24 4.570814280893468689e-23 3.049336245866998125e-22 1.848899711035095427e-21 1.011453461418897308e-20 4.904968508508335142e-20 2.068487665917613959e-19 7.391206155459031487e-19 2.163792597736346903e-18 4.971690009599906975e-18 8.550037747602394036e-18 1.078910432033910356e-17 1.078910235114785149e-17 8.550030606337671652e-18 4.971682996627139798e-18 2.163796091646084398e-18 7.391280096252012907e-19 2.068604828350067150e-19 4.906217205417249010e-20 1.012122236264229743e-20 1.853919096314121773e-21 3.068823002382726760e-22 4.673544279126979247e-23 6.707627264675479991e-24 9.451524285060738344e-25 1.400460789096761148e-25 2.364627265035488006e-26 4.681327771754771795e-27 1.031930627760502953e-27 2.353783413184686980e-28 5.296538338262882841e-29 1.150462909662580096e-29 2.393233856174526160e-30 4.758305735039861462e-31 9.038689109681571295e-32 1.634059789477937374e-32 0.000000000000000000e+00
0.000000000000000000e+00 -1.897460505051885742e-33 8.318563761224800446e-33 -2.487583213788181515e-32 2.452814337068829173e-31 6.888174047548412829e-31 1.671187182193874513e-29 1.437525968544853263e-28 1.684934397116264061e-27 1.574853279374532191e-26 1.540840060659365382e-25 1.347981094783844307e-24 1.145734446047890944e-23 8.955475215802236473e-23 6.562582676232586186e-22 4.413364713587033640e-21 2.712892208151745288e-20 1.501540701716934084e-19 7.374149167982928970e-19 3.148633372768543636e-18 1.138918990438509218e-17 3.372667961733997604e-17 7.824752980839717682e-17 1.353894285706739661e-16 1.709757647114775188e-16 1.709757701492979087e-16 1.353894555838238929e-16 7.824755632916453195e-17 3.372665041212381458e-17 1.138914485575424599e-17 3.148563937523065060e-18 7.373421192800496583e-19 1.501163592978923189e-19 2.709931931329237324e-20 4.402463125353926821e-21 6.501830278501465026e-22 8.760756828281389309e-23 1.066255756808759998e-23 1.115639528632829659e-24 7.962961735141606142e-26 -4.048067367138311796e-27 -3.626143418232001109e-27 -1.128193509729681205e-27 -2.820255272287500860e-28 -6.346925434821675841e-29 -1.330975473846456017e-29 -2.635188283286148269e-30 -4.951233056119742775e-31 -8.800496981605506520e-32 0.000000000000000000e+00
0.000000000000000000e+00 8.763186922226388088e-33 -2.311180516958307603e-32 2.452814337069012218e-31 7.179445325368841712e-31 1.845303866719671740e-29 1.666135103489927115e-28 2.068971017440188238e-27 2.047075328586066959e-26 2.133947560837593623e-25 1.993843410755413015e-24 1.821692731108893828e-23 1.538180412925214508e-22 1.227078392336854290e-21 9.055846750037764698e-21 6.173506569419936346e-20 3.837232526856559985e-19 2.150317049812737620e-18 1.069007399086879502e-17 4.621317865274188513e-17 1.692092173520553596e-16 5.068598849703201314e-16 1.187466217093664292e-15 2.067319194300008597e-15 2.612448200721609338e-15 2.612448202557049246e-15 2.067319121849938377e-15 1.187466136949812759e-15 5.068600582840606925e-16 1.692094349060325362e-16 4.621353001682410650e-17 1.069044447184688741e-17 2.150502058650020292e-18 3.838782261950063601e-19 6.178826350345232024e-20 9.087881649429998232e-21 1.236687295183870253e-21 1.579802030138248968e-22 1.937764077442511458e-23 2.378292684546338759e-24 3.127694858885512495e-25 4.742249111189070502e-26 8.417398454316140543e-27 1.650565248304395423e-27 3.330312351210270045e-28 6.609613259389026505e-29 1.262855045787287636e-29 2.299801568862900889e-30 3.948747740029650729e-31 0.000000000000000000e+00
0.000000000000000000e+00 -2.465701952891146319e-32 2.199887016223355819e-31 6.888174047547689409e-31 1.845303866719820278e-29 1.749910300416134646e-28 2.291820875837734273e-27 2.393908891770868604e-26 2.647347817522612621e-25 2.630490275224554107e-24 2.569412200420198019e-23 2.329304244327643732e-22 2.007833924361808813e-21 1.611774608220128050e-20 1.205508196960280754e-19 8.304583085731016099e-19 5.223965406167210898e-18 2.961977047085171577e-17 1.490443192464275432e-16 6.522128504847842943e-16 2.417049284613955761e-15 7.323434789907104419e-15 1.732576664663395312e-14 3.035022828314854706e-14 3.837462073246978251e-14 3.837461909707808102e-14 3.035022414635179955e-14 1.732576216208740774e-14 7.323430836741919077e-15 2.417046711336986213e-15 6.522105177039943095e-16 1.490423463733120236e-16 2.961887038094685491e-17 5.223200710671516068e-18 8.302203273024440259e-19 1.203944279981461258e-19 1.607505918787456992e-20 1.987769149326263959e-21 2.277217671625478990e-22 2.387826168198537910e-23 2.182672656262440360e-24 1.407492622238250175e-25 -4.382784796499610181e-27 -4.306954737255259596e-27 -1.187730448223411998e-27 -2.582961338409130992e-28 -4.992445361368501317e-29 -8.844031026871196305e-30 -1.432910624546773543e-30 0.000000000000000000e+00
0.000000000000000000e+00 1.988693711133189136e-31 6.158364069686985371e-31 1.671187182194217271e-29 1.666135103489744162e-28 2.291820875837873461e-27 2.521772545420377747e-26 2.947323945105291107e-25 3.103215711622759834e-24 3.225594174203694873e-23 3.123420050811014102e-22 2.891048983593293386e-21 2.505893096090979887e-20 2.038119216190557856e-19 1.539417957570605788e-18 1.072684467478870545e-17 6.822971356926886404e-17 3.913537325826308699e-16 1.992501656389346196e-15 8.823625981379960001e-15 3.308982269880146593e-14 1.014000810979299313e-13 2.422394201235539589e-13 4.269664484820093920e-13 5.400848300214757556e-13 5.400848876552836226e-13 4.269666120419033081e-13 2.422396019459293220e-13 1.014002081562782199e-13 3.308989657521077236e-14 8.823664462240824357e-15 1.992520689387143978e-15 3.913607954101235269e-16 6.823402941312175566e-17 1.072801199613087661e-17 1.540167230025450523e-18 2.039894602993168608e-19 2.514947349284995691e-20 2.912003214891143603e-21 3.202007820342702090e-22 3.404251561968072119e-23 3.616213091989794797e-24 4.053138815858911946e-25 5.096551104592818174e-26 7.331560852900809873e-27 1.150758106110919618e-27 1.827124620383609182e-28 2.738189922109766332e-29 3.554531570394948178e-30 0.000000000000000000e+00
0.000000000000000000e+00 4.171373493890617666e-31 1.366711208641840647e-29 1.437525968544561569e-28 2.068971017440524370e-27 2.393908891770654513e-26 2.947323945105395800e-25 3.278425012471321189e-24 3.612100058483669184e-23 3.720029759389869263e-22 3.678167626329005241e-21 3.421589531624466325e-20 3.004068552981984787e-19 2.465910465698639173e-18 1.882915930645032572e-17 1.325731818213740952e-16 8.524290735381347374e-16 4.943469418523401427e-15 2.545469661208318588e-14 1.140296877624434372e-13 4.325936075713724490e-13 1.340435991975889640e-12 3.233208493285640526e-12 5.733735816271403349e-12 7.254818879628010637e-12 7.254817551845281396e-12 5.733731891633195666e-12 3.233204074540330650e-12 1.340432909505521000e-12 4.325917391154231223e-13 1.140288067157246592e-13 2.545434067427931881e-14 4.943349430015487957e-15 8.523848736134102808e-16 1.325621092110684357e-16 1.882449396393591110e-17 2.464962545341492477e-18 2.999738815745998089e-19 3.413222709582411494e-20 3.645423488220960348e-21 3.655936428640301164e-22 3.418957191987607189e-23 2.908820372873244364e-24 2.085720223282277698e-25 9.061197733263737315e-27 -5.898867474470721246e-28 -2.013025335271934448e-28 -2.010641557666490117e-29 3.117274169736425118e-30 0.000000000000000000e+00
0.000000000000000000e+00 1.043012873070441060e-29 1.124113465501955796e-28 1.684934397116613467e-27 2.047075328585743239e-26 2.647347817522865628e-25 3.103215711622606652e-24 3.612100058483725608e-23 3.942432372323018786e-22 4.145987036331233730e-21 4.118480607159826181e-20 3.879867398199348528e-19 3.436280248983159811e-18 2.850112967140397203e-17 2.197471740655226558e-16 1.562823412395222901e-15 1.015092259138840230e-14 5.948277149414564129e-14 3.095739547947377500e-13 1.402084474257449474e-12 5.378353024793993383e-12 1.684568234159908172e-11 4.101713365026155287e-11 7.317655148774958689e-11 9.259871816762723865e-11 9.259874105118903729e-11 7.317662152467522834e-11 4.101721326607591565e-11 1.684573905403778152e-11 5.378389163426013739e-12 1.402101377720228922e-12 3.095806682111837800e-13 5.948503494121722664e-14 1.015162446289766031e-14 1.563003920389770297e-15 2.197982934082051608e-16 2.851146505771737305e-17 3.439356369569133597e-18 3.885057974356390537e-19 4.134903727233215572e-20 4.171711221533662963e-21 4.016972559051208971e-22 3.723222809269799502e-23 3.354260119810086895e-24 2.943730994700759397e-25 2.406173611517631896e-26 1.346274909090436906e-27 -1.323208631005378786e-28 -8.162720305959970222e-29 0.000000000000000000e+00
0.000000000000000000e+00 7.722783346124517809e-29 1.235210396431372597e-27 1.574853279374217081e-26 2.133947560837866833e-25 2.630490275224329661e-24 3.225594174203834757e-23 3.720029759389800614e-22 4.145987036331251785e-21 4.379911001126194557e-20 4.405624944159286753e-19 4.185428339254026775e-18 3.744113175794119903e-17 3.133838311789430844e-16 2.438842027427582998e-15 1.750531590935383632e-14 1.147690337258540580e-13 6.789786637761468609e-13 3.568681862765175567e-12 1.632832813799101398e-11 6.329076096814048135e-11 2.002750648959186229e-10 4.920862616668040797e-10 8.829963960272391236e-10 1.117234305286043321e-09 1.117233996920126280e-09 8.829954153986015841e-10 4.920851373546512395e-10 2.002742441824821090e-10 6.329021268250618212e-11 1.632807200782906281e-11 3.568578531110576736e-12 6.789434241015179645e-13 1.147583911411760883e-13 1.750250434576442271e-14 2.438135472855655809e-15 3.132332444158029145e-16 3.740674330042680934e-17 4.179417352587115143e-18 4.392203052403089018e-19 4.360439028792871454e-20 4.103335285509860934e-21 3.670617689169481634e-22 3.135373294340358900e-23 2.598960187440065138e-24 2.226240331777576944e-25 2.340166390102124369e-26 3.617704313804725548e-27 7.474178620485461854e-28 0.000000000000000000e+00
0.000000000000000000e+00 8.196134208790524629e-28 1.088096893740188395e-26 1.540840060659577062e-25 1.993843410755209507e-24 2.569412200420345250e-23 3.123420050810916301e-22 3.678167626329048875e-21 4.118480607159810533e-20 4.405624944159288679e-19 4.468426499610732013e-18 4.286797159283811974e-17 3.868359992620698491e-16 3.266295923478758055e-15 2.563426211424540145e-14 1.855360007501603972e-13 1.226581256574406593e-12 7.318179164892042092e-12 3.880189715280129486e-11 1.791642864148688018e-10 7.010737350554922707e-10 2.239584272506426357e-09 5.549876103525539172e-09 1.001303436773948903e-08 1.266465080906662655e-08 1.266465411839046850e-08 1.001304538196593531e-08 5.549888834030670501e-09 2.239593813490190917e-09 7.010804023791462310e-10 1.791673803714857273e-10 3.880317345264596268e-11 7.318617853395557574e-12 1.226714123053077037e-12 1.855716487626117967e-13 2.564302587504517692e-14 3.268220667577219190e-15 3.872440250487910690e-16 4.294316929821709023e-17 4.482852734681320970e-18 4.428001159107267407e-19 4.158121322207293244e-20 3.727471490126601239e-21 3.197100192273166754e-22 2.610785656686400167e-23 1.962855223478942343e-24 1.147186742984665336e-25 -1.309796658210084607e-27 -2.525376883296865360e-27 0.000000000000000000e+00
0.000000000000000000e+00 6.651017346305785825e-27 9.936542721649891320e-26 1.347981094783702880e-24 1.821692731109008438e-23 2.329304244327560507e-22 2.891048983593342287e-21 3.421589531624445260e-20 3.879867398199358158e-19 4.185428339254023693e-18 4.286797159283811357e-17 4.147979944675873932e-16 3.774833303009645603e-15 3.212564195128598367e-14 2.540329488723811846e-13 1.851956775666222770e-12 1.232990682053468327e-11 7.408520671972623008e-11 3.956783858604269810e-10 1.841098503135064275e-09 7.263236871638939424e-09 2.339761349895236883e-08 5.843005782750269955e-08 1.059398050284974194e-07 1.339036623474580209e-07 1.339036339346399748e-07 1.059397049316886949e-07 5.842994122546895282e-08 2.339752356659310905e-08 7.263171222091568272e-09 1.841068480460364044e-09 3.956656671490249643e-10 7.408082766503687263e-11 1.232856962065886409e-11 1.851594780913784123e-12 2.539440289291970471e-13 3.210582924170061514e-14 3.770700415415816709e-15 4.140156545504499761e-16 4.272406150129891042e-17 4.161966581626215117e-18 3.840984729460351908e-19 3.367752914631078682e-20 2.812944566914980345e-21 2.249729089370219876e-22 1.753303874310799355e-23 1.415168602743165257e-24 1.377833773253298586e-25 1.902014088789804257e-26 0.000000000000000000e+00
0.000000000000000000e+00 5.701070970197296589e-26 8.100484113807362580e-25 1.145734446047971906e-23 1.538180412925158320e-22 2.007833924361847557e-21 2.505893096090962433e-20 3.004068552981993935e-19 3.436280248983157115e-18 3.744113175794119903e-17 3.868359992620699477e-16 3.774833303009644025e-15 3.461796950538952732e-14 2.967121439322480035e-13 2.361411260546335965e-12 1.731680418191162299e-11 1.159224055592374228e-10 7.001980094983701190e-10 3.759642852118326556e-09 1.759391330611780042e-08 6.984745803133035619e-08 2.265387973862512253e-07 5.694194972149814102e-07 1.036711202160559055e-06 1.308959100732704841e-06 1.308959294545353080e-06 1.036711937975094967e-06 5.694203608915001207e-07 2.265394851236710192e-07 6.984798209890558091e-08 1.759414714931699863e-08 3.759745253306729052e-09 7.002330279372655221e-10 1.159332083684156831e-10 1.731974036150310486e-11 2.362134150120108933e-12 2.968742521011106555e-13 3.465166389987777980e-14 3.781279491774103089e-15 3.880065895671480184e-16 3.763601683225944443e-17 3.467902402543892837e-18 3.050026403026285542e-19 2.572427021487544880e-20 2.088719624582717138e-21 1.632645741313298085e-22 1.209176717075674889e-23 7.844634692490359587e-25 2.637661210440145038e-26 0.000000000000000000e+00
0.000000000000000000e+00 4.278404616198369031e-25 6.362886548753848116e-24 8.955475215801865017e-23 1.227078392336883066e-21 1.611774608220116013e-20 2.038119216190564596e-19 2.465910465698638788e-18 2.850112967140396586e-17 3.133838311789431337e-16 3.266295923478757661e-15 3.212564195128599629e-14 2.967121439322481045e-13 2.558859940606681393e-12 2.047159548644191357e-11 1.507709503393527388e-10 1.012842087270415848e-09 6.135873855949324312e-09 3.303699317028860325e-08 1.550688828655636120e-07 6.178978629370984048e-07 2.013090049916247028e-06 5.083991973306409452e-06 9.283822437387584408e-06 1.170330442907341077e-05 1.170330340077399317e-05 9.283818098981642744e-06 5.083986843722320655e-06 2.013085814082113324e-06 6.178944942654458114e-07 1.550674359419380238e-07 3.303633093329902915e-08 6.135651822677733202e-09 1.012772631729256163e-09 1.507521198353864622e-10 2.046695585445087176e-11 2.557819716594004765e-12 2.964969724612693257e-13 3.208452581667342080e-14 3.258914588602575011e-15 3.121553991348237224e-16 2.830546536636150072e-17 2.437290434932480460e-18 1.997354142911326021e-19 1.560205342717457032e-20 1.163943016230674860e-21 8.354832100065002379e-23 5.955692635406919163e-24 4.675590092085531020e-25 0.000000000000000000e+00
0.000000000000000000e+00 3.092990074222378595e-24 4.570814280893216545e-23 6.562582676232778027e-22 9.055846750037675924e-21 1.205508196960286050e-19 1.539417957570606943e-18 1.882915930645031031e-17 2.197471740655227051e-16 2.438842027427581815e-15 2.563426211424542354e-14 2.540329488723812351e-13 2.361411260546335965e-12 2.047159548644192326e-11 1.644158530706229130e-10 1.213927785181130140e-09 8.164315664072595509e-09 4.946244749745514097e-08 2.661474196855165148e-07 1.248388521437753779e-06 4.974323190859045159e-06 1.622494690903879166e-05 4.106031225172761761e-05 7.507160227626713458e-05 9.442230577622683324e-05 9.442230982201244461e-05 7.507162242206614469e-05 4.106033623312969362e-05 1.622496757460105711e-05 4.974340348312955167e-06 1.248395470398673064e-06 2.661508105592001514e-07 4.946353710254720187e-08 8.164664554646546897e-09 1.214020938651879402e-09 1.644387308808614872e-10 2.047666597076535743e-11 2.362443175762994541e-12 2.542262005706681844e-13 2.566791072505808469e-14 2.444252863732635895e-15 2.205654839916771055e-16 1.894221235763147914e-17 1.554223055913122749e-18 1.222398523609144055e-19 9.233292392404046713e-21 6.684446133871701504e-22 4.573103110161124389e-23 2.782494943656781739e-24 0.000000000000000000e+00
0.000000000000000000e+00 2.021074759699974039e-23 3.049336245867104859e-22 4.413364713586970445e-21 6.173506569419972457e-20 8.304583085731010321e-19 1.072684467478869928e-17 1.325731818213742431e-16 1.562823412395222310e-15 1.750531590935383001e-14 1.855360007501604729e-13 1.851956775666221962e-12 1.731680418191162946e-11 1.507709503393527388e-10 1.213927785181129726e-09 8.967143853001683451e-09 6.021291063255646493e-08 3.634967893889955314e-07 1.946002285501061717e-06 9.075281051094234255e-06 3.596867610429568964e-05 1.168737002209557530e-04 2.951891952704263568e-04 5.389007286215325007e-04 6.756328930872872954e-04 6.756328826560911325e-04 5.389006573582996642e-04 2.951891099666589975e-04 1.168736227645940617e-04 3.596860889634383938e-05 9.075256318188687919e-06 1.945988892796266055e-06 3.634928532496402044e-07 6.021158825329148935e-08 8.966807329658823848e-09 1.213846148230031924e-09 1.507536465638012334e-10 1.731347999930390354e-11 1.851385772051851390e-12 1.854488530926482228e-13 1.749395880734464548e-14 1.561651394778568706e-15 1.325186527295989307e-16 1.073915734780586421e-17 8.356834192642574094e-19 6.294139396284309887e-20 4.650869840219424087e-21 3.455253464418420153e-22 2.675470752016341854e-23 0.000000000000000000e+00
0.000000000000000000e+00 1.215453113084256613e-22 1.848899711035061197e-21 2.712892208151762741e-20 3.837232526856554207e-19 5.223965406167210898e-18 6.822971356926895032e-17 8.524290735381341457e-16 1.015092259138840230e-14 1.147690337258540832e-13 1.226581256574405987e-12 1.232990682053468488e-11 1.159224055592374616e-10 1.012842087270416675e-09 8.164315664072595509e-09 6.021291063255647817e-08 4.024315485840517047e-07 2.410349656867758735e-06 1.276532100714116404e-05 5.877588946981547483e-05 2.299194384664213794e-04 7.386378702154979643e-04 1.850228926930756745e-03 3.358339152570639398e-03 4.191016215084529713e-03 4.191016224332233878e-03 3.358339332906042259e-03 1.850229143239363406e-03 7.386380808108527042e-04 2.299196299700267520e-04 5.877594827591126417e-05 1.276536002048975956e-05 2.410358912908045858e-06 4.024350806435012424e-07 6.021367360063992106e-08 8.164492456510348332e-09 1.012872021611761983e-09 1.159262928525794767e-10 1.233004138538433153e-11 1.226465372134878275e-12 1.147196324950777753e-13 1.013721949492769890e-14 8.492775574911664471e-16 6.759183358746914619e-17 5.105752511982733498e-18 3.634991950183739548e-19 2.386719410014621646e-20 1.353768490410547570e-21 5.038963938644147352e-23 0.000000000000000000e+00
0.000000000000000000e+00 6.557664245190401098e-22 1.011453461418905433e-20 1.501540701716930232e-19 2.150317049812736849e-18 2.961977047085175275e-17 3.913537325826308206e-16 4.943469418523403005e-15 5.948277149414564129e-14 6.789786637761464570e-13 7.318179164892045323e-12 7.408520671972621716e-11 7.001980094983705326e-10 6.135873855949322657e-09 4.946244749745516082e-08 3.634967893889953196e-07 2.410349656867758735e-06 1.425274049686891633e-05 7.414177491745268243e-05 3.338477460180758910e-04 1.274367792508752191e-03 4.000349320481739503e-03 9.837423252165069729e-03 1.762760638036246427e-02 2.184832529861327130e-02 2.184832534680302210e-02 1.762760609732368436e-02 9.837422917004613049e-03 4.000348954955155675e-03 1.274367441301541524e-03 3.338476815582423155e-04 7.414169752378480557e-05 1.425273260880635297e-05 2.410344047056469819e-06 3.634964645479773544e-07 4.946243314451089371e-08 6.135936663971765427e-09 7.002257501734594230e-10 7.409457300785756586e-11 7.320780626514512156e-12 6.796138704924093919e-13 5.962263989822985654e-14 4.971741003251355323e-15 3.966536213081734974e-16 3.055047581840218610e-17 2.304168295396800507e-18 1.742729218790037547e-19 1.370780270097346248e-20 1.162341628842022023e-21 0.000000000000000000e+00
0.000000000000000000e+00 3.142440033295997831e-21 4.904968508508318290e-20 7.374149167982937637e-19 1.069007399086879040e-17 1.490443192464275432e-16 1.992501656389346985e-15 2.545469661208317010e-14 3.095739547947379519e-13 3.568681862765176375e-12 3.880189715280127548e-11 3.956783858604270844e-10 3.759642852118325729e-09 3.303699317028861649e-08 2.661474196855164619e-07 1.946002285501061293e-06 1.276532100714116404e-05 7.414177491745269598e-05 3.756818502188071928e-04 1.633812293047969683e-03 5.985275262662914826e-03 1.801581589343781778e-02 4.275275507203135650e-02 7.469958874184991215e-02 9.160500767104128028e-02 9.160500745207159068e-02 7.469958889500288857e-02 4.275275522035745096e-02 1.801581614153564131e-02 5.985275527542752508e-03 1.633812211057506869e-03 3.756819401607167444e-04 7.414174543460638300e-05 1.276532271222479895e-05 1.945997407360762025e-06 2.661459307426781612e-07 3.303632864550400060e-08 3.759436068733349562e-09 3.956188387671570150e-10 3.878673964104280949e-11 3.565164833057555124e-12 3.088239260959823379e-13 2.530628403996983549e-14 1.965057719867966025e-15 1.442716000767661336e-16 9.905693410523034753e-18 6.149996025969929667e-19 3.085035738349469295e-20 5.819230854846982691e-22 0.000000000000000000e+00
0.000000000000000000e+00 1.308695857691207631e-20 2.068487665917617811e-19 3.148633372768541324e-18 4.621317865274187897e-17 6.522128504847848859e-16 8.823625981379953690e-15 1.140296877624435129e-13 1.402084474257449070e-12 1.632832813799101398e-11 1.791642864148688277e-10 1.841098503135064896e-09 1.759391330611780042e-08 1.550688828655635855e-07 1.248388521437754203e-06 9.075281051094230867e-06 5.877588946981545450e-05 3.338477460180760536e-04 1.633812293047969899e-03 6.759907205086478077e-03 2.321412175460180888e-02 6.499539099520804109e-02 1.444047992596353969e-01 2.404209465568189763e-01 2.895970555653892275e-01 2.895970559173760561e-01 2.404209467731629191e-01 1.444047996473474538e-01 6.499539132190831903e-02 2.321412206190461708e-02 6.759907535331977427e-03 1.633812240433617571e-03 3.338478625472974929e-04 5.877590122538327359e-05 9.075301403788910674e-06 1.248394505975946763e-06 1.550714261228136193e-07 1.759467360859955319e-08 1.841315238783031306e-09 1.792187717852529703e-10 1.634089822477097372e-11 1.404754091328834862e-12 1.145566367414937266e-13 8.920945147383506171e-15 6.691275006089227631e-16 4.899364931807834681e-17 3.582782860432313275e-18 2.714642350936815267e-19 2.218879244127775131e-20 0.000000000000000000e+00
0.000000000000000000e+00 4.619932682113923057e-20 7.391206155459023784e-19 1.138918990438509373e-17 1.692092173520556554e-16 2.417049284613952211e-15 3.308982269880151011e-14 4.325936075713721966e-13 5.378353024793998230e-12 6.329076096814044257e-11 7.010737350554922707e-10 7.263236871638942733e-09 6.984745803133034295e-08 6.178978629370982989e-07 4.974323190859040077e-06 3.596867610429569642e-05 2.299194384664212981e-04 1.274367792508752624e-03 5.985275262662919163e-03 2.321412175460180888e-02 7.256930376712217301e-02 1.803587510531856342e-01 3.556603495202800280e-01 5.394871573711372825e-01 6.285507535102370369e-01 6.285507534879819502e-01 5.394871573610138249e-01 3.556603492637892550e-01 1.803587506301939924e-01 7.256930328599717206e-02 2.321412167949277877e-02 5.985275339152832524e-03 1.274367628101583322e-03 2.299194143929126765e-04 3.596863274258332979e-05 4.974310144131579280e-06 6.178920303568245285e-07 6.984573680683846527e-08 7.262739760718082782e-09 7.009493580448637929e-10 6.326205965564824907e-11 5.372270498557030651e-12 4.313950498018118668e-13 3.286884392236599219e-14 2.378701177907193791e-15 1.629136351690536610e-16 1.040729163633951934e-17 5.931075032879480291e-19 2.564349816209378231e-20 0.000000000000000000e+00
0.000000000000000000e+00 1.337272699961800723e-19 2.163792597736345747e-18 3.372667961734000686e-17 5.068598849703196384e-16 7.323434789907113885e-15 1.014000810979298430e-13 1.340435991975890650e-12 1.684568234159906556e-11 2.002750648959187004e-10 2.239584272506426357e-09 2.339761349895236883e-08 2.265387973862512783e-07 2.013090049916246181e-06 1.622494690903878827e-05 1.168737002209557123e-04 7.386378702154979643e-04 4.000349320481740370e-03 1.801581589343780737e-02 6.499539099520806884e-02 1.803587510531855786e-01 3.761497195788116588e-01 6.100306321872498438e-01 7.846136175053957107e-01 8.583715204628136197e-01 8.583715199937584917e-01 7.846136167320720833e-01 6.100306314351789938e-01 3.761497188947431347e-01 1.803587503782963786e-01 6.499539037013707388e-02 1.801581579791848575e-02 4.000349409680220569e-03 7.386379080820601722e-04 1.168737494251850264e-04 1.622496186535883167e-05 2.013096855722008310e-06 2.265406944441942603e-07 2.339816160640352015e-08 2.239716917634035690e-09 2.003051930726871667e-10 1.685193443214685967e-11 1.341646237412761417e-12 1.016193825761140658e-13 7.360874161861620304e-15 5.129110115716259881e-16 3.465638220876418027e-17 2.300057905089698838e-18 1.526538646044850948e-19 0.000000000000000000e+00
0.000000000000000000e+00 3.043437449530584133e-19 4.971690009599910056e-18 7.824752980839707821e-17 1.187466217093665278e-15 1.732576664663393103e-14 2.422394201235539589e-13 3.233208493285638507e-12 4.101713365026155287e-11 4.920862616668037695e-10 5.549876103525539999e-09 5.843005782750271940e-08 5.694194972149808808e-07 5.083991973306411147e-06 4.106031225172760405e-05 2.951891952704263568e-04 1.850228926930756312e-03 9.837423252165074933e-03 4.275275507203132874e-02 1.444047992596353136e-01 3.556603495202796950e-01 6.100306321872498438e-01 8.086862783883300709e-01 9.171748557497665377e-01 9.565376596807624310e-01 9.565376595367067747e-01 9.171748553461438469e-01 8.086862781210002460e-01 6.100306322321153996e-01 3.556603496992717384e-01 1.444047989808181498e-01 4.275275472777093078e-02 9.837423268626174777e-03 1.850228894614705001e-03 2.951892121571819141e-04 4.106031973708465125e-05 5.083995800413119946e-06 5.694209194205821112e-07 5.843049010805513790e-08 5.549995977609071606e-09 4.921154635576805427e-10 4.102369542130440336e-11 3.234564083420120490e-12 2.425005650988215973e-13 1.737293439713273482e-14 1.195503303680902487e-15 7.954571479050492186e-17 5.171237670093089893e-18 3.333147683070298468e-19 0.000000000000000000e+00
0.000000000000000000e+00 5.202660255443304731e-19 8.550037747602389414e-18 1.353894285706739414e-16 2.067319194300008202e-15 3.035022828314853443e-14 4.269664484820093415e-13 5.733735816271399310e-12 7.317655148774963859e-11 8.829963960272386066e-10 1.001303436773949730e-08 1.059398050284974194e-07 1.036711202160558208e-06 9.283822437387584408e-06 7.507160227626708037e-05 5.389007286215322838e-04 3.358339152570636796e-03 1.762760638036246774e-02 7.469958874184991215e-02 2.404209465568188930e-01 5.394871573711368384e-01 7.846136175053953776e-01 9.171748557497655385e-01 9.715951074987024816e-01 9.882684788705026202e-01 9.882684793276333979e-01 9.715951086670063797e-01 9.171748567264338403e-01 7.846136187901072701e-01 5.394871588109800831e-01 2.404209473290061516e-01 7.469958877097390704e-02 1.762760599655171720e-02 3.358338976868188979e-03 5.389005809086246232e-04 7.507155302646751575e-05 9.283802048105289340e-06 1.036705339203206331e-06 1.059381336838938306e-07 1.001262473185318803e-08 8.829027247114996284e-10 7.315689204461839208e-11 5.729885804749797429e-12 4.262598949269834316e-13 3.022798930084009907e-14 2.047288454917842173e-15 1.322678792533358954e-16 8.085865576187964500e-18 4.548642502917850372e-19 0.000000000000000000e+00
0.000000000000000000e+00 6.559580805492283922e-19 1.078910432033910356e-17 1.709757647114775188e-16 2.612448200721609338e-15 3.837462073246978882e-14 5.400848300214759576e-13 7.254818879628011445e-12 9.259871816762721280e-11 1.117234305286042907e-09 1.266465080906661828e-08 1.339036623474579415e-07 1.308959100732704629e-06 1.170330442907340399e-05 9.442230577622680613e-05 6.756328930872870786e-04 4.191016215084526243e-03 2.184832529861326436e-02 9.160500767104123865e-02 2.895970555653890610e-01 6.285507535102364818e-01 8.583715204628131756e-01 9.565376596807625420e-01 9.882684788705020651e-01 9.963366684298079479e-01 9.963366693091767479e-01 9.882684807771735525e-01 9.565376617796942371e-01 8.583715227148801530e-01 6.285507558751404211e-01 2.895970575347949771e-01 9.160500866068020664e-02 2.184832562570978437e-02 4.191016345652916544e-03 6.756329018578728987e-04 9.442230408625887058e-05 1.170330096897173944e-05 1.308957510533956980e-06 1.339031110308304213e-07 1.266448521007529736e-08 1.117191634143157611e-09 9.258866279902661906e-11 7.252660493977025130e-12 5.396543885112979065e-13 3.829443390183283333e-14 2.598388138862638435e-15 1.686432477267979264e-16 1.042141311391804023e-17 6.013006442810861533e-19 0.000000000000000000e+00
0.000000000000000000e+00 6.559570501455448652e-19 1.078910235114784378e-17 1.709757701492979827e-16 2.612448202557050034e-15 3.837461909707809995e-14 5.400848876552840265e-13 7.254817551845280588e-12 9.259874105118905022e-11 1.117233996920126280e-09 1.266465411839045857e-08 1.339036339346398689e-07 1.308959294545351810e-06 1.170330340077398470e-05 9.442230982201241750e-05 6.756328826560912409e-04 4.191016224332234745e-03 2.184832534680301169e-02 9.160500745207157680e-02 2.895970559173758896e-01 6.285507534879813951e-01 8.583715199937580476e-01 9.565376595367064416e-01 9.882684793276332869e-01 9.963366693091777471e-01 9.963366699724929276e-01 9.882684818741530597e-01 9.565376624732309097e-01 8.583715229911926814e-01 6.285507564939848413e-01 2.895970586167939120e-01 9.160500976332049128e-02 2.184832641075370660e-02 4.191016777870169852e-03 6.756330969598005678e-04 9.442237903741457184e-05 1.170332611383453794e-05 1.308965017725909702e-06 1.339051347057981343e-07 1.266498341160248783e-08 1.117304692207629730e-09 9.261249533546176918e-11 7.257357542347193853e-12 5.405246887949900057e-13 3.844676162198136821e-14 2.623679142703338191e-15 1.726410733964793167e-16 1.102486574809435697e-17 6.876409239869308018e-19 0.000000000000000000e+00
0.000000000000000000e+00 5.202634061410151284e-19 8.550030606337679356e-18 1.353894555838237450e-16 2.067319121849940350e-15 3.035022414635175537e-14 4.269666120419038130e-13 5.733731891633193243e-12 7.317662152467528004e-11 8.829954153986009638e-10 1.001304538196593531e-08 1.059397049316886420e-07 1.036711937975093909e-06 9.283818098981637661e-06 7.507162242206617180e-05 5.389006573582999894e-04 3.358339332906042692e-03 1.762760609732367742e-02 7.469958889500290244e-02 2.404209467731627803e-01 5.394871573610136029e-01 7.846136167320718613e-01 9.171748553461438469e-01 9.715951086670057135e-01 9.882684807771735525e-01 9.882684818741531707e-01 9.715951107000008191e-01 9.171748584544409111e-01 7.846136199329263317e-01 5.394871604058650849e-01 2.404209499462685307e-01 7.469959161108159773e-02 1.762760815153064167e-02 3.358340223766903901e-03 5.389011647691958418e-04 7.507178334119125635e-05 9.283880785122278765e-06 1.036729159755112680e-06 1.059446136261759743e-07 1.001422979130087568e-08 8.832684107663967351e-10 7.323416685899480898e-11 5.745136922718221610e-12 4.290877752377749152e-13 3.072311252698139567e-14 2.129505682499548135e-15 1.452658117214740418e-16 1.004829615038624696e-17 7.357598434568175855e-19 0.000000000000000000e+00
0.000000000000000000e+00 3.043403104063671091e-19 4.971682996627146732e-18 7.824755632916440869e-17 1.187466136949813351e-15 1.732576216208739196e-14 2.422396019459293220e-13 3.233204074540329035e-12 4.101721326607586396e-11 4.920851373546512395e-10 5.549888834030668846e-09 5.842994122546891311e-08 5.694203608915000148e-07 5.083986843722317267e-06 4.106033623312969362e-05 2.951891099666588891e-04 1.850229143239364056e-03 9.837422917004611314e-03 4.275275522035745096e-02 1.444047996473473428e-01 3.556603492637891439e-01 6.100306314351787718e-01 8.086862781210001350e-01 9.171748567264337293e-01 9.565376617796940151e-01 9.565376624732304656e-01 9.171748584544404670e-01 8.086862818571267653e-01 6.100306354121548535e-01 3.556603528480534182e-01 1.444048027735513884e-01 4.275275847247889116e-02 9.837426049282631604e-03 1.850230505888601209e-03 2.951899739903351169e-04 4.106062417958672287e-05 5.084101383503758226e-06 5.694533423723404969e-07 5.843944487119562812e-08 5.552248029976871042e-09 4.926364009069504541e-10 4.113545168058240783e-11 3.256953902026890981e-12 2.467144169668931836e-13 1.812171397171829845e-14 1.321680031796017181e-15 9.978618441228788919e-17 8.271667340319824944e-18 7.833536291347801702e-19 0.000000000000000000e+00
0.000000000000000000e+00 1.337226502939625322e-19 2.163796091646085554e-18 3.372665041212374679e-17 5.068600582840610869e-16 7.323430836741912766e-15 1.014002081562782072e-13 1.340432909505520596e-12 1.684573905403776536e-11 2.002742441824821090e-10 2.239593813490191331e-09 2.339752356659309913e-08 2.265394851236709928e-07 2.013085814082112053e-06 1.622496757460105711e-05 1.168736227645940346e-04 7.386380808108524874e-04 4.000348954955154808e-03 1.801581614153563091e-02 6.499539132190827739e-02 1.803587506301938259e-01 3.761497188947428572e-01 6.100306322321155106e-01 7.846136187901072701e-01 8.583715227148801530e-01 8.583715229911922373e-01 7.846136199329253325e-01 6.100306354121547425e-01 3.761497221604076513e-01 1.803587535242180684e-01 6.499539436180849783e-02 1.801581994794367036e-02 4.000352605069562584e-03 7.386398098975885829e-04 1.168746680483945363e-04 1.622533566235082441e-05 2.013228571772878217e-06 2.265817287226224979e-07 2.340964581594582745e-08 2.242640992251715999e-09 2.009894853026658793e-10 1.700036019570929197e-11 1.371696140951718364e-12 1.073319354914780466e-13 8.385794924387914969e-15 6.872308558744397613e-16 6.287144725730638511e-17 6.659692091455748710e-18 7.906297771202477829e-19 0.000000000000000000e+00
0.000000000000000000e+00 4.619508851272885640e-20 7.391280096252021574e-19 1.138914485575423058e-17 1.692094349060327335e-16 2.417046711336983452e-15 3.308989657521079129e-14 4.325917391154228194e-13 5.378389163426014547e-12 6.329021268250619504e-11 7.010804023791462310e-10 7.263171222091569926e-09 6.984798209890555444e-08 6.178944942654461290e-07 4.974340348312956014e-06 3.596860889634383938e-05 2.299196299700266978e-04 1.274367441301541741e-03 5.985275527542749906e-03 2.321412206190459973e-02 7.256930328599715818e-02 1.803587503782964341e-01 3.556603496992716829e-01 5.394871588109803051e-01 6.285507558751405321e-01 6.285507564939843972e-01 5.394871604058648629e-01 3.556603528480534737e-01 1.803587535242180129e-01 7.256930630790962844e-02 2.321412573637483823e-02 5.985279595019993813e-03 1.274370896151455924e-03 2.299213514638557502e-04 3.596956518987714596e-05 4.974688650554705895e-06 6.180252122476840060e-07 6.988720244750966183e-08 7.274346035953189200e-09 7.039067031442650734e-10 6.395502687196814130e-11 5.522842427430350453e-12 4.619458733123772764e-13 3.869143000253422362e-14 3.426372024006895247e-15 3.416685906667722514e-16 3.943972890110617618e-17 5.095529551700723274e-18 6.869742223807095942e-19 0.000000000000000000e+00
0.000000000000000000e+00 1.308305737772136420e-20 2.068604828350073650e-19 3.148563937523059283e-18 4.621353001682410650e-17 6.522105177039939151e-16 8.823664462240827513e-15 1.140288067157246087e-13 1.402101377720229528e-12 1.632807200782906927e-11 1.791673803714856497e-10 1.841068480460364871e-09 1.759414714931698870e-08 1.550674359419381032e-07 1.248395470398673064e-06 9.075256318188689613e-06 5.877594827591126417e-05 3.338476815582422071e-04 1.633812211057506219e-03 6.759907535331973090e-03 2.321412167949276836e-02 6.499539037013703224e-02 1.444047989808182053e-01 2.404209473290060961e-01 2.895970575347951992e-01 2.895970586167936345e-01 2.404209499462685584e-01 1.444048027735513884e-01 6.499539436180849783e-02 2.321412573637482088e-02 6.759911723644142396e-03 1.633815964084404156e-03 3.338504297484377469e-04 5.877732445568056721e-05 9.075958713295693755e-06 1.248654650461360457e-06 1.551616127629040918e-07 1.762253605693004329e-08 1.849091892252313561e-09 1.812015941145849175e-10 1.680698405991988298e-11 1.506534069174807499e-12 1.353387081642080362e-13 1.291081001770102389e-14 1.392827824340234201e-15 1.735351281687742321e-16 2.399205872365519054e-17 3.465885280573915675e-18 4.956994367175318091e-19 0.000000000000000000e+00
0.000000000000000000e+00 3.139128837571272676e-21 4.906217205417275491e-20 7.373421192800482139e-19 1.069044447184688278e-17 1.490423463733119990e-16 1.992520689387143583e-15 2.545434067427930935e-14 3.095806682111837800e-13 3.568578531110577948e-12 3.880317345264596268e-11 3.956656671490250160e-10 3.759745253306728225e-09 3.303633093329902915e-08 2.661508105592003102e-07 1.945988892796267326e-06 1.276536002048975956e-05 7.414169752378479202e-05 3.756819401607167986e-04 1.633812240433616053e-03 5.985275339152830790e-03 1.801581579791846840e-02 4.275275472777092384e-02 7.469958877097392091e-02 9.160500866068012338e-02 9.160500976332040801e-02 7.469959161108159773e-02 4.275275847247889116e-02 1.801581994794366690e-02 5.985279595019990344e-03 1.633815964084404373e-03 3.756848081864611034e-04 7.414354855569958746e-05 1.276626854178488972e-05 1.946419739562752849e-06 2.663096224639458449e-07 3.309234795539582192e-08 3.776608559054798546e-09 4.003912026380380710e-10 4.000127533490393314e-11 3.850626856387024129e-12 3.712374886026829555e-13 3.807907277136071092e-14 4.424788835966779089e-15 5.920926328691331056e-16 8.729987144284777887e-17 1.335774836488574189e-17 2.035456855137331872e-18 2.992727548866325648e-19 0.000000000000000000e+00
0.000000000000000000e+00 6.540202247298792179e-22 1.012122236264238771e-20 1.501163592978917893e-19 2.150502058650019907e-18 2.961887038094687340e-17 3.913607954101233789e-16 4.943349430015487168e-15 5.948503494121718877e-14 6.789434241015176616e-13 7.318617853395557574e-12 7.408082766503691140e-11 7.002330279372657289e-10 6.135651822677734029e-09 4.946353710254718864e-08 3.634928532496404691e-07 2.410358912908047129e-06 1.425273260880635297e-05 7.414174543460641011e-05 3.338478625472974929e-04 1.274367628101582888e-03 4.000349409680215365e-03 9.837423268626167838e-03 1.762760599655172761e-02 2.184832562570977743e-02 2.184832641075369619e-02 1.762760815153064861e-02 9.837426049282633339e-03 4.000352605069560849e-03 1.274370896151455490e-03 3.338504297484378011e-04 7.414354855569962812e-05 1.425379289882338133e-05 2.410865303664981952e-06 3.637191759221230555e-07 4.954624495990756928e-08 6.164071745100945412e-09 7.087472645529586904e-10 7.644660695419486492e-11 7.917524167167840329e-12 8.198321760954613717e-13 9.033546676859209508e-14 1.127833430807623529e-14 1.616726624708581529e-15 2.539030906040361986e-16 4.114520711735966589e-17 6.612693832752483321e-18 1.033848435931595052e-18 1.542743921911066497e-19 0.000000000000000000e+00
0.000000000000000000e+00 1.203755377266945453e-22 1.853919096314146599e-21 2.709931931329214453e-20 3.838782261950070341e-19 5.223200710671511446e-18 6.823402941312170635e-17 8.523848736134103794e-16 1.015162446289765715e-14 1.147583911411761136e-13 1.226714123053076027e-12 1.232856962065887540e-11 1.159332083684156443e-10 1.012772631729256577e-09 8.164664554646546897e-09 6.021158825329146288e-08 4.024350806435015071e-07 2.410344047056471513e-06 1.276532271222481081e-05 5.877590122538326004e-05 2.299194143929126765e-04 7.386379080820599553e-04 1.850228894614704784e-03 3.358338976868189413e-03 4.191016345652912208e-03 4.191016777870166382e-03 3.358340223766904768e-03 1.850230505888601209e-03 7.386398098975887998e-04 2.299213514638557773e-04 5.877732445568061465e-05 1.276626854178490835e-05 2.410865303664983646e-06 4.026777214914607927e-07 6.031519359645153078e-08 8.202096040041272772e-09 1.025353329320952884e-09 1.196781681977128356e-10 1.336091508784120874e-11 1.487454193768262280e-12 1.760307239658094346e-13 2.358387690592676396e-14 3.617359027129075089e-15 6.049780418966202900e-16 1.039054108946563447e-16 1.762993790279112853e-17 2.901745711337096709e-18 4.600503790323324473e-19 6.931610732783703605e-20 0.000000000000000000e+00
0.000000000000000000e+00 1.973731506796003760e-23 3.068823002382781773e-22 4.402463125353856103e-21 6.178826350345265728e-20 8.302203273024402703e-19 1.072801199613088586e-17 1.325621092110683371e-16 1.563003920389769902e-15 1.750250434576443533e-14 1.855716487626115443e-13 1.851594780913786546e-12 1.731974036150309194e-11 1.507521198353864364e-10 1.214020938651879816e-09 8.966807329658825503e-09 6.021367360063994753e-08 3.634964645479774603e-07 1.945997407360763296e-06 9.075301403788912368e-06 3.596863274258336367e-05 1.168737494251850535e-04 2.951892121571818598e-04 5.389005809086245147e-04 6.756329018578723566e-04 6.756330969597999173e-04 5.389011647691957334e-04 2.951899739903350085e-04 1.168746680483945499e-04 3.596956518987717984e-05 9.075958713295703920e-06 1.946419739562754967e-06 3.637191759221235319e-07 6.031519359645155725e-08 9.008705389233076543e-09 1.228987005376411132e-09 1.556924531306088153e-10 1.878066553984763434e-11 2.251500512595331093e-12 2.863229800487330039e-13 4.115238782271930069e-14 6.752206398936699099e-15 1.203069843054052781e-15 2.192256051069155679e-16 3.932438557995562590e-17 6.822305303378632562e-18 1.137502933586979630e-18 1.819982412536460396e-19 2.762856971431350051e-20 0.000000000000000000e+00
0.000000000000000000e+00 2.859322845607391795e-24 4.673544279127092682e-23 6.501830278501290113e-22 9.087881649430093024e-21 1.203944279981450665e-19 1.540167230025454953e-18 1.882449396393588029e-17 2.197982934082050376e-16 2.438135472855659359e-15 2.564302587504512959e-14 2.539440289291975015e-13 2.362134150120106509e-12 2.046695585445087176e-11 1.644387308808615130e-10 1.213846148230031717e-09 8.164492456510348332e-09 4.946243314451090033e-08 2.661459307426783729e-07 1.248394505975947187e-06 4.974310144131580975e-06 1.622496186535884183e-05 4.106031973708466480e-05 7.507155302646751575e-05 9.442230408625878926e-05 9.442237903741449053e-05 7.507178334119124280e-05 4.106062417958672965e-05 1.622533566235083457e-05 4.974688650554710977e-06 1.248654650461361940e-06 2.663096224639461625e-07 4.954624495990763545e-08 8.202096040041279390e-09 1.228987005376411752e-09 1.697940004465754496e-10 2.221000096359099976e-11 2.874516093489206796e-12 3.933867475181451372e-13 6.069428223033500579e-14 1.065863119924479899e-14 2.025084878141398419e-15 3.920264014690473357e-16 7.445660748800564153e-17 1.363696739642851234e-17 2.394186430555410850e-18 4.025438166812005677e-19 6.486570990035654394e-20 9.912054745064139954e-21 0.000000000000000000e+00
0.000000000000000000e+00 3.461878785136504791e-25 6.707627264675703335e-24 8.760756828281041363e-23 1.236687295183891882e-21 1.607505918787435626e-20 2.039894602993180404e-19 2.464962545341488626e-18 2.851146505771733608e-17 3.132332444158037527e-16 3.268220667577209330e-15 3.210582924170069719e-14 2.968742521011102516e-13 2.557819716594005573e-12 2.047666597076535743e-11 1.507536465638011817e-10 1.012872021611761363e-09 6.135936663971768736e-09 3.303632864550402045e-08 1.550714261228136987e-07 6.178920303568247402e-07 2.013096855722009581e-06 5.083995800413120793e-06 9.283802048105289340e-06 1.170330096897173436e-05 1.170332611383452947e-05 9.283880785122280459e-06 5.084101383503762461e-06 2.013228571772880758e-06 6.180252122476851707e-07 1.551616127629044094e-07 3.309234795539589471e-08 6.164071745100956166e-09 1.025353329320954539e-09 1.556924531306089963e-10 2.221000096359101591e-11 3.116057741610997029e-12 4.601831604184411578e-13 7.635107392793164307e-14 1.437080468641498836e-14 2.915880592257247240e-15 6.006641648260187209e-16 1.209991682776616895e-16 2.343581980369078583e-17 4.339607001302940965e-18 7.676928916906917596e-19 1.299124906937765721e-19 2.106501454447621961e-20 3.238807388699208950e-21 0.000000000000000000e+00
0.000000000000000000e+00 2.607375762665856099e-26 9.451524285061248950e-25 1.066255756808694758e-23 1.579802030138298809e-22 1.987769149326222958e-21 2.514947349285020969e-20 2.999738815745989422e-19 3.439356369569128975e-18 3.740674330042695109e-17 3.872440250487893927e-16 3.770700415415834853e-15 3.465166389987768513e-14 2.964969724612696791e-13 2.362443175762993329e-12 1.731347999930391000e-11 1.159262928525793733e-10 7.002257501734599400e-10 3.759436068733349562e-09 1.759467360859955981e-08 6.984573680683845204e-08 2.265406944441942338e-07 5.694209194205822171e-07 1.036705339203206119e-06 1.308957510533956133e-06 1.308965017725907584e-06 1.036729159755113104e-06 5.694533423723410263e-07 2.265817287226228155e-07 6.988720244750979418e-08 1.762253605693006976e-08 3.776608559054807645e-09 7.087472645529599312e-10 1.196781681977130424e-10 1.878066553984765696e-11 2.874516093489209219e-12 4.601831604184414607e-13 8.237060846381621981e-14 1.665912266840348784e-14 3.618128788604321752e-15 7.948477040225317286e-16 1.701747173085216669e-16 3.492349022425279532e-17 6.832880212998795162e-18 1.273958892944040448e-18 2.266861473044303230e-19 3.857954959128174784e-20 6.292424102338046561e-21 9.732872068040266279e-22 0.000000000000000000e+00
0.000000000000000000e+00 -2.922265844973452000e-27 1.400460789096888111e-25 1.115639528632697049e-24 1.937764077442639587e-23 2.277217671625385891e-22 2.912003214891207926e-21 3.413222709582382605e-20 3.885057974356393907e-19 4.179417352587132091e-18 4.294316929821686220e-17 4.140156545504521455e-16 3.781279491774088100e-15 3.208452581667348390e-14 2.542262005706678815e-13 1.851385772051854217e-12 1.233004138538431699e-11 7.409457300785763048e-11 3.956188387671570150e-10 1.841315238783031719e-09 7.262739760718081127e-09 2.339816160640352015e-08 5.843049010805511805e-08 1.059381336838937512e-07 1.339031110308302096e-07 1.339051347057978961e-07 1.059446136261759743e-07 5.843944487119569429e-08 2.340964581594585392e-08 7.274346035953202435e-09 1.849091892252317076e-09 4.003912026380392084e-10 7.644660695419504587e-11 1.336091508784124106e-11 2.251500512595335132e-12 3.933867475181455411e-13 7.635107392793171880e-14 1.665912266840349731e-14 3.886049424545326027e-15 9.131526367198262047e-16 2.083346823187634177e-16 4.540773601697058289e-17 9.406955443377148358e-18 1.852026237322182244e-18 3.471225622164845054e-19 6.208595178765427594e-20 1.062357485234562598e-20 1.742731987025400410e-21 2.711706602293348719e-22 0.000000000000000000e+00
0.000000000000000000e+00 -2.150799598869291918e-27 2.364627265035789054e-26 7.962961735138596234e-26 2.378292684546657979e-24 2.387826168198303986e-23 3.202007820342872301e-22 3.645423488220866309e-21 4.134903727233250479e-20 4.392203052403093833e-19 4.482852734681298629e-18 4.272406150129919392e-17 3.880065895671461941e-16 3.258914588602586449e-15 2.566791072505802474e-14 1.854488530926487277e-13 1.226465372134875852e-12 7.320780626514520234e-12 3.878673964104280949e-11 1.792187717852529703e-10 7.009493580448636895e-10 2.239716917634036931e-09 5.549995977609069124e-09 1.001262473185317976e-08 1.266448521007527089e-08 1.266498341160246301e-08 1.001422979130087403e-08 5.552248029976871869e-09 2.242640992251717239e-09 7.039067031442663141e-10 1.812015941145853053e-10 4.000127533490405592e-11 7.917524167167862947e-12 1.487454193768266318e-12 2.863229800487334583e-13 6.069428223033508152e-14 1.437080468641500414e-14 3.618128788604324119e-15 9.131526367198262047e-16 2.227839085872218846e-16 5.172419678456710121e-17 1.137548423155914341e-17 2.370299142075010868e-18 4.689070178030108061e-19 8.830180848305029937e-20 1.587230856662827438e-20 2.730521817148712764e-21 4.505248370610227061e-22 7.052790862126333106e-23 0.000000000000000000e+00
0.000000000000000000e+00 -7.378269220119691697e-28 4.681327771755403164e-27 -4.048067367145163585e-27 3.127694858886242587e-25 2.182672656261877960e-24 3.404251561968480604e-23 3.655936428640046787e-22 4.171711221533786343e-21 4.360439028792835945e-20 4.428001159107256814e-19 4.161966581626245932e-18 3.763601683225921024e-17 3.121553991348255466e-16 2.444252863732625245e-15 1.749395880734472437e-14 1.147196324950774724e-13 6.796138704924104016e-13 3.565164833057555932e-12 1.634089822477097372e-11 6.326205965564827492e-11 2.003051930726873218e-10 4.921154635576804393e-10 8.829027247114994216e-10 1.117191634143155543e-09 1.117304692207627869e-09 8.832684107663968385e-10 4.926364009069502473e-10 2.009894853026659310e-10 6.395502687196828347e-11 1.680698405991992821e-11 3.850626856387038669e-12 8.198321760954637951e-13 1.760307239658097880e-13 4.115238782271933225e-14 1.065863119924480214e-14 2.915880592257247634e-15 7.948477040225317286e-16 2.083346823187633683e-16 5.172419678456710737e-17 1.211563340958713122e-17 2.679361414333761787e-18 5.608173393932621894e-19 1.114321886535052118e-19 2.108176024082776842e-20 3.808547303967251132e-21 6.587789093121145499e-22 1.093429828085028932e-22 1.722492652931627562e-23 0.000000000000000000e+00
0.000000000000000000e+00 -2.075684860999003894e-28 1.031930627760620259e-27 -3.626143418233410928e-27 4.742249111190569717e-26 1.407492622237044375e-25 3.616213091990672745e-24 3.418957191987027670e-23 4.016972559051523063e-22 4.103335285509727774e-21 4.158121322207329355e-20 3.840984729460368278e-19 3.467902402543869340e-18 2.830546536636173491e-17 2.205654839916756264e-16 1.561651394778578961e-15 1.013721949492766103e-14 5.962263989822998276e-14 3.088239260959824388e-13 1.404754091328833247e-12 5.372270498557035498e-12 1.685193443214686291e-11 4.102369542130440982e-11 7.315689204461839208e-11 9.258866279902650274e-11 9.261249533546161408e-11 7.323416685899480898e-11 4.113545168058237552e-11 1.700036019570928228e-11 5.522842427430357723e-12 1.506534069174810932e-12 3.712374886026839148e-13 9.033546676859227179e-14 2.358387690592679236e-14 6.752206398936704621e-15 2.025084878141398419e-15 6.006641648260187209e-16 1.701747173085217162e-16 4.540773601697058289e-17 1.137548423155914649e-17 2.679361414333762172e-18 5.951531717109026166e-19 1.250978261560824459e-19 2.496652008780298228e-20 4.746028996528346898e-21 8.618793829431979363e-22 1.499329089234288715e-22 2.504044618949050966e-23 3.970906448716777662e-24 0.000000000000000000e+00
0.000000000000000000e+00 -5.271692649507996181e-29 2.353783413184863207e-28 -1.128193509729932497e-27 8.417398454318914262e-27 -4.382784796522503049e-27 4.053138815860602178e-25 2.908820372872106706e-24 3.723222809270458367e-23 3.670617689169160489e-22 3.727471490126730638e-21 3.367752914631058821e-20 3.050026403026273505e-19 2.437290434932503957e-18 1.894221235763131891e-17 1.325186527296000646e-16 8.492775574911624042e-16 4.971741003251372678e-15 2.530628403996983864e-14 1.145566367414935246e-13 4.313950498018123211e-13 1.341646237412761013e-12 3.234564083420123721e-12 5.729885804749798236e-12 7.252660493977016244e-12 7.257357542347180928e-12 5.745136922718223225e-12 3.256953902026887346e-12 1.371696140951716748e-12 4.619458733123772764e-13 1.353387081642082382e-13 3.807907277136077403e-14 1.127833430807624160e-14 3.617359027129075878e-15 1.203069843054052189e-15 3.920264014690472864e-16 1.209991682776616895e-16 3.492349022425280148e-17 9.406955443377151440e-18 2.370299142075012409e-18 5.608173393932622857e-19 1.250978261560823977e-19 2.640932102791821559e-20 5.295245035233162631e-21 1.011698379432383331e-21 1.847383344182162239e-22 3.233114652077966803e-23 5.435446008966224845e-24 8.681634995761271043e-25 0.000000000000000000e+00
0.000000000000000000e+00 -1.246979976377110977e-29 5.296538338263055481e-29 -2.820255272287867216e-28 1.650565248304847068e-27 -4.306954737259117405e-27 5.096551104595748300e-26 2.085720223280297725e-25 3.354260119811285899e-24 3.135373294339743529e-23 3.197100192273454985e-22 2.812944566914896838e-21 2.572427021487560529e-20 1.997354142911341910e-19 1.554223055913109460e-18 1.073915734780597206e-17 6.759183358746870246e-17 3.966536213081753217e-16 1.965057719867966420e-15 8.920945147383488816e-15 3.286884392236603006e-14 1.016193825761139900e-13 2.425005650988220012e-13 4.262598949269837346e-13 5.396543885112977045e-13 5.405246887949891980e-13 4.290877752377752181e-13 2.467144169668928806e-13 1.073319354914779077e-13 3.869143000253421731e-14 1.291081001770104282e-14 4.424788835966783822e-15 1.616726624708581332e-15 6.049780418966202900e-16 2.192256051069153461e-16 7.445660748800562920e-17 2.343581980369079816e-17 6.832880212998799014e-18 1.852026237322182629e-18 4.689070178030112876e-19 1.114321886535052359e-19 2.496652008780297626e-20 5.295245035233161878e-21 1.067045864893722776e-21 2.049726713212826051e-22 3.764972245779714735e-23 6.631921167987186294e-24 1.122983282172556626e-24 1.808018453721025681e-25 0.000000000000000000e+00
0.000000000000000000e+00 -2.783135090330871443e-30 1.150462909662573510e-29 -6.346925434822051389e-29 3.330312351210904105e-28 -1.187730448223984714e-27 7.331560852905391603e-27 9.061197733232717006e-27 2.943730994702718248e-25 2.598960187439042458e-24 2.610785656686918266e-23 2.249729089370039790e-22 2.088719624582778828e-21 1.560205342717456731e-20 1.222398523609135870e-19 8.356834192642657872e-19 5.105752511982690357e-18 3.055047581840234017e-17 1.442716000767661089e-16 6.691275006089209882e-16 2.378701177907199708e-15 7.360874161861607682e-15 1.737293439713277269e-14 3.022798930084014325e-14 3.829443390183283964e-14 3.844676162198130511e-14 3.072311252698143985e-14 1.812171397171828268e-14 8.385794924387907080e-15 3.426372024006895247e-15 1.392827824340236173e-15 5.920926328691331056e-16 2.539030906040361986e-16 1.039054108946563447e-16 3.932438557995559508e-17 1.363696739642851389e-17 4.339607001302944817e-18 1.273958892944041025e-18 3.471225622164845054e-19 8.830180848305033548e-20 2.108176024082777444e-20 4.746028996528346145e-21 1.011698379432383707e-21 2.049726713212826991e-22 3.960502049571623491e-23 7.321464211462159631e-24 1.298857613094977064e-24 2.217004532692902612e-25 3.602022612695325602e-26 0.000000000000000000e+00
0.000000000000000000e+00 -5.899624486795351951e-31 2.393233856174434375e-30 -1.330975473846457979e-29 6.609613259389735002e-29 -2.582961338409863255e-28 1.150758106111564260e-27 -5.898867474514793315e-28 2.406173611520540785e-26 2.226240331776053393e-25 1.962855223479758944e-24 1.753303874310493727e-23 1.632645741313421277e-22 1.163943016230652102e-21 9.233292392404048218e-21 6.294139396284371276e-20 3.634991950183700547e-19 2.304168295396813988e-18 9.905693410523022427e-18 4.899364931807821122e-17 1.629136351690543020e-16 5.129110115716245090e-16 1.195503303680906629e-15 2.047288454917844934e-15 2.598388138862640013e-15 2.623679142703335035e-15 2.129505682499552868e-15 1.321680031796016787e-15 6.872308558744390710e-16 3.416685906667722514e-16 1.735351281687742814e-16 8.729987144284775422e-17 4.114520711735965356e-17 1.762993790279112853e-17 6.822305303378626399e-18 2.394186430555411620e-18 7.676928916906917596e-19 2.266861473044303230e-19 6.208595178765426390e-20 1.587230856662828040e-20 3.808547303967251885e-21 8.618793829431979363e-22 1.847383344182162239e-22 3.764972245779717086e-23 7.321464211462162570e-24 1.363069207864629916e-24 2.437458857473661422e-25 4.198545294633664479e-26 6.894518410579920791e-27 0.000000000000000000e+00
0.000000000000000000e+00 -1.192420309398085087e-31 4.758305735039550549e-31 -2.635188283286035815e-30 1.262855045787330236e-29 -4.992445361369252974e-29 1.827124620384413191e-28 -2.013025335277618563e-28 1.346274909094408612e-27 2.340166390100044869e-26 1.147186742985828203e-25 1.415168602742708834e-24 1.209176717075871049e-23 8.354832100064478108e-23 6.684446133871812471e-22 4.650869840219451923e-21 2.386719410014590650e-20 1.742729218790050306e-19 6.149996025969913296e-19 3.582782860432301719e-18 1.040729163633958097e-17 3.465638220876404469e-17 7.954571479050526699e-17 1.322678792533359940e-16 1.686432477267981236e-16 1.726410733964792920e-16 1.452658117214745595e-16 9.978618441228790152e-17 6.287144725730632348e-17 3.943972890110614537e-17 2.399205872365518746e-17 1.335774836488573418e-17 6.612693832752484862e-18 2.901745711337095554e-18 1.137502933586978860e-18 4.025438166812006158e-19 1.299124906937765962e-19 3.857954959128174784e-20 1.062357485234562448e-20 2.730521817148714645e-21 6.587789093121144558e-22 1.499329089234289185e-22 3.233114652077967978e-23 6.631921167987190702e-24 1.298857613094977799e-24 2.437458857473661881e-25 4.398590205468374584e-26 7.657633544767736888e-27 1.273623109541150415e-27 0.000000000000000000e+00
0.000000000000000000e+00 -2.302797864192955308e-32 9.038689109680794013e-32 -4.951233056119361797e-31 2.299801568862839932e-30 -8.844031026871625103e-30 2.738189922110622806e-29 -2.010641557673091914e-29 -1.323208631000364380e-28 3.617704313802083125e-27 -1.309796658194841350e-27 1.377833773252676171e-25 7.844634692493069652e-25 5.955692635406055174e-24 4.573103110161354786e-23 3.455253464418407458e-22 1.353768490410528010e-21 1.370780270097357081e-20 3.085035738349449434e-20 2.714642350936806601e-19 5.931075032879530365e-19 2.300057905089686127e-18 5.171237670093122249e-18 8.085865576187959877e-18 1.042141311391806026e-17 1.102486574809437392e-17 1.004829615038630089e-17 8.271667340319835729e-18 6.659692091455746399e-18 5.095529551700719422e-18 3.465885280573915290e-18 2.035456855137331872e-18 1.033848435931595245e-18 4.600503790323321585e-19 1.819982412536459673e-19 6.486570990035655598e-20 2.106501454447621660e-20 6.292424102338040543e-21 1.742731987025400410e-21 4.505248370610228001e-22 1.093429828085028932e-22 2.504044618949051260e-23 5.435446008966224110e-24 1.122983282172557177e-24 2.217004532692903530e-25 4.198545294633661609e-26 7.657633544767738323e-27 1.350110049725412605e-27 2.280562022498475300e-28 0.000000000000000000e+00
0.000000000000000000e+00 -4.212600862448163020e-33 1.634059789477769054e-32 -8.800496981604574875e-32 3.948747740029338941e-31 -1.432910624546717492e-30 3.554531570395607489e-30 3.117274169729684172e-30 -8.162720305954084768e-29 7.474178620482250302e-28 -2.525376883294983808e-27 1.902014088788997252e-26 2.637661210443603792e-26 4.675590092084278384e-25 2.782494943657140632e-24 2.675470752016275438e-23 5.038963938644105622e-23 1.162341628842028606e-21 5.819230854846798373e-22 2.218879244127768511e-20 2.564349816209421263e-20 1.526538646044839633e-19 3.333147683070326876e-19 4.548642502917836890e-19 6.013006442810880792e-19 6.876409239869330166e-19 7.357598434568222077e-19 7.833536291347818072e-19 7.906297771202479755e-19 6.869742223807096905e-19 4.956994367175320980e-19 2.992727548866326611e-19 1.542743921911066738e-19 6.931610732783699994e-20 2.762856971431348847e-20 9.912054745064139954e-21 3.238807388699206694e-21 9.732872068040258755e-22 2.711706602293347779e-22 7.052790862126336633e-23 1.722492652931629031e-23 3.970906448716779131e-24 8.681634995761272880e-25 1.808018453721025911e-25 3.602022612695327897e-26 6.894518410579920791e-27 1.273623109541150236e-27 2.280562022498474403e-28 3.928795209164075636e-29 0.000000000000000000e+00
0.000000000000000000e+00 0.000000000000000000e+00 0.000000000000000000e+00 0.000000000000000000e+00 0.000000000000000000e+00 0.000000000000000000e+00 0.000000000000000000e+00 0.000000000000000000e+00 0.000000000000000000e+00 0.000000000000000000e+00 0.000000000000000000e+00 0.000000000000000000e+00 0.000000000000000000e+00 0.000000000000000000e+00 0.000000000000000000e+00 0.000000000000000000e+00 0.000000000000000000e+00 0.000000000000000000e+00 0.000000000000000000e+00 0.000000000000000000e+00 0.000000000000000000e+00 0.000000000000000000e+00 0.000000000000000000e+00 0.000000000000000000e+00 0.000000000000000000e+00 0.000000000000000000e+00 0.000000000000000000e+00 0.000000000000000000e+00 0.000000000000000000e+00 0.000000000000000000e+00 0.000000000000000000e+00 0.000000000000000000e+00 0.000000000000000000e+00 0.000000000000000000e+00 0.000000000000000000e+00 0.000000000000000000e+00 0.000000000000000000e+00 0.000000000000000000e+00 0.000000000000000000e+00 0.000000000000000000e+00 0.000000000000000000e+00 0.000000000000000000e+00 0.000000000000000000e+00 0.000000000000000000e+00 0.000000000000000000e+00 0.000000000000000000e+00 0.000000000000000000e+00 0.000000000000000000e+00 0.000000000000000000e+00 0.000000000000000000e+00
