0.000000000000000000e+00 0.000000000000000000e+00 0.000000000000000000e+00 0.000000000000000000e+00 0.000000000000000000e+00 0.000000000000000000e+00 0.000000000000000000e+00 0.000000000000000000e+00 0.000000000000000000e+00 0.000000000000000000e+00 0.000000000000000000e+00 0.000000000000000000e+00 0.000000000000000000e+00 0.000000000000000000e+00 0.000000000000000000e+00 0.000000000000000000e+00 0.000000000000000000e+00 0.000000000000000000e+00 0.000000000000000000e+00 0.000000000000000000e+00 0.000000000000000000e+00 0.000000000000000000e+00 0.000000000000000000e+00 0.000000000000000000e+00 0.000000000000000000e+00 0.000000000000000000e+00 0.000000000000000000e+00 0.000000000000000000e+00 0.000000000000000000e+00 0.000000000000000000e+00 0.000000000000000000e+00 0.000000000000000000e+00 0.000000000000000000e+00 0.000000000000000000e+00 0.000000000000000000e+00 0.000000000000000000e+00 0.000000000000000000e+00 0.000000000000000000e+00 0.000000000000000000e+00 0.000000000000000000e+00 0.000000000000000000e+00 0.000000000000000000e+00 0.000000000000000000e+00 0.000000000000000000e+00 0.000000000000000000e+00 0.000000000000000000e+00 0.000000000000000000e+00 0.000000000000000000e+00 0.000000000000000000e+00 0.000000000000000000e+00
0.000000000000000000e+00 2.885331293781838987e-06 6.041048121857226797e-06 9.749083877799611205e-06 1.431199442630789080e-05 2.006069721895377934e-05 2.735879796455278337e-05 3.660094707869642752e-05 4.820431448613169041e-05 6.259205662120078328e-05 8.016704160879725217e-05 1.012751845187213559e-04 1.261596155269600590e-04 1.549082882100393454e-04 1.873992998035827156e-04 2.232504214296107236e-04 2.617812438196632369e-04 3.019970220694774598e-04 3.426024478590497155e-04 3.820511144057333187e-04 4.186322227233781512e-04 4.505903360166066364e-04 4.762676544239533407e-04 4.942527793077463021e-04 5.035166916040621820e-04 5.035167019138986084e-04 4.942527997020280516e-04 4.762676679699624901e-04 4.505903433776257115e-04 4.186322415701663763e-04 3.820511532878937224e-04 3.426024921610382797e-04 3.019970563157585637e-04 2.617812784565962071e-04 2.232504772950254484e-04 1.873993691065215374e-04 1.549083419190668595e-04 1.261596570406056889e-04 1.012752514256400684e-04 8.016713282363981607e-05 6.259211894640898295e-05 4.820434435509239553e-05 3.660101411293843570e-05 2.735889530333331966e-05 2.006072894381129886e-05 1.431198366332943914e-05 9.749142919146477315e-06 6.041092801046490352e-06 2.885253883864122507e-06 0.000000000000000000e+00
0.000000000000000000e+00 6.041048121856367058e-06 1.265542520920038455e-05 2.044098068125552628e-05 3.004106158605868713e-05 4.216202762985576740e-05 5.758251033043296734e-05 7.715075826227313892e-05 1.017677246183461509e-04 1.323521971625942709e-04 1.697844783489409150e-04 2.148276818298135919e-04 2.680286438839435208e-04 3.296034822612313106e-04 3.993171181239733294e-04 4.763711220041937046e-04 5.593182216111151472e-04 6.460234434951060006e-04 7.336904617910319044e-04 8.189665796856196748e-04 8.981304130546935525e-04 9.673534905022974223e-04 1.023012810603061897e-03 1.062018985318419163e-03 1.082117085981123975e-03 1.082117105487138834e-03 1.062019027638134820e-03 1.023012846713687021e-03 9.673535144773827942e-04 8.981304501142549183e-04 8.189666524214481028e-04 7.336905561917183910e-04 6.460235258786013171e-04 5.593182897613493011e-04 4.763712126568457562e-04 3.993172473002783987e-04 3.296036108440600484e-04 2.680287406984573377e-04 2.148277863258843780e-04 1.697846336518828354e-04 1.323523555726316913e-04 1.017678287016821629e-04 7.715087015103602860e-05 5.758269610031294897e-05 4.216219018679543074e-05 3.004112294073828411e-05 2.044107917513454716e-05 1.265559330728375686e-05 6.041093565592269062e-06 0.000000000000000000e+00
0.000000000000000000e+00 9.749083877793692139e-06 2.044098068125369669e-05 3.306028274764570958e-05 4.867108007321960917e-05 6.844729477222461823e-05 9.368971554119398125e-05 1.258243488310394325e-04 1.663764475511158040e-04 2.169135718461467173e-04 2.789522519496520137e-04 3.538260423944110172e-04 4.425170542239451228e-04 5.454589122054795229e-04 6.623269866909868098e-04 7.918403434398960236e-04 9.316069334459309813e-04 1.078047216472248059e-03 1.226429846760251777e-03 1.371044475106149600e-03 1.505520397556798454e-03 1.623277095664594745e-03 1.718067387935294770e-03 1.784551287778130208e-03 1.818824505038440890e-03 1.818824521890460453e-03 1.784551328010057806e-03 1.718067430381034835e-03 1.623277129968120260e-03 1.505520436481168258e-03 1.371044539347385412e-03 1.226429935240000262e-03 1.078047302893980677e-03 9.316070027996581696e-04 7.918404187931727019e-04 6.623270961648914691e-04 5.454590387428863776e-04 4.425171569947822106e-04 3.538261280548309095e-04 2.789523682988474286e-04 2.169137168638476086e-04 1.663765656613399875e-04 1.258244430273027436e-04 9.368984841431456860e-05 6.844744819122429056e-05 4.867117227567338387e-05 3.306034665733725402e-05 2.044107997892356560e-05 9.749143161572250104e-06 0.000000000000000000e+00
0.000000000000000000e+00 1.431199442630230378e-05 3.004106158606253943e-05 4.867108007322042910e-05 7.181344486653289214e-05 1.012564345817394446e-04 1.389954995149401734e-04 1.872352981275933915e-04 2.483538943451798217e-04 3.248188066260529450e-04 4.190458352171318895e-04 5.331955752934628041e-04 6.689093115776938506e-04 8.269957783036865472e-04 1.007092915529938333e-03 1.207342694223516918e-03 1.424129443170388948e-03 1.651939508409144049e-03 1.883398858751438336e-03 2.109532244847815968e-03 2.320261451141499270e-03 2.505123058052912029e-03 2.654143759258203485e-03 2.758772537035500318e-03 2.812743959956920305e-03 2.812743972391759922e-03 2.758772571864679356e-03 2.654143809339919169e-03 2.505123115276458243e-03 2.320261513825866949e-03 2.109532319092033512e-03 1.883398948096072023e-03 1.651939605507145564e-03 1.424129539115119190e-03 1.207342793238945153e-03 1.007093028211550204e-03 8.269959007556456016e-04 6.689094280354203424e-04 5.331956846799604938e-04 4.190459525642791340e-04 3.248189317413177732e-04 2.483540120793501079e-04 1.872354110270441118e-04 1.389956176390310045e-04 1.012565424000859264e-04 7.181353389100926792e-05 4.867117479165886427e-05 3.004112425600639270e-05 1.431198384029013438e-05 0.000000000000000000e+00
0.000000000000000000e+00 2.006069721896217175e-05 4.216202762985214210e-05 6.844729477222727453e-05 1.012564345817391058e-04 1.432045041081529192e-04 1.972329049580910871e-04 2.666196275753745918e-04 3.549339048368877468e-04 4.659189840754531854e-04 6.032876715691611611e-04 7.704208444116711872e-04 9.699692137834777872e-04 1.203373451205437148e-03 1.470337394333445617e-03 1.768311488148839334e-03 2.092064535554511578e-03 2.433435543965222110e-03 2.781357796286360127e-03 3.122228798728227117e-03 3.440659837275847170e-03 3.720580005568100909e-03 3.946600637899613968e-03 4.105481594240499056e-03 4.187497835626150834e-03 4.187497848008931399e-03 4.105481629296152749e-03 3.946600690877533762e-03 3.720580072591310808e-03 3.440659917378558960e-03 3.122228891370235765e-03 2.781357897990731614e-03 2.433435651510982602e-03 2.092064652888645741e-03 1.768311622413600319e-03 1.470337540723789475e-03 1.203373593464392415e-03 9.699693503077077509e-04 7.704209975692239082e-04 6.032878486097108077e-04 4.659191522822570854e-04 3.549340474165284406e-04 2.666197846769754174e-04 1.972330925748918445e-04 1.432046586683147888e-04 1.012565441617546859e-04 6.844745071061216000e-05 4.216219037878166884e-05 2.006072776530643437e-05 0.000000000000000000e+00
0.000000000000000000e+00 2.735879796453876328e-05 5.758251033042878638e-05 9.368971554119215166e-05 1.389954995149336953e-04 1.972329049580913310e-04 2.726365480678157233e-04 3.699690871834155920e-04 4.944682554690979937e-04 6.516887916200611542e-04 8.472144959481730424e-04 1.086222893598550593e-03 1.372898959402390649e-03 1.709716203437956598e-03 2.096633494140570132e-03 2.530291410787931499e-03 3.003326199991669665e-03 3.503943795399880757e-03 4.015900809199941628e-03 4.519014469205187741e-03 4.990263825355363905e-03 5.405452985077787396e-03 5.741297055541160453e-03 5.977686056127420704e-03 6.099809490615371553e-03 6.099809504953875895e-03 5.977686092325755832e-03 5.741297101133454282e-03 5.405453036677783374e-03 4.990263891788573533e-03 4.519014557073031818e-03 4.015900909266772317e-03 3.503943892667761139e-03 3.003326298022605031e-03 2.530291530921451384e-03 2.096633640713821065e-03 1.709716348584353670e-03 1.372899085806852633e-03 1.086223032618144173e-03 8.472146791740259352e-04 6.516889833704138379e-04 4.944684057693264200e-04 3.699692302645606686e-04 2.726367400713992743e-04 1.972330920438211872e-04 1.389956169672277339e-04 9.368984740572311063e-05 5.758269260498433611e-05 2.735889140200909613e-05 0.000000000000000000e+00
0.000000000000000000e+00 3.660094707869825711e-05 7.715075826226994052e-05 1.258243488310373725e-04 1.872352981275972675e-04 2.666196275753653761e-04 3.699690871834207962e-04 5.040865175904749810e-04 6.765296780247596420e-04 8.954044955637314703e-04 1.168968828871808910e-03 1.505016393152889013e-03 1.910029376787196432e-03 2.388120068472195014e-03 2.939827020020674246e-03 3.560885881497459406e-03 4.241150045769968499e-03 4.963878407894518202e-03 5.705620647064112150e-03 6.436898386978366811e-03 7.123793291014982737e-03 7.730413134960541222e-03 8.222033829279185371e-03 8.568545563966814549e-03 8.747710586961936208e-03 8.747710601179363790e-03 8.568545598294747406e-03 8.222033867738490556e-03 7.730413172019216794e-03 7.123793338632427447e-03 6.436898458949675932e-03 5.705620737030982909e-03 4.963878493152807346e-03 4.241150119288506111e-03 3.560885967228465902e-03 2.939827139216882705e-03 2.388120201836914890e-03 1.910029490661929643e-03 1.505016499332255961e-03 1.168968970638586263e-03 8.954046677234283420e-04 6.765298274401588575e-04 5.040866396776346988e-04 3.699692321220848941e-04 2.666197839262069921e-04 1.872354081788406136e-04 1.258244396630157317e-04 7.715086494031533904e-05 3.660101027100139972e-05 0.000000000000000000e+00
0.000000000000000000e+00 4.820431448612463632e-05 1.017677246183427492e-04 1.663764475511161022e-04 2.483538943451718529e-04 3.549339048368970709e-04 4.944682554690875854e-04 6.765296780247638704e-04 9.118613798731107535e-04 1.212115075130288213e-03 1.589317305342969906e-03 2.055013217346868433e-03 2.619062157475608200e-03 3.288104634028214505e-03 4.063786548967948144e-03 4.940909268197994468e-03 5.905760783140381887e-03 6.934954082927853938e-03 7.995128178957328774e-03 9.043828464770670150e-03 1.003175803674022544e-02 1.090638105824623567e-02 1.161659120874306353e-02 1.211788866860830788e-02 1.237731152314081907e-02 1.237731153357531609e-02 1.211788869588846171e-02 1.161659124394910127e-02 1.090638109604208372e-02 1.003175808232549884e-02 9.043828528319914142e-03 7.995128259686047623e-03 6.934954164891274364e-03 5.905760855846254459e-03 4.940909345971258859e-03 4.063786654091071024e-03 3.288104761603119139e-03 2.619062279848623567e-03 2.055013329522477946e-03 1.589317434613384808e-03 1.212115232405985453e-03 9.118615408088300402e-04 6.765298295723323101e-04 4.944684087677900935e-04 3.549340462638001913e-04 2.483540083903999752e-04 1.663765624966697201e-04 1.017678254032035394e-04 4.820434215285922838e-05 0.000000000000000000e+00
0.000000000000000000e+00 6.259205662120071552e-05 1.323521971625882265e-04 2.169135718461479370e-04 3.248188066260558724e-04 4.659189840754425060e-04 6.516887916200710205e-04 8.954044955637258324e-04 1.212115075130287562e-03 1.618321672808666024e-03 2.131273870290308504e-03 2.767800805741975692e-03 3.542627743000928160e-03 4.466191217333563904e-03 5.542061297749572429e-03 6.764202539130596478e-03 8.114439159533057971e-03 9.560605659424936328e-03 1.105592184341180374e-02 1.254008838840791305e-02 1.394242393904046758e-02 1.518705344261221842e-02 1.619974874956300187e-02 1.691560107204311686e-02 1.728638679672997100e-02 1.728638680245732015e-02 1.691560109015486854e-02 1.619974878056199344e-02 1.518705348438594352e-02 1.394242398964905434e-02 1.254008844853703869e-02 1.105592191236911062e-02 9.560605731871941321e-03 8.114439232762005183e-03 6.764202621300869668e-03 5.542061399104168153e-03 4.466191333581045163e-03 3.542627861240470449e-03 2.767800927756447569e-03 2.131274008911603936e-03 1.618321825421358906e-03 1.212115231769958414e-03 8.954046682362410076e-04 6.516889842486335354e-04 4.659191492072189229e-04 3.248189269123364828e-04 2.169137145742760814e-04 1.323523535880984938e-04 6.259211589626010436e-05 0.000000000000000000e+00
0.000000000000000000e+00 8.016704160879752322e-05 1.697844783489509709e-04 2.789522519496519053e-04 4.190458352171363889e-04 6.032876715691665821e-04 8.472144959481719582e-04 1.168968828871806524e-03 1.589317305342972074e-03 2.131273870290305902e-03 2.819192066136048773e-03 3.677198484523924900e-03 4.726879905955229041e-03 5.984221006131158586e-03 7.455924145647488920e-03 9.135422474048329050e-03 1.099910023400669720e-02 1.300341784095983104e-02 1.508374440060052980e-02 1.715565985928311360e-02 1.911924928517046152e-02 2.086645963772025894e-02 2.229097665199060441e-02 2.329943185851950441e-02 2.382224705740931120e-02 2.382224706102611944e-02 2.329943187079136849e-02 2.229097667520613113e-02 2.086645967227362258e-02 1.911924932957885861e-02 1.715565991079716010e-02 1.508374445451930376e-02 1.300341789334604620e-02 1.099910028908063046e-02 9.135422543884127652e-03 7.455924234517245959e-03 5.984221100541057756e-03 4.726879994826354778e-03 3.677198583060908594e-03 2.819192193398818973e-03 2.131274010451050024e-03 1.589317433846653077e-03 1.168968969659953724e-03 8.472146791842137493e-04 6.032878455421360761e-04 4.190459483992830950e-04 2.789523670551661096e-04 1.697846305514009416e-04 8.016712779604343486e-05 0.000000000000000000e+00
0.000000000000000000e+00 1.012751845187166667e-04 2.148276818298071138e-04 3.538260423944129146e-04 5.331955752934569494e-04 7.704208444116770419e-04 1.086222893598544088e-03 1.505016393152885327e-03 2.055013217346868433e-03 2.767800805741993473e-03 3.677198484523916226e-03 4.817197820934347036e-03 6.218841085140472923e-03 7.906003065669846286e-03 9.890227646179533191e-03 1.216502777286746460e-02 1.470035741169291310e-02 1.743824817445458961e-02 2.029078369613339719e-02 2.314155874116773093e-02 2.585144976698450572e-02 2.826887886898768118e-02 3.024385090148155875e-02 3.164406704641812423e-02 3.237064000790266377e-02 3.237064001257959622e-02 3.164406705870804332e-02 3.024385091813465778e-02 2.826887888961291534e-02 2.585144979571918009e-02 2.314155878099979913e-02 2.029078374123916353e-02 1.743824821428723720e-02 1.470035744720481381e-02 1.216502782123782787e-02 9.890227718442796273e-03 7.906003146196893122e-03 6.218841153618827854e-03 4.817197890732097081e-03 3.677198586228455548e-03 2.767800931294730083e-03 2.055013329147298024e-03 1.505016498847831395e-03 1.086223034800221608e-03 7.704209973627589633e-04 5.331956823590810026e-04 3.538261263361118839e-04 2.148277813496677279e-04 1.012752453297324762e-04 0.000000000000000000e+00
0.000000000000000000e+00 1.261596155269685971e-04 2.680286438839431956e-04 4.425170542239412739e-04 6.689093115777019821e-04 9.699692137834643431e-04 1.372898959402383710e-03 1.910029376787206407e-03 2.619062157475610369e-03 3.542627743000918619e-03 4.726879905955226439e-03 6.218841085140480729e-03 8.062266646997905128e-03 1.029193908221877861e-02 1.292655500292107067e-02 1.596072832359086979e-02 1.935706740619618643e-02 2.303971198411693816e-02 2.689101079618606144e-02 3.075302878743601045e-02 3.443515503622249230e-02 3.772818013958982586e-02 4.042390900006443549e-02 4.233793277351836221e-02 4.333200724290442452e-02 4.333200724895600736e-02 4.233793278768529372e-02 4.042390901439575635e-02 3.772818015120912860e-02 3.443515505240500596e-02 3.075302881810122388e-02 2.689101083951688648e-02 2.303971202552577632e-02 1.935706743815786279e-02 1.596072836080752663e-02 1.292655506460726154e-02 1.029193916185259204e-02 8.062266720805547418e-03 6.218841153631513886e-03 4.726879997120103302e-03 3.542627863166121060e-03 2.619062278191316897e-03 1.910029490523067631e-03 1.372899090022890742e-03 9.699693515744417559e-04 6.689094238465877933e-04 4.425171517920069341e-04 2.680287337452329373e-04 1.261596496904979702e-04 0.000000000000000000e+00
0.000000000000000000e+00 1.549082882100332197e-04 3.296034822612315274e-04 5.454589122054861365e-04 8.269957783036789578e-04 1.203373451205426957e-03 1.709716203437972211e-03 2.388120068472186774e-03 3.288104634028215807e-03 4.466191217333552628e-03 5.984221006131162923e-03 7.906003065669839347e-03 1.029193908221878555e-02 1.319145021617177359e-02 1.663336464066686102e-02 2.061491902329772030e-02 2.509064242444899659e-02 2.996301939775753917e-02 3.507729184504403824e-02 4.022283028865657889e-02 4.514297277102970879e-02 4.955398989644117791e-02 5.317199084908637990e-02 5.574450331832611627e-02 5.708172789455502605e-02 5.708172789941438202e-02 5.574450333009516728e-02 5.317199086140222963e-02 4.955398990553126076e-02 4.514297278173273059e-02 4.022283031125231667e-02 3.507729188238643825e-02 2.996301943912745361e-02 2.509064245932083465e-02 2.061491905904401511e-02 1.663336469509768198e-02 1.319145029131795453e-02 1.029193916202975415e-02 7.906003145088352779e-03 5.984221100810723989e-03 4.466191334283049590e-03 3.288104760396851414e-03 2.388120203331011836e-03 1.709716354467140983e-03 1.203373593569565013e-03 8.269958921612793890e-04 5.454590306890641201e-04 3.296036033354043503e-04 1.549083342509398483e-04 0.000000000000000000e+00
0.000000000000000000e+00 1.873992998035842606e-04 3.993171181239715947e-04 6.623269866909847498e-04 1.007092915529925756e-03 1.470337394333458628e-03 2.096633494140567964e-03 2.939827020020674680e-03 4.063786548967947276e-03 5.542061297749555950e-03 7.455924145647497593e-03 9.890227646179536661e-03 1.292655500292104118e-02 1.663336464066687836e-02 2.105325800060138877e-02 2.618816445257810335e-02 3.198408894169114947e-02 3.831796650028739676e-02 4.498986601440993494e-02 5.172395951394999358e-02 5.818100780734688365e-02 6.398343998760593065e-02 6.875154881747802538e-02 7.214639214688445268e-02 7.391251525610600948e-02 7.391251525799855115e-02 7.214639215259822935e-02 6.875154882592171557e-02 6.398343999645977886e-02 5.818100781697396057e-02 5.172395952927944657e-02 4.498986603900648890e-02 3.831796653032144839e-02 3.198408897157400954e-02 2.618816448590772367e-02 2.105325804692970842e-02 1.663336470056206093e-02 1.292655506874211373e-02 9.890227719784611821e-03 7.455924237621191879e-03 5.542061404696476887e-03 4.063786658939781866e-03 2.939827145994493296e-03 2.096633649565995267e-03 1.470337540707763882e-03 1.007093019158937378e-03 6.623270904366881841e-04 3.993172435039874261e-04 1.873993639734030520e-04 0.000000000000000000e+00
0.000000000000000000e+00 2.232504214295988787e-04 4.763711220041892593e-04 7.918403434398801942e-04 1.207342694223516484e-03 1.768311488148840635e-03 2.530291410787928897e-03 3.560885881497471549e-03 4.940909268197964110e-03 6.764202539130612091e-03 9.135422474048323846e-03 1.216502777286745246e-02 1.596072832359087326e-02 2.061491902329770295e-02 2.618816445257814152e-02 3.268967319632003210e-02 4.005685281277055615e-02 4.813728831889940718e-02 5.667750355782025934e-02 6.532319087911539479e-02 7.363477471090924820e-02 8.111995140794278636e-02 8.728137821029906263e-02 9.167366356762443602e-02 9.396039326362445876e-02 9.396039326390268065e-02 9.167366356982305231e-02 8.728137821617804049e-02 8.111995141682527832e-02 7.363477472135068758e-02 6.532319089171588489e-02 5.667750357359512686e-02 4.813728833673115715e-02 4.005685283298283245e-02 3.268967322493982613e-02 2.618816449427823628e-02 2.061491907153858300e-02 1.596072837039756373e-02 1.216502782793950008e-02 9.135422554202216050e-03 6.764202635939534948e-03 4.940909359309296998e-03 3.560885979623111975e-03 2.530291542687508263e-03 1.768311625180516138e-03 1.207342788509286214e-03 7.918404191132275569e-04 4.763712149475704950e-04 2.232504744556533191e-04 0.000000000000000000e+00
0.000000000000000000e+00 2.617812438196651342e-04 5.593182216111105935e-04 9.316069334459250182e-04 1.424129443170394803e-03 2.092064535554503339e-03 3.003326199991676170e-03 4.241150045769946815e-03 5.905760783140381887e-03 8.114439159533059706e-03 1.099910023400669026e-02 1.470035741169290790e-02 1.935706740619618296e-02 2.509064242444902434e-02 3.198408894169113559e-02 4.005685281277054227e-02 4.923807295635027753e-02 5.934254520418554002e-02 7.005512837796502856e-02 8.092985975873900895e-02 9.140904417645823177e-02 1.008646665101653184e-01 1.086598603280785197e-01 1.142228037013573033e-01 1.171208735182720229e-01 1.171208735196109518e-01 1.142228037056008949e-01 1.086598603350780179e-01 1.008646665190536668e-01 9.140904418742534787e-02 8.092985977329660019e-02 7.005512839547269055e-02 5.934254522101967827e-02 4.923807297308702841e-02 4.005685283903546307e-02 3.198408898484425555e-02 2.509064247542728415e-02 1.935706745123992947e-02 1.470035745890069245e-02 1.099910030621364249e-02 8.114439254395252460e-03 5.905760873741974955e-03 4.241150132893694268e-03 3.003326310928583834e-03 2.092064659222895272e-03 1.424129538547083988e-03 9.316070073235426918e-04 5.593182942957501506e-04 2.617812739328977882e-04 0.000000000000000000e+00
0.000000000000000000e+00 3.019970220694904160e-04 6.460234434951078438e-04 1.078047216472259118e-03 1.651939508409150338e-03 2.433435543965231651e-03 3.503943795399880323e-03 4.963878407894505192e-03 6.934954082927861745e-03 9.560605659424922451e-03 1.300341784095982584e-02 1.743824817445461042e-02 2.303971198411692428e-02 2.996301939775754611e-02 3.831796650028736900e-02 4.813728831889941412e-02 5.934254520418551920e-02 7.171296120133469065e-02 8.486458177007427661e-02 9.824792278885745300e-02 1.111710561480458714e-01 1.228512995743323150e-01 1.324926491465628353e-01 1.393791449204362654e-01 1.429685885947255819e-01 1.429685885980241933e-01 1.393791449287377637e-01 1.324926491561037312e-01 1.228512995825852133e-01 1.111710561573842071e-01 9.824792280472924300e-02 8.486458179325680196e-02 7.171296122510655013e-02 5.934254522460036263e-02 4.813728834510308530e-02 3.831796654466343433e-02 2.996301945629751065e-02 2.303971204105017059e-02 1.743824822992660548e-02 1.300341791453334291e-02 9.560605755842088369e-03 6.934954182221639805e-03 4.963878505135872928e-03 3.503943906631559139e-03 2.433435660763490650e-03 1.651939606378197058e-03 1.078047306982948773e-03 6.460235278048004261e-04 3.019970487643545629e-04 0.000000000000000000e+00
0.000000000000000000e+00 3.426024478590381688e-04 7.336904617910347233e-04 1.226429846760251127e-03 1.883398858751448744e-03 2.781357796286365765e-03 4.015900809199926015e-03 5.705620647064109548e-03 7.995128178957346121e-03 1.105592184341178813e-02 1.508374440060055062e-02 2.029078369613338678e-02 2.689101079618607185e-02 3.507729184504399661e-02 4.498986601440996963e-02 5.667750355782025240e-02 7.005512837796502856e-02 8.486458177007426273e-02 1.006477762524868730e-01 1.167426218086540096e-01 1.323106021450787262e-01 1.464000340494293062e-01 1.580413091253448366e-01 1.663616680542665816e-01 1.707000705977324562e-01 1.707000706014778768e-01 1.663616680634990297e-01 1.580413091351986488e-01 1.464000340562369995e-01 1.323106021513024699e-01 1.167426218218175910e-01 1.006477762760718264e-01 8.486458179765599130e-02 7.005512840211995662e-02 5.667750358357488694e-02 4.498986605486851587e-02 3.507729190255115537e-02 2.689101085952593645e-02 2.029078376120890814e-02 1.508374447830189077e-02 1.105592193686566992e-02 7.995128276875484996e-03 5.705620750803709791e-03 4.015900927457042788e-03 2.781357911138440664e-03 1.883398949664878523e-03 1.226429937856798533e-03 7.336905578676898186e-04 3.426024857591742690e-04 0.000000000000000000e+00
0.000000000000000000e+00 3.820511144057281688e-04 8.189665796856144707e-04 1.371044475106150467e-03 2.109532244847819871e-03 3.122228798728216709e-03 4.519014469205159985e-03 6.436898386978391964e-03 9.043828464770659742e-03 1.254008838840792346e-02 1.715565985928312054e-02 2.314155874116777603e-02 3.075302878743595494e-02 4.022283028865658583e-02 5.172395951394993807e-02 6.532319087911538091e-02 8.092985975873899507e-02 9.824792278885753627e-02 1.167426218086540374e-01 1.356345926836121651e-01 1.539324146417805073e-01 1.705084625084440086e-01 1.842131812758837917e-01 1.940121921058955146e-01 1.991226244170352933e-01 1.991226244194129191e-01 1.940121921122866244e-01 1.842131812837131954e-01 1.705084625146138511e-01 1.539324146469296661e-01 1.356345926935103585e-01 1.167426218278459771e-01 9.824792281403936511e-02 8.092985978353960108e-02 6.532319090518139137e-02 5.172395955024396835e-02 4.022283033846137112e-02 3.075302884527187502e-02 2.314155880627658673e-02 1.715565993803629813e-02 1.254008847673042035e-02 9.043828551783259992e-03 6.436898481145019585e-03 4.519014583647324064e-03 3.122228910994158911e-03 2.109532323957898168e-03 1.371044546103943398e-03 8.189666621310240195e-04 3.820511526756703970e-04 0.000000000000000000e+00
0.000000000000000000e+00 4.186322227233814581e-04 8.981304130546939862e-04 1.505520397556806261e-03 2.320261451141496234e-03 3.440659837275816813e-03 4.990263825355366507e-03 7.123793291014991411e-03 1.003175803674021677e-02 1.394242393904046931e-02 1.911924928517047886e-02 2.585144976698445368e-02 3.443515503622247842e-02 4.514297277102968103e-02 5.818100780734687671e-02 7.363477471090924820e-02 9.140904417645824565e-02 1.111710561480459825e-01 1.323106021450787262e-01 1.539324146417805628e-01 1.748940587778478883e-01 1.938948985632752142e-01 2.096096860747327095e-01 2.208475742886625570e-01 2.267086804964688895e-01 2.267086804974219327e-01 2.208475742922589580e-01 2.096096860813886076e-01 1.938948985713780937e-01 1.748940587863228868e-01 1.539324146530982318e-01 1.323106021625628514e-01 1.111710561709983586e-01 9.140904420216573734e-02 7.363477474104605791e-02 5.818100784644373441e-02 4.514297281820846969e-02 3.443515508725986107e-02 2.585144982667099064e-02 1.911924936289120455e-02 1.394242402738885694e-02 1.003175811838864957e-02 7.123793372794436606e-03 4.990263928218589655e-03 3.440659945171328782e-03 2.320261526467858569e-03 1.505520454579126503e-03 8.981304722477137211e-04 4.186322461056003080e-04 0.000000000000000000e+00
0.000000000000000000e+00 4.505903360166100516e-04 9.673534905023079391e-04 1.623277095664604937e-03 2.505123058052892947e-03 3.720580005568080960e-03 5.405452985077809948e-03 7.730413134960526476e-03 1.090638105824624088e-02 1.518705344261222709e-02 2.086645963772023465e-02 2.826887886898762914e-02 3.772818013958981892e-02 4.955398989644111546e-02 6.398343998760594453e-02 8.111995140794278636e-02 1.008646665101653878e-01 1.228512995743323982e-01 1.464000340494293062e-01 1.705084625084440642e-01 1.938948985632752420e-01 2.151001646581396920e-01 2.326395043639775950e-01 2.451815322540574771e-01 2.517222994786786350e-01 2.517222994797473357e-01 2.451815322582882872e-01 2.326395043725489886e-01 2.151001646701574954e-01 1.938948985774380240e-01 1.705084625257188014e-01 1.464000340715058690e-01 1.228512996006063257e-01 1.008646665400450976e-01 8.111995144497591292e-02 6.398344003527817181e-02 4.955398995010501517e-02 3.772818019201572975e-02 2.826887892629343507e-02 2.086645971461429522e-02 1.518705353508500826e-02 1.090638114492970684e-02 7.730413215575486496e-03 5.405453080376432240e-03 3.720580108548967365e-03 2.505123138475963494e-03 1.623277159683421660e-03 9.673535439957242328e-04 4.505903479941561767e-04 0.000000000000000000e+00
0.000000000000000000e+00 4.762676544239572980e-04 1.023012810603069703e-03 1.718067387935294987e-03 2.654143759258174428e-03 3.946600637899626979e-03 5.741297055541168259e-03 8.222033829279183637e-03 1.161659120874307047e-02 1.619974874956299840e-02 2.229097665199056277e-02 3.024385090148152752e-02 4.042390900006438692e-02 5.317199084908638684e-02 6.875154881747805313e-02 8.728137821029903487e-02 1.086598603280785752e-01 1.324926491465628908e-01 1.580413091253448366e-01 1.842131812758839027e-01 2.096096860747325985e-01 2.326395043639775395e-01 2.516862829980234806e-01 2.653040157810409583e-01 2.724047510432458519e-01 2.724047510458444399e-01 2.653040157889395290e-01 2.516862830106308402e-01 2.326395043796252171e-01 2.096096860929443084e-01 1.842131812987760353e-01 1.580413091544645154e-01 1.324926491798639472e-01 1.086598603638491423e-01 8.728137825264542515e-02 6.875154887155553174e-02 5.317199091055338500e-02 4.042390905897474268e-02 3.024385096085567548e-02 2.229097672738920843e-02 1.619974884177822691e-02 1.161659129982852041e-02 8.222033914773368285e-03 5.741297148781025934e-03 3.946600734684904688e-03 2.654143841183005063e-03 1.718067464288667613e-03 1.023012875595934092e-03 4.762676698538380869e-04 0.000000000000000000e+00
0.000000000000000000e+00 4.942527793077487958e-04 1.062018985318422632e-03 1.784551287778108957e-03 2.758772537035487742e-03 4.105481594240516403e-03 5.977686056127424173e-03 8.568545563966814549e-03 1.211788866860831482e-02 1.691560107204309604e-02 2.329943185851947318e-02 3.164406704641812423e-02 4.233793277351828588e-02 5.574450331832617178e-02 7.214639214688439717e-02 9.167366356762447765e-02 1.142228037013573311e-01 1.393791449204362654e-01 1.663616680542665816e-01 1.940121921058954590e-01 2.208475742886624182e-01 2.451815322540573661e-01 2.653040157810410693e-01 2.796882355035071321e-01 2.871875667607914906e-01 2.871875667649374519e-01 2.796882355150357435e-01 2.653040157972112456e-01 2.451815322717898760e-01 2.208475743080021980e-01 1.940121921308059494e-01 1.663616680875606157e-01 1.393791449592721721e-01 1.142228037415626007e-01 9.167366361156806254e-02 7.214639220091251248e-02 5.574450338098227431e-02 4.233793283567584276e-02 3.164406710791974747e-02 2.329943193052952735e-02 1.691560115626823679e-02 1.211788875326123317e-02 8.568545646498150481e-03 5.977686145116435645e-03 4.105481681693022578e-03 2.758772608406035234e-03 1.784551361099760659e-03 1.062019056449181251e-03 4.942528031861786282e-04 0.000000000000000000e+00
0.000000000000000000e+00 5.035166916040603388e-04 1.082117085981117903e-03 1.818824505038412918e-03 2.812743959956925943e-03 4.187497835626162110e-03 6.099809490615370686e-03 8.747710586961929269e-03 1.237731152314082428e-02 1.728638679672993977e-02 2.382224705740929038e-02 3.237064000790265683e-02 4.333200724290439676e-02 5.708172789455505380e-02 7.391251525610598172e-02 9.396039326362455590e-02 1.171208735182720090e-01 1.429685885947255819e-01 1.707000705977324839e-01 1.991226244170353765e-01 2.267086804964688063e-01 2.517222994786786350e-01 2.724047510432460184e-01 2.871875667607916016e-01 2.948940356101926730e-01 2.948940356147334851e-01 2.871875667734239412e-01 2.724047510608953448e-01 2.517222994976524575e-01 2.267086805163083529e-01 1.991226244419203595e-01 1.707000706314933947e-01 1.429685886352843605e-01 1.171208735605559631e-01 9.396039330779740184e-02 7.391251530737595610e-02 5.708172795318321863e-02 4.333200730281234342e-02 3.237064006870391669e-02 2.382224712583401460e-02 1.728638687150163902e-02 1.237731159426551895e-02 8.747710656387032088e-03 6.099809569121422172e-03 4.187497911294990952e-03 2.812744014773470476e-03 1.818824560720669900e-03 1.082117145481171225e-03 5.035167146564951913e-04 0.000000000000000000e+00
0.000000000000000000e+00 5.035167019138991505e-04 1.082117105487113247e-03 1.818824521890454165e-03 2.812743972391766427e-03 4.187497848008935736e-03 6.099809504953859415e-03 8.747710601179370729e-03 1.237731153357531436e-02 1.728638680245726464e-02 2.382224706102612638e-02 3.237064001257957541e-02 4.333200724895598654e-02 5.708172789941438202e-02 7.391251525799856503e-02 9.396039326390270841e-02 1.171208735196108963e-01 1.429685885980241933e-01 1.707000706014779046e-01 1.991226244194129469e-01 2.267086804974219882e-01 2.517222994797474467e-01 2.724047510458445509e-01 2.871875667649375075e-01 2.948940356147332631e-01 2.948940356185072442e-01 2.871875667761487616e-01 2.724047510631564806e-01 2.517222995002500463e-01 2.267086805195864530e-01 1.991226244455754635e-01 1.707000706349228458e-01 1.429685886380664683e-01 1.171208735627275732e-01 9.396039330975577974e-02 7.391251530950319892e-02 5.708172795569037283e-02 4.333200730549040258e-02 3.237064007103375440e-02 2.382224712788706678e-02 1.728638687331425158e-02 1.237731159559094830e-02 8.747710657971245751e-03 6.099809571109978193e-03 4.187497912796535500e-03 2.812744015981157204e-03 1.818824562044508509e-03 1.082117146177179147e-03 5.035167147906711733e-04 0.000000000000000000e+00
0.000000000000000000e+00 4.942527997020141738e-04 1.062019027638111401e-03 1.784551328010063878e-03 2.758772571864683693e-03 4.105481629296147544e-03 5.977686092325750628e-03 8.568545598294761284e-03 1.211788869588844089e-02 1.691560109015482344e-02 2.329943187079136502e-02 3.164406705870806413e-02 4.233793278768527985e-02 5.574450333009514646e-02 7.214639215259824323e-02 9.167366356982302456e-02 1.142228037056008672e-01 1.393791449287377915e-01 1.663616680634989187e-01 1.940121921122866244e-01 2.208475742922589857e-01 2.451815322582883427e-01 2.653040157889396400e-01 2.796882355150356880e-01 2.871875667734237747e-01 2.871875667761488171e-01 2.796882355241395168e-01 2.653040158053364128e-01 2.451815322805726560e-01 2.208475743182045092e-01 1.940121921418333506e-01 1.663616680981007678e-01 1.393791449683105810e-01 1.142228037490004983e-01 9.167366361820075693e-02 7.214639220777409323e-02 5.574450338855788806e-02 4.233793284351217850e-02 3.164406711516900422e-02 2.329943193691701858e-02 1.691560116167735092e-02 1.211788875775146428e-02 8.568545651220326256e-03 5.977686150366231035e-03 4.105481686251221882e-03 2.758772612083385759e-03 1.784551364557124178e-03 1.062019058529613865e-03 4.942528040967331376e-04 0.000000000000000000e+00
0.000000000000000000e+00 4.762676679699372282e-04 1.023012846713683335e-03 1.718067430381035703e-03 2.654143809339922638e-03 3.946600690877534630e-03 5.741297101133450813e-03 8.222033867738506169e-03 1.161659124394903882e-02 1.619974878056198997e-02 2.229097667520614501e-02 3.024385091813465778e-02 4.042390901439572165e-02 5.317199086140222269e-02 6.875154882592172945e-02 8.728137821617795722e-02 1.086598603350780179e-01 1.324926491561036757e-01 1.580413091351986765e-01 1.842131812837132232e-01 2.096096860813885798e-01 2.326395043725489331e-01 2.516862830106308402e-01 2.653040157972111346e-01 2.724047510608953448e-01 2.724047510631567026e-01 2.653040158053364128e-01 2.516862830265859108e-01 2.326395043959766373e-01 2.096096861101747755e-01 1.842131813165731324e-01 1.580413091718836927e-01 1.324926491958791919e-01 1.086598603778841793e-01 8.728137826511159214e-02 6.875154888362258743e-02 5.317199092280128908e-02 4.042390907122570681e-02 3.024385097281753407e-02 2.229097673809559907e-02 1.619974885071482837e-02 1.161659130788149363e-02 8.222033922315281559e-03 5.741297155957052201e-03 3.946600741759754942e-03 2.654143847125664622e-03 1.718067469000675741e-03 1.023012878765262824e-03 4.762676721103393878e-04 0.000000000000000000e+00
0.000000000000000000e+00 4.505903433776069548e-04 9.673535144773977561e-04 1.623277129968117875e-03 2.505123115276463881e-03 3.720580072591311242e-03 5.405453036677785976e-03 7.730413172019219396e-03 1.090638109604202821e-02 1.518705348438595046e-02 2.086645967227365034e-02 2.826887888961287024e-02 3.772818015120913554e-02 4.955398990553125382e-02 6.398343999645977886e-02 8.111995141682516730e-02 1.008646665190536945e-01 1.228512995825852272e-01 1.464000340562370273e-01 1.705084625146139621e-01 1.938948985713779827e-01 2.151001646701574399e-01 2.326395043796252171e-01 2.451815322717896539e-01 2.517222994976524020e-01 2.517222995002500463e-01 2.451815322805726838e-01 2.326395043959766373e-01 2.151001646936887834e-01 1.938948986005401831e-01 1.705084625485150662e-01 1.464000340941575828e-01 1.228512996226051868e-01 1.008646665603540188e-01 8.111995146318043415e-02 6.398344005195455431e-02 4.955398996593934208e-02 3.772818020751361745e-02 2.826887894156173558e-02 2.086645972878807889e-02 1.518705354741457444e-02 1.090638115577045528e-02 7.730413225176242450e-03 5.405453088887771443e-03 3.720580116789706619e-03 2.505123145700562451e-03 1.623277165270177111e-03 9.673535476534995958e-04 4.505903511096964460e-04 0.000000000000000000e+00
0.000000000000000000e+00 4.186322415701684363e-04 8.981304501142707477e-04 1.505520436481168041e-03 2.320261513825874321e-03 3.440659917378558960e-03 4.990263891788583941e-03 7.123793338632414436e-03 1.003175808232545548e-02 1.394242398964906822e-02 1.911924932957890372e-02 2.585144979571913498e-02 3.443515505240503372e-02 4.514297278173277223e-02 5.818100781697389812e-02 7.363477472135060431e-02 9.140904418742532012e-02 1.111710561573841932e-01 1.323106021513024144e-01 1.539324146469297494e-01 1.748940587863228313e-01 1.938948985774378297e-01 2.096096860929441974e-01 2.208475743080019482e-01 2.267086805163081586e-01 2.267086805195864530e-01 2.208475743182045370e-01 2.096096861101747755e-01 1.938948986005400166e-01 1.748940588141350283e-01 1.539324146796653692e-01 1.323106021888667549e-01 1.111710561971779726e-01 9.140904422719151046e-02 7.363477476390922760e-02 5.818100786697692761e-02 4.514297283711005138e-02 3.443515510539370966e-02 2.585144984424489478e-02 1.911924937975371594e-02 1.394242404274372536e-02 1.003175813128692230e-02 7.123793384021246886e-03 4.990263938440572637e-03 3.440659954038136244e-03 2.320261533946142620e-03 1.505520461161888616e-03 8.981304763616773396e-04 4.186322492842870597e-04 0.000000000000000000e+00
0.000000000000000000e+00 3.820511532879086844e-04 8.189666524214536322e-04 1.371044539347398205e-03 2.109532319092036548e-03 3.122228891370241836e-03 4.519014557073042226e-03 6.436898458949648176e-03 9.043828528319889856e-03 1.254008844853706471e-02 1.715565991079718786e-02 2.314155878099978178e-02 3.075302881810124817e-02 4.022283031125230973e-02 5.172395952927938412e-02 6.532319089171584325e-02 8.092985977329657243e-02 9.824792280472921524e-02 1.167426218218175632e-01 1.356345926935104418e-01 1.539324146530982040e-01 1.705084625257186903e-01 1.842131812987758410e-01 1.940121921308058939e-01 1.991226244419201374e-01 1.991226244455752692e-01 1.940121921418332396e-01 1.842131813165731324e-01 1.705084625485149830e-01 1.539324146796652859e-01 1.356345927246080663e-01 1.167426218580637082e-01 9.824792284378668084e-02 8.092985981222243497e-02 6.532319093187285985e-02 5.172395957466521810e-02 4.022283036109483567e-02 3.075302886665877075e-02 2.314155882675593759e-02 1.715565995757460313e-02 1.254008849453535496e-02 9.043828567113923814e-03 6.436898494646568422e-03 4.519014596051285602e-03 3.122228921555329339e-03 2.109532332248223625e-03 1.371044553829227786e-03 8.189666672235687865e-04 3.820511560285607907e-04 0.000000000000000000e+00
0.000000000000000000e+00 3.426024921610540549e-04 7.336905561917235951e-04 1.226429935240019777e-03 1.883398948096075276e-03 2.781357897990742890e-03 4.015900909266778389e-03 5.705620737030951684e-03 7.995128259686047623e-03 1.105592191236913491e-02 1.508374445451932631e-02 2.029078374123916353e-02 2.689101083951690729e-02 3.507729188238640355e-02 4.498986603900645420e-02 5.667750357359509911e-02 7.005512839547270443e-02 8.486458179325671869e-02 1.006477762760718958e-01 1.167426218278459910e-01 1.323106021625628792e-01 1.464000340715057580e-01 1.580413091544642656e-01 1.663616680875606157e-01 1.707000706314933114e-01 1.707000706349227626e-01 1.663616680981007401e-01 1.580413091718836927e-01 1.464000340941576106e-01 1.323106021888666994e-01 1.167426218580636804e-01 1.006477763108579726e-01 8.486458183097173036e-02 7.005512843363620457e-02 5.667750361304899759e-02 4.498986608263197406e-02 3.507729192895859410e-02 2.689101088463300565e-02 2.029078378505861160e-02 1.508374450032445510e-02 1.105592195651342730e-02 7.995128294674152050e-03 5.705620766975060508e-03 4.015900941946436847e-03 2.781357924227146131e-03 1.883398960186106509e-03 1.226429946465961828e-03 7.336905634918072013e-04 3.426024897731694057e-04 0.000000000000000000e+00
0.000000000000000000e+00 3.019970563157636594e-04 6.460235258786151949e-04 1.078047302893987832e-03 1.651939605507151201e-03 2.433435651510992576e-03 3.503943892667758537e-03 4.963878493152778723e-03 6.934954164891292579e-03 9.560605731871963872e-03 1.300341789334604967e-02 1.743824821428726843e-02 2.303971202552575204e-02 2.996301943912743279e-02 3.831796653032144839e-02 4.813728833673113633e-02 5.934254522101971990e-02 7.171296122510649462e-02 8.486458179765600518e-02 9.824792281403946226e-02 1.111710561709983586e-01 1.228512996006063396e-01 1.324926491798637807e-01 1.393791449592721721e-01 1.429685886352843049e-01 1.429685886380664961e-01 1.393791449683105532e-01 1.324926491958791364e-01 1.228512996226051035e-01 1.111710561971779310e-01 9.824792284378662532e-02 8.486458183097166097e-02 7.171296126061421639e-02 5.934254525731279262e-02 4.813728837538352318e-02 3.831796657343486401e-02 2.996301948425882447e-02 2.303971206832802071e-02 1.743824825574140716e-02 1.300341793776863160e-02 9.560605776322906799e-03 6.934954200796474184e-03 4.963878522418740773e-03 3.503943922403632890e-03 2.433435675352728887e-03 1.651939618664976074e-03 1.078047316093342202e-03 6.460235327918992677e-04 3.019970530093710648e-04 0.000000000000000000e+00
0.000000000000000000e+00 2.617812784565894308e-04 5.593182897613694672e-04 9.316070027996500380e-04 1.424129539115128948e-03 2.092064652888650945e-03 3.003326298022598526e-03 4.241150119288479223e-03 5.905760855846288286e-03 8.114439232762006918e-03 1.099910028908063914e-02 1.470035744720484330e-02 1.935706743815784198e-02 2.509064245932079995e-02 3.198408897157401648e-02 4.005685283298283245e-02 4.923807297308704228e-02 5.934254522460027242e-02 7.005512840211997050e-02 8.092985978353968435e-02 9.140904420216573734e-02 1.008646665400450837e-01 1.086598603638489896e-01 1.142228037415625730e-01 1.171208735605559215e-01 1.171208735627275316e-01 1.142228037490004566e-01 1.086598603778840821e-01 1.008646665603539078e-01 9.140904422719145495e-02 8.092985981222240721e-02 7.005512843363613518e-02 5.934254525731275792e-02 4.923807300638669698e-02 4.005685286920377536e-02 3.198408901269839122e-02 2.509064250250656394e-02 1.935706747833944655e-02 1.470035748476947873e-02 1.099910032937818742e-02 8.114439274696893037e-03 5.905760891600429253e-03 4.241150149398133576e-03 3.003326326780519917e-03 2.092064673868093954e-03 1.424129550803208055e-03 9.316070170246020920e-04 5.593182990515927887e-04 2.617812776634903375e-04 0.000000000000000000e+00
0.000000000000000000e+00 2.232504772950158803e-04 4.763712126568607182e-04 7.918404187931557883e-04 1.207342793238952959e-03 1.768311622413598584e-03 2.530291530921440109e-03 3.560885967228444651e-03 4.940909345971297023e-03 6.764202621300870535e-03 9.135422543884134591e-03 1.216502782123784175e-02 1.596072836080750929e-02 2.061491905904397348e-02 2.618816448590775489e-02 3.268967322493983307e-02 4.005685283903546307e-02 4.813728834510302979e-02 5.667750358357483143e-02 6.532319090518141913e-02 7.363477474104608567e-02 8.111995144497589905e-02 8.728137825264525862e-02 9.167366361156795151e-02 9.396039330779733245e-02 9.396039330975576587e-02 9.167366361820068754e-02 8.728137826511148112e-02 8.111995146318036476e-02 7.363477476390915821e-02 6.532319093187280434e-02 5.667750361304896983e-02 4.813728837538347460e-02 4.005685286920373372e-02 3.268967325716388983e-02 2.618816452277421616e-02 2.061491909840274320e-02 1.596072839702136065e-02 1.216502785371359821e-02 9.135422577822575191e-03 6.764202656722249907e-03 4.940909377365331097e-03 3.560885995780051477e-03 2.530291558093865443e-03 1.768311639775215502e-03 1.207342800610545878e-03 7.918404295821270672e-04 4.763712210441070193e-04 2.232504783291466420e-04 0.000000000000000000e+00
0.000000000000000000e+00 1.873993691065156556e-04 3.993172473002874518e-04 6.623270961648755313e-04 1.007093028211555191e-03 1.470337540723782753e-03 2.096633640713811524e-03 2.939827139216867093e-03 4.063786654091105718e-03 5.542061399104163816e-03 7.455924234517251163e-03 9.890227718442808416e-03 1.292655506460724767e-02 1.663336469509762994e-02 2.105325804692973271e-02 2.618816449427822934e-02 3.198408898484424168e-02 3.831796654466341351e-02 4.498986605486843954e-02 5.172395955024397529e-02 5.818100784644374829e-02 6.398344003527819956e-02 6.875154887155535133e-02 7.214639220091235983e-02 7.391251530737585895e-02 7.391251530950314341e-02 7.214639220777405160e-02 6.875154888362250416e-02 6.398344005195449880e-02 5.818100786697684434e-02 5.172395957466518340e-02 4.498986608263196019e-02 3.831796657343482931e-02 3.198408901269835652e-02 2.618816452277419188e-02 2.105325807904722887e-02 1.663336472940498897e-02 1.292655509609074577e-02 9.890227746412650137e-03 7.455924262802876741e-03 5.542061427177726388e-03 4.063786678508084574e-03 2.939827163137829092e-03 2.096633664821796663e-03 1.470337555094146592e-03 1.007093031592046608e-03 6.623271010375780333e-04 3.993172504093910839e-04 1.873993689318151237e-04 0.000000000000000000e+00
0.000000000000000000e+00 1.549083419190678353e-04 3.296036108440633552e-04 5.454590387428701146e-04 8.269959007556495047e-04 1.203373593464381573e-03 1.709716348584341961e-03 2.388120201836907951e-03 3.288104761603146461e-03 4.466191333581036489e-03 5.984221100541053419e-03 7.906003146196900061e-03 1.029193916185257816e-02 1.319145029131791637e-02 1.663336470056207481e-02 2.061491907153859340e-02 2.509064247542726681e-02 2.996301945629749677e-02 3.507729190255109292e-02 4.022283033846136419e-02 4.514297281820846969e-02 4.955398995010502905e-02 5.317199091055327398e-02 5.574450338098214247e-02 5.708172795318309373e-02 5.708172795569030344e-02 5.574450338855784642e-02 5.317199092280124051e-02 4.955398996593931432e-02 4.514297283710999587e-02 4.022283036109480098e-02 3.507729192895857329e-02 2.996301948425879672e-02 2.509064250250651537e-02 2.061491909840269809e-02 1.663336472940495428e-02 1.319145032121166877e-02 1.029193918956499733e-02 7.906003171587202769e-03 5.984221125827320423e-03 4.466191356863373485e-03 3.288104780162470677e-03 2.388120220464480092e-03 1.709716369013520275e-03 1.203373606340768813e-03 8.269959032756937908e-04 5.454590400291828593e-04 3.296036085923559626e-04 1.549083390096747583e-04 0.000000000000000000e+00
0.000000000000000000e+00 1.261596570406072881e-04 2.680287406984574461e-04 4.425171569947675197e-04 6.689094280354228360e-04 9.699693503076963668e-04 1.372899085806838322e-03 1.910029490661934630e-03 2.619062279848645251e-03 3.542627861240454402e-03 4.726879994826346104e-03 6.218841153618837395e-03 8.062266720805533540e-03 1.029193916202971945e-02 1.292655506874211893e-02 1.596072837039757067e-02 1.935706745123992600e-02 2.303971204105015672e-02 2.689101085952589135e-02 3.075302884527183339e-02 3.443515508725984720e-02 3.772818019201574363e-02 4.042390905897468023e-02 4.233793283567572480e-02 4.333200730281219076e-02 4.333200730549033319e-02 4.233793284351212299e-02 4.042390907122567906e-02 3.772818020751361745e-02 3.443515510539369578e-02 3.075302886665873953e-02 2.689101088463298136e-02 2.303971206832798602e-02 1.935706747833940145e-02 1.596072839702130861e-02 1.292655509609070066e-02 1.029193918956497651e-02 8.062266746404063780e-03 6.218841177637253123e-03 4.726880019174545776e-03 3.542627883176107349e-03 2.619062296006296857e-03 1.910029505904471681e-03 1.372899103131443831e-03 9.699693627179806470e-04 6.689094327098026429e-04 4.425171594316205936e-04 2.680287372259414430e-04 1.261596528047951476e-04 0.000000000000000000e+00
0.000000000000000000e+00 1.012752514256398786e-04 2.148277863258863296e-04 3.538261280548179533e-04 5.331956846799611443e-04 7.704209975692156683e-04 1.086223032618128343e-03 1.505016499332268755e-03 2.055013329522493125e-03 2.767800927756428921e-03 3.677198583060899487e-03 4.817197890732104019e-03 6.218841153631503478e-03 7.906003145088321554e-03 9.890227719784620494e-03 1.216502782793950528e-02 1.470035745890071154e-02 1.743824822992658466e-02 2.029078376120888386e-02 2.314155880627654510e-02 2.585144982667096983e-02 2.826887892629344201e-02 3.024385096085565119e-02 3.164406710791966421e-02 3.237064006870379179e-02 3.237064007103368501e-02 3.164406711516897647e-02 3.024385097281750978e-02 2.826887894156173558e-02 2.585144984424490519e-02 2.314155882675594106e-02 2.029078378505859773e-02 1.743824825574137941e-02 1.470035748476944404e-02 1.216502785371356178e-02 9.890227746412615442e-03 7.906003171587175013e-03 6.218841177637238378e-03 4.817197913281666063e-03 3.677198606920831312e-03 2.767800949994188298e-03 2.055013345889603483e-03 1.505016513734833616e-03 1.086223048178658421e-03 7.704210095958539256e-04 5.331956918785291663e-04 3.538261340540747629e-04 2.148277854866339153e-04 1.012752483731976279e-04 0.000000000000000000e+00
0.000000000000000000e+00 8.016713282363892160e-05 1.697846336518834588e-04 2.789523682988356108e-04 4.190459525642787003e-04 6.032878486097044109e-04 8.472146791740105395e-04 1.168968970638599707e-03 1.589317434613393915e-03 2.131274008911578349e-03 2.819192193398808999e-03 3.677198586228452946e-03 4.726879997120102435e-03 5.984221100810699703e-03 7.455924237621204889e-03 9.135422554202210846e-03 1.099910030621365983e-02 1.300341791453332556e-02 1.508374447830186822e-02 1.715565993803626690e-02 1.911924936289119067e-02 2.086645971461429869e-02 2.229097672738918762e-02 2.329943193052948225e-02 2.382224712583392093e-02 2.382224712788701126e-02 2.329943193691699777e-02 2.229097673809557825e-02 2.086645972878807542e-02 1.911924937975372982e-02 1.715565995757462048e-02 1.508374450032445857e-02 1.300341793776861772e-02 1.099910032937816140e-02 9.135422577822547435e-03 7.455924262802854190e-03 5.984221125827299606e-03 4.726880019174529296e-03 3.677198606920820904e-03 2.819192215894792373e-03 2.131274030404860329e-03 1.589317451172596275e-03 1.168968985466038897e-03 8.472146941312276450e-04 6.032878597718901699e-04 4.190459603088085442e-04 2.789523763194738551e-04 1.697846357492743504e-04 8.016713210692165447e-05 0.000000000000000000e+00
0.000000000000000000e+00 6.259211894640491719e-05 1.323523555726305529e-04 2.169137168638378779e-04 3.248189317413190742e-04 4.659191522822517186e-04 6.516889833704053812e-04 8.954046677234386419e-04 1.212115232405993693e-03 1.618321825421336355e-03 2.131274010451041350e-03 2.767800931294727915e-03 3.542627863166129300e-03 4.466191334283022701e-03 5.542061404696483826e-03 6.764202635939532346e-03 8.114439254395264603e-03 9.560605755842083164e-03 1.105592193686564736e-02 1.254008847673039259e-02 1.394242402738885868e-02 1.518705353508499958e-02 1.619974884177820609e-02 1.691560115626820557e-02 1.728638687150157310e-02 1.728638687331421342e-02 1.691560116167734398e-02 1.619974885071481449e-02 1.518705354741456404e-02 1.394242404274372710e-02 1.254008849453536710e-02 1.105592195651343597e-02 9.560605776322910268e-03 8.114439274696879159e-03 6.764202656722229090e-03 5.542061427177702101e-03 4.466191356863350066e-03 3.542627883176090436e-03 2.767800949994177456e-03 2.131274030404855125e-03 1.618321844305797841e-03 1.212115247684679127e-03 8.954046824919031965e-04 6.516889978801667207e-04 4.659191622140575304e-04 3.248189381683207460e-04 2.169137240205046572e-04 1.323523582818287073e-04 6.259211975307972606e-05 0.000000000000000000e+00
0.000000000000000000e+00 4.820434435508984765e-05 1.017678287016796827e-04 1.663765656613337804e-04 2.483540120793534690e-04 3.549340474165237243e-04 4.944684057693195895e-04 6.765298274401597249e-04 9.118615408088404485e-04 1.212115231769941718e-03 1.589317433846647223e-03 2.055013329147291519e-03 2.619062278191325137e-03 3.288104760396828863e-03 4.063786658939785336e-03 4.940909359309299601e-03 5.905760873741985363e-03 6.934954182221643275e-03 7.995128276875465914e-03 9.043828551783237440e-03 1.003175811838864437e-02 1.090638114492969817e-02 1.161659129982849960e-02 1.211788875326120542e-02 1.237731159426547559e-02 1.237731159559091881e-02 1.211788875775145734e-02 1.161659130788148496e-02 1.090638115577045875e-02 1.003175813128692230e-02 9.043828567113930753e-03 7.995128294674162459e-03 6.934954200796482858e-03 5.905760891600428386e-03 4.940909377365321556e-03 4.063786678508067227e-03 3.288104780162451595e-03 2.619062296006281678e-03 2.055013345889591773e-03 1.589317451172587601e-03 1.212115247684676959e-03 9.118615540245830764e-04 6.765298411381252298e-04 4.944684194354830595e-04 3.549340565676271562e-04 2.483540173578853124e-04 1.663765708314452981e-04 1.017678299861442693e-04 4.820434514590144382e-05 0.000000000000000000e+00
0.000000000000000000e+00 3.660101411293806978e-05 7.715087015103006549e-05 1.258244430272999247e-04 1.872354110270515115e-04 2.666197846769683701e-04 3.699692302645565486e-04 5.040866396776423966e-04 6.765298295723454289e-04 8.954046682362345024e-04 1.168968969659946568e-03 1.505016498847818818e-03 1.910029490523076521e-03 2.388120203330995790e-03 2.939827145994491128e-03 3.560885979623123684e-03 4.241150132893705543e-03 4.963878505135868591e-03 5.705620750803694179e-03 6.436898481144997901e-03 7.123793372794428799e-03 7.730413215575483894e-03 8.222033914773356142e-03 8.568545646498129664e-03 8.747710656386995659e-03 8.747710657971217996e-03 8.568545651220317583e-03 8.222033922315278090e-03 7.730413225176254594e-03 7.123793384021247753e-03 6.436898494646568422e-03 5.705620766975066580e-03 4.963878522418747712e-03 4.241150149398137045e-03 3.560885995780049742e-03 2.939827163137816949e-03 2.388120220464467081e-03 1.910029505904461272e-03 1.505016513734826243e-03 1.168968985466034343e-03 8.954046824919031965e-04 6.765298411381224109e-04 5.040866519946115643e-04 3.699692431754531842e-04 2.666197942669805312e-04 1.872354170726730886e-04 1.258244476239204536e-04 7.715087010888158406e-05 3.660101419565188740e-05 0.000000000000000000e+00
0.000000000000000000e+00 2.735889530333976389e-05 5.758269610030898486e-05 9.368984841431313203e-05 1.389956176390331458e-04 1.972330925748829540e-04 2.726367400713992743e-04 3.699692321220873336e-04 4.944684087678010440e-04 6.516889842486289818e-04 8.472146791842021483e-04 1.086223034800204261e-03 1.372899090022894645e-03 1.709716354467137297e-03 2.096633649565996134e-03 2.530291542687511299e-03 3.003326310928589905e-03 3.503943906631550032e-03 4.015900927457034114e-03 4.519014583647312788e-03 4.990263928218580114e-03 5.405453080376427036e-03 5.741297148781013791e-03 5.977686145116421768e-03 6.099809569121396151e-03 6.099809571109957376e-03 5.977686150366218892e-03 5.741297155957049599e-03 5.405453088887780116e-03 4.990263938440576974e-03 4.519014596051286470e-03 4.015900941946440317e-03 3.503943922403637227e-03 3.003326326780526856e-03 2.530291558093869346e-03 2.096633664821794928e-03 1.709716369013513770e-03 1.372899103131432121e-03 1.086223048178643893e-03 8.472146941312155019e-04 6.516889978801579386e-04 4.944684194354713501e-04 3.699692431754478717e-04 2.726367522820516312e-04 1.972331031693207160e-04 1.389956258701142999e-04 9.368985463089882281e-05 5.758269660593671042e-05 2.735889521917270878e-05 0.000000000000000000e+00
0.000000000000000000e+00 2.006072894381697399e-05 4.216219018678483944e-05 6.844744819121923547e-05 1.012565424000906697e-04 1.432046586683091780e-04 1.972330920438216480e-04 2.666197839262124674e-04 3.549340462638075639e-04 4.659191492072103577e-04 6.032878455421281615e-04 7.704209973627466033e-04 9.699693515744495622e-04 1.203373593569566748e-03 1.470337540707756727e-03 1.768311625180517006e-03 2.092064659222907415e-03 2.433435660763483711e-03 2.781357911138433725e-03 3.122228910994148503e-03 3.440659945171315771e-03 3.720580108548959125e-03 3.946600734684892545e-03 4.105481681693013904e-03 4.187497911294966665e-03 4.187497912796515551e-03 4.105481686251208004e-03 3.946600741759746268e-03 3.720580116789713992e-03 3.440659954038147519e-03 3.122228921555338012e-03 2.781357924227156973e-03 2.433435675352738428e-03 2.092064673868099158e-03 1.768311639775212250e-03 1.470337555094137702e-03 1.203373606340753851e-03 9.699693627179649261e-04 7.704210095958378794e-04 6.032878597718806290e-04 4.659191622140536272e-04 3.549340565676240120e-04 2.666197942669857354e-04 1.972331031693267604e-04 1.432046693280957081e-04 1.012565524891807420e-04 6.844745709909005502e-05 4.216219324124060951e-05 2.006073020404231007e-05 0.000000000000000000e+00
0.000000000000000000e+00 1.431198366333681849e-05 3.004112294072513816e-05 4.867117227567328901e-05 7.181353389101707417e-05 1.012565441617475844e-04 1.389956169672332904e-04 1.872354081788409118e-04 2.483540083903998667e-04 3.248189269123349650e-04 4.190459483992890039e-04 5.331956823590700521e-04 6.689094238465845407e-04 8.269958921612804732e-04 1.007093019158941281e-03 1.207342788509290117e-03 1.424129538547092228e-03 1.651939606378193806e-03 1.883398949664872452e-03 2.109532323957891663e-03 2.320261526467851630e-03 2.505123138475953953e-03 2.654143841182993787e-03 2.758772608406025260e-03 2.812744014773449226e-03 2.812744015981141592e-03 2.758772612083376218e-03 2.654143847125658550e-03 2.505123145700569823e-03 2.320261533946153896e-03 2.109532332248231432e-03 1.883398960186111930e-03 1.651939618664976508e-03 1.424129550803208055e-03 1.207342800610544794e-03 1.007093031592044222e-03 8.269959032756883698e-04 6.689094327097967882e-04 5.331956918785190833e-04 4.190459603088016053e-04 3.248189381683172765e-04 2.483540173578831440e-04 1.872354170726755280e-04 1.389956258701164954e-04 1.012565524891794952e-04 7.181354308528596912e-05 4.867118212628642561e-05 3.004112811035640514e-05 1.431198624215841147e-05 0.000000000000000000e+00
0.000000000000000000e+00 9.749142919151335896e-06 2.044107917513297506e-05 3.306034665734190254e-05 4.867117479167350100e-05 6.844745071061331197e-05 9.368984740572180959e-05 1.258244396630160569e-04 1.663765624966794779e-04 2.169137145742805809e-04 2.789523670551683865e-04 3.538261263360995240e-04 4.425171517920064462e-04 5.454590306890699748e-04 6.623270904366927378e-04 7.918404191132308095e-04 9.316070073235498475e-04 1.078047306982952242e-03 1.226429937856793545e-03 1.371044546103936893e-03 1.505520454579119781e-03 1.623277159683413854e-03 1.718067464288658940e-03 1.784551361099754804e-03 1.818824560720658625e-03 1.818824562044500269e-03 1.784551364557116805e-03 1.718067469000668585e-03 1.623277165270176460e-03 1.505520461161893387e-03 1.371044553829234292e-03 1.226429946465969634e-03 1.078047316093346322e-03 9.316070170246081635e-04 7.918404295821281514e-04 6.623271010375806353e-04 5.454590400291868708e-04 4.425171594316207021e-04 3.538261340540646257e-04 2.789523763194637720e-04 2.169137240204958210e-04 1.663765708314351879e-04 1.258244476239194778e-04 9.368985463089638335e-05 6.844745709908922832e-05 4.867118212628412168e-05 3.306035580185905017e-05 2.044108529136834832e-05 9.749147114805359758e-06 0.000000000000000000e+00
0.000000000000000000e+00 6.041092801054305925e-06 1.265559330727474951e-05 2.044107997892687581e-05 3.004112425602142923e-05 4.216219037876733705e-05 5.758269260498218126e-05 7.715086494032093623e-05 1.017678254032094212e-04 1.323523535880926933e-04 1.697846305514027034e-04 2.148277813496611143e-04 2.680287337452273537e-04 3.296036033354092292e-04 3.993172435039975092e-04 4.763712149475767834e-04 5.593182942957537285e-04 6.460235278048009682e-04 7.336905578676862407e-04 8.189666621310197911e-04 8.981304722477098179e-04 9.673535439957185950e-04 1.023012875595928454e-03 1.062019056449179082e-03 1.082117145481163853e-03 1.082117146177171340e-03 1.062019058529607577e-03 1.023012878765258704e-03 9.673535476535011137e-04 8.981304763616850375e-04 8.189666672235790864e-04 7.336905634918128392e-04 6.460235327919059897e-04 5.593182990516008118e-04 4.763712210441078867e-04 3.993172504093937402e-04 3.296036085923542821e-04 2.680287372259333657e-04 2.148277854866215554e-04 1.697846357492672218e-04 1.323523582818216329e-04 1.017678299861405830e-04 7.715087010888634100e-05 5.758269660594153512e-05 4.216219324124233068e-05 3.004112811035834993e-05 2.044108529137027955e-05 1.265559703848362030e-05 6.041095561539551466e-06 0.000000000000000000e+00
0.000000000000000000e+00 2.885253883859594692e-06 6.041093565590377637e-06 9.749143161573291954e-06 1.431198384029700551e-05 2.006072776529639872e-05 2.735889140200677526e-05 3.660101027100984972e-05 4.820434215285796122e-05 6.259211589625048207e-05 8.016712779604615892e-05 1.012752453297235722e-04 1.261596496904918987e-04 1.549083342509444019e-04 1.873993639734090693e-04 2.232504744556565175e-04 2.617812739328877051e-04 3.019970487643617728e-04 3.426024857591732932e-04 3.820511526756643255e-04 4.186322461055953206e-04 4.505903479941540625e-04 4.762676698538362979e-04 4.942528031861754840e-04 5.035167146564899871e-04 5.035167147906703059e-04 4.942528040967367154e-04 4.762676721103396588e-04 4.505903511096914045e-04 4.186322492842846745e-04 3.820511560285670249e-04 3.426024897731794346e-04 3.019970530093818526e-04 2.617812776634901748e-04 2.232504783291429829e-04 1.873993689318146358e-04 1.549083390096777399e-04 1.261596528047967468e-04 1.012752483731996472e-04 8.016713210691861870e-05 6.259211975306912799e-05 4.820434514588834530e-05 3.660101419564664935e-05 2.735889521916303567e-05 2.006073020404170698e-05 1.431198624215762712e-05 9.749147114807946596e-06 6.041095561540776275e-06 2.885256814486750421e-06 0.000000000000000000e+00
0.000000000000000000e+00 0.000000000000000000e+00 0.000000000000000000e+00 0.000000000000000000e+00 0.000000000000000000e+00 0.000000000000000000e+00 0.000000000000000000e+00 0.000000000000000000e+00 0.000000000000000000e+00 0.000000000000000000e+00 0.000000000000000000e+00 0.000000000000000000e+00 0.000000000000000000e+00 0.000000000000000000e+00 0.000000000000000000e+00 0.000000000000000000e+00 0.000000000000000000e+00 0.000000000000000000e+00 0.000000000000000000e+00 0.000000000000000000e+00 0.000000000000000000e+00 0.000000000000000000e+00 0.000000000000000000e+00 0.000000000000000000e+00 0.000000000000000000e+00 0.000000000000000000e+00 0.000000000000000000e+00 0.000000000000000000e+00 0.000000000000000000e+00 0.000000000000000000e+00 0.000000000000000000e+00 0.000000000000000000e+00 0.000000000000000000e+00 0.000000000000000000e+00 0.000000000000000000e+00 0.000000000000000000e+00 0.000000000000000000e+00 0.000000000000000000e+00 0.000000000000000000e+00 0.000000000000000000e+00 0.000000000000000000e+00 0.000000000000000000e+00 0.000000000000000000e+00 0.000000000000000000e+00 0.000000000000000000e+00 0.000000000000000000e+00 0.000000000000000000e+00 0.000000000000000000e+00 0.000000000000000000e+00 0.000000000000000000e+00
