0.000000000000000000e+00 0.000000000000000000e+00 0.000000000000000000e+00 0.000000000000000000e+00 0.000000000000000000e+00 0.000000000000000000e+00 0.000000000000000000e+00 0.000000000000000000e+00 0.000000000000000000e+00 0.000000000000000000e+00 0.000000000000000000e+00 0.000000000000000000e+00 0.000000000000000000e+00 0.000000000000000000e+00 0.000000000000000000e+00 0.000000000000000000e+00 0.000000000000000000e+00 0.000000000000000000e+00 0.000000000000000000e+00 0.000000000000000000e+00 0.000000000000000000e+00 0.000000000000000000e+00 0.000000000000000000e+00 0.000000000000000000e+00 0.000000000000000000e+00 0.000000000000000000e+00 0.000000000000000000e+00 0.000000000000000000e+00 0.000000000000000000e+00 0.000000000000000000e+00 0.000000000000000000e+00 0.000000000000000000e+00 0.000000000000000000e+00 0.000000000000000000e+00 0.000000000000000000e+00 0.000000000000000000e+00 0.000000000000000000e+00 0.000000000000000000e+00 0.000000000000000000e+00 0.000000000000000000e+00 0.000000000000000000e+00 0.000000000000000000e+00 0.000000000000000000e+00 0.000000000000000000e+00 0.000000000000000000e+00 0.000000000000000000e+00 0.000000000000000000e+00 0.000000000000000000e+00 0.000000000000000000e+00 0.000000000000000000e+00
0.000000000000000000e+00 3.746616729580465855e-28 3.136852561319713144e-27 2.498670142521502469e-26 1.914258005252167233e-25 1.407777013104093310e-24 9.915454532062784114e-24 6.671685212690633729e-23 4.276422540166077242e-22 2.603060339895505376e-21 1.499394551738153105e-20 8.140427690442084237e-20 4.146804562373924240e-19 1.971821414517904945e-18 8.700053729985874181e-18 3.537368920405218744e-17 1.314789083591984484e-16 4.425682934814139860e-16 1.334474800275920167e-15 3.559314880771467071e-15 8.278738153868545912e-15 1.653838615788784861e-14 2.797104037469365628e-14 3.965636287424596970e-14 4.707823457355357912e-14 4.707823457322628388e-14 3.965636287337428471e-14 2.797104037355388164e-14 1.653838615676622724e-14 8.278738152943653832e-15 3.559314880096605244e-15 1.334474799827976743e-15 4.425682932102532558e-16 1.314789082068049183e-16 3.537368912488376483e-17 8.700053691775265388e-18 1.971821397391933063e-18 4.146804490921333487e-19 8.140427412332572571e-20 1.499394450449212135e-20 2.603059993646049332e-21 4.276421425545475322e-22 6.671681823309855536e-23 9.915444766369977080e-24 1.407774339554837600e-24 1.914251032035800074e-25 2.498652774681163505e-26 3.136811238255002072e-27 3.746526414897568051e-28 0.000000000000000000e+00
0.000000000000000000e+00 3.136852561319714938e-27 2.640068497192101274e-26 2.114095868338967716e-25 1.628097401189836909e-24 1.203499439772695936e-23 8.519721553134036701e-23 5.761283695024045314e-22 3.711144980901058586e-21 2.270028017698575914e-20 1.313902013413914363e-19 7.167699512958563832e-19 3.668787263657637197e-18 1.752867094171307847e-17 7.770979761235130467e-17 3.174737427609446623e-16 1.185644805167593693e-15 4.009918322319014988e-15 1.214741342176734118e-14 3.254447284957826900e-14 7.600890388419267372e-14 1.523837296949695765e-13 2.584264894633577967e-13 3.670003520281335198e-13 4.359738381776040053e-13 4.359738381771540138e-13 3.670003520269271306e-13 2.584264894617627073e-13 1.523837296933778950e-13 7.600890388286554462e-14 3.254447284861096775e-14 1.214741342113503288e-14 4.009918321945060998e-15 1.185644804963710817e-15 3.174737426582769793e-16 7.770979756424934001e-17 1.752867092070623334e-17 3.668787255081536637e-18 7.167699480153685829e-19 1.313902001628122513e-19 2.270027977825284524e-20 3.711144853548570122e-21 5.761283310006152129e-22 8.519720448624452496e-23 1.203499138381536799e-23 1.628096617170099561e-24 2.114093920101848408e-25 2.640063872424531569e-26 3.136842482009027562e-27 0.000000000000000000e+00
0.000000000000000000e+00 2.498670142521505052e-26 2.114095868338967257e-25 1.701957991656650516e-24 1.317586699922859444e-23 9.789874550293341895e-23 6.965413314005810590e-22 4.733582341408183390e-21 3.064001076038178477e-20 1.883159437323877930e-19 1.095123211668600026e-18 6.002042000823032702e-18 3.086333305816832801e-17 1.481355092060839479e-16 6.597372515313796341e-16 2.707617468604569418e-15 1.015820793558799900e-14 3.451209829443377888e-14 1.050176702677952237e-13 2.825714144847967912e-13 6.626007254510002748e-13 1.332998889174941825e-12 2.266622082940791987e-12 3.224097798591553257e-12 3.832404590902615053e-12 3.832404590902274164e-12 3.224097798590626718e-12 2.266622082939507191e-12 1.332998889173568374e-12 6.626007254497678848e-13 2.825714144838329925e-13 1.050176702671234171e-13 3.451209829401659768e-14 1.015820793535290109e-14 2.707617468484008989e-15 6.597372514745991024e-16 1.481355091814005641e-16 3.086333304820512571e-17 6.002041997072365794e-18 1.095123210345313398e-18 1.883159432932536897e-19 3.064001062273973647e-20 4.733582300538558937e-21 6.965413198641453056e-22 9.789874239938703906e-23 1.317586620120432578e-23 1.701957795110429270e-24 2.114095404388778283e-25 2.498669124942209240e-26 0.000000000000000000e+00
0.000000000000000000e+00 1.914258005252167233e-25 1.628097401189837460e-24 1.317586699922859738e-23 1.025261937143143312e-22 7.656062641336940965e-22 5.473871248889927699e-21 3.737694830022774535e-20 2.430622325012492290e-19 1.500658383465512448e-18 8.765569303749067607e-18 4.825042586100281309e-17 2.491726392267434853e-16 1.201023180015600078e-15 5.371383069372399979e-15 2.213711478658645808e-14 8.340050790572166810e-14 2.845354446012920009e-13 8.694011568026740541e-13 2.348676747381611254e-12 5.527983845166549662e-12 1.115714327763949752e-11 1.901865901545769283e-11 2.709298002253648241e-11 3.222256348913956726e-11 3.222256348913934108e-11 2.709298002253592019e-11 1.901865901545723400e-11 1.115714327763951529e-11 5.527983845167076344e-12 2.348676747382447725e-12 8.694011568035587900e-13 2.845354446019974572e-13 8.340050790619442928e-14 2.213711478685829324e-14 5.371383069510587899e-15 1.201023180078633614e-15 2.491726392528938792e-16 4.825042587096267506e-17 8.765569307262450701e-18 1.500658384620359554e-18 2.430622328572866052e-19 3.737694840361861015e-20 5.473871277315793780e-21 7.656062715571620090e-22 1.025261955632797704e-22 1.317586743961500898e-23 1.628097501710462241e-24 1.914258222220460027e-25 0.000000000000000000e+00
0.000000000000000000e+00 1.407777013104093310e-24 1.203499439772696817e-23 9.789874550293341895e-23 7.656062641336944727e-22 5.744930502090910943e-21 4.126828140039161219e-20 2.830747112952080413e-19 1.848943324787783547e-18 1.146390533053595502e-17 6.723812716037584458e-17 3.715934187168286604e-16 1.926433521843704985e-15 9.320902665977844339e-15 4.184306379207768339e-14 1.730925422468608374e-13 6.545514124089396328e-13 2.241449047495520221e-12 6.874164503849489793e-12 1.863764545596241081e-11 4.401566366338030190e-11 8.910060818765032604e-11 1.522270410886395033e-10 2.171457475773474864e-10 2.583802600761916178e-10 2.583802600761926518e-10 2.171457475773492442e-10 1.522270410886392448e-10 8.910060818764598335e-11 4.401566366337232736e-11 1.863764545595280129e-11 6.874164503840451391e-12 2.241449047488728697e-12 6.545514124045332199e-13 1.730925422443773013e-13 4.184306379082887871e-14 9.320902665411382256e-15 1.926433521609134434e-15 3.715934186273989508e-16 6.723812712874297834e-17 1.146390532009357056e-17 1.848943321552371463e-18 2.830747103503338587e-19 4.126828113915084905e-20 5.744930433489480421e-21 7.656062469647175761e-22 9.789874139743024921e-23 1.203499345829492856e-23 1.407776810912875807e-24 0.000000000000000000e+00
0.000000000000000000e+00 9.915454532062788522e-24 8.519721553134035525e-23 6.965413314005815292e-22 5.473871248889925442e-21 4.126828140039163024e-20 2.977898719228115826e-19 2.051508953031686296e-18 1.345521387497278336e-17 8.375507049072679393e-17 4.930896871838527003e-16 2.734869868770040251e-15 1.422711658868265885e-14 6.906582691363130792e-14 3.110526886828427384e-13 1.290840771650441590e-12 4.896827961138679908e-12 1.682204088566426386e-11 5.175453855540309215e-11 1.407594165318234569e-10 3.334125247035240113e-10 6.766897950638740430e-10 1.158423034816936444e-09 1.654351599407467855e-09 1.969233116668580618e-09 1.969233116668568210e-09 1.654351599407434355e-09 1.158423034816907080e-09 6.766897950638713546e-10 3.334125247035502226e-10 1.407594165318691328e-10 5.175453855545310427e-11 1.682204088570470524e-11 4.896827961166266867e-12 1.290840771666464377e-12 3.110526886910769316e-13 6.906582691742259867e-14 1.422711659027031715e-14 2.734869869380533395e-15 4.930896874012314085e-16 8.375507056287084775e-17 1.345521389742012086e-17 2.051508959609860644e-18 2.977898737463317911e-19 4.126828188019230403e-20 5.473871369118387005e-21 6.965413601665789700e-22 8.519722211255844264e-23 9.915455947604826032e-24 0.000000000000000000e+00
0.000000000000000000e+00 6.671685212690634905e-23 5.761283695024048135e-22 4.733582341408178124e-21 3.737694830022777545e-20 2.830747112952080895e-19 2.051508953031686682e-18 1.419104382465208535e-17 9.343388461572314844e-17 5.837033709775820553e-16 3.448025738208171202e-15 1.918430867035379048e-14 1.000925901155946978e-13 4.872456117330936724e-13 2.200189155451452697e-12 9.153816741513997724e-12 3.481217275374412587e-11 1.198899318144964486e-10 3.697850626593892252e-10 1.008264277614632829e-09 2.394061553293238022e-09 4.869496886824245374e-09 8.349854226220646205e-09 1.193543391388881910e-08 1.421069927374953486e-08 1.421069927374946207e-08 1.193543391388864208e-08 8.349854226220409631e-09 4.869496886823967441e-09 2.394061553292944373e-09 1.008264277614320568e-09 3.697850626590918021e-10 1.198899318142664665e-10 3.481217275358790505e-11 9.153816741422917384e-12 2.200189155404128514e-12 4.872456117110672623e-13 1.000925901062721290e-13 1.918430866673537386e-14 3.448025736909373253e-15 5.837033705436192190e-16 9.343388447995613142e-17 1.419104378469064137e-17 2.051508941917243195e-18 2.830747083637698138e-19 3.737694756457899051e-20 4.733582165278372897e-21 5.761283292133622867e-22 6.671684346722167992e-23 0.000000000000000000e+00
0.000000000000000000e+00 4.276422540166076301e-22 3.711144980901058586e-21 3.064001076038179681e-20 2.430622325012493253e-19 1.848943324787783932e-18 1.345521387497278182e-17 9.343388461572312379e-17 6.173613430115909819e-16 3.869370627132126832e-15 2.292445279992197050e-14 1.278866923335053372e-13 6.688216534862704426e-13 3.262705327687051858e-12 1.476126831226548057e-11 6.152295705746169634e-11 2.343710168509462927e-10 8.085149323542232035e-10 2.498061503613916132e-09 6.823334873698254035e-09 1.623011903084903784e-08 3.306482701291932343e-08 5.676604135129053345e-08 8.119274304654925014e-08 9.667988369809116540e-08 9.667988369809240948e-08 8.119274304655259857e-08 5.676604135129519874e-08 3.306482701292451151e-08 1.623011903085394798e-08 6.823334873702340307e-09 2.498061503616901840e-09 8.085149323561183777e-10 2.343710168520555936e-10 6.152295705804470357e-11 1.476126831254820185e-11 3.262705327812651641e-12 6.688216535378730025e-13 1.278866923531564555e-13 2.292445280689299548e-14 3.869370629444570024e-15 6.173613437318139872e-16 9.343388482709046543e-17 1.345521393362548067e-17 1.848943340223466864e-18 2.430622363649495906e-19 3.064001168248830968e-20 3.711145190971094641e-21 4.276422989543142835e-22 0.000000000000000000e+00
0.000000000000000000e+00 2.603060339895506505e-21 2.270028017698575613e-20 1.883159437323877208e-19 1.500658383465512255e-18 1.146390533053595810e-17 8.375507049072675695e-17 5.837033709775820553e-16 3.869370627132126043e-15 2.432160123870835347e-14 1.444557062997142088e-13 8.075649817976140551e-13 4.230744607335590784e-12 2.066757175172769631e-11 9.360787518199711355e-11 3.904855309229524160e-10 1.488640792116610166e-09 5.138927879333982525e-09 1.588926608142833742e-08 4.343648422138392724e-08 1.034124645201895769e-07 2.108628138676960879e-07 3.622489810726793583e-07 5.182512238417782340e-07 6.170465011170942543e-07 6.170465011171191359e-07 5.182512238418405968e-07 3.622489810727478621e-07 2.108628138677433100e-07 1.034124645202100116e-07 4.343648422138628305e-08 1.588926608142295743e-08 5.138927879327746410e-09 1.488640792111905990e-09 3.904855309201973359e-10 9.360787518059611516e-11 2.066757175109768842e-11 4.230744607077635641e-12 8.075649817005127245e-13 1.444557062657588334e-13 2.432160122761063617e-14 3.869370623724697372e-15 5.837033699909581585e-16 8.375507022043811240e-17 1.146390526029266617e-17 1.500658366107084096e-18 1.883159396456142844e-19 2.270027925974857194e-20 2.603060146857015506e-21 0.000000000000000000e+00
0.000000000000000000e+00 1.499394551738152503e-20 1.313902013413914123e-19 1.095123211668599833e-18 8.765569303749062985e-18 6.723812716037584458e-17 4.930896871838528975e-16 3.448025738208171202e-15 2.292445279992197997e-14 1.444557062997142593e-13 8.597143431007764742e-13 4.813499688392556415e-12 2.524363931181948246e-11 1.233881644581469327e-10 5.589373964473935140e-10 2.331168072194648935e-09 8.883281946472703921e-09 3.064951491649488044e-08 9.471819265636151280e-08 2.588345616436204437e-07 6.161126153994555887e-07 1.256223184378605057e-06 2.157971168946323362e-06 3.086538453813903850e-06 3.673691467726427463e-06 3.673691467726224175e-06 3.086538453813340573e-06 2.157971168945554256e-06 1.256223184377820705e-06 6.161126153988006204e-07 2.588345616431807277e-07 9.471819265612421122e-08 3.064951491638941160e-08 8.883281946434865371e-09 2.331168072183967552e-09 5.589373964456001864e-10 1.233881644583843594e-10 2.524363931220955305e-11 4.813499688614101879e-12 8.597143431960166484e-13 1.444557063346862429e-13 2.292445281141152133e-14 3.448025741662732735e-15 4.930896881471476135e-16 6.723812741155928873e-17 8.765569365331620514e-18 1.095123225912751316e-18 1.313902044527249541e-19 1.499394614867102139e-20 0.000000000000000000e+00
0.000000000000000000e+00 8.140427690442081829e-20 7.167699512958564795e-19 6.002042000823030390e-18 4.825042586100280693e-17 3.715934187168285125e-16 2.734869868770041435e-15 1.918430867035378732e-14 1.278866923335052867e-13 8.075649817976141561e-13 4.813499688392554799e-12 2.697524146490269080e-11 1.415078084972050950e-10 6.914413470460919782e-10 3.129280686473021546e-09 1.303270569120197511e-08 4.957327860856633146e-08 1.706932254499946450e-07 5.264214972378561712e-07 1.435824406298254380e-06 3.412316927994506064e-06 6.948842347138167010e-06 1.192490246969626819e-05 1.704114209507931967e-05 2.026972917814816200e-05 2.026972917814391328e-05 1.704114209506864028e-05 1.192490246968409803e-05 6.948842347129000420e-06 3.412316927989396761e-06 1.435824406295999154e-06 5.264214972371052765e-07 1.706932254498490082e-07 4.957327860858187584e-08 1.303270569123254274e-08 3.129280686489334789e-09 6.914413470522177676e-10 1.415078084989211329e-10 2.697524146524029358e-11 4.813499688410667955e-12 8.075649817759742752e-13 1.278866923201536707e-13 1.918430866505681038e-14 2.734869867057834617e-15 3.715934182351380629e-16 4.825042573992960000e-17 6.002041973385096874e-18 7.167699457095621496e-19 8.140427591540521211e-20 0.000000000000000000e+00
0.000000000000000000e+00 4.146804562373922795e-19 3.668787263657636427e-18 3.086333305816830336e-17 2.491726392267433867e-16 1.926433521843705774e-15 1.422711658868264938e-14 1.000925901155947483e-13 6.688216534862704426e-13 4.230744607335594015e-12 2.524363931181949861e-11 1.415078084972050433e-10 7.419472384003511023e-10 3.620517913958708382e-09 1.635066890415384028e-08 6.790223463225548462e-08 2.573925573660241273e-07 8.828594787672946599e-07 2.711926646249952350e-06 7.368568647145506219e-06 1.745221385634137951e-05 3.543916721636346094e-05 6.068078391259856623e-05 8.656663926852483206e-05 1.028588618797715148e-04 1.028588618798068462e-04 8.656663926862258644e-05 6.068078391273090666e-05 3.543916721649796977e-05 1.745221385645410604e-05 7.368568647222497278e-06 2.711926646293293332e-06 8.828594787880306618e-07 2.573925573746744513e-07 6.790223463544873266e-08 1.635066890521324358e-08 3.620517914277447955e-09 7.419472384884156454e-10 1.415078085197225539e-10 2.524363931720258324e-11 4.230744608547429768e-12 6.688216537448526355e-13 1.000925901679653558e-13 1.422711659867942925e-14 1.926433523597496605e-15 2.491726394902837206e-16 3.086333308396587304e-17 3.668787261290755577e-18 4.146804538952142740e-19 0.000000000000000000e+00
0.000000000000000000e+00 1.971821414517904945e-18 1.752867094171307847e-17 1.481355092060839972e-16 1.201023180015600078e-15 9.320902665977839606e-15 6.906582691363137103e-14 4.872456117330935714e-13 3.262705327687055493e-12 2.066757175172769631e-11 1.233881644581469585e-10 6.914413470460922884e-10 3.620517913958706727e-09 1.762522668877909494e-08 7.932327905544943156e-08 3.279463208524521714e-07 1.236446201125841694e-06 4.215395977295886005e-06 1.286608910004367323e-05 3.473846906998552270e-05 8.180170940805088302e-05 1.652927813345202927e-04 2.819208651244464302e-04 4.010490971214866361e-04 4.757692939535944484e-04 4.757692939541215875e-04 4.010490971228097964e-04 2.819208651259252278e-04 1.652927813355904816e-04 8.180170940860352798e-05 3.473846907019784337e-05 1.286608910009153737e-05 4.215395977288290660e-06 1.236446201110712203e-06 3.279463208426044075e-07 7.932327905077612579e-08 1.762522668694376976e-08 3.620517913330432860e-09 6.914413468538853959e-10 1.233881644046940562e-10 2.066757173807780095e-11 3.262705324463971278e-12 4.872456110274118766e-13 6.906582677060903351e-14 9.320902639403606932e-15 1.201023175605992850e-15 1.481355085990686454e-16 1.752867089093828975e-17 1.971821420511834192e-18 0.000000000000000000e+00
0.000000000000000000e+00 8.700053729985871100e-18 7.770979761235128002e-17 6.597372515313795354e-16 5.371383069372396824e-15 4.184306379207769601e-14 3.110526886828426879e-13 2.200189155451452697e-12 1.476126831226548057e-11 9.360787518199713940e-11 5.589373964473935140e-10 3.129280686473021546e-09 1.635066890415384690e-08 7.932327905544940509e-08 3.552693009382629281e-07 1.459599501056113561e-06 5.461366341231611533e-06 1.845792694780242347e-05 5.580993692551591752e-05 1.492621009460014172e-04 3.483537963091699473e-04 6.984672499192256471e-04 1.183990706784588754e-03 1.676988802438771813e-03 1.984812347098169946e-03 1.984812347091541567e-03 1.676988802420866431e-03 1.183990706761455999e-03 6.984672498972371597e-04 3.483537962919624662e-04 1.492621009348894020e-04 5.580993691953354066e-05 1.845792694504420298e-05 5.461366340119469979e-06 1.459599500658198234e-06 3.552693008105219952e-07 7.932327901830698388e-08 1.635066889430264197e-08 3.129280684075304124e-09 5.589373959096042101e-10 9.360787507043529019e-11 1.476126829079851193e-11 2.200189151603895183e-12 3.110526880351497670e-13 4.184306368757108198e-14 5.371383052460354186e-15 6.597372485658960857e-16 7.770979700903488472e-17 8.700053591009883466e-18 0.000000000000000000e+00
0.000000000000000000e+00 3.537368920405219360e-17 3.174737427609445144e-16 2.707617468604569418e-15 2.213711478658644231e-14 1.730925422468608374e-13 1.290840771650440984e-12 9.153816741513994493e-12 6.152295705746168341e-11 3.904855309229521058e-10 2.331168072194648522e-09 1.303270569120196684e-08 6.790223463225548462e-08 3.279463208524521714e-07 1.459599501056112925e-06 5.947777672938329909e-06 2.203125247862151897e-05 7.358550354924603648e-05 2.196058219453797555e-04 5.794062840258968521e-04 1.334642210356487037e-03 2.645212974753694945e-03 4.442684215520588918e-03 6.252082609074095798e-03 7.375052782934394396e-03 7.375052782911661713e-03 6.252082609022641298e-03 4.442684215476618015e-03 2.645212974744626678e-03 1.334642210376457607e-03 5.794062840518202345e-04 2.196058219653094514e-04 7.358550356109211073e-05 2.203125248446308846e-05 5.947777675417743576e-06 1.459599501984242289e-06 3.279463211641728427e-07 6.790223472737596111e-08 1.303270571783756141e-08 2.331168079093556101e-09 3.904855325870229320e-10 6.152295743342227700e-11 9.153816821495769747e-12 1.290840787753639537e-12 1.730925453315667330e-13 2.213711535222434274e-14 2.707617568645491954e-15 3.174737599849546210e-16 3.537369207678439177e-17 0.000000000000000000e+00
0.000000000000000000e+00 1.314789083591984238e-16 1.185644805167593496e-15 1.015820793558799111e-14 8.340050790572164285e-14 6.545514124089396328e-13 4.896827961138677485e-12 3.481217275374413879e-11 2.343710168509462410e-10 1.488640792116609546e-09 8.883281946472703921e-09 4.957327860856632485e-08 2.573925573660240744e-07 1.236446201125841694e-06 5.461366341231611533e-06 2.203125247862152235e-05 8.057392480927537295e-05 2.650318535417416706e-04 7.772495372481137655e-04 2.012621310091442569e-03 4.550534707802210248e-03 8.868527293058349470e-03 1.469390762600498827e-02 2.048440516941464964e-02 2.404878160549590166e-02 2.404878160629943598e-02 2.048440517153261864e-02 1.469390762861129754e-02 8.868527295347468017e-03 4.550534709439738035e-03 2.012621311072107771e-03 7.772495377423842972e-04 2.650318537561837957e-04 8.057392489089296053e-05 2.203125250622657683e-05 5.461366349610914610e-06 1.236446203425873477e-06 2.573925579399433180e-07 4.957327873909107123e-08 8.883281973513646772e-09 1.488640797191653771e-09 2.343710177013039890e-10 3.481217287640325569e-11 4.896827974799565301e-12 6.545514130052530459e-13 8.340050765700638335e-14 1.015820783027357089e-14 1.185644776978901365e-15 1.314789021554697269e-16 0.000000000000000000e+00
0.000000000000000000e+00 4.425682934814135916e-16 4.009918322319013411e-15 3.451209829443377257e-14 2.845354446012917990e-13 2.241449047495521837e-12 1.682204088566425417e-11 1.198899318144965261e-10 8.085149323542225831e-10 5.138927879333986661e-09 3.064951491649487382e-08 1.706932254499946979e-07 8.828594787672944482e-07 4.215395977295884311e-06 1.845792694780244042e-05 7.358550354924599582e-05 2.650318535417418332e-04 8.553480655829737546e-04 2.452641016061460951e-03 6.193780492899435101e-03 1.364770740819686717e-02 2.596763385718176692e-02 4.218619494364277828e-02 5.801172338961900488e-02 6.764218111081667095e-02 6.764218110531003414e-02 5.801172337449480437e-02 4.218619492378066632e-02 2.596763383785047341e-02 1.364770739274801491e-02 6.193780482893831985e-03 2.452641010640237151e-03 8.553480630490101558e-04 2.650318525002718088e-04 7.358550316718733973e-05 1.845792682112800924e-05 4.215395938945801856e-06 8.828594680766331700e-07 1.706932226866874298e-07 3.064951425033374223e-08 5.138927728815666970e-09 8.085149003460283067e-10 1.198899253860263875e-10 1.682203966276228480e-11 2.241448826623108535e-12 2.845354066562340241e-13 3.451209208610563658e-14 4.009917354675852291e-15 4.425681520716144579e-16 0.000000000000000000e+00
0.000000000000000000e+00 1.334474800275920758e-15 1.214741342176734276e-14 1.050176702677952237e-13 8.694011568026744580e-13 6.874164503849488177e-12 5.175453855540308569e-11 3.697850626593892769e-10 2.498061503613916546e-09 1.588926608142834073e-08 9.471819265636151280e-08 5.264214972378562771e-07 2.711926646249951927e-06 1.286608910004368001e-05 5.580993692551592430e-05 2.196058219453796742e-04 7.772495372481141992e-04 2.452641016061463120e-03 6.840345846176090414e-03 1.672529221196079885e-02 3.559531495325621298e-02 6.549386969272633086e-02 1.034421655946519136e-01 1.394627667646098079e-01 1.610232678688719443e-01 1.610232678826152286e-01 1.394627668049773506e-01 1.034421656518996618e-01 6.549386975403577449e-02 3.559531500598130116e-02 1.672529224690457936e-02 6.840345865505991808e-03 2.452641025265764069e-03 7.772495410923616023e-04 2.196058233785257835e-04 5.580993740914865723e-05 1.286608924942056944e-05 2.711926688860940872e-06 5.264215085485953300e-07 9.471819546763318626e-08 1.588926673910376721e-08 2.498061649057036915e-09 3.697850931736488381e-10 5.175454464693284698e-11 6.874165663744998002e-12 8.694013678785250306e-13 1.050177070355813436e-13 1.214741955738824855e-14 1.334475765178506321e-15 0.000000000000000000e+00
0.000000000000000000e+00 3.559314880771467860e-15 3.254447284957826268e-14 2.825714144847969426e-13 2.348676747381612870e-12 1.863764545596242373e-11 1.407594165318235086e-10 1.008264277614633243e-09 6.823334873698258998e-09 4.343648422138392724e-08 2.588345616436204437e-07 1.435824406298253533e-06 7.368568647145510454e-06 3.473846906998552948e-05 1.492621009460014714e-04 5.794062840258970689e-04 2.012621310091442135e-03 6.193780492899435969e-03 1.672529221196078844e-02 3.930870036681392149e-02 7.998822305270501809e-02 1.406405931555993472e-01 2.135361100306652771e-01 2.798988609092518676e-01 3.186521290197945611e-01 3.186521290279351604e-01 2.798988609216662149e-01 2.135361100352284325e-01 1.406405931472268500e-01 7.998822304064759359e-02 3.930870036216737445e-02 1.672529221053797172e-02 6.193780492875171524e-03 2.012621310373769682e-03 5.794062842296684220e-04 1.492621010422815787e-04 3.473846910583754745e-05 7.368568658235961013e-06 1.435824409184997933e-06 2.588345622634987421e-07 4.343648432143598836e-08 6.823334880484980620e-09 1.008264274600070901e-09 1.407594147858707973e-10 1.863764485409848820e-11 2.348676579008123133e-12 2.825713731029627065e-13 3.254446361585047847e-14 3.559313021260569844e-15 0.000000000000000000e+00
0.000000000000000000e+00 8.278738153868549067e-15 7.600890388419266110e-14 6.626007254510001739e-13 5.527983845166553701e-12 4.401566366338031482e-11 3.334125247035241147e-10 2.394061553293238850e-09 1.623011903084903453e-08 1.034124645201894975e-07 6.161126153994556945e-07 3.412316927994509452e-06 1.745221385634138968e-05 8.180170940805091013e-05 3.483537963091700015e-04 1.334642210356487037e-03 4.550534707802211982e-03 1.364770740819686891e-02 3.559531495325617828e-02 7.998822305270503197e-02 1.542181672403007131e-01 2.559398673399453927e-01 3.687924835286382486e-01 4.652440039539872951e-01 5.194819087984690054e-01 5.194819087330411200e-01 4.652440037766676362e-01 3.687924832818397780e-01 2.559398670710502643e-01 1.542181669967958302e-01 7.998822287720536162e-02 3.559531485281321878e-02 1.364770735813870123e-02 4.550534685944204391e-03 1.334642201824937004e-03 3.483537932793752162e-04 8.180170841760913206e-05 1.745221355580514516e-05 3.412316842852840024e-06 6.161125927938708914e-07 1.034124588816694680e-07 1.623011770756496032e-08 2.394061260815613868e-09 3.334124637909267037e-10 4.401565170908794333e-11 5.527981635606117657e-12 6.626003413851973790e-13 7.600884130012915834e-14 8.278728795926250247e-15 0.000000000000000000e+00
0.000000000000000000e+00 1.653838615788785808e-14 1.523837296949696522e-13 1.332998889174942229e-12 1.115714327763949913e-11 8.910060818765037774e-11 6.766897950638743532e-10 4.869496886824247028e-09 3.306482701291929696e-08 2.108628138676961144e-07 1.256223184378605481e-06 6.948842347138166163e-06 3.543916721636348804e-05 1.652927813345202656e-04 6.984672499192257555e-04 2.645212974753694945e-03 8.868527293058352939e-03 2.596763385718179815e-02 6.549386969272640024e-02 1.406405931555993472e-01 2.559398673399454482e-01 3.978799344938144800e-01 5.390288566021561589e-01 6.492172117578789425e-01 7.077971002958830526e-01 7.077971002156220326e-01 6.492172115672898425e-01 5.390288563899806595e-01 3.978799343213436646e-01 2.559398672019847498e-01 1.406405930314804653e-01 6.549386960305104977e-02 2.596763380865853288e-02 8.868527271657208194e-03 2.645212967434618610e-03 6.984672481676227696e-04 1.652927812037569997e-04 3.543916735917038336e-05 6.948842451609178693e-06 1.256223231916792492e-06 2.108628312666068190e-07 3.306483252738417796e-08 4.869498452276172443e-09 6.766902008679787410e-10 8.910070546799770500e-11 1.115716503938254894e-11 1.333003463206621517e-12 1.523846373202727261e-13 1.653855322003611713e-14 0.000000000000000000e+00
0.000000000000000000e+00 2.797104037469365628e-14 2.584264894633580491e-13 2.266622082940791583e-12 1.901865901545768637e-11 1.522270410886394516e-10 1.158423034816936238e-09 8.349854226220647859e-09 5.676604135129054668e-08 3.622489810726795171e-07 2.157971168946323362e-06 1.192490246969626311e-05 6.068078391259858656e-05 2.819208651244463760e-04 1.183990706784589404e-03 4.442684215520591520e-03 1.469390762600498480e-02 4.218619494364276440e-02 1.034421655946519136e-01 2.135361100306653326e-01 3.687924835286380265e-01 5.390288566021559369e-01 6.880088826601591379e-01 7.919868000745049486e-01 8.433512378565858336e-01 8.433512379951406679e-01 7.919868004741732470e-01 6.880088832771743546e-01 5.390288573742160194e-01 3.687924842879519716e-01 2.135361105753868782e-01 1.034421658854540182e-01 4.218619506177077177e-02 1.469390765922348394e-02 4.442684217826693011e-03 1.183990702578515330e-03 2.819208617074592509e-04 6.068078214366347018e-05 1.192490173257700974e-05 2.157970903623984542e-06 3.622488958022647874e-07 5.676601640572730475e-08 8.349847497542897728e-09 1.158421345771966836e-09 1.522266436919382705e-10 1.901857087877649865e-11 2.266603569951108957e-12 2.584227951100058140e-13 2.797035270182897649e-14 0.000000000000000000e+00
0.000000000000000000e+00 3.965636287424600756e-14 3.670003520281337723e-13 3.224097798591554469e-12 2.709298002253648241e-11 2.171457475773474864e-10 1.654351599407467855e-09 1.193543391388881579e-08 8.119274304654925014e-08 5.182512238417785517e-07 3.086538453813905968e-06 1.704114209507933322e-05 8.656663926852481851e-05 4.010490971214864734e-04 1.676988802438771596e-03 6.252082609074094063e-03 2.048440516941465658e-02 5.801172338961899794e-02 1.394627667646098079e-01 2.798988609092516455e-01 4.652440039539876282e-01 6.492172117578788315e-01 7.919868000745047265e-01 8.807075955162287917e-01 9.210106120016350317e-01 9.210106125593946480e-01 8.807075970277692401e-01 7.919868021908906819e-01 6.492172141642639227e-01 4.652440062854267255e-01 2.798988627667977069e-01 1.394627679653757113e-01 5.801172402320724925e-02 2.048440545168558891e-02 6.252082714603106675e-03 1.676988835246565187e-03 4.010491052533681432e-04 8.656664062364626433e-05 1.704114207723815289e-05 3.086538321571092059e-06 5.182511542922269251e-07 8.119271705434089279e-08 1.193542577218845312e-08 1.654349339724097770e-09 2.171451767460296466e-10 2.709284668932603768e-11 3.224068700570623023e-12 3.669943787573772431e-13 3.965522957449818955e-14 0.000000000000000000e+00
0.000000000000000000e+00 4.707823457355358543e-14 4.359738381776040053e-13 3.832404590902614246e-12 3.222256348913958019e-11 2.583802600761918246e-10 1.969233116668580618e-09 1.421069927374953652e-08 9.667988369809113893e-08 6.170465011170943602e-07 3.673691467726427463e-06 2.026972917814815183e-05 1.028588618797715148e-04 4.757692939535942316e-04 1.984812347098169512e-03 7.375052782934395264e-03 2.404878160549588778e-02 6.764218111081660156e-02 1.610232678688718333e-01 3.186521290197946721e-01 5.194819087984684503e-01 7.077971002958819424e-01 8.433512378565851675e-01 9.210106120016346987e-01 9.540385819993953964e-01 9.540385829718450728e-01 9.210106146412970762e-01 8.433512415406592133e-01 7.077971044346733631e-01 5.194819128628580529e-01 3.186521324997289017e-01 1.610232704311185259e-01 6.764218272324745707e-02 2.404878248957980497e-02 7.375053212005764844e-03 1.984812533130507484e-03 4.757693668682476049e-04 1.028588879572870957e-04 2.026973775792083042e-05 3.673694082992723038e-06 6.170472442182072724e-07 9.668008157238633122e-08 1.421074888385309698e-08 1.969244875865393894e-09 2.583829048882202473e-10 3.222312976813844727e-11 3.832520346318209916e-12 4.359964672977645695e-13 4.708238774325146600e-14 0.000000000000000000e+00
0.000000000000000000e+00 4.707823457322627126e-14 4.359738381771539128e-13 3.832404590902274164e-12 3.222256348913933462e-11 2.583802600761926001e-10 1.969233116668567796e-09 1.421069927374947034e-08 9.667988369809234331e-08 6.170465011171189241e-07 3.673691467726221211e-06 2.026972917814391328e-05 1.028588618798068055e-04 4.757692939541214249e-04 1.984812347091542001e-03 7.375052782911659111e-03 2.404878160629943598e-02 6.764218110530990924e-02 1.610232678826150621e-01 3.186521290279352714e-01 5.194819087330410090e-01 7.077971002156218105e-01 8.433512379951404458e-01 9.210106125593945370e-01 9.540385829718447397e-01 9.540385842140175487e-01 9.210106159803334025e-01 8.433512428606214639e-01 7.077971057256947640e-01 5.194819142381189581e-01 3.186521340056774898e-01 1.610232719159761516e-01 6.764218395926506477e-02 2.404878335238704382e-02 7.375053724138303478e-03 1.984812796256265645e-03 4.757694858470576989e-04 1.028589359865936069e-04 2.026975527632389636e-05 3.673699914990233164e-06 6.170490314199168635e-07 9.668058939179669975e-08 1.421088350818243249e-08 1.969278353258363217e-09 2.583907505641687712e-10 3.222486976772274009e-11 3.832886855292009580e-12 4.360699626465319934e-13 4.709615133025875866e-14 0.000000000000000000e+00
0.000000000000000000e+00 3.965636287337428471e-14 3.670003520269271306e-13 3.224097798590626314e-12 2.709298002253590726e-11 2.171457475773491666e-10 1.654351599407436216e-09 1.193543391388864705e-08 8.119274304655257210e-08 5.182512238418402792e-07 3.086538453813340150e-06 1.704114209506863350e-05 8.656663926862255933e-05 4.010490971228097422e-04 1.676988802420866865e-03 6.252082609022642165e-03 2.048440517153263252e-02 5.801172337449479743e-02 1.394627668049772673e-01 2.798988609216663259e-01 4.652440037766673586e-01 6.492172115672897315e-01 7.919868004741726919e-01 8.807075970277687960e-01 9.210106146412957440e-01 9.210106159803331805e-01 8.807076007861747158e-01 7.919868059929766613e-01 6.492172179314485980e-01 4.652440102438423764e-01 2.798988670142475432e-01 1.394627721071512449e-01 5.801172746036498129e-02 2.048440785335465392e-02 6.252084143933109989e-03 1.676989571990087063e-03 4.010494395054824113e-04 8.656677599569037802e-05 1.704119160773552206e-05 3.086554859537968476e-06 5.182562365807669106e-07 8.119416501604011269e-08 1.193581061375769870e-08 1.654445274603426611e-09 2.171677131195111352e-10 2.709785624743734000e-11 3.225126257862349973e-12 3.672069100494975719e-13 3.969511058847682529e-14 0.000000000000000000e+00
0.000000000000000000e+00 2.797104037355386587e-14 2.584264894617625558e-13 2.266622082939505576e-12 1.901865901545723400e-11 1.522270410886392448e-10 1.158423034816906873e-09 8.349854226220407977e-09 5.676604135129519874e-08 3.622489810727479150e-07 2.157971168945555103e-06 1.192490246968410141e-05 6.068078391273092699e-05 2.819208651259252820e-04 1.183990706761455999e-03 4.442684215476620617e-03 1.469390762861129927e-02 4.218619492378065938e-02 1.034421656518996757e-01 2.135361100352284325e-01 3.687924832818397225e-01 5.390288563899804375e-01 6.880088832771740215e-01 7.919868021908904598e-01 8.433512415406591023e-01 8.433512428606213529e-01 7.919868059929766613e-01 6.880088890571539606e-01 5.390288631871275049e-01 3.687924903001003063e-01 2.135361168649249075e-01 1.034421719215131985e-01 4.218620004057570261e-02 1.469391113653384373e-02 4.442686292065873600e-03 1.183991775550117522e-03 2.819213505085935308e-04 6.068098096610735756e-05 1.192497479734218873e-05 2.157995405661223229e-06 3.622564577528734047e-07 5.676817986509663622e-08 8.350424863609782212e-09 1.158565851146666905e-09 1.522607230600603532e-10 1.902617537733265677e-11 2.268214972445817457e-12 2.587478199967634204e-13 2.803154979264747255e-14 0.000000000000000000e+00
0.000000000000000000e+00 1.653838615676622093e-14 1.523837296933777940e-13 1.332998889173567566e-12 1.115714327763951367e-11 8.910060818764595750e-11 6.766897950638713546e-10 4.869496886823969095e-09 3.306482701292451813e-08 2.108628138677432041e-07 1.256223184377820493e-06 6.948842347128999573e-06 3.543916721649794944e-05 1.652927813355905358e-04 6.984672498972371597e-04 2.645212974744626678e-03 8.868527295347464548e-03 2.596763383785047341e-02 6.549386975403583000e-02 1.406405931472268778e-01 2.559398670710503199e-01 3.978799343213439976e-01 5.390288573742171296e-01 6.492172141642651439e-01 7.077971044346734741e-01 7.077971057256945420e-01 6.492172179314489311e-01 5.390288631871276159e-01 3.978799412392070023e-01 2.559398743385221664e-01 1.406406004144712951e-01 6.549387662147246325e-02 2.596763956862462724e-02 8.868531287912029965e-03 2.645215364174358010e-03 6.984684899979558877e-04 1.652933482646386763e-04 3.543939865820121510e-05 6.948927710983559847e-06 1.256251915472825545e-06 2.108717131441572007e-07 3.306738220771896523e-08 4.870181213091427523e-09 6.768616708721368162e-10 8.914128281493419586e-11 1.116625052334919459e-11 1.334935259823803799e-12 1.527756083441893928e-13 1.661239892278444718e-14 0.000000000000000000e+00
0.000000000000000000e+00 8.278738152943652254e-15 7.600890388286553200e-14 6.626007254497676828e-13 5.527983845167072305e-12 4.401566366337230797e-11 3.334125247035502226e-10 2.394061553292945200e-09 1.623011903085394137e-08 1.034124645202098792e-07 6.161126153988007263e-07 3.412316927989395491e-06 1.745221385645410943e-05 8.180170940860356863e-05 3.483537962919623578e-04 1.334642210376457824e-03 4.550534709439737167e-03 1.364770739274800797e-02 3.559531500598131504e-02 7.998822304064759359e-02 1.542181669967959967e-01 2.559398672019850274e-01 3.687924842879519161e-01 4.652440062854272251e-01 5.194819128628584970e-01 5.194819142381185140e-01 4.652440102438424874e-01 3.687924903001002508e-01 2.559398743385221664e-01 1.542181745372758761e-01 7.998823058301458844e-02 3.559532203998652666e-02 1.364771315918923179e-02 4.550538682125248452e-03 1.334644567156518646e-03 3.483550124169256770e-04 8.180226336623576205e-05 1.745243954450900016e-05 3.412400100597920216e-06 6.161406110845159447e-07 1.034211426717153076e-07 1.623261398928155563e-08 2.394730901190868703e-09 3.335809848822772513e-10 4.405562270223526576e-11 5.536953585344412359e-12 6.645130295362426184e-13 7.639701285853171487e-14 8.352240717415474816e-15 0.000000000000000000e+00
0.000000000000000000e+00 3.559314880096603666e-15 3.254447284861094882e-14 2.825714144838326391e-13 2.348676747382448532e-12 1.863764545595280453e-11 1.407594165318690811e-10 1.008264277614319948e-09 6.823334873702333690e-09 4.343648422138626320e-08 2.588345616431808336e-07 1.435824406295999366e-06 7.368568647222497278e-06 3.473846907019786370e-05 1.492621009348894562e-04 5.794062840518202345e-04 2.012621311072107337e-03 6.193780482893831985e-03 1.672529224690457242e-02 3.930870036216736058e-02 7.998822287720540325e-02 1.406405930314806041e-01 2.135361105753868782e-01 2.798988627667977069e-01 3.186521324997289573e-01 3.186521340056773788e-01 2.798988670142475432e-01 2.135361168649248798e-01 1.406406004144713506e-01 7.998823058301461619e-02 3.930870782550706377e-02 1.672529887694657047e-02 6.193785672520465795e-03 2.012624776870695562e-03 5.794082939247220242e-04 1.492631219153288359e-04 3.473892916290755609e-05 7.368754741828596967e-06 1.435892666934986266e-06 2.588574736733391750e-07 4.344357666438737738e-08 6.825373306413176570e-09 1.008811434621482189e-09 1.408972861722599197e-10 1.867040389694134047e-11 2.356045693617353411e-12 2.841462864890086709e-13 3.286496706368421727e-14 3.620177951268940316e-15 0.000000000000000000e+00
0.000000000000000000e+00 1.334474799827975757e-15 1.214741342113503761e-14 1.050176702671233792e-13 8.694011568035592949e-13 6.874164503840451391e-12 5.175453855545307196e-11 3.697850626590915436e-10 2.498061503616899772e-09 1.588926608142295082e-08 9.471819265612418475e-08 5.264214972371051706e-07 2.711926646293293332e-06 1.286608910009154245e-05 5.580993691953354743e-05 2.196058219653095869e-04 7.772495377423847308e-04 2.452641010640236284e-03 6.840345865505984869e-03 1.672529221053796825e-02 3.559531485281321184e-02 6.549386960305106364e-02 1.034421658854539766e-01 1.394627679653757668e-01 1.610232704311184704e-01 1.610232719159760684e-01 1.394627721071511339e-01 1.034421719215132540e-01 6.549387662147242162e-02 3.559532203998652666e-02 1.672529887694656700e-02 6.840351451878593295e-03 2.452645149118494287e-03 7.772521938976655878e-04 2.196073172763672067e-04 5.581068057528405199e-05 1.286641922165226399e-05 2.712058773917353301e-06 5.264696147064535936e-07 9.473426733872309782e-08 1.589422780511679342e-08 2.499485513616999921e-09 3.701671756636688262e-10 5.185087524352425519e-11 6.897083290281739950e-12 8.745660527899799591e-13 1.061240016849560333e-13 1.237314927211440246e-14 1.377459553833789043e-15 0.000000000000000000e+00
0.000000000000000000e+00 4.425682932102531079e-16 4.009918321945061787e-15 3.451209829401658506e-14 2.845354446019976086e-13 2.241449047488727485e-12 1.682204088570471170e-11 1.198899318142664924e-10 8.085149323561179641e-10 5.138927879327739793e-09 3.064951491638941160e-08 1.706932254498489818e-07 8.828594787880303441e-07 4.215395977288294048e-06 1.845792694504419960e-05 7.358550356109211073e-05 2.650318537561837957e-04 8.553480630490093968e-04 2.452641025265760600e-03 6.193780492875173259e-03 1.364770735813869602e-02 2.596763380865853635e-02 4.218619506177077177e-02 5.801172402320725618e-02 6.764218272324741543e-02 6.764218395926505090e-02 5.801172746036493272e-02 4.218620004057572342e-02 2.596763956862462377e-02 1.364771315918923006e-02 6.193785672520463192e-03 2.452645149118495588e-03 8.553509678920427194e-04 2.650336462222624640e-04 7.358648209538539158e-05 1.845840256067401983e-05 4.215603586742134707e-06 8.829415671548403329e-07 1.707228634080694436e-07 3.065935783819774652e-08 5.141954499533325584e-09 8.093816704740444350e-10 1.201222967817801601e-10 1.688062966566328603e-11 2.255400215922949291e-12 2.876843623240487136e-13 3.518802107079569324e-14 4.148182785423385376e-15 4.689672823488115557e-16 0.000000000000000000e+00
0.000000000000000000e+00 1.314789082068048690e-16 1.185644804963710817e-15 1.015820793535290267e-14 8.340050790619447977e-14 6.545514124045331189e-13 4.896827961166267674e-12 3.481217275358789859e-11 2.343710168520556970e-10 1.488640792111905370e-09 8.883281946434868680e-09 4.957327860858189569e-08 2.573925573746744513e-07 1.236446201110712203e-06 5.461366340119469979e-06 2.203125248446308846e-05 8.057392489089290632e-05 2.650318525002718088e-04 7.772495410923606265e-04 2.012621310373768815e-03 4.550534685944203524e-03 8.868527271657208194e-03 1.469390765922347700e-02 2.048440545168558891e-02 2.404878248957979803e-02 2.404878335238701259e-02 2.048440785335463657e-02 1.469391113653384026e-02 8.868531287912031699e-03 4.550538682125246717e-03 2.012624776870693393e-03 7.772521938976663467e-04 2.650336462222625182e-04 8.057499438277873280e-05 2.203182009456421792e-05 5.461636217268476328e-06 1.236562044700678895e-06 2.574377919137670087e-07 4.958946211202152663e-08 8.888622025094806566e-09 1.490275729192880120e-09 2.348379783994599380e-10 3.493719795965188330e-11 4.928344927939200914e-12 6.620611305112184134e-13 8.509784191670479111e-14 1.052325597213940149e-14 1.260499054465562557e-15 1.458083300508571986e-16 0.000000000000000000e+00
0.000000000000000000e+00 3.537368912488372785e-17 3.174737426582770286e-16 2.707617468484011356e-15 2.213711478685829009e-14 1.730925422443773771e-13 1.290840771666464781e-12 9.153816741422914153e-12 6.152295705804472942e-11 3.904855309201974910e-10 2.331168072183965898e-09 1.303270569123254605e-08 6.790223463544873266e-08 3.279463208426044075e-07 1.459599500658198023e-06 5.947777675417746964e-06 2.203125250622658022e-05 7.358550316718735329e-05 2.196058233785257293e-04 5.794062842296684220e-04 1.334642201824937004e-03 2.645212967434618610e-03 4.442684217826692143e-03 6.252082714603104940e-03 7.375053212005763109e-03 7.375053724138289600e-03 6.252084143933102182e-03 4.442686292065867529e-03 2.645215364174355842e-03 1.334644567156517995e-03 5.794082939247219158e-04 2.196073172763671525e-04 7.358648209538535092e-05 2.203182009456420776e-05 5.948071741581720781e-06 1.459736599927737682e-06 3.280042647018587875e-07 6.792459216790659674e-08 1.304063332731591722e-08 2.333767061785616208e-09 3.912776951918868631e-10 6.174856913778939528e-11 9.214131619533802465e-12 1.306038902163755977e-12 1.767156138419860593e-13 2.295699190838667964e-14 2.884272173185504971e-15 3.537817877375364468e-16 4.234188794045698003e-17 0.000000000000000000e+00
0.000000000000000000e+00 8.700053691775270010e-18 7.770979756424934001e-17 6.597372514745994969e-16 5.371383069510587110e-15 4.184306379082885347e-14 3.110526886910769316e-13 2.200189155404128111e-12 1.476126831254820508e-11 9.360787518059610224e-11 5.589373964455997728e-10 3.129280686489333134e-09 1.635066890521324358e-08 7.932327905077612579e-08 3.552693008105219422e-07 1.459599501984243348e-06 5.461366349610915457e-06 1.845792682112801941e-05 5.580993740914865723e-05 1.492621010422816058e-04 3.483537932793751078e-04 6.984672481676232033e-04 1.183990702578515981e-03 1.676988835246564103e-03 1.984812533130507917e-03 1.984812796256261308e-03 1.676989571990085111e-03 1.183991775550116872e-03 6.984684899979554541e-04 3.483550124169257313e-04 1.492631219153288901e-04 5.581068057528405877e-05 1.845840256067402660e-05 5.461636217268477175e-06 1.459736599927736835e-06 3.553321636425560744e-07 7.934948893169814012e-08 1.636067371781666995e-08 3.132799047946414408e-09 5.600838138822502042e-10 9.395579560793243656e-11 1.486008053859218470e-11 2.226564902574931011e-12 3.176956180049651720e-13 4.342728970979188718e-14 5.730287586254829914e-15 7.372035693194312341e-16 9.366747251845266506e-17 1.177025286353606394e-17 0.000000000000000000e+00
0.000000000000000000e+00 1.971821397391932678e-18 1.752867092070624258e-17 1.481355091814005394e-16 1.201023180078633614e-15 9.320902665411380678e-15 6.906582691742256081e-14 4.872456117110672623e-13 3.262705327812650429e-12 2.066757175109767549e-11 1.233881644583843594e-10 6.914413470522169405e-10 3.620517914277446714e-09 1.762522668694377638e-08 7.932327901830690447e-08 3.279463211641730015e-07 1.236446203425872841e-06 4.215395938945801856e-06 1.286608924942057114e-05 3.473846910583753390e-05 8.180170841760911850e-05 1.652927812037571895e-04 2.819208617074594678e-04 4.010491052533678180e-04 4.757693668682474964e-04 4.757694858470570484e-04 4.010494395054823571e-04 2.819213505085933140e-04 1.652933482646385950e-04 8.180226336623577560e-05 3.473892916290755609e-05 1.286641922165226907e-05 4.215603586742133860e-06 1.236562044700679319e-06 3.280042647018587345e-07 7.934948893169812688e-08 1.763603039714008225e-08 3.624603792755760693e-09 6.928677877800798656e-10 1.238504074129605115e-10 2.080730561558180073e-11 3.302288717282182064e-12 4.977964995441147922e-13 7.172197712776008790e-14 9.954599507945558273e-15 1.344745052252104714e-15 1.792095777067650623e-16 2.394394581716841973e-17 3.209117702471690071e-18 0.000000000000000000e+00
0.000000000000000000e+00 4.146804490921333005e-19 3.668787255081535866e-18 3.086333304820511955e-17 2.491726392528938299e-16 1.926433521609135223e-15 1.422711659027031715e-14 1.000925901062721668e-13 6.688216535378731034e-13 4.230744607077634833e-12 2.524363931220954981e-11 1.415078084989210295e-10 7.419472384884156454e-10 3.620517913330431206e-09 1.635066889430262873e-08 6.790223472737593464e-08 2.573925579399432121e-07 8.828594680766334876e-07 2.711926688860941720e-06 7.368568658235964401e-06 1.745221355580514177e-05 3.543916735917038336e-05 6.068078214366349050e-05 8.656664062364626433e-05 1.028588879572870822e-04 1.028589359865935527e-04 8.656677599569039157e-05 6.068098096610730335e-05 3.543939865820120154e-05 1.745243954450900016e-05 7.368754741828596967e-06 2.712058773917353301e-06 8.829415671548398035e-07 2.574377919137671676e-07 6.792459216790660997e-08 1.636067371781666334e-08 3.624603792755760693e-09 7.434806269401144834e-10 1.420398535194986803e-10 2.541524161373287270e-11 4.282443832638724436e-12 6.834344280347174352e-13 1.039829652776389062e-13 1.520621300649354255e-14 2.160134378444755064e-15 3.022363202503351756e-16 4.235593100775495257e-17 6.046682707386661332e-18 8.744139000749822474e-19 0.000000000000000000e+00
0.000000000000000000e+00 8.140427412332568960e-20 7.167699480153683903e-19 6.002041997072365024e-18 4.825042587096267506e-17 3.715934186273988029e-16 2.734869869380532606e-15 1.918430866673538648e-14 1.278866923531563546e-13 8.075649817005127245e-13 4.813499688614100263e-12 2.697524146524028388e-11 1.415078085197226056e-10 6.914413468538851892e-10 3.129280684075303297e-09 1.303270571783755976e-08 4.957327873909107123e-08 1.706932226866874298e-07 5.264215085485953300e-07 1.435824409184999627e-06 3.412316842852841295e-06 6.948842451609180387e-06 1.192490173257702499e-05 1.704114207723816306e-05 2.026973775792082025e-05 2.026975527632389297e-05 1.704119160773552883e-05 1.192497479734218534e-05 6.948927710983559000e-06 3.412400100597919792e-06 1.435892666934986901e-06 5.264696147064536995e-07 1.707228634080694966e-07 4.958946211202157295e-08 1.304063332731592053e-08 3.132799047946414408e-09 6.928677877800797622e-10 1.420398535194986545e-10 2.715893029654602278e-11 4.872519022097538104e-12 8.252971045743868096e-13 1.328898503085884431e-13 2.051514420751733712e-14 3.069776458162382644e-15 4.515819204473737508e-16 6.643489067748701686e-17 9.947440835495475018e-18 1.534925064218483801e-18 2.399701327336897699e-19 0.000000000000000000e+00
0.000000000000000000e+00 1.499394450449212135e-20 1.313902001628121791e-19 1.095123210345313398e-18 8.765569307262452241e-18 6.723812712874296601e-17 4.930896874012313099e-16 3.448025736909378775e-15 2.292445280689296708e-14 1.444557062657587829e-13 8.597143431960162445e-13 4.813499688410667955e-12 2.524363931720258001e-11 1.233881644046940045e-10 5.589373959096041067e-10 2.331168079093556929e-09 8.883281973513650081e-09 3.064951425033376208e-08 9.471819546763322596e-08 2.588345622634987950e-07 6.161125927938712090e-07 1.256223231916792704e-06 2.157970903623988354e-06 3.086538321571093754e-06 3.673694082992722614e-06 3.673699914990231894e-06 3.086554859537968900e-06 2.157995405661224076e-06 1.256251915472825545e-06 6.161406110845158389e-07 2.588574736733390691e-07 9.473426733872309782e-08 3.065935783819777299e-08 8.888622025094811529e-09 2.333767061785615795e-09 5.600838138822502042e-10 1.238504074129605115e-10 2.541524161373286947e-11 4.872519022097540527e-12 8.786216414482673417e-13 1.501245759725386584e-13 2.452193676096421289e-14 3.872745248530215400e-15 5.999918606161430380e-16 9.279132394797215893e-17 1.458277526362322655e-17 2.359614750004103259e-18 3.942104163367132596e-19 6.605759558162389794e-20 0.000000000000000000e+00
0.000000000000000000e+00 2.603059993646049708e-21 2.270027977825284524e-20 1.883159432932537378e-19 1.500658384620359747e-18 1.146390532009357056e-17 8.375507056287081077e-17 5.837033705436201064e-16 3.869370629444565290e-15 2.432160122761063933e-14 1.444557063346861672e-13 8.075649817759743762e-13 4.230744608547430576e-12 2.066757173807780418e-11 9.360787507043529019e-11 3.904855325870233973e-10 1.488640797191653564e-09 5.138927728815669451e-09 1.588926673910377052e-08 4.343648432143600160e-08 1.034124588816694945e-07 2.108628312666070308e-07 3.622488958022651580e-07 5.182511542922270310e-07 6.170472442182074842e-07 6.170490314199170752e-07 5.182562365807670165e-07 3.622564577528737752e-07 2.108717131441572537e-07 1.034211426717152812e-07 4.344357666438736414e-08 1.589422780511678681e-08 5.141954499533325584e-09 1.490275729192880534e-09 3.912776951918870182e-10 9.395579560793244948e-11 2.080730561558180719e-11 4.282443832638727668e-12 8.252971045743870115e-13 1.501245759725387089e-13 2.601891559975064617e-14 4.347330620472064885e-15 7.107672237903702699e-16 1.157534367188881295e-16 1.912064789129993253e-17 3.246424255235278887e-18 5.685536278214973955e-19 1.019208062324054719e-19 1.803428730728077514e-20 0.000000000000000000e+00
0.000000000000000000e+00 4.276421425545478143e-22 3.711144853548569369e-21 3.064001062273976055e-20 2.430622328572865570e-19 1.848943321552371077e-18 1.345521389742011470e-17 9.343388447995623003e-17 6.173613437318134942e-16 3.869370623724698950e-15 2.292445281141152133e-14 1.278866923201537212e-13 6.688216537448526355e-13 3.262705324463970470e-12 1.476126829079851516e-11 6.152295743342235455e-11 2.343710177013039890e-10 8.085149003460285135e-10 2.498061649057036501e-09 6.823334880484980620e-09 1.623011770756495701e-08 3.306483252738419120e-08 5.676601640572736431e-08 8.119271705434101191e-08 9.668008157238639739e-08 9.668058939179667328e-08 8.119416501604008622e-08 5.676817986509668916e-08 3.306738220771898508e-08 1.623261398928155563e-08 6.825373306413174916e-09 2.499485513617001162e-09 8.093816704740449520e-10 2.348379783994599897e-10 6.174856913778943405e-11 1.486008053859218470e-11 3.302288717282184891e-12 6.834344280347180410e-13 1.328898503085885693e-13 2.452193676096423498e-14 4.347330620472064096e-15 7.519299431677564418e-16 1.292208485965101528e-16 2.247504640573075574e-17 4.010101589534110354e-18 7.366792002144968866e-19 1.383846916192024702e-19 2.621577532345540001e-20 4.822921203659234241e-21 0.000000000000000000e+00
0.000000000000000000e+00 6.671681823309863765e-23 5.761283310006147427e-22 4.733582300538564956e-21 3.737694840361858608e-20 2.830747103503339550e-19 2.051508959609859103e-18 1.419104378469064754e-17 9.343388482709049009e-17 5.837033699909582571e-16 3.448025741662733918e-15 1.918430866505681354e-14 1.000925901679653810e-13 4.872456110274118766e-13 2.200189151603896798e-12 9.153816821495781056e-12 3.481217287640325569e-11 1.198899253860264133e-10 3.697850931736489415e-10 1.008264274600070694e-09 2.394061260815613041e-09 4.869498452276172443e-09 8.349847497542904346e-09 1.193542577218846801e-08 1.421074888385310691e-08 1.421088350818243249e-08 1.193581061375769540e-08 8.350424863609793793e-09 4.870181213091429178e-09 2.394730901190867876e-09 1.008811434621481776e-09 3.701671756636691881e-10 1.201222967817802635e-10 3.493719795965191561e-11 9.214131619533810543e-12 2.226564902574932223e-12 4.977964995441152971e-13 1.039829652776389946e-13 2.051514420751735290e-14 3.872745248530216978e-15 7.107672237903698755e-16 1.292208485965101035e-16 2.371555653164289728e-17 4.454958726431707613e-18 8.598630966167598230e-19 1.693785640677873419e-19 3.361380159711242433e-20 6.624443444868925734e-21 1.251268531201656807e-21 0.000000000000000000e+00
0.000000000000000000e+00 9.915444766369993244e-24 8.519720448624447794e-23 6.965413198641461519e-22 5.473871277315789266e-21 4.126828113915088516e-20 2.977898737463316948e-19 2.051508941917244351e-18 1.345521393362549454e-17 8.375507022043817403e-17 4.930896881471476135e-16 2.734869867057835800e-15 1.422711659867943556e-14 6.906582677060907137e-14 3.110526880351500194e-13 1.290840787753640143e-12 4.896827974799564494e-12 1.682203966276229127e-11 5.175454464693285344e-11 1.407594147858708232e-10 3.334124637909264969e-10 6.766902008679780172e-10 1.158421345771967663e-09 1.654349339724098597e-09 1.969244875865395962e-09 1.969278353258363217e-09 1.654445274603426611e-09 1.158565851146668146e-09 6.768616708721368162e-10 3.335809848822773547e-10 1.408972861722599197e-10 5.185087524352429397e-11 1.688062966566330541e-11 4.928344927939206569e-12 1.306038902163757189e-12 3.176956180049653234e-13 7.172197712776011315e-14 1.520621300649355201e-14 3.069776458162382644e-15 5.999918606161431366e-16 1.157534367188881048e-16 2.247504640573074650e-17 4.454958726431706842e-18 9.052212072468260420e-19 1.873168163486003088e-19 3.897218890934948622e-20 8.044159787397883761e-21 1.628362072934386070e-21 3.130260117989824535e-22 0.000000000000000000e+00
0.000000000000000000e+00 1.407774339554840539e-24 1.203499138381535771e-23 9.789874239938719187e-23 7.656062715571617268e-22 5.744930433489481926e-21 4.126828188019226190e-20 2.830747083637700064e-19 1.848943340223468405e-18 1.146390526029267696e-17 6.723812741155928873e-17 3.715934182351381122e-16 1.926433523597497394e-15 9.320902639403610087e-15 4.184306368757110723e-14 1.730925453315667834e-13 6.545514130052532478e-13 2.241448826623108535e-12 6.874165663744999618e-12 1.863764485409850435e-11 4.401565170908791748e-11 8.910070546799753698e-11 1.522266436919383739e-10 2.171451767460298534e-10 2.583829048882204541e-10 2.583907505641689263e-10 2.171677131195111869e-10 1.522607230600604049e-10 8.914128281493420878e-11 4.405562270223527868e-11 1.867040389694134047e-11 6.897083290281744797e-12 2.255400215922953330e-12 6.620611305112194231e-13 1.767156138419861855e-13 4.342728970979190611e-14 9.954599507945555118e-15 2.160134378444756247e-15 4.515819204473737508e-16 9.279132394797215893e-17 1.912064789129993253e-17 4.010101589534112665e-18 8.598630966167604008e-19 1.873168163486004774e-19 4.093678741970708627e-20 8.857292329576258029e-21 1.877646997535659086e-21 3.869553682070730100e-22 7.527848583087554683e-23 0.000000000000000000e+00
0.000000000000000000e+00 1.914251032035806502e-25 1.628096617170096622e-24 1.317586620120434635e-23 1.025261955632796881e-22 7.656062469647183284e-22 5.473871369118380234e-21 3.737694756457902662e-20 2.430622363649497350e-19 1.500658366107085637e-18 8.765569365331622055e-18 4.825042573992960616e-17 2.491726394902838192e-16 1.201023175605992652e-15 5.371383052460355764e-15 2.213711535222435221e-14 8.340050765700639597e-14 2.845354066562340746e-13 8.694013678785247277e-13 2.348676579008123941e-12 5.527981635606119273e-12 1.115716503938253117e-11 1.901857087877650188e-11 2.709284668932605060e-11 3.222312976813848604e-11 3.222486976772275948e-11 2.709785624743735939e-11 1.902617537733266970e-11 1.116625052334918651e-11 5.536953585344411551e-12 2.356045693617353411e-12 8.745660527899806660e-13 2.876843623240492689e-13 8.509784191670495519e-14 2.295699190838669542e-14 5.730287586254830703e-15 1.344745052252104319e-15 3.022363202503351263e-16 6.643489067748702918e-17 1.458277526362322346e-17 3.246424255235279272e-18 7.366792002144971755e-19 1.693785640677875345e-19 3.897218890934952233e-20 8.857292329576264048e-21 1.968123775182523077e-21 4.247359363532912176e-22 8.860833284453672248e-23 1.738579013862106255e-23 0.000000000000000000e+00
0.000000000000000000e+00 2.498652774681174410e-26 2.114093920101843817e-25 1.701957795110432209e-24 1.317586743961499723e-23 9.789874139743031974e-23 6.965413601665782177e-22 4.733582165278379668e-21 3.064001168248830968e-20 1.883159396456144770e-19 1.095123225912751702e-18 6.002041973385096874e-18 3.086333308396589153e-17 1.481355085990686207e-16 6.597372485658966774e-16 2.707617568645494321e-15 1.015820783027357405e-14 3.451209208610564289e-14 1.050177070355813057e-13 2.825713731029629589e-13 6.626003413851975810e-13 1.333003463206619901e-12 2.266603569951108553e-12 3.224068700570625043e-12 3.832520346318214763e-12 3.832886855292011195e-12 3.225126257862350377e-12 2.268214972445819880e-12 1.334935259823802184e-12 6.645130295362424165e-13 2.841462864890086709e-13 1.061240016849560459e-13 3.518802107079573741e-14 1.052325597213942200e-14 2.884272173185506549e-15 7.372035693194313327e-16 1.792095777067650377e-16 4.235593100775494024e-17 9.947440835495476559e-18 2.359614750004104029e-18 5.685536278214977807e-19 1.383846916192026387e-19 3.361380159711245442e-20 8.044159787397889779e-21 1.877646997535660967e-21 4.247359363532915937e-22 9.278766395133347384e-23 1.952872196603124535e-23 3.857177738731116499e-24 0.000000000000000000e+00
0.000000000000000000e+00 3.136811238255019292e-27 2.640063872424523534e-26 2.114095404388781956e-25 1.628097501710459854e-24 1.203499345829493885e-23 8.519722211255837211e-23 5.761283292133629450e-22 3.711145190971093889e-21 2.270027925974859301e-20 1.313902044527249541e-19 7.167699457095627273e-19 3.668787261290758659e-18 1.752867089093829283e-17 7.770979700903497100e-17 3.174737599849547689e-16 1.185644776978902153e-15 4.009917354675853080e-15 1.214741955738824066e-14 3.254446361585048478e-14 7.600884130012917096e-14 1.523846373202725999e-13 2.584227951100058140e-13 3.669943787573772431e-13 4.359964672977647715e-13 4.360699626465321449e-13 3.672069100494975719e-13 2.587478199967635214e-13 1.527756083441892919e-13 7.639701285853172750e-14 3.286496706368421727e-14 1.237314927211440088e-14 4.148182785423387742e-15 1.260499054465564530e-15 3.537817877375366933e-16 9.366747251845262808e-17 2.394394581716842282e-17 6.046682707386664414e-18 1.534925064218485150e-18 3.942104163367133559e-19 1.019208062324055561e-19 2.621577532345543612e-20 6.624443444868932505e-21 1.628362072934387198e-21 3.869553682070731511e-22 8.860833284453680477e-23 1.952872196603125123e-23 4.138466522055773381e-24 8.219956711384760337e-25 0.000000000000000000e+00
0.000000000000000000e+00 3.746526414897595405e-28 3.136842482009014289e-27 2.498669124942216702e-26 1.914258222220456583e-25 1.407776810912877643e-24 9.915455947604820154e-24 6.671684346722180923e-23 4.276422989543142835e-22 2.603060146857016634e-21 1.499394614867101838e-20 8.140427591540532045e-20 4.146804538952147074e-19 1.971821420511834962e-18 8.700053591009894252e-18 3.537369207678439794e-17 1.314789021554698502e-16 4.425681520716144086e-16 1.334475765178505335e-15 3.559313021260567478e-15 8.278728795926254980e-15 1.653855322003610766e-14 2.797035270182896702e-14 3.965522957449818955e-14 4.708238774325146600e-14 4.709615133025879021e-14 3.969511058847683791e-14 2.803154979264745362e-14 1.661239892278443140e-14 8.352240717415474816e-15 3.620177951268940316e-15 1.377459553833788846e-15 4.689672823488116543e-16 1.458083300508573712e-16 4.234188794045699235e-17 1.177025286353606702e-17 3.209117702471691612e-18 8.744139000749830178e-19 2.399701327336899625e-19 6.605759558162392201e-20 1.803428730728079921e-20 4.822921203659241012e-21 1.251268531201658312e-21 3.130260117989827356e-22 7.527848583087557034e-23 1.738579013862106549e-23 3.857177738731117233e-24 8.219956711384762174e-25 1.641301832245110319e-25 0.000000000000000000e+00
0.000000000000000000e+00 0.000000000000000000e+00 0.000000000000000000e+00 0.000000000000000000e+00 0.000000000000000000e+00 0.000000000000000000e+00 0.000000000000000000e+00 0.000000000000000000e+00 0.000000000000000000e+00 0.000000000000000000e+00 0.000000000000000000e+00 0.000000000000000000e+00 0.000000000000000000e+00 0.000000000000000000e+00 0.000000000000000000e+00 0.000000000000000000e+00 0.000000000000000000e+00 0.000000000000000000e+00 0.000000000000000000e+00 0.000000000000000000e+00 0.000000000000000000e+00 0.000000000000000000e+00 0.000000000000000000e+00 0.000000000000000000e+00 0.000000000000000000e+00 0.000000000000000000e+00 0.000000000000000000e+00 0.000000000000000000e+00 0.000000000000000000e+00 0.000000000000000000e+00 0.000000000000000000e+00 0.000000000000000000e+00 0.000000000000000000e+00 0.000000000000000000e+00 0.000000000000000000e+00 0.000000000000000000e+00 0.000000000000000000e+00 0.000000000000000000e+00 0.000000000000000000e+00 0.000000000000000000e+00 0.000000000000000000e+00 0.000000000000000000e+00 0.000000000000000000e+00 0.000000000000000000e+00 0.000000000000000000e+00 0.000000000000000000e+00 0.000000000000000000e+00 0.000000000000000000e+00 0.000000000000000000e+00 0.000000000000000000e+00
