0.000000000000000000e+00 0.000000000000000000e+00 0.000000000000000000e+00 0.000000000000000000e+00 0.000000000000000000e+00 0.000000000000000000e+00 0.000000000000000000e+00 0.000000000000000000e+00 0.000000000000000000e+00 0.000000000000000000e+00 0.000000000000000000e+00 0.000000000000000000e+00 0.000000000000000000e+00 0.000000000000000000e+00 0.000000000000000000e+00 0.000000000000000000e+00 0.000000000000000000e+00 0.000000000000000000e+00 0.000000000000000000e+00 0.000000000000000000e+00 0.000000000000000000e+00 0.000000000000000000e+00 0.000000000000000000e+00 0.000000000000000000e+00 0.000000000000000000e+00 0.000000000000000000e+00 0.000000000000000000e+00 0.000000000000000000e+00 0.000000000000000000e+00 0.000000000000000000e+00 0.000000000000000000e+00 0.000000000000000000e+00 0.000000000000000000e+00 0.000000000000000000e+00 0.000000000000000000e+00 0.000000000000000000e+00 0.000000000000000000e+00 0.000000000000000000e+00 0.000000000000000000e+00 0.000000000000000000e+00 0.000000000000000000e+00 0.000000000000000000e+00 0.000000000000000000e+00 0.000000000000000000e+00 0.000000000000000000e+00 0.000000000000000000e+00 0.000000000000000000e+00 0.000000000000000000e+00 0.000000000000000000e+00 0.000000000000000000e+00
0.000000000000000000e+00 1.378754828402109989e-31 1.375316530830820013e-30 1.311955400096107020e-29 1.205432309868485441e-28 1.064594777937043060e-27 9.016329231543260246e-27 7.303818753450847223e-26 5.642708275536442942e-25 4.144099429807759826e-24 2.882585307657728335e-23 1.891156248017621785e-22 1.164616398151173910e-21 6.694834604037050132e-21 3.569347547490201675e-20 1.751555504623360601e-19 7.840074156370190676e-19 3.166494731419192892e-18 1.139033460913913069e-17 3.592117284478735409e-17 9.745688377176026363e-17 2.225214476294044476e-16 4.177070488087773123e-16 6.325700308927612194e-16 7.710945925031293463e-16 7.710945919355728170e-16 6.325700293832311094e-16 4.177070468765835658e-16 2.225214457674707456e-16 9.745688226783730299e-17 3.592117175342372015e-17 1.139033387914124049e-17 3.166494301855890028e-18 7.840071767699900260e-19 1.751554321402630713e-19 3.569342091564536102e-20 6.694811692246395274e-21 1.164607476027306441e-21 1.891124112911046190e-22 2.882477318401904986e-23 4.143760214936274672e-24 5.641705780221890296e-25 7.301026554979725263e-26 9.008957369916271384e-27 1.062748017986780520e-27 1.201020115807385045e-28 1.301896581760052091e-29 1.353370463062664563e-30 1.334353988298308756e-31 0.000000000000000000e+00
0.000000000000000000e+00 1.375316530830858723e-30 1.381577321269778476e-29 1.327398507440704656e-28 1.228331950411632457e-27 1.092532658959198467e-26 9.318400917785092682e-26 7.601712557460425616e-25 5.914111251693605895e-24 4.373888435901234166e-23 3.063765734766386254e-22 2.024151163931270965e-21 1.255316642918377476e-20 7.267483923924971887e-20 3.902391681565783774e-19 1.928811125666700184e-18 8.696253820937686300e-18 3.537907778847243170e-17 1.281860587571005499e-16 4.071164439770478219e-16 1.111932997243098136e-15 2.553981487061605015e-15 4.816735693665902336e-15 7.315151167269307037e-15 8.924995437191976743e-15 8.924995436551380667e-15 7.315151165598867249e-15 4.816735691713399020e-15 2.553981485556521516e-15 1.111932996365939832e-15 4.071164436301325324e-16 1.281860587227039711e-16 3.537907784482504943e-17 8.696253885905880761e-18 1.928811166493495680e-18 3.902391889907610999e-19 7.267484815576285099e-20 1.255316981191569303e-20 2.024152312136131109e-21 3.063769305496704473e-22 4.373898578510171061e-23 5.914138193907444969e-24 7.601778491993707172e-25 9.318554194051931318e-26 1.092565657892689913e-26 1.228400426465255841e-27 1.327531112480132883e-28 1.381829679357395299e-29 1.375845677393766386e-30 0.000000000000000000e+00
0.000000000000000000e+00 1.311955400096067223e-29 1.327398507440713849e-28 1.284594014753596876e-27 1.197281164104447435e-26 1.072517612523811364e-25 9.212482969592057378e-25 7.568134362241618389e-24 5.929101957746671931e-23 4.415431678627044971e-22 3.114272692004075592e-21 2.071743414492056428e-20 1.293726061529963337e-19 7.541909317502472723e-19 4.078081015237357525e-18 2.029864404093933343e-17 9.216930507695274405e-17 3.776525702375194256e-16 1.378061262995536903e-15 4.407247138380533740e-15 1.211702796193231791e-14 2.799615758608020989e-14 5.304684471321385749e-14 8.078894107545932636e-14 9.865127893805053037e-14 9.865127893816305349e-14 8.078894107563278740e-14 5.304684471246398525e-14 2.799615758328754446e-14 1.211702795782781309e-14 4.407247133732723847e-15 1.378061258732231424e-15 3.776525672973882398e-16 9.216930323172208697e-17 2.029864307791345871e-17 4.078080556929403101e-18 7.541907380082529473e-19 1.293725309936319412e-19 2.071740741996318402e-20 3.114263864981578920e-21 4.415404524992682052e-22 5.929023463078587628e-23 7.567920895359266307e-24 9.211932358419892138e-25 1.072383007589813358e-25 1.196966857505096762e-26 1.283894316472640233e-27 1.325904443591962044e-28 1.308946973610021680e-29 0.000000000000000000e+00
0.000000000000000000e+00 1.205432309868509880e-28 1.228331950411626717e-27 1.197281164104448439e-26 1.123849422563656835e-25 1.013825440252152698e-24 8.768924868689108930e-24 7.253283962190750175e-23 5.721084056748652675e-22 4.289210497549780087e-21 3.045455868301327304e-20 2.039422022513516985e-19 1.281981523822877860e-18 7.523013508574558571e-18 4.094966336283781343e-17 2.051950054424205577e-16 9.380300498752737648e-16 3.869673754434643643e-15 1.421682523247615588e-14 4.577290909317663744e-14 1.266518310192093061e-13 2.943093917611868315e-13 5.601941582116736004e-13 8.554874725469428612e-13 1.045442945459260814e-12 1.045442945456437373e-12 8.554874725398875922e-13 5.601941582083831543e-13 2.943093917710176792e-13 1.266518310387923679e-13 4.577290911858208591e-14 1.421682525730181367e-14 3.869673771883545569e-15 9.380300611248209566e-16 2.051950113380272848e-16 4.094966620113058165e-17 7.523014711050360342e-18 1.281981992284660434e-18 2.039423690323946490e-19 3.045461381171717664e-20 4.289227455631816788e-21 5.721133014987791380e-22 7.253416901289051764e-23 8.769266723544077150e-24 1.013908738943400409e-24 1.124042975839999830e-25 1.197709748975956507e-26 1.229240773217630142e-27 1.207251026601989593e-28 0.000000000000000000e+00
0.000000000000000000e+00 1.064594777937032298e-27 1.092532658959199758e-26 1.072517612523811823e-25 1.013825440252152515e-24 9.209120705808732761e-24 8.019608256991855682e-23 6.677973662080440326e-22 5.302054198196522712e-21 4.000870996078518230e-20 2.858916746540144534e-19 1.926621454030413146e-18 1.218678042881112579e-17 7.196255938131215436e-17 3.941623709949512571e-16 1.987543454955650750e-15 9.143568059454946761e-15 3.796188553929580090e-14 1.403661043544475804e-13 4.548063496543703470e-13 1.266129069558606657e-12 2.958432059609512594e-12 5.655827802580869029e-12 8.659669076773563552e-12 1.058978644388617907e-11 1.058978644390371789e-11 8.659669076819811350e-12 5.655827802609879320e-12 2.958432059564161852e-12 1.266129069456449448e-12 4.548063495132271014e-13 1.403661042129975752e-13 3.796188543960506910e-14 9.143567993975249133e-15 1.987543420716625034e-15 3.941623543385924416e-16 7.196255232457242043e-17 1.218677766630918440e-17 1.926620469361447697e-18 2.858913485596016375e-19 4.000860956799229563e-20 5.302025212367504532e-21 6.677894981050789734e-22 8.019406246026683422e-23 9.208629437726891951e-24 1.013711681622808832e-24 1.072266731459069474e-25 1.092003655247583964e-26 1.063542934886483227e-27 0.000000000000000000e+00
0.000000000000000000e+00 9.016329231543287510e-27 9.318400917785099570e-26 9.212482969592050031e-25 8.768924868689119216e-24 8.019608256991858033e-23 7.030358946516196359e-22 5.892423303303439994e-21 4.708182987503037988e-20 3.574870410768631661e-19 2.570067987943978729e-18 1.742306962258136070e-17 1.108563342021156699e-16 6.584045280155042159e-16 3.627131823208792608e-15 1.839547206032814123e-14 8.512073615725561076e-14 3.554844752172606986e-13 1.322241264432995025e-12 4.309648568027365748e-12 1.206638111764592085e-11 2.834125251657621001e-11 5.440699901041510433e-11 8.350648870037438647e-11 1.021787956042825651e-10 1.021787956041897141e-10 8.350648870011045123e-11 5.440699901020458687e-11 2.834125251672575845e-11 1.206638111808230224e-11 4.309648568701779672e-12 1.322241265138847669e-12 3.554844757190721598e-13 8.512073649587733501e-14 1.839547223694915332e-14 3.627131910384543545e-15 6.584045649049169939e-16 1.108563487323365859e-16 1.742307480172668552e-17 2.570069705865459535e-18 3.574875696651040307e-19 4.708198231191772391e-20 5.892464589126020486e-21 7.030464563844017610e-22 8.019863916623291750e-23 8.769513082651775133e-24 9.213770130159678752e-25 9.321088069499189252e-26 9.021610304286933040e-27 0.000000000000000000e+00
0.000000000000000000e+00 7.303818753450835744e-26 7.601712557460421025e-25 7.568134362241625736e-24 7.253283962190748999e-23 6.677973662080440326e-22 5.892423303303439241e-21 4.969956553560720795e-20 3.995478578854465733e-19 3.051733896585833921e-18 2.206572844232233665e-17 1.504208137860276850e-16 9.622451238714625870e-16 5.745221248339856892e-15 3.181496749593910578e-14 1.621886224032175520e-13 7.543888450090063724e-13 3.167070024530908387e-12 1.184286233745605403e-11 3.880687449844957433e-11 1.092226449206533917e-10 2.577730898343867499e-10 4.967548588787618540e-10 7.641457211235899835e-10 9.354418827359322678e-10 9.354418827353836403e-10 7.641457211223652392e-10 4.967548588770859861e-10 2.577730898318780145e-10 1.092226449177657558e-10 3.880687449494822220e-11 1.184286233405817056e-11 3.167070022197483982e-12 7.543888434216766653e-13 1.621886215880028613e-13 3.181496708825304473e-14 5.745221076943028806e-15 9.622450559218343657e-16 1.504207896314723795e-16 2.206572042326817268e-17 3.051731436196758324e-18 3.995471506310671914e-19 4.969937499875258021e-20 5.892374910766857121e-21 6.677857616209443858e-22 7.253020219235116944e-23 7.567565994891633322e-24 7.600548792242842702e-25 7.301585530344545150e-26 0.000000000000000000e+00
0.000000000000000000e+00 5.642708275536454880e-25 5.914111251693605161e-24 5.929101957746670756e-23 5.721084056748655496e-22 5.302054198196522712e-21 4.708182987503039793e-20 3.995478578854466215e-19 3.230969880193451382e-18 2.481681912359145770e-17 1.804014489504011577e-16 1.236068470236741562e-15 7.945704380738995938e-15 4.766278590635376570e-14 2.651336969612791340e-13 1.357612858511268993e-12 6.342553937957592964e-12 2.674605049331759820e-11 1.004685398235047703e-10 3.307401093523603470e-10 9.351469502155501170e-10 2.216440684645786683e-09 4.286012276143312158e-09 6.605953906082462453e-09 8.089260283952604231e-09 8.089260283961911668e-09 6.605953906107324194e-09 4.286012276175760799e-09 2.216440684680366969e-09 9.351469502466988438e-10 3.307401093790823650e-10 1.004685398436815020e-10 2.674605050541482709e-11 6.342553945502266133e-12 1.357612862140562503e-12 2.651336987407725809e-13 4.766278663159731138e-14 7.945704666753530176e-15 1.236068570425351678e-15 1.804014820359811313e-16 2.481682917307442326e-17 3.230972743107678939e-18 3.995486196901541563e-19 4.708202045484550513e-20 5.302099017020074364e-21 5.721183386521656202e-22 5.929309139174754510e-23 5.914517643363734309e-24 5.643444800051258914e-25 0.000000000000000000e+00
0.000000000000000000e+00 4.144099429807748806e-24 4.373888435901237693e-23 4.415431678627048733e-22 4.289210497549774821e-21 4.000870996078523045e-20 3.574870410768630216e-19 3.051733896585834692e-18 2.481681912359145770e-17 1.916246007088395016e-16 1.399873963232275994e-15 9.635776991382704654e-15 6.220555456702843474e-14 3.746271544325144206e-13 2.091704465171700295e-12 1.074856200980510205e-11 5.038944076369802233e-11 2.132256428431380653e-10 8.038102502639532461e-10 2.655879558539325430e-09 7.537462970497569756e-09 1.792863251445982675e-08 3.476987201143176036e-08 5.367530106225616314e-08 6.573493325312967629e-08 6.573493325335732963e-08 5.367530106283121910e-08 3.476987201204660702e-08 1.792863251483511528e-08 7.537462970628843319e-09 2.655879558535791714e-09 8.038102502168651626e-10 2.132256428032430151e-10 5.038944073488752192e-11 1.074856199572829910e-11 2.091704458155500217e-12 3.746271516533237766e-13 6.220555347809055883e-14 9.635776620160172266e-15 1.399873842362525313e-15 1.916245648551304153e-16 2.481680912445068310e-17 3.051731309831225328e-18 3.574864153866209162e-19 4.000856922366078738e-20 4.289181122226847664e-21 4.415375405113361880e-22 4.373791276618132431e-23 4.143956917650042681e-24 0.000000000000000000e+00
0.000000000000000000e+00 2.882585307657736563e-23 3.063765734766383903e-22 3.114272692004073712e-21 3.045455868301330314e-20 2.858916746540142608e-19 2.570067987943980655e-18 2.206572844232235513e-17 1.804014489504011084e-16 1.399873963232276586e-15 1.027261601282421118e-14 7.099662331900078078e-14 4.599850276881533164e-13 2.779019062036885759e-12 1.555984849099618965e-11 8.015620923871467007e-11 3.766379660342825843e-10 1.597328947884923762e-09 6.035440845233512193e-09 1.999109445190194430e-08 5.688512552852120221e-08 1.356629663939631212e-07 2.636716718207532252e-07 4.074869991869828119e-07 4.989735215168474223e-07 4.989735215113478491e-07 4.074869991722293508e-07 2.636716718032176315e-07 1.356629663797753723e-07 5.688512551915796766e-08 1.999109444688850848e-08 6.035440843066280790e-09 1.597328947102860062e-09 3.766379658179076974e-10 8.015620918958270077e-11 1.555984848846388929e-11 2.779019064588450374e-12 4.599850297696256965e-13 7.099662418152680475e-14 1.027261632861709285e-14 1.399874059650951202e-15 1.804014759360117777e-16 2.206573518549120428e-17 2.570069518619896639e-18 2.858919824132248351e-19 3.045461145338230411e-20 3.114279354582998910e-21 3.063767218077404945e-22 2.882558393172980061e-23 0.000000000000000000e+00
0.000000000000000000e+00 1.891156248017617318e-22 2.024151163931272093e-21 2.071743414492058535e-20 2.039422022513516263e-19 1.926621454030414302e-18 1.742306962258136686e-17 1.504208137860275863e-16 1.236068470236742153e-15 9.635776991382703076e-15 7.099662331900076815e-14 4.923814814518913565e-13 3.199302826642995493e-12 1.937282590213356983e-11 1.086562716860513882e-10 5.604368619774256629e-10 2.635723854416860397e-09 1.118602336709268982e-08 4.229602116802806361e-08 1.402225876004293715e-07 3.994793734611245542e-07 9.540185371677007734e-07 1.856459427132447817e-06 2.870340505257870860e-06 3.513196460895970232e-06 3.513196460894651825e-06 2.870340505265098169e-06 1.856459427159031946e-06 9.540185372183711314e-07 3.994793735212670169e-07 1.402225876441288071e-07 4.229602119206491974e-08 1.118602337802622915e-08 2.635723858590879942e-09 5.604368633819682101e-10 1.086562720881186162e-10 1.937282600733380560e-11 3.199302849571701730e-12 4.923814859994063381e-13 7.099662399658256857e-14 9.635777066714191093e-15 1.236068469462963480e-15 1.504208117476565147e-16 1.742306927875062824e-17 1.926621562877094181e-18 2.039422994510655728e-19 2.071747752593018705e-20 2.024166164110905480e-21 1.891200502979842554e-22 0.000000000000000000e+00
0.000000000000000000e+00 1.164616398151174850e-21 1.255316642918377777e-20 1.293726061529962615e-19 1.281981523822879401e-18 1.218678042881112579e-17 1.108563342021157192e-16 9.622451238714631786e-16 7.945704380738988050e-15 6.220555456702847260e-14 4.599850276881532154e-13 3.199302826642997917e-12 2.083144946005789480e-11 1.263047354746548139e-10 7.087634998057743939e-10 3.654926772706832125e-09 1.717512849181029605e-08 7.280403527507151693e-08 2.749201154718685782e-07 9.103863903595252210e-07 2.591653300916384725e-06 6.187428870101233303e-06 1.203913906543648815e-05 1.860632228473571079e-05 2.275390657083537339e-05 2.275390657244831047e-05 1.860632228894424820e-05 1.203913907020368444e-05 6.187428873585542295e-06 2.591653302892618470e-06 9.103863912939626510e-07 2.749201158332371327e-07 7.280403539094930341e-08 1.717512852299936935e-08 3.654926779532300956e-09 7.087635009699074425e-10 1.263047355705072884e-10 2.083144944061329551e-11 3.199302812213071237e-12 4.599850229420278470e-13 6.220555322707010892e-14 7.945704051739460952e-15 9.622450424821890116e-16 1.108563137960086127e-16 1.218677500928193194e-17 1.281980045551895456e-18 1.293722021144021610e-19 1.255305901031728776e-20 1.164589287045184361e-21 0.000000000000000000e+00
0.000000000000000000e+00 6.694834604037050884e-21 7.267483923924970683e-20 7.541909317502481389e-19 7.523013508574555489e-18 7.196255938131215436e-17 6.584045280155047090e-16 5.745221248339856103e-15 4.766278590635383512e-14 3.746271544325144206e-13 2.779019062036888183e-12 1.937282590213355691e-11 1.263047354746547622e-10 7.659923606475502014e-10 4.294760821652928649e-09 2.210498517367312444e-08 1.035804788180947203e-07 4.375140773004641567e-07 1.645677371718955579e-06 5.428701185277121827e-06 1.540259998759148626e-05 3.667777268044389413e-05 7.122953435555714932e-05 1.099054611887148071e-04 1.342152927203629515e-04 1.342152926896186642e-04 1.099054611053799653e-04 7.122953425656276892e-05 3.667777260019958413e-05 1.540259993409412198e-05 5.428701156350338509e-06 1.645677358738512781e-06 4.375140722976949761e-07 1.035804771283791473e-07 2.210498466624367423e-08 4.294760684286453134e-09 7.659923268510826373e-10 1.263047278333753046e-10 1.937282431166893865e-11 2.779018754345362816e-12 3.746270994543209882e-13 4.766277681521994860e-14 5.745219897863863987e-15 6.584043578168126670e-16 7.196254594258019024e-17 7.523014898890931591e-18 7.541920136111458391e-19 7.267521035958087974e-20 6.694936688382663747e-21 0.000000000000000000e+00
0.000000000000000000e+00 3.569347547490201675e-20 3.902391681565788589e-19 4.078081015237357525e-18 4.094966336283780727e-17 3.941623709949516022e-16 3.627131823208788664e-15 3.181496749593913734e-14 2.651336969612790331e-13 2.091704465171699487e-12 1.555984849099618642e-11 1.086562716860514399e-10 7.087634998057746007e-10 4.294760821652930303e-09 2.402448773424145798e-08 1.231846297165300303e-07 5.742162363702594564e-07 2.409897275914141212e-06 8.999521662442248602e-06 2.946868953681660812e-05 8.303751945493953695e-05 1.965982269833181314e-04 3.801102777402919921e-04 5.845605820006478980e-04 7.123141230619102959e-04 7.123141233813323021e-04 5.845605828933131800e-04 3.801102788329387442e-04 1.965982279226837957e-04 8.303752012909505190e-05 2.946868991633659466e-05 8.999521840294872927e-06 2.409897347561994301e-06 5.742162616553101684e-07 1.231846376653751985e-07 2.402448999096637504e-08 4.294761406355981997e-09 7.087636393518682384e-10 1.086563025683314234e-10 1.555985487249375601e-11 2.091705701076339411e-12 2.651339223720385062e-13 3.181500623410645817e-14 3.627138099624146782e-15 3.941633233158981983e-16 4.094979675918370484e-17 4.078097572862929854e-18 3.902407757473488819e-19 3.569352093630560411e-20 0.000000000000000000e+00
0.000000000000000000e+00 1.751555504623360360e-19 1.928811125666699028e-18 2.029864404093933343e-17 2.051950054424206810e-16 1.987543454955649961e-15 1.839547206032816016e-14 1.621886224032174763e-13 1.357612858511269599e-12 1.074856200980509882e-11 8.015620923871468299e-11 5.604368619774257663e-10 3.654926772706832539e-09 2.210498517367311452e-08 1.231846297165300038e-07 6.279408808381345610e-07 2.903938188915720424e-06 1.206750437067925483e-05 4.455502787495213237e-05 1.441423526274533229e-04 4.014393075900455190e-04 9.407578205242483373e-04 1.804301866764396276e-03 2.758908250574548977e-03 3.351003395432686563e-03 3.351003393318128035e-03 2.758908244447950183e-03 1.804301859051184696e-03 9.407578135431783183e-04 4.014393023004052654e-04 1.441423495990111069e-04 4.455502641911033082e-05 1.206750377097997561e-05 2.903937972839656505e-06 6.279408114707042296e-07 1.231846095998047413e-07 2.210497984563354460e-08 3.654925471927517145e-09 5.604365670605112292e-10 8.015614673052996940e-11 1.074854956087865898e-11 1.357610517507793637e-12 1.621882053561703225e-13 1.839540145214347592e-14 1.987532079648924746e-15 2.051932610581374088e-16 2.029839018457752519e-17 1.928776327715726906e-18 1.751511951756114426e-19 0.000000000000000000e+00
0.000000000000000000e+00 7.840074156370193565e-19 8.696253820937686300e-18 9.216930507695279335e-17 9.380300498752737648e-16 9.143568059454953072e-15 8.512073615725556027e-14 7.543888450090060695e-13 6.342553937957592964e-12 5.038944076369802233e-11 3.766379660342824809e-10 2.635723854416861224e-09 1.717512849181029936e-08 1.035804788180947203e-07 5.742162363702588211e-07 2.903938188915719577e-06 1.328364161471307695e-05 5.443864652073688584e-05 1.976985518069599649e-04 6.280259194421524511e-04 1.717197363974362319e-03 3.957730656802109677e-03 7.489964708610732588e-03 1.134653080299805918e-02 1.371568328531671231e-02 1.371568329422780466e-02 1.134653083025460515e-02 7.489964744054439585e-03 3.957730690662408790e-03 1.717197390863570844e-03 6.280259348275581827e-04 1.976985593454676248e-04 5.443864965703209158e-05 1.328364275536413899e-05 2.903938558575915229e-06 5.742163445630443352e-07 1.035805077421942678e-07 1.717513562158581756e-08 2.635725487513892876e-09 3.766383159659882863e-10 5.038951130013980541e-11 6.342567380918437502e-12 7.543912771825841114e-13 8.512115547736191789e-14 9.143637140038041372e-15 9.380409506954059149e-16 9.217095462874595043e-17 8.696493183142037364e-18 7.840402097599840533e-19 0.000000000000000000e+00
0.000000000000000000e+00 3.166494731419189425e-18 3.537907778847247484e-17 3.776525702375193763e-16 3.869673754434646010e-15 3.796188553929578827e-14 3.554844752172606481e-13 3.167070024530910003e-12 2.674605049331758851e-11 2.132256428431378326e-10 1.597328947884925003e-09 1.118602336709267989e-08 7.280403527507150369e-08 4.375140773004638920e-07 2.409897275914139094e-06 1.206750437067925991e-05 5.443864652073687906e-05 2.190482388420890447e-04 7.776494014326248202e-04 2.406562829320455302e-03 6.401181922436177500e-03 1.437521274283568365e-02 2.663233616481286772e-02 3.975468971229022264e-02 4.771189333610651589e-02 4.771189331523872923e-02 3.975468964070939804e-02 2.663233606721032015e-02 1.437521264299347970e-02 6.401181839517184648e-03 2.406562783257305913e-03 7.776493784259663929e-04 2.190482293478458438e-04 5.443864308182676590e-05 1.206750326300770520e-05 2.409896954601356720e-06 4.375139923816601091e-07 7.280401464196673970e-08 1.118601872301726442e-08 1.597327973087217088e-09 2.132254509062234009e-10 2.674601484710441854e-11 3.167063749525518398e-12 3.554834230921626694e-13 3.796171678642421823e-14 3.869647751447106647e-15 3.776487072585916707e-16 3.537852296403241674e-17 3.166418571418152892e-18 0.000000000000000000e+00
0.000000000000000000e+00 1.139033460913913377e-17 1.281860587571004759e-16 1.378061262995537298e-15 1.421682523247615272e-14 1.403661043544476057e-13 1.322241264432994823e-12 1.184286233745604757e-11 1.004685398235047445e-10 8.038102502639535563e-10 6.035440845233512193e-09 4.229602116802804376e-08 2.749201154718685252e-07 1.645677371718954944e-06 8.999521662442245214e-06 4.455502787495213237e-05 1.976985518069599378e-04 7.776494014326247118e-04 2.680605861381120045e-03 8.003422302715690675e-03 2.045442834800668616e-02 4.415837333807783732e-02 7.913031549363883088e-02 1.154089521920582256e-01 1.370030695508624996e-01 1.370030695605475302e-01 1.154089522619173164e-01 7.913031560293559696e-02 4.415837346724212076e-02 2.045442846104402954e-02 8.003422356159074075e-03 2.680605889575222913e-03 7.776494119054808011e-04 1.976985553375358617e-04 4.455502887818025225e-05 8.999521900719171006e-06 1.645677416223714530e-06 2.749201204051365879e-07 4.229602058200018621e-08 6.035440275691059026e-09 8.038100300936743453e-10 1.004684747834897350e-10 1.184284587236078192e-11 1.322237533195716226e-12 1.403653302455622840e-13 1.421667619356964490e-14 1.378034386612104934e-15 1.281814900221124340e-16 1.138961036744788094e-17 0.000000000000000000e+00
0.000000000000000000e+00 3.592117284478734793e-17 4.071164439770478219e-16 4.407247138380529795e-15 4.577290909317662482e-14 4.548063496543703470e-13 4.309648568027364132e-12 3.880687449844956141e-11 3.307401093523604504e-10 2.655879558539325430e-09 1.999109445190194099e-08 1.402225876004293715e-07 9.103863903595249033e-07 5.428701185277120980e-06 2.946868953681659457e-05 1.441423526274532145e-04 6.280259194421524511e-04 2.406562829320454434e-03 8.003422302715690675e-03 2.281049840237690807e-02 5.515220466376198616e-02 1.123243792961618887e-01 1.912057890353925926e-01 2.688822077397768906e-01 3.138173390160174936e-01 3.138173390825381714e-01 2.688822078589345743e-01 1.912057891712543312e-01 1.123243794104820809e-01 5.515220476144081646e-02 2.281049849106094041e-02 8.003422340013010422e-03 2.406562850934193878e-03 6.280259286489301524e-04 1.441423565330118438e-04 2.946869106614444030e-05 5.428701739691372711e-06 9.103865755351020578e-07 1.402226444498444580e-07 1.999111052059150061e-08 2.655883755451347805e-09 3.307411268844809424e-10 3.880710460019948173e-11 4.309697329972353686e-12 4.548160758921640010e-13 4.577474254781237819e-14 4.407574974474908781e-15 4.071722120730934393e-16 3.593008029682857866e-17 0.000000000000000000e+00
0.000000000000000000e+00 9.745688377176025130e-17 1.111932997243097741e-15 1.211702796193231318e-14 1.266518310192092304e-13 1.266129069558606253e-12 1.206638111764591600e-11 1.092226449206533917e-10 9.351469502155507374e-10 7.537462970497569756e-09 5.688512552852118898e-08 3.994793734611243425e-07 2.591653300916385149e-06 1.540259998759148626e-05 8.303751945493955051e-05 4.014393075900455732e-04 1.717197363974362753e-03 6.401181922436173163e-03 2.045442834800666881e-02 5.515220466376195840e-02 1.241298708227680792e-01 2.330299176323445964e-01 3.676903794147481364e-01 4.890914387431527510e-01 5.560627746212458700e-01 5.560627745531647736e-01 4.890914385507952322e-01 3.676903791171960423e-01 2.330299172711389755e-01 1.241298704830969685e-01 5.515220446525104236e-02 2.045442826794470828e-02 6.401181875525861591e-03 1.717197343248961323e-03 4.014392971838623880e-04 8.303751476020280434e-05 1.540259806533881550e-05 2.591652596483507678e-06 3.994791415882417057e-07 5.688505640837729575e-08 7.537444147627578235e-09 9.351422290079709213e-10 1.092215462143726956e-10 1.206614236362863692e-11 1.266080352672015111e-12 1.266424515489765059e-13 1.211531680064599859e-14 1.111636205028608975e-15 9.740858055905419726e-17 0.000000000000000000e+00
0.000000000000000000e+00 2.225214476294044476e-16 2.553981487061605015e-15 2.799615758608021620e-14 2.943093917611869325e-13 2.958432059609511382e-12 2.834125251657620678e-11 2.577730898343867499e-10 2.216440684645786270e-09 1.792863251445983337e-08 1.356629663939630682e-07 9.540185371677003499e-07 6.187428870101234997e-06 3.667777268044389413e-05 1.965982269833182398e-04 9.407578205242485541e-04 3.957730656802111412e-03 1.437521274283569579e-02 4.415837333807781651e-02 1.123243792961618609e-01 2.330299176323447352e-01 3.956472842968460912e-01 5.656062751462076488e-01 6.983853489180443797e-01 7.659336135645024024e-01 7.659336133589813578e-01 6.983853484533000255e-01 5.656062746163715849e-01 3.956472838132160663e-01 2.330299171998181373e-01 1.123243789323017244e-01 4.415837314983722672e-02 1.437521268733426942e-02 3.957730648662955396e-03 9.407578282113876738e-04 1.965982336928012795e-04 3.667777627229797609e-05 6.187430367631913663e-06 9.540190661828778170e-07 1.356631308613026569e-07 1.792867852797247199e-08 2.216452444629205296e-09 2.577758656745585499e-10 2.834186276732035760e-11 2.958557859107430845e-12 2.943338441706191366e-13 2.800066022170830517e-14 2.554769703609548199e-15 2.226509466408612083e-16 0.000000000000000000e+00
0.000000000000000000e+00 4.177070488087771644e-16 4.816735693665904702e-15 5.304684471321384487e-14 5.601941582116740043e-13 5.655827802580870645e-12 5.440699901041512372e-11 4.967548588787616472e-10 4.286012276143313812e-09 3.476987201143172728e-08 2.636716718207531193e-07 1.856459427132445699e-06 1.203913906543648137e-05 7.122953435555709511e-05 3.801102777402918837e-04 1.804301866764396276e-03 7.489964708610732588e-03 2.663233616481288507e-02 7.913031549363877537e-02 1.912057890353925649e-01 3.676903794147480253e-01 5.656062751462078708e-01 7.340080480936814755e-01 8.446599336264533076e-01 8.953721814076867069e-01 8.953721814158824843e-01 8.446599336879402342e-01 7.340080482722959321e-01 5.656062755120868646e-01 3.676903798077977847e-01 1.912057891809528232e-01 7.913031545928005117e-02 2.663233611004245036e-02 7.489964664598043262e-03 1.804301842725396536e-03 3.801102675537862733e-04 7.122953061658531643e-05 1.203913787001051253e-05 1.856459084177378176e-06 2.636715823615281137e-07 3.476985055045822911e-08 4.286007497975894209e-09 4.967538641990884905e-10 5.440680418627896667e-11 5.655791703521678895e-12 5.601878003321192777e-13 5.304577581268495462e-14 4.816563607512980762e-15 4.176807166513777377e-16 0.000000000000000000e+00
0.000000000000000000e+00 6.325700308927619097e-16 7.315151167269308615e-15 8.078894107545931373e-14 8.554874725469438709e-13 8.659669076773558706e-12 8.350648870037442524e-11 7.641457211235897767e-10 6.605953906082460799e-09 5.367530106225613005e-08 4.074869991869826001e-07 2.870340505257869166e-06 1.860632228473571418e-05 1.099054611887146851e-04 5.845605820006475727e-04 2.758908250574546809e-03 1.134653080299805744e-02 3.975468971229025039e-02 1.154089521920582118e-01 2.688822077397767241e-01 4.890914387431523624e-01 6.983853489180439356e-01 8.446599336264529745e-01 9.248845566413697039e-01 9.573947237028450630e-01 9.573947242023331805e-01 9.248845579265722039e-01 8.446599352805364003e-01 6.983853508180610792e-01 4.890914406103855638e-01 2.688822090746497140e-01 1.154089528364532768e-01 3.975468988263664016e-02 1.134653080754116118e-02 2.758908210995307617e-03 5.845605526714110507e-04 1.099054462709099278e-04 1.860631619388349923e-05 2.870338372270715683e-06 4.074863374751981939e-07 5.367511559019043831e-08 6.605906288290154609e-09 7.641344087367040500e-10 8.350398213930929382e-11 8.659147728339026638e-12 8.553851391681002523e-13 8.076989951931584790e-14 7.311781029753473545e-15 6.320101838534810531e-16 0.000000000000000000e+00
0.000000000000000000e+00 7.710945925031297407e-16 8.924995437191978320e-15 9.865127893805060610e-14 1.045442945459261016e-12 1.058978644388618230e-11 1.021787956042825910e-10 9.354418827359324746e-10 8.089260283952600923e-09 6.573493325312970276e-08 4.989735215168476340e-07 3.513196460895968962e-06 2.275390657083537678e-05 1.342152927203628973e-04 7.123141230619106212e-04 3.351003395432686129e-03 1.371568328531670537e-02 4.771189333610647426e-02 1.370030695508624441e-01 3.138173390160174381e-01 5.560627746212458700e-01 7.659336135645017363e-01 8.953721814076867069e-01 9.573947237028440638e-01 9.799220288180878757e-01 9.799220297313775419e-01 9.573947260819841709e-01 8.953721845070373719e-01 7.659336169642353420e-01 5.560627779698456008e-01 3.138173417999529091e-01 1.370030714120067938e-01 4.771189431736797687e-02 1.371568373808097589e-02 3.351003572383822165e-03 7.123141831424473040e-04 1.342153107897553694e-04 2.275391136622340483e-05 3.513197592582125762e-06 4.989737571283751459e-07 6.573497570144327121e-08 8.089266535479301220e-09 9.354424882129329024e-10 1.021787698372345759e-10 1.058975315717238170e-11 1.045431723818807598e-12 9.864843373379766870e-14 8.924374108918108380e-15 7.709748048060031342e-16 0.000000000000000000e+00
0.000000000000000000e+00 7.710945919355726198e-16 8.924995436551380667e-15 9.865127893816304087e-14 1.045442945456437575e-12 1.058978644390370981e-11 1.021787956041897141e-10 9.354418827353834335e-10 8.089260283961913322e-09 6.573493325335735610e-08 4.989735215113477432e-07 3.513196460894651402e-06 2.275390657244830709e-05 1.342152926896186642e-04 7.123141233813323021e-04 3.351003393318128035e-03 1.371568329422779599e-02 4.771189331523875005e-02 1.370030695605475024e-01 3.138173390825379494e-01 5.560627745531644406e-01 7.659336133589809137e-01 8.953721814158827064e-01 9.573947242023327364e-01 9.799220297313778749e-01 9.799220308475217189e-01 9.573947272366329919e-01 8.953721855373019123e-01 7.659336178654226890e-01 5.560627790105366897e-01 3.138173431000535474e-01 1.370030727479885913e-01 4.771189539306437688e-02 1.371568443462153897e-02 3.351003947354732823e-03 7.123143557103135508e-04 1.342153801927514149e-04 2.275393618380874920e-05 3.513205592575950689e-06 4.989761079631187582e-07 6.573561126172003073e-08 8.089425843971173280e-09 9.354797534038251450e-10 1.021869503365911473e-10 1.059144660658478634e-11 1.045763708855441516e-12 9.871029721119611977e-14 8.935362050699358062e-15 7.728096582968655671e-16 0.000000000000000000e+00
0.000000000000000000e+00 6.325700293832315038e-16 7.315151165598867249e-15 8.078894107563274954e-14 8.554874725398872893e-13 8.659669076819812965e-12 8.350648870011039953e-11 7.641457211223650324e-10 6.605953906107323366e-09 5.367530106283119924e-08 4.074869991722293508e-07 2.870340505265098593e-06 1.860632228894423804e-05 1.099054611053800195e-04 5.845605828933132884e-04 2.758908244447951050e-03 1.134653083025460689e-02 3.975468964070939804e-02 1.154089522619173164e-01 2.688822078589344633e-01 4.890914385507950657e-01 6.983853484532992484e-01 8.446599336879402342e-01 9.248845579265709826e-01 9.573947260819849481e-01 9.573947272366332140e-01 9.248845610649230053e-01 8.446599382761428298e-01 6.983853535787377664e-01 4.890914436367084228e-01 2.688822126637667731e-01 1.154089564754252062e-01 3.975469282340153565e-02 1.134653272785063859e-02 2.758909254027319940e-03 5.845610366388264562e-04 1.099056423186194341e-04 1.860638673915328303e-05 2.870361237886458489e-06 4.074930893717751881e-07 5.367694897846374240e-08 6.606367672332382116e-09 7.642427325635645515e-10 8.352784375297930321e-11 8.664103585319821566e-12 8.563597661333765654e-13 8.095207496876612876e-14 7.344235946530818055e-15 6.374452431636257883e-16 0.000000000000000000e+00
0.000000000000000000e+00 4.177070468765838124e-16 4.816735691713396654e-15 5.304684471246394738e-14 5.601941582083829523e-13 5.655827802609876089e-12 5.440699901020456102e-11 4.967548588770855725e-10 4.286012276175760799e-09 3.476987201204657394e-08 2.636716718032175256e-07 1.856459427159031734e-06 1.203913907020368106e-05 7.122953425656278247e-05 3.801102788329388527e-04 1.804301859051185564e-03 7.489964744054436983e-03 2.663233606721031668e-02 7.913031560293566635e-02 1.912057891712543312e-01 3.676903791171958757e-01 5.656062746163713628e-01 7.340080482722959321e-01 8.446599352805365113e-01 8.953721845070374830e-01 8.953721855373018013e-01 8.446599382761429409e-01 7.340080530795357605e-01 5.656062801249114314e-01 3.676903845713778152e-01 1.912057944374265517e-01 7.913032061961770836e-02 2.663234024804138345e-02 7.489967373089185566e-03 1.804303323080804888e-03 3.801109597262157806e-04 7.122981328681588203e-05 1.203924041677443623e-05 1.856492589783802405e-06 2.636815538283286182e-07 3.477257888269756156e-08 4.286699212359978227e-09 4.969174426171228893e-10 5.444309206105242018e-11 5.663380412120365986e-12 5.616902779412601454e-13 5.332847055135389127e-14 4.867251677316842719e-15 4.262206728825335711e-16 0.000000000000000000e+00
0.000000000000000000e+00 2.225214457674708442e-16 2.553981485556519544e-15 2.799615758328752869e-14 2.943093917710175277e-13 2.958432059564158620e-12 2.834125251672574875e-11 2.577730898318778594e-10 2.216440684680366555e-09 1.792863251483512190e-08 1.356629663797754252e-07 9.540185372183709196e-07 6.187428873585538907e-06 3.667777260019959768e-05 1.965982279226837414e-04 9.407578135431791857e-04 3.957730690662411392e-03 1.437521264299347276e-02 4.415837346724214157e-02 1.123243794104819837e-01 2.330299172711387534e-01 3.956472838132165104e-01 5.656062755120875307e-01 6.983853508180618563e-01 7.659336169642355641e-01 7.659336178654228000e-01 6.983853535787379885e-01 5.656062801249114314e-01 3.956472891549891457e-01 2.330299226724642792e-01 1.123243849187149784e-01 4.415837902442412005e-02 1.437521741877234062e-02 3.957733764572537831e-03 9.407595425182466858e-04 1.965990405921845812e-04 3.667810795202387661e-05 6.187551462449854286e-06 9.540588781197641202e-07 1.356750508844898278e-07 1.793195926939806939e-08 2.217289005508969106e-09 2.579748123442005038e-10 2.838624000662671112e-11 2.967888396260813722e-12 2.961909734266362162e-13 2.835190134100281460e-14 2.618070057184549463e-15 2.333667259167455443e-16 0.000000000000000000e+00
0.000000000000000000e+00 9.745688226783733997e-17 1.111932996365939635e-15 1.211702795782781625e-14 1.266518310387922921e-13 1.266129069456449044e-12 1.206638111808228931e-11 1.092226449177657171e-10 9.351469502466986370e-10 7.537462970628836702e-09 5.688512551915796105e-08 3.994793735212669640e-07 2.591653302892618047e-06 1.540259993409411860e-05 8.303752012909505190e-05 4.014393023004054280e-04 1.717197390863570844e-03 6.401181839517183780e-03 2.045442846104401566e-02 5.515220476144078871e-02 1.241298704830969268e-01 2.330299171998184149e-01 3.676903798077980623e-01 4.890914406103855638e-01 5.560627779698457118e-01 5.560627790105368007e-01 4.890914436367079232e-01 3.676903845713777597e-01 2.330299226724642792e-01 1.241298761473402235e-01 5.515221063515050176e-02 2.045443422346304024e-02 6.401186602579098280e-03 1.717200424787789252e-03 4.014409816253835498e-04 8.303830457312366632e-05 1.540292209046720286e-05 2.591770826664730022e-06 3.995180274612414250e-07 5.689671261257441015e-08 7.540657837549158752e-09 9.359634830690637577e-10 1.094173498054783885e-10 1.210994235522678439e-11 1.275317815428015816e-12 1.284870629103063845e-13 1.246538656944138100e-14 1.174950047571646599e-15 1.081638770888577223e-16 0.000000000000000000e+00
0.000000000000000000e+00 3.592117175342374481e-17 4.071164436301323351e-16 4.407247133732726214e-15 4.577290911858206066e-14 4.548063495132268995e-13 4.309648568701778057e-12 3.880687449494822866e-11 3.307401093790822616e-10 2.655879558535792128e-09 1.999109444688851179e-08 1.402225876441288071e-07 9.103863912939627569e-07 5.428701156350339356e-06 2.946868991633660483e-05 1.441423495990111340e-04 6.280259348275585079e-04 2.406562783257307214e-03 8.003422356159072340e-03 2.281049849106091265e-02 5.515220446525104236e-02 1.123243789323018771e-01 1.912057891809528509e-01 2.688822090746496585e-01 3.138173417999527981e-01 3.138173431000533253e-01 2.688822126637666621e-01 1.912057944374264684e-01 1.123243849187150478e-01 5.515221063515050870e-02 2.281050454142872358e-02 8.003427777145154243e-03 2.406566929475563530e-03 6.280284847573235681e-04 1.441437171601766816e-04 2.946931788018968850e-05 5.428955944838580710e-06 9.104786603571605417e-07 1.402528049139674585e-07 2.000013376346538786e-08 2.658370850726611637e-09 3.313773300780477417e-10 3.895908507927825864e-11 4.343786357191484341e-12 4.620291508713857173e-13 4.722051371786199953e-14 4.683082943970952866e-15 4.572200616972183139e-16 4.446928272424794071e-17 0.000000000000000000e+00
0.000000000000000000e+00 1.139033387914125128e-17 1.281860587227039218e-16 1.378061258732231424e-15 1.421682525730180736e-14 1.403661042129975752e-13 1.322241265138847669e-12 1.184286233405817218e-11 1.004685398436815020e-10 8.038102502168656796e-10 6.035440843066282445e-09 4.229602119206492636e-08 2.749201158332371327e-07 1.645677358738512781e-06 8.999521840294878009e-06 4.455502641911033760e-05 1.976985593454677875e-04 7.776493784259663929e-04 2.680605889575220311e-03 8.003422340013000014e-03 2.045442826794471175e-02 4.415837314983726142e-02 7.913031545928006505e-02 1.154089528364532352e-01 1.370030714120067106e-01 1.370030727479885357e-01 1.154089564754252895e-01 7.913032061961776387e-02 4.415837902442414087e-02 2.045443422346304024e-02 8.003427777145155977e-03 2.680610326632526519e-03 7.776525089014078721e-04 1.977004004678714101e-04 4.455597761611303155e-05 8.999948810063280810e-06 1.645847828723832475e-06 2.749812077381100976e-07 4.231589542359676588e-08 6.041363191358244064e-09 8.054395746550660268e-10 1.008851959752022424e-10 1.194248537161120309e-11 1.344627606814750423e-12 1.451151393760723236e-13 1.517171902463347522e-14 1.560687808926115095e-15 1.614942307810125181e-16 1.709665056767722099e-17 0.000000000000000000e+00
0.000000000000000000e+00 3.166494301855890798e-18 3.537907784482502477e-17 3.776525672973884370e-16 3.869673771883543203e-15 3.796188543960506910e-14 3.554844757190720084e-13 3.167070022197485194e-12 2.674605050541481739e-11 2.132256428032431443e-10 1.597328947102860062e-09 1.118602337802623412e-08 7.280403539094936958e-08 4.375140722976952938e-07 2.409897347561995572e-06 1.206750377097997561e-05 5.443864965703212546e-05 2.190482293478458167e-04 7.776494119054806926e-04 2.406562850934191276e-03 6.401181875525862458e-03 1.437521268733428156e-02 2.663233611004245383e-02 3.975468988263664016e-02 4.771189431736795605e-02 4.771189539306433525e-02 3.975469282340152177e-02 2.663234024804138345e-02 1.437521741877234929e-02 6.401186602579099147e-03 2.406566929475563096e-03 7.776525089014077637e-04 2.190502730251640937e-04 5.443980088925510710e-05 1.206807732199157311e-05 2.410148690643378518e-06 4.376126842722264972e-07 7.283895762785987416e-08 1.119729452777470055e-08 1.600671136265305721e-09 2.141426823265374895e-10 2.698034199197678151e-11 3.223113235888099471e-12 3.680966870856500375e-13 4.064366762004539742e-14 4.410521885636041374e-15 4.814584019754876952e-16 5.438697040002911359e-17 6.436309832950209889e-18 0.000000000000000000e+00
0.000000000000000000e+00 7.840071767699893520e-19 8.696253885905880761e-18 9.216930323172207465e-17 9.380300611248205622e-16 9.143567993975250711e-15 8.512073649587730977e-14 7.543888434216765643e-13 6.342553945502265325e-12 5.038944073488753485e-11 3.766379658179078008e-10 2.635723858590879942e-09 1.717512852299936604e-08 1.035804771283791870e-07 5.742162616553104860e-07 2.903937972839656929e-06 1.328364275536414407e-05 5.443864308182673202e-05 1.976985553375358346e-04 6.280259286489298272e-04 1.717197343248961106e-03 3.957730648662955396e-03 7.489964664598046731e-03 1.134653080754116986e-02 1.371568373808097242e-02 1.371568443462152335e-02 1.134653272785063685e-02 7.489967373089181230e-03 3.957733764572536096e-03 1.717200424787788601e-03 6.280284847573227008e-04 1.977004004678713017e-04 5.443980088925508677e-05 1.328427157842266017e-05 2.904241465014840055e-06 5.743462940349258760e-07 1.036306365093858546e-07 1.719267975277707046e-08 2.641341728893116487e-09 3.782948526277928385e-10 5.084264093161312893e-11 6.458183477355129657e-12 7.820489741239541359e-13 9.135272008629912325e-14 1.047142637274975662e-14 1.206571642227232312e-15 1.438849578414780932e-16 1.820239917852397453e-17 2.425881610253421587e-18 0.000000000000000000e+00
0.000000000000000000e+00 1.751554321402628306e-19 1.928811166493497221e-18 2.029864307791345563e-17 2.051950113380271615e-16 1.987543420716626612e-15 1.839547223694914386e-14 1.621886215880028613e-13 1.357612862140561897e-12 1.074856199572830233e-11 8.015620918958271370e-11 5.604368633819685203e-10 3.654926779532299301e-09 2.210498466624368415e-08 1.231846376653752779e-07 6.279408114707042296e-07 2.903938558575917347e-06 1.206750326300770012e-05 4.455502887818026580e-05 1.441423565330118709e-04 4.014392971838626049e-04 9.407578282113871317e-04 1.804301842725396969e-03 2.758908210995309786e-03 3.351003572383821297e-03 3.351003947354728920e-03 2.758909254027320807e-03 1.804303323080804454e-03 9.407595425182464690e-04 4.014409816253838208e-04 1.441437171601765189e-04 4.455597761611301122e-05 1.206807732199156972e-05 2.904241465014840055e-06 6.280832488123214044e-07 1.232444794467820389e-07 2.212771848849907196e-08 3.662792797002416561e-09 5.629346273574954185e-10 8.088894282025548352e-11 1.094833458327670204e-11 1.408504566329245959e-12 1.743606366227745471e-13 2.114051537629874102e-14 2.573525288054046489e-15 3.240115583975729183e-16 4.325413048298502812e-17 6.164116221158929804e-18 9.095395573048701283e-19 0.000000000000000000e+00
0.000000000000000000e+00 3.569342091564531889e-20 3.902391889907613888e-19 4.078080556929403101e-18 4.094966620113057548e-17 3.941623543385926881e-16 3.627131910384542756e-15 3.181496708825305735e-14 2.651336987407725304e-13 2.091704458155501025e-12 1.555984848846389899e-11 1.086562720881186421e-10 7.087635009699074425e-10 4.294760684286453134e-09 2.402448999096638496e-08 1.231846095998048471e-07 5.742163445630444411e-07 2.409896954601355450e-06 8.999521900719171006e-06 2.946869106614446402e-05 8.303751476020287210e-05 1.965982336928013608e-04 3.801102675537863817e-04 5.845605526714110507e-04 7.123141831424468703e-04 7.123143557103126834e-04 5.845610366388264562e-04 3.801109597262158349e-04 1.965990405921846083e-04 8.303830457312374764e-05 2.946931788018968172e-05 8.999948810063284198e-06 2.410148690643378518e-06 5.743462940349259819e-07 1.232444794467820654e-07 2.404923847710569940e-08 4.304040937709936420e-09 7.119429661346038365e-10 1.096586260909716639e-10 1.585244464638584728e-11 2.171234379924568411e-12 2.853635638997167174e-13 3.665247467752826815e-14 4.719040738488729589e-15 6.276612125353159278e-16 8.841332187347934426e-17 1.327667618848234866e-17 2.093536856624672335e-18 3.321720252234884301e-19 0.000000000000000000e+00
0.000000000000000000e+00 6.694811692246380980e-21 7.267484815576293525e-20 7.541907380082524658e-19 7.523014711050360342e-18 7.196255232457245741e-17 6.584045649049168952e-16 5.745221076943035906e-15 4.766278663159731138e-14 3.746271516533239281e-13 2.779019064588451990e-12 1.937282600733380560e-11 1.263047355705073142e-10 7.659923268510831543e-10 4.294761406355982824e-09 2.210497984563354460e-08 1.035805077421942281e-07 4.375139923816599503e-07 1.645677416223714319e-06 5.428701739691375252e-06 1.540259806533883922e-05 3.667777627229799642e-05 7.122953061658545196e-05 1.099054462709100633e-04 1.342153107897553152e-04 1.342153801927513336e-04 1.099056423186194612e-04 7.122981328681590913e-05 3.667810795202390372e-05 1.540292209046721303e-05 5.428955944838581557e-06 1.645847828723832475e-06 4.376126842722266030e-07 1.036306365093858678e-07 2.212771848849908519e-08 4.304040937709937247e-09 7.694352444871976472e-10 1.274745950134620252e-10 1.973937464740160960e-11 2.885561608846619699e-12 4.035095069632968475e-13 5.500021493238984138e-14 7.499633139955261503e-15 1.054761772296212262e-15 1.568688579923940906e-16 2.482432614407282345e-17 4.117467204537258139e-18 6.976639327209004993e-19 1.158918511634079197e-19 0.000000000000000000e+00
0.000000000000000000e+00 1.164607476027303620e-21 1.255316981191570507e-20 1.293725309936318208e-19 1.281981992284660048e-18 1.218677766630919056e-17 1.108563487323365243e-16 9.622450559218355490e-16 7.945704666753528598e-15 6.220555347809060932e-14 4.599850297696256965e-13 3.199302849571704154e-12 2.083144944061329874e-11 1.263047278333753563e-10 7.087636393518683418e-10 3.654925471927517973e-09 1.717513562158582086e-08 7.280401464196676617e-08 2.749201204051365879e-07 9.103865755351021636e-07 2.591652596483511913e-06 6.187430367631912816e-06 1.203913787001053286e-05 1.860631619388351617e-05 2.275391136622340483e-05 2.275393618380874242e-05 1.860638673915328303e-05 1.203924041677444470e-05 6.187551462449857674e-06 2.591770826664730022e-06 9.104786603571606476e-07 2.749812077381101505e-07 7.283895762785987416e-08 1.719267975277707046e-08 3.662792797002419043e-09 7.119429661346044569e-10 1.274745950134621286e-10 2.122634935102508837e-11 3.322424297805437280e-12 4.956487713233607128e-13 7.185327181488048109e-14 1.039443493180904134e-14 1.547822283273406684e-15 2.432857447472845949e-16 4.060640128798257064e-17 7.087310999594360686e-18 1.261325013028815452e-18 2.236425935421717585e-19 3.818370324856048885e-20 0.000000000000000000e+00
0.000000000000000000e+00 1.891124112911041959e-22 2.024152312136133742e-21 2.071740741996316597e-20 2.039423690323946250e-19 1.926620469361448853e-18 1.742307480172668244e-17 1.504207896314725767e-16 1.236068570425351678e-15 9.635776620160172266e-15 7.099662418152677950e-14 4.923814859994066410e-13 3.199302812213071237e-12 1.937282431166893865e-11 1.086563025683314234e-10 5.604365670605112292e-10 2.635725487513894117e-09 1.118601872301727270e-08 4.229602058200017960e-08 1.402226444498445374e-07 3.994791415882423410e-07 9.540190661828780288e-07 1.856459084177380929e-06 2.870338372270718648e-06 3.513197592582126185e-06 3.513205592575948571e-06 2.870361237886458489e-06 1.856492589783804311e-06 9.540588781197643320e-07 3.995180274612414780e-07 1.402528049139674320e-07 4.231589542359677250e-08 1.119729452777470055e-08 2.641341728893118555e-09 5.629346273574958321e-10 1.096586260909717414e-10 1.973937464740162576e-11 3.322424297805439299e-12 5.306250985730732864e-13 8.204611468981159978e-14 1.262052120628761111e-14 1.993293031160529506e-15 3.315787693896673211e-16 5.844266101831245994e-17 1.074647577976474161e-17 2.010166208336120441e-18 3.739875792660233256e-19 6.813606272521390497e-20 1.182665047759736532e-20 0.000000000000000000e+00
0.000000000000000000e+00 2.882477318401900284e-23 3.063769305496707765e-22 3.114263864981577039e-21 3.045461381171718266e-20 2.858913485596016856e-19 2.570069705865457994e-18 2.206572042326819116e-17 1.804014820359811560e-16 1.399873842362526694e-15 1.027261632861708812e-14 7.099662399658256857e-14 4.599850229420278470e-13 2.779018754345364028e-12 1.555985487249375601e-11 8.015614673052996940e-11 3.766383159659886999e-10 1.597327973087217088e-09 6.035440275691061508e-09 1.999111052059150723e-08 5.688505640837736193e-08 1.356631308613027627e-07 2.636715823615283784e-07 4.074863374751988291e-07 4.989737571283752518e-07 4.989761079631185465e-07 4.074930893717750822e-07 2.636815538283288829e-07 1.356750508844899337e-07 5.689671261257444323e-08 2.000013376346538786e-08 6.041363191358247373e-09 1.600671136265306135e-09 3.782948526277931487e-10 8.088894282025552230e-11 1.585244464638585697e-11 2.885561608846622930e-12 4.956487713233612176e-13 8.204611468981162502e-14 1.345981245533936170e-14 2.260148747586359446e-15 3.986621097103350267e-16 7.432429704985656205e-17 1.442063006638332246e-17 2.839326211651756429e-18 5.547676015529853897e-19 1.059860552455234069e-19 1.962730135671560816e-20 3.442715797458453111e-21 0.000000000000000000e+00
0.000000000000000000e+00 4.143760214936273203e-24 4.373898578510171649e-23 4.415404524992680171e-22 4.289227455631816788e-21 4.000860956799231369e-20 3.574875696651038381e-19 3.051731436196757938e-18 2.481682917307441402e-17 1.916245648551305632e-16 1.399874059650951399e-15 9.635777066714189515e-15 6.220555322707008368e-14 3.746270994543212407e-13 2.091705701076339411e-12 1.074854956087865736e-11 5.038951130013986357e-11 2.132254509062234526e-10 8.038100300936748623e-10 2.655883755451348632e-09 7.537444147627589815e-09 1.792867852797246537e-08 3.476985055045824896e-08 5.367511559019047802e-08 6.573497570144327121e-08 6.573561126171997779e-08 5.367694897846376887e-08 3.477257888269758141e-08 1.793195926939807601e-08 7.540657837549162060e-09 2.658370850726611637e-09 8.054395746550662336e-10 2.141426823265376187e-10 5.084264093161314831e-11 1.094833458327670042e-11 2.171234379924569623e-12 4.035095069632969990e-13 7.185327181488049371e-14 1.262052120628761111e-14 2.260148747586359446e-15 4.238058483351286189e-16 8.375763523798261971e-17 1.718109683217126156e-17 3.567324831024823527e-18 7.332467746106099788e-19 1.470393559693538019e-19 2.854157169347822180e-20 5.340855976049374712e-21 9.437329693154974987e-22 0.000000000000000000e+00
0.000000000000000000e+00 5.641705780221903153e-25 5.914138193907440561e-24 5.929023463078593506e-23 5.721133014987787618e-22 5.302025212367511303e-21 4.708198231191768178e-20 3.995471506310673840e-19 3.230972743107679324e-18 2.481680912445068310e-17 1.804014759360117777e-16 1.236068469462963480e-15 7.945704051739460952e-15 4.766277681521998015e-14 2.651339223720384052e-13 1.357610517507793839e-12 6.342567380918446388e-12 2.674601484710443793e-11 1.004684747834898254e-10 3.307411268844810458e-10 9.351422290079721621e-10 2.216452444629203228e-09 4.286007497975895036e-09 6.605906288290160399e-09 8.089266535479301220e-09 8.089425843971168317e-09 6.606367672332385425e-09 4.286699212359984017e-09 2.217289005508969933e-09 9.359634830690635509e-10 3.313773300780477934e-10 1.008851959752023200e-10 2.698034199197679120e-11 6.458183477355134503e-12 1.408504566329246565e-12 2.853635638997168688e-13 5.500021493238986032e-14 1.039443493180904291e-14 1.993293031160529900e-15 3.986621097103351253e-16 8.375763523798264436e-17 1.821010480832138216e-17 3.996211145836706679e-18 8.658897304058629479e-19 1.826010490439345059e-19 3.719193339871815529e-20 7.292678568794463914e-21 1.374700483931060314e-21 2.443265306119743046e-22 0.000000000000000000e+00
0.000000000000000000e+00 7.301026554979764293e-26 7.601778491993686050e-25 7.567920895359283940e-24 7.253416901289035307e-23 6.677894981050799138e-22 5.892464589126015220e-21 4.969937499875258623e-20 3.995486196901541081e-19 3.051731309831225328e-18 2.206573518549120120e-17 1.504208117476565147e-16 9.622450424821888144e-16 5.745219897863867931e-15 3.181500623410642031e-14 1.621882053561703477e-13 7.543912771825851211e-13 3.167063749525521225e-12 1.184284587236078838e-11 3.880710460019948819e-11 1.092215462143727860e-10 2.577758656745583431e-10 4.967538641990885939e-10 7.641344087367039466e-10 9.354424882129326957e-10 9.354797534038245247e-10 7.642427325635648617e-10 4.969174426171230961e-10 2.579748123442002970e-10 1.094173498054783626e-10 3.895908507927829095e-11 1.194248537161121440e-11 3.223113235888101087e-12 7.820489741239548427e-13 1.743606366227746480e-13 3.665247467752828077e-14 7.499633139955267814e-15 1.547822283273407867e-15 3.315787693896677155e-16 7.432429704985664833e-17 1.718109683217127697e-17 3.996211145836708220e-18 9.150715359927443618e-19 2.033872017329134728e-19 4.355482836096143753e-20 8.959469362032216516e-21 1.769377036300311580e-21 3.354881068841260447e-22 5.993250519727594333e-23 0.000000000000000000e+00
0.000000000000000000e+00 9.008957369916387614e-27 9.318554194051863589e-26 9.211932358419954587e-25 8.769266723544030130e-24 8.019406246026710458e-23 7.030464563844004444e-22 5.892374910766863140e-21 4.708202045484549309e-20 3.574864153866207717e-19 2.570069518619895483e-18 1.742306927875063748e-17 1.108563137960085511e-16 6.584043578168131601e-16 3.627138099624142837e-15 1.839540145214349170e-14 8.512115547736196838e-14 3.554834230921629723e-13 1.322237533195716428e-12 4.309697329972356110e-12 1.206614236362864339e-11 2.834186276732033498e-11 5.440680418627897960e-11 8.350398213930926797e-11 1.021787698372345889e-10 1.021869503365910568e-10 8.352784375297931614e-11 5.444309206105243957e-11 2.838624000662667558e-11 1.210994235522678277e-11 4.343786357191493226e-12 1.344627606814751230e-12 3.680966870856501890e-13 9.135272008629923685e-14 2.114051537629875048e-14 4.719040738488731955e-15 1.054761772296213248e-15 2.432857447472849400e-16 5.844266101831254622e-17 1.442063006638334403e-17 3.567324831024827379e-18 8.658897304058633330e-19 2.033872017329135932e-19 4.590221216816883628e-20 9.926550642492341457e-21 2.056294194956516882e-21 4.084127791943146495e-22 7.784112136299822630e-23 1.397408305586987550e-23 0.000000000000000000e+00
0.000000000000000000e+00 1.062748017986811909e-27 1.092565657892670255e-26 1.072383007589827822e-25 1.013908738943390675e-24 9.208629437726947787e-24 8.019863916623258836e-23 6.677857616209456084e-22 5.302099017020072107e-21 4.000856922366077534e-20 2.858919824132247870e-19 1.926621562877095337e-18 1.218677500928192885e-17 7.196254594258025187e-17 3.941633233158980504e-16 1.987532079648926718e-15 9.143637140038044527e-15 3.796171678642423086e-14 1.403653302455622335e-13 4.548160758921641020e-13 1.266080352672015717e-12 2.958557859107431248e-12 5.655791703521679703e-12 8.659147728339023406e-12 1.058975315717237362e-11 1.059144660658477988e-11 8.664103585319816719e-12 5.663380412120365986e-12 2.967888396260808876e-12 1.275317815428015210e-12 4.620291508713862222e-13 1.451151393760723740e-13 4.064366762004540373e-14 1.047142637274976608e-14 2.573525288054047278e-15 6.276612125353166181e-16 1.568688579923943372e-16 4.060640128798260762e-17 1.074647577976475394e-17 2.839326211651760281e-18 7.332467746106109418e-19 1.826010490439345781e-19 4.355482836096144957e-20 9.926550642492338448e-21 2.161642405610520236e-21 4.503114981162086925e-22 8.989649296463541663e-23 1.721981369541216906e-23 3.106731458917771995e-24 0.000000000000000000e+00
0.000000000000000000e+00 1.201020115807462845e-28 1.228400426465207950e-27 1.196966857505128331e-26 1.124042975839980315e-25 1.013711681622820036e-24 8.769513082651719297e-24 7.253020219235141629e-23 5.721183386521649620e-22 4.289181122226848416e-21 3.045461145338231013e-20 2.039422994510656210e-19 1.281980045551896226e-18 7.523014898890940835e-18 4.094979675918369868e-17 2.051932610581376553e-16 9.380409506954063093e-16 3.869647751447107436e-15 1.421667619356964490e-14 4.577474254781240975e-14 1.266424515489764806e-13 2.943338441706192881e-13 5.601878003321193786e-13 8.553851391681001513e-13 1.045431723818807194e-12 1.045763708855441314e-12 8.563597661333760605e-13 5.616902779412600444e-13 2.961909734266358123e-13 1.284870629103062836e-13 4.722051371786205001e-14 1.517171902463348785e-14 4.410521885636040585e-15 1.206571642227232903e-15 3.240115583975731155e-16 8.841332187347943054e-17 2.482432614407285426e-17 7.087310999594369931e-18 2.010166208336122752e-18 5.547676015529858711e-19 1.470393559693538982e-19 3.719193339871816131e-20 8.959469362032219525e-21 2.056294194956518010e-21 4.503114981162088806e-22 9.428515222188604621e-23 1.891601892678730991e-23 3.641982799264060915e-24 6.605344541393054503e-25 0.000000000000000000e+00
0.000000000000000000e+00 1.301896581760226692e-29 1.327531112480027057e-28 1.283894316472706419e-27 1.197709748975918625e-26 1.072266731459089677e-25 9.213770130159583243e-25 7.567565994891672995e-24 5.929309139174742755e-23 4.415375405113364701e-22 3.114279354583002295e-21 2.071747752593017802e-20 1.293722021144024017e-19 7.541920136111460316e-19 4.078097572862932936e-18 2.029839018457753136e-17 9.217095462874596276e-17 3.776487072585917693e-16 1.378034386612104737e-15 4.407574974474912726e-15 1.211531680064598754e-14 2.800066022170833988e-14 5.304577581268496093e-14 8.076989951931582265e-14 9.864843373379759297e-14 9.871029721119606928e-14 8.095207496876612876e-14 5.332847055135390389e-14 2.835190134100277673e-14 1.246538656944137311e-14 4.683082943970956021e-15 1.560687808926115292e-15 4.814584019754875966e-16 1.438849578414781918e-16 4.325413048298505894e-17 1.327667618848235945e-17 4.117467204537261991e-18 1.261325013028816800e-18 3.739875792660236145e-19 1.059860552455234551e-19 2.854157169347823986e-20 7.292678568794471437e-21 1.769377036300312708e-21 4.084127791943148846e-22 8.989649296463549892e-23 1.891601892678731285e-23 3.814469602892875075e-24 7.384101900013203791e-25 1.346904753997639876e-25 0.000000000000000000e+00
0.000000000000000000e+00 1.353370463063029776e-30 1.381829679357181461e-29 1.325904443592090291e-28 1.229240773217562880e-27 1.092003655247617685e-26 9.321088069499057238e-26 7.600548792242892293e-25 5.914517643363729167e-24 4.373791276618132431e-23 3.063767218077412938e-22 2.024166164110900590e-21 1.255305901031732237e-20 7.267521035958083160e-20 3.902407757473493634e-19 1.928776327715727291e-18 8.696493183142032742e-18 3.537852296403241058e-17 1.281814900221124094e-16 4.071722120730937845e-16 1.111636205028607397e-15 2.554769703609550171e-15 4.816563607512983128e-15 7.311781029753471968e-15 8.924374108918105224e-15 8.935362050699351751e-15 7.344235946530821210e-15 4.867251677316844297e-15 2.618070057184545913e-15 1.174950047571646402e-15 4.572200616972181167e-16 1.614942307810124934e-16 5.438697040002913208e-17 1.820239917852398069e-17 6.164116221158935967e-18 2.093536856624673875e-18 6.976639327209009808e-19 2.236425935421719029e-19 6.813606272521394108e-20 1.962730135671562020e-20 5.340855976049377721e-21 1.374700483931061255e-21 3.354881068841261387e-22 7.784112136299824981e-23 1.721981369541216906e-23 3.641982799264060180e-24 7.384101900013204709e-25 1.437856241837539831e-25 2.639413254428155054e-26 0.000000000000000000e+00
0.000000000000000000e+00 1.334353988299039183e-31 1.375845677393356331e-30 1.308946973610257378e-29 1.207251026601876368e-28 1.063542934886535064e-27 9.021610304286775197e-27 7.301585530344585328e-26 5.643444800051271771e-25 4.143956917650031661e-24 2.882558393172993580e-23 1.891200502979833150e-22 1.164589287045189440e-21 6.694936688382651710e-21 3.569352093630567633e-20 1.751511951756114426e-19 7.840402097599835718e-19 3.166418571418151351e-18 1.138961036744788094e-17 3.593008029682859715e-17 9.740858055905411097e-17 2.226509466408614055e-16 4.176807166513779349e-16 6.320101838534808558e-16 7.709748048060035287e-16 7.728096582968647782e-16 6.374452431636260841e-16 4.262206728825336697e-16 2.333667259167453964e-16 1.081638770888577223e-16 4.446928272424794071e-17 1.709665056767721791e-17 6.436309832950213741e-18 2.425881610253420817e-18 9.095395573048707061e-19 3.321720252234886227e-19 1.158918511634080160e-19 3.818370324856051293e-20 1.182665047759736833e-20 3.442715797458453111e-21 9.437329693154974987e-22 2.443265306119744927e-22 5.993250519727599035e-23 1.397408305586988137e-23 3.106731458917770893e-24 6.605344541393051748e-25 1.346904753997639646e-25 2.639413254428155054e-26 4.880644710520155461e-27 0.000000000000000000e+00
0.000000000000000000e+00 0.000000000000000000e+00 0.000000000000000000e+00 0.000000000000000000e+00 0.000000000000000000e+00 0.000000000000000000e+00 0.000000000000000000e+00 0.000000000000000000e+00 0.000000000000000000e+00 0.000000000000000000e+00 0.000000000000000000e+00 0.000000000000000000e+00 0.000000000000000000e+00 0.000000000000000000e+00 0.000000000000000000e+00 0.000000000000000000e+00 0.000000000000000000e+00 0.000000000000000000e+00 0.000000000000000000e+00 0.000000000000000000e+00 0.000000000000000000e+00 0.000000000000000000e+00 0.000000000000000000e+00 0.000000000000000000e+00 0.000000000000000000e+00 0.000000000000000000e+00 0.000000000000000000e+00 0.000000000000000000e+00 0.000000000000000000e+00 0.000000000000000000e+00 0.000000000000000000e+00 0.000000000000000000e+00 0.000000000000000000e+00 0.000000000000000000e+00 0.000000000000000000e+00 0.000000000000000000e+00 0.000000000000000000e+00 0.000000000000000000e+00 0.000000000000000000e+00 0.000000000000000000e+00 0.000000000000000000e+00 0.000000000000000000e+00 0.000000000000000000e+00 0.000000000000000000e+00 0.000000000000000000e+00 0.000000000000000000e+00 0.000000000000000000e+00 0.000000000000000000e+00 0.000000000000000000e+00 0.000000000000000000e+00
