0.000000000000000000e+00 0.000000000000000000e+00 0.000000000000000000e+00 0.000000000000000000e+00 0.000000000000000000e+00 0.000000000000000000e+00 0.000000000000000000e+00 0.000000000000000000e+00 0.000000000000000000e+00 0.000000000000000000e+00 0.000000000000000000e+00 0.000000000000000000e+00 0.000000000000000000e+00 0.000000000000000000e+00 0.000000000000000000e+00 0.000000000000000000e+00 0.000000000000000000e+00 0.000000000000000000e+00 0.000000000000000000e+00 0.000000000000000000e+00 0.000000000000000000e+00 0.000000000000000000e+00 0.000000000000000000e+00 0.000000000000000000e+00 0.000000000000000000e+00 0.000000000000000000e+00 0.000000000000000000e+00 0.000000000000000000e+00 0.000000000000000000e+00 0.000000000000000000e+00 0.000000000000000000e+00 0.000000000000000000e+00 0.000000000000000000e+00 0.000000000000000000e+00 0.000000000000000000e+00 0.000000000000000000e+00 0.000000000000000000e+00 0.000000000000000000e+00 0.000000000000000000e+00 0.000000000000000000e+00 0.000000000000000000e+00 0.000000000000000000e+00 0.000000000000000000e+00 0.000000000000000000e+00 0.000000000000000000e+00 0.000000000000000000e+00 0.000000000000000000e+00 0.000000000000000000e+00 0.000000000000000000e+00 0.000000000000000000e+00
0.000000000000000000e+00 -1.221203977016076918e-33 5.160717650125929670e-33 -2.381505539682595968e-32 1.155915241537872785e-31 -6.107227056421488131e-31 3.459977480353625760e-30 -1.999349964350743078e-29 1.119566673294454096e-28 -5.861740128131556128e-28 2.806593751156848333e-27 -1.210694728882965741e-26 4.647336418894192387e-26 -1.566830872407125584e-25 4.565251604276714349e-25 -1.123699407863402534e-24 2.256379680394377354e-24 -3.457249293249779796e-24 3.491791391769046301e-24 -6.928356649498206360e-25 -2.208810930070684829e-24 5.963552945021638923e-24 1.237129823338960684e-23 2.525191502192616758e-23 1.396334716598207007e-23 -1.038890151362747887e-24 -2.348863039944768931e-23 -3.792142215568285942e-23 -3.655643062623128978e-23 -2.840968564490088139e-23 -1.977341909376548417e-23 -1.242023507437457483e-23 -6.928153209580949101e-24 -3.409183736866649939e-24 -1.485785644163897408e-24 -5.786219686197367433e-25 -2.033737929082800728e-25 -6.512148924409379366e-26 -1.915379028429773298e-26 -5.211130805058733688e-27 -1.319220465578613760e-27 -3.122803354937618631e-28 -6.940164192318197360e-29 -1.452797293906043742e-29 -2.871651489058443162e-30 -5.368884605227562079e-31 -9.501477488270609834e-32 -1.590563085330901229e-32 -2.519796040297598816e-33 0.000000000000000000e+00
0.000000000000000000e+00 5.160717650125928302e-33 -2.322388397227990859e-32 1.195077306005908437e-31 -6.683060044788202730e-31 4.010699125709856340e-30 -2.457858428043676217e-29 1.463540015642899316e-28 -8.182668766585510520e-28 4.207108314728473361e-27 -1.962574546932048460e-26 8.219189453216806422e-26 -3.058055820667777849e-25 9.985266335658902946e-25 -2.815422490620181410e-24 6.701742796826899887e-24 -1.296485949406305767e-23 1.922926207737714193e-23 -1.777511004133410037e-23 1.027935229066524298e-23 1.907954703165423586e-23 1.224895784309850833e-22 1.715625340581959146e-22 4.113207489362164053e-22 8.597747943013270397e-22 1.105262127479312315e-21 1.326331560505009944e-21 1.148259460881401443e-21 7.593121693971626183e-22 4.175277210936780840e-22 2.064026794012321449e-22 9.700894237169087296e-23 4.410967696395545185e-23 1.914210596613289783e-23 7.765060729732731442e-24 2.904960120801535275e-24 9.975837846781157760e-25 3.147616226159262942e-25 9.157658529643614901e-26 2.467545023977120332e-26 6.184419085888280822e-27 1.447253584685851705e-27 3.172164323676774929e-28 6.527116926943918653e-29 1.262398957611384935e-29 2.294988595133885580e-30 3.914567469434939128e-31 6.234625925257936394e-32 9.188492544166986111e-33 0.000000000000000000e+00
0.000000000000000000e+00 -2.381505539682591862e-32 1.195077306005906685e-31 -7.042467089502106037e-31 4.446619648079201744e-30 -2.874585214249787670e-29 1.812019283035904746e-28 -1.077104388106787044e-27 5.917509711321883353e-27 -2.967297065149552726e-26 1.345468378421098837e-25 -5.468872873014090067e-25 1.973540527230946032e-24 -6.246660711344623814e-24 1.706990500065715694e-23 -3.928691932386769899e-23 7.388880131961883927e-23 -1.036727786056236795e-22 1.238565207104288388e-22 -3.777755469694513886e-23 9.126409974650171620e-22 5.215686809507201686e-22 7.592494576403474328e-21 1.541179191877726281e-20 1.356943349968093341e-20 9.406245745847465701e-21 -1.581646941862189308e-21 -1.076153435683628140e-20 -1.065026971893640582e-20 -6.457132363014845557e-21 -2.988631188685392111e-21 -1.177707301257929491e-21 -4.253225397841662878e-22 -1.477027478836933746e-22 -5.027256768302900763e-23 -1.667953075945807480e-23 -5.309714213852753541e-24 -1.598766397456528883e-24 -4.514121521049440709e-25 -1.190725635537694002e-25 -2.931909488555436719e-26 -6.742123375576991932e-27 -1.448840510461636982e-27 -2.909360974529676600e-28 -5.450786247993324195e-29 -9.488343433967827497e-30 -1.520746556260571758e-30 -2.201731138910821775e-31 -2.733037670529419913e-32 0.000000000000000000e+00
0.000000000000000000e+00 1.155915241537868625e-31 -6.683060044788190469e-31 4.446619648079203145e-30 -3.026521520009592580e-29 2.013820404568997591e-28 -1.267822372522194498e-27 7.407244084564937366e-27 -3.969283978175268637e-26 1.934629974266946367e-25 -8.513352111232228348e-25 3.356000887266672083e-24 -1.173961674854175485e-23 3.601773615465839746e-23 -9.523602220841122293e-23 2.131930817114702291e-22 -3.828639615426811143e-22 6.205224000065941424e-22 -6.040194973305619846e-22 4.879550270405617315e-21 -7.951630212780954655e-22 7.294801497645383639e-20 1.213630762746115553e-19 2.648476085251838622e-19 4.377935633458385377e-19 4.986623185314876723e-19 5.356019653037635066e-19 4.145675669038495509e-19 2.491983438336765819e-19 1.217670390847562838e-19 4.972052959132865624e-20 1.747162981842999811e-20 5.464824689598505152e-21 1.578240305079233705e-21 4.361263097065962991e-22 1.184812770179728761e-22 3.198637354233114242e-23 8.530884754169628650e-24 2.214516347347314767e-24 5.510177950786408065e-25 1.298854440870302803e-25 2.877058247056769296e-26 5.951886098946407392e-27 1.142534592315352309e-27 2.015500689463595596e-28 3.208357794891841179e-29 4.424275421563173247e-30 4.691876261007235241e-31 1.447761308774296199e-32 0.000000000000000000e+00
0.000000000000000000e+00 -6.107227056421447843e-31 4.010699125709850034e-30 -2.874585214249785428e-29 2.013820404568995573e-28 -1.338414239401948367e-27 8.282807623522318072e-27 -4.720387569071425625e-26 2.458682082603636172e-25 -1.162964171859221101e-24 4.963003882832925965e-24 -1.896423396928853641e-23 6.430344278782519751e-23 -1.909567315783717133e-22 4.910860446591224319e-22 -1.053922894677750480e-21 2.092658267125806592e-21 -2.989183609361621847e-21 1.940571844083527264e-20 -1.528814942665752149e-20 4.410150646637167791e-19 5.677301317458728667e-19 3.612564682451613516e-18 8.034077189322837741e-18 8.859682106947144282e-18 8.093854389887019640e-18 4.275837210273354545e-18 -4.539151463300387897e-19 -1.885751110644294407e-18 -1.355572451438291859e-18 -6.350847037870576532e-19 -2.323836637456059039e-19 -7.162776721747579848e-20 -1.946024275318925898e-20 -4.824394155755157301e-21 -1.125310487029491082e-21 -2.537747116695792663e-22 -5.644054793726510208e-23 -1.247341382437424612e-23 -2.723661716686237022e-24 -5.790500382784821855e-25 -1.176992305862830470e-25 -2.243374104122551904e-26 -3.917195848036875688e-27 -6.032156074781403742e-28 -7.474018156944264325e-29 -4.860929321113358588e-30 9.822802357261859293e-31 5.516352331172701462e-31 0.000000000000000000e+00
0.000000000000000000e+00 3.459977480353619454e-30 -2.457858428043661083e-29 1.812019283035900038e-28 -1.267822372522192525e-27 8.282807623522312333e-27 -5.000058480275432761e-26 2.769775470240017751e-25 -1.400019666567970869e-24 6.421654370809347907e-24 -2.656199064646650290e-23 9.837410395147725011e-23 -3.228771613197891165e-22 9.322951805159544617e-22 -2.302835307216547162e-21 5.341486552326885366e-21 -9.644916458948558316e-21 5.961638971628904748e-20 -7.924282895463659095e-20 1.877788040156325953e-18 1.755410382824101624e-18 2.839711090363733755e-17 7.167708247707659783e-17 1.560831242380545540e-16 2.164815727282058066e-16 2.247102075045671290e-16 2.016859476844767690e-16 1.208761806971033178e-16 5.837537852680983263e-17 2.487707809142408847e-17 9.409532005601726386e-18 3.130295701335037068e-18 9.177014168052781098e-19 2.397508568249375059e-19 5.667509023433109839e-20 1.232955692312514308e-20 2.512758512742171412e-21 4.883657949539496125e-22 9.194772025332836610e-23 1.693205169815167656e-23 3.047064695620365092e-24 5.282146331531263946e-25 8.549599547751612952e-26 1.214055779957144673e-26 1.268414673658939396e-27 2.358530401958403838e-30 -4.930698796900274871e-29 -1.872500354404107926e-29 -5.260453172579578502e-30 0.000000000000000000e+00
0.000000000000000000e+00 -1.999349964350730467e-29 1.463540015642894383e-28 -1.077104388106784892e-27 7.407244084564930191e-27 -4.720387569071425625e-26 2.769775470240015914e-25 -1.488927376259574556e-24 7.297852901446998762e-24 -3.244249749281205541e-23 1.300510415034674634e-22 -4.661920542935978464e-22 1.487276641854561945e-21 -4.128259729510055505e-21 1.087466928940918331e-20 -2.329758627387451521e-20 1.458977877889700499e-19 -2.639865784289188525e-19 6.015999677254580647e-18 3.679164550257902290e-18 1.452093711233087776e-16 3.987637281419291171e-16 1.636219771017847340e-15 3.773487868121565297e-15 4.614004297040371030e-15 4.539516947724086404e-15 3.289680437002224195e-15 1.116798436367461200e-15 7.790901268567942798e-17 -1.156998544030426623e-16 -7.581885648645590533e-17 -3.038164351620081920e-17 -9.572076419527126557e-18 -2.565440145164136864e-18 -6.075715865083122582e-19 -1.301457814693377341e-19 -2.564519892347944440e-20 -4.713067963235200403e-21 -8.171870581461542509e-22 -1.347848822451055887e-22 -2.118275451617379610e-23 -3.134738446657457094e-24 -4.191010654238060672e-25 -4.433245301610619723e-26 -1.358918452909804796e-27 1.124261644026539707e-27 4.715139445618494255e-28 1.341817162909934960e-28 3.315224484884718746e-29 0.000000000000000000e+00
0.000000000000000000e+00 1.119566673294445800e-28 -8.182668766585483615e-28 5.917509711321869721e-27 -3.969283978175260602e-26 2.458682082603633877e-25 -1.400019666567968848e-24 7.297852901446991415e-24 -3.466665600817239846e-23 1.493446620979067142e-22 -5.794135834676297999e-22 2.018316692262373086e-21 -6.192025485235648314e-21 1.817940604530497542e-20 -4.460477858695143212e-20 2.911529485002261130e-19 -6.530093362468048943e-19 1.512774473811650623e-17 4.832986830708945015e-18 5.291542469217204393e-16 1.558820589023393994e-15 1.033256821282052021e-14 3.348639725366995259e-14 7.630785218550659982e-14 9.878956116133815862e-14 9.934277759281265778e-14 8.078772943013539603e-14 3.826163495830390011e-14 1.333355256790756008e-14 4.134903092982595158e-15 1.252016629126372041e-15 3.689225030184613571e-16 1.019459904605881784e-16 2.579670425718550660e-17 5.942170280724234192e-18 1.250650089845594645e-18 2.422763621036300652e-19 4.354418077566422707e-20 7.313215206864224449e-21 1.153479689288811949e-21 1.708815893655313648e-22 2.352099157553007657e-23 2.894265373476673396e-24 2.783076638013279818e-25 6.247149511793324329e-27 -6.770344371995037876e-27 -2.614030496114740593e-27 -7.065542623473102810e-28 -1.678655829428692501e-28 0.000000000000000000e+00
0.000000000000000000e+00 -5.861740128131541779e-28 4.207108314728451119e-27 -2.967297065149547560e-26 1.934629974266942005e-25 -1.162964171859218162e-24 6.421654370809344234e-24 -3.244249749281197312e-23 1.493446620979063851e-22 -6.226641663197834337e-22 2.347117882419248489e-21 -7.863360463556109167e-21 2.539345214675899174e-20 -6.976379926591617610e-20 4.820211383910483027e-19 -1.271888197356187844e-18 3.072717157919383116e-17 1.870061764738567515e-18 1.456962279788433911e-15 4.579555831321909770e-15 4.367409752354299431e-14 1.807656834012313143e-13 6.717697644246954395e-13 1.587435045231296215e-12 1.997011752389078949e-12 1.993837747629811524e-12 1.551354698030286804e-12 6.336985132172706703e-13 1.563269069502058719e-13 2.149782960322983259e-14 -1.025117091263140364e-15 -1.742746642290488978e-15 -6.861559703144314045e-16 -1.971754233007957959e-16 -4.771131492835032172e-17 -1.021987344743176880e-17 -1.985292220410317855e-18 -3.547392055776873634e-19 -5.884332026591223871e-20 -9.112690067473341864e-21 -1.319300321141015569e-21 -1.773780868768755687e-22 -2.158852402514900774e-23 -2.187424955805908841e-24 -1.202419240939430202e-25 2.213190444255747634e-26 1.094554129116292262e-26 3.050407212046914637e-27 7.228719413637603152e-28 0.000000000000000000e+00
0.000000000000000000e+00 2.806593751156831831e-27 -1.962574546932037842e-26 1.345468378421092867e-25 -8.513352111232200797e-25 4.963003882832907598e-24 -2.656199064646632658e-23 1.300510415034666406e-22 -5.794135834676248158e-22 2.347117882419240590e-21 -8.509445330464532753e-21 2.994071045619429428e-20 -9.068746391525734462e-20 6.701750415257699566e-19 -2.012335637340298486e-18 5.144212756483858206e-17 -8.284560431215610629e-18 3.151491298037794505e-15 1.055321747461573835e-14 1.333287464511022296e-13 6.665541987130461329e-13 3.533217031723583384e-12 1.279959140674078891e-11 3.052237623158323251e-11 3.870179965417017567e-11 3.871335084247029294e-11 3.077378424184448322e-11 1.306116120201518438e-11 3.705553211431919124e-12 8.321075113846704894e-13 1.698019783707147727e-13 3.516495032765086250e-14 7.691237699300661731e-15 1.716670075894702110e-15 3.715007596533005459e-16 7.555329419659199517e-17 1.427201052673709483e-17 2.500183824315898275e-18 4.070553793519455175e-19 6.174727853773991344e-20 8.731114700592127902e-21 1.145158179045084300e-21 1.367866860246962534e-22 1.404725822596103788e-23 9.778946435730924256e-25 -4.706221087393594128e-26 -4.032381935181674014e-26 -1.174429100354246267e-26 -2.778367126236616898e-27 0.000000000000000000e+00
0.000000000000000000e+00 -1.210694728882960289e-26 8.219189453216749025e-26 -5.468872873014062517e-25 3.356000887266649308e-24 -1.896423396928841005e-23 9.837410395147618041e-23 -4.661920542935921100e-22 2.018316692262336975e-21 -7.863360463555934629e-21 2.994071045619400539e-20 -9.887858969789893528e-20 7.886932760234800207e-19 -2.633166644066441728e-18 7.198841449919524285e-17 -2.460710418676904718e-17 5.501605844397938825e-15 1.964687864604646473e-14 3.093897063339043460e-13 1.802177066038705541e-12 1.245872664948735790e-11 6.111399625292732853e-11 2.308946482135200393e-10 5.636122296282315197e-10 7.096439444450444631e-10 7.096510303403265704e-10 5.621080008648206589e-10 2.293599049376733757e-10 6.006986120594162840e-11 1.139511581174203924e-11 1.608298086883210262e-12 1.445082867663328304e-13 -4.333548557170968725e-15 -5.943415239259298972e-15 -1.818135033644056674e-15 -4.157008474553302340e-16 -8.146789199955933038e-17 -1.429349769471901996e-17 -2.285594493650637669e-18 -3.355433759951261981e-19 -4.524289320356329012e-20 -5.555816140053836832e-21 -6.044884675868389356e-22 -5.327933043514790683e-23 -2.286740629684115333e-24 5.061554538470624836e-25 2.034414158442271397e-25 5.012366336444824700e-26 1.077161736731197437e-26 0.000000000000000000e+00
0.000000000000000000e+00 4.647336418894152783e-26 -3.058055820667752135e-25 1.973540527230926930e-24 -1.173961674854163436e-23 6.430344278782417483e-23 -3.228771613197826747e-22 1.487276641854510036e-21 -6.192025485235427133e-21 2.539345214675787230e-20 -9.068746391525509369e-20 7.886932760234834873e-19 -2.877147424775597849e-18 8.497089841444512260e-17 -4.039470239607314631e-17 7.897127327679681891e-15 3.017899055598921268e-14 5.653397209788115352e-13 3.743259324511845460e-12 3.175559695462673941e-11 1.953371116217291502e-10 1.020234894552223033e-09 3.921332134675502258e-09 9.739576370233790344e-09 1.223581021129567096e-08 1.223529583860957826e-08 9.747224304927446975e-09 3.928924461132127910e-09 1.025610752888545066e-09 2.011554476934387377e-10 3.255288484796937146e-11 4.698910115437228167e-12 6.575047198331319966e-13 9.670392800207209809e-14 1.547876869244683502e-14 2.608908141305171517e-15 4.363165035369957191e-16 6.915204636546371036e-17 1.009388101884173310e-17 1.325755065719403743e-18 1.512002135490223830e-19 1.364538283363621936e-20 6.020671219139113598e-22 -1.137188643328209955e-22 -4.319207325174106855e-23 -9.595323273020138600e-24 -1.799273382178473836e-24 -3.125908126752239742e-25 -5.286229059041033169e-26 0.000000000000000000e+00
0.000000000000000000e+00 -1.566830872407108135e-25 9.985266335658785397e-25 -6.246660711344530509e-24 3.601773615465765690e-23 -1.909567315783658358e-22 9.322951805159085704e-22 -4.128259729509807240e-21 1.817940604530329324e-20 -6.976379926591400943e-20 6.701750415257663937e-19 -2.633166644066597343e-18 8.497089841444560332e-17 -4.698781509125478170e-17 9.433422323080645147e-15 3.881416763942237218e-14 8.337321935227636073e-13 6.169660795490435305e-12 6.152345977041890810e-11 4.511868501408225352e-10 2.989440162816252880e-09 1.572945768024214926e-08 6.195660850992641828e-08 1.569323624438902976e-07 1.962707833471102419e-07 1.962755700203833767e-07 1.568997924819554954e-07 6.192552107464049462e-08 1.570629987717261738e-08 2.962739031831592186e-09 4.490004330076880089e-10 5.677424809240340717e-11 6.000561129683061503e-12 4.950004955226394632e-13 2.051048191607730473e-14 -3.039318541932144511e-15 -1.017987966762644190e-15 -1.800463919592946153e-16 -2.281633849498267339e-17 -1.735527020443081569e-18 1.012461933443997316e-19 7.599284962206773722e-20 2.002996419608702807e-20 4.048999808201060181e-21 7.114113202470368619e-22 1.140423043253503871e-22 1.713887793994207177e-23 2.462224224736999759e-24 3.440459877372267483e-25 0.000000000000000000e+00
0.000000000000000000e+00 4.565251604276646390e-25 -2.815422490620120431e-24 1.706990500065670731e-23 -9.523602220840695589e-23 4.910860446590921511e-22 -2.302835307216319210e-21 1.087466928940791189e-20 -4.460477858694775480e-20 4.820211383910431990e-19 -2.012335637340476441e-18 7.198841449919706709e-17 -4.039470239608173750e-17 9.433422323080673546e-15 4.216852894588884183e-14 1.008406567431436319e-12 8.251729597383271274e-12 9.380039709201419318e-11 7.923495150575278982e-10 6.291361247146324558e-09 4.156582586823574057e-08 2.239963672421656847e-07 9.005018179419682117e-07 2.322203468172877581e-06 2.891068727808650815e-06 2.891039924293688261e-06 2.322317326625625464e-06 9.006042797523028622e-07 2.240779601792362119e-07 4.166645403397332334e-08 6.292580321332426229e-09 8.123451545727248365e-10 9.301272118840635710e-11 9.761762566592577522e-12 9.709231437439864455e-13 9.375311605165674393e-14 8.559526577705358537e-15 5.973121927374026966e-16 -1.540958049334712569e-17 -1.974526573276880818e-17 -5.743450931746658573e-18 -1.262467597827405355e-18 -2.396450998213621744e-19 -4.110893794064112989e-20 -6.517431840859327747e-21 -9.683772848935489040e-22 -1.362328945743314110e-22 -1.830134849116294566e-23 -2.360483307103832572e-24 0.000000000000000000e+00
0.000000000000000000e+00 -1.123699407863373514e-24 6.701742796826669197e-24 -3.928691932386543029e-23 2.131930817114533961e-22 -1.053922894677600581e-21 5.341486552326140573e-21 -2.329758627387018488e-20 2.911529485002281834e-19 -1.271888197356262763e-18 5.144212756484097946e-17 -2.460710418677456920e-17 7.897127327679749733e-15 3.881416763942224596e-14 1.008406567431435915e-12 9.077722839865260195e-12 1.151472808966522597e-10 1.095236353592760255e-09 1.002981567379449166e-08 7.865152457354296473e-08 5.295122061605061689e-07 2.892992700674131785e-06 1.183987176678780438e-05 3.103508330017609344e-05 3.842737381673724540e-05 3.842750153860160725e-05 3.103476598044635628e-05 1.183961213489155075e-05 2.892765686982092671e-06 5.292106402669333319e-07 7.867613786965997978e-08 9.959621546980528197e-09 1.104477637864568861e-09 1.092738186235370642e-10 9.788618170288090549e-12 8.161416225054991572e-13 6.963636715870058642e-14 7.693170289108828844e-15 1.278820040510933310e-15 2.603734695262839432e-16 5.283856694053942525e-17 1.000884043403607945e-17 1.755511217926483990e-18 2.867017126532400688e-19 4.392203333790600375e-20 6.354801496626167158e-21 8.734573914071108465e-22 1.146348869124448588e-22 1.438090504744383199e-23 0.000000000000000000e+00
0.000000000000000000e+00 2.256379680394277804e-24 -1.296485949406213197e-23 7.388880131961110452e-23 -3.828639615426175435e-22 2.092658267125404479e-21 -9.644916458946329955e-21 1.458977877889689666e-19 -6.530093362468537166e-19 3.072717157919531643e-17 -8.284560431219853838e-18 5.501605844397992468e-15 3.017899055598909908e-14 8.337321935227629005e-13 8.251729597383276121e-12 1.151472808966522338e-10 1.217087929011585822e-09 1.254798438182884132e-08 1.126665033029395165e-07 8.940967629457297020e-07 6.038860545960149357e-06 3.326897352907315939e-05 1.377973356363127106e-04 3.657068081977301330e-04 4.499375840913986458e-04 4.499371581187044077e-04 3.657074826616009541e-04 1.377977981291167474e-04 3.326944297877807870e-05 6.039541815086323783e-06 8.939462228878990985e-07 1.128675636326430104e-07 1.249859626093203829e-08 1.236814530681637056e-09 1.106246256440974472e-10 8.914272392057683897e-12 6.111310654111048981e-13 2.384581777032182155e-14 -3.247772718229565210e-15 -1.264934164162929306e-15 -2.860583356429252980e-16 -5.467849475323075804e-17 -9.482113882128686164e-18 -1.527609845338516284e-18 -2.312210328360866137e-19 -3.311367226958085925e-20 -4.510596636726516660e-21 -5.868706600780102841e-22 -7.291802900005225194e-23 0.000000000000000000e+00
0.000000000000000000e+00 -3.457249293249484453e-24 1.922926207737452939e-23 -1.036727786056052242e-22 6.205224000064282567e-22 -2.989183609361168577e-21 5.961638971628766322e-20 -2.639865784289606452e-19 1.512774473811709480e-17 1.870061764736897349e-18 3.151491298037818171e-15 1.964687864604653415e-14 5.653397209788105254e-13 6.169660795490449038e-12 9.380039709201414148e-11 1.095236353592760462e-09 1.254798438182884463e-08 1.264917090301136577e-07 1.143559374091546642e-06 9.010863712229804341e-06 6.049521222873792289e-05 3.318622252206883329e-04 1.376586672033485240e-03 3.670913165530171642e-03 4.481669694582839786e-03 4.481670739022120507e-03 3.670912147179767205e-03 1.376586223146836034e-03 3.318615906367187052e-04 6.049416815763800185e-05 9.011357002553577864e-06 1.143103557359293798e-06 1.266687846295034695e-07 1.249210009926404659e-08 1.114422810157258274e-09 9.169912451774656481e-11 7.225469450338186809e-12 5.971929161166326259e-13 6.100866278945007513e-14 8.439654827558464951e-15 1.405052723376740726e-15 2.424813737294763507e-16 4.049411362214278490e-17 6.416888523655318077e-18 9.626116915545865101e-19 1.370455850031479671e-19 1.858311628727731171e-20 2.408303367742176510e-21 2.980791868676517773e-22 0.000000000000000000e+00
0.000000000000000000e+00 3.491791391768493084e-24 -1.777511004133023299e-23 1.238565207103935974e-22 -6.040194973306507579e-22 1.940571844083485736e-20 -7.924282895466587712e-20 6.015999677254685418e-18 4.832986830708760896e-18 1.456962279788427995e-15 1.055321747461593241e-14 3.093897063339026799e-13 3.743259324511861616e-12 6.152345977041883055e-11 7.923495150575281050e-10 1.002981567379449497e-08 1.126665033029395429e-07 1.143559374091546642e-06 1.021974019744025192e-05 7.912817242754976923e-05 5.181601821711935346e-04 2.770591912269743454e-03 1.128136857875874748e-02 2.975658325008609731e-02 3.597181286267112782e-02 3.597181110561663286e-02 2.975658422622189103e-02 1.128136847157356487e-02 2.770592264083405424e-03 5.181609765526810994e-04 7.912719912722777156e-05 1.022052041136859766e-05 1.143111382323142124e-06 1.127941752696529225e-07 9.970703357556070878e-09 7.981478077361716283e-10 5.785867301744046101e-11 3.662634701814015163e-12 1.625064235594988779e-13 -5.609067944976815204e-15 -3.318140315448961111e-15 -7.186119757360104739e-16 -1.274012505100448036e-16 -2.049920865213508500e-17 -3.082581999664976393e-18 -4.383007639567635718e-19 -5.929875670279329666e-20 -7.666114864749210130e-21 -9.465999361771892149e-22 0.000000000000000000e+00
0.000000000000000000e+00 -6.928356649492732964e-25 1.027935229066851673e-23 -3.777755469699896475e-23 4.879550270406474203e-21 -1.528814942666635068e-20 1.877788040156360620e-18 3.679164550258173461e-18 5.291542469217104799e-16 4.579555831322069909e-15 1.333287464511007150e-13 1.802177066038720486e-12 3.175559695462662308e-11 4.511868501408234657e-10 6.291361247146320422e-09 7.865152457354303090e-08 8.940967629457291726e-07 9.010863712229807729e-06 7.912817242754975567e-05 5.915290479883378392e-04 3.672763340059824813e-03 1.840620343877664988e-02 7.061330867371147513e-02 1.777771615565611196e-01 2.118929906352571835e-01 2.118929923215812916e-01 1.777771609724438928e-01 7.061330945367250145e-02 1.840620375901279651e-02 3.672763620600179215e-03 5.915299918506412586e-04 7.912725248452534218e-05 9.011641416125744299e-06 8.938806301317499035e-07 7.878246946810434513e-08 6.278764258265097328e-09 4.604300573773448099e-10 3.183713683151596096e-11 2.186540133531113679e-12 1.673702848560672571e-13 1.663379068477531578e-14 2.176600816701496610e-15 3.252774486106825276e-16 4.940312574453115974e-17 7.273016983175375597e-18 1.024309727583240938e-18 1.377979773429170398e-19 1.773791736046650982e-20 2.182301297084143622e-21 0.000000000000000000e+00
0.000000000000000000e+00 -2.208810930068046947e-24 1.907954703162615036e-23 9.126409974653841043e-22 -7.951630212808128323e-22 4.410150646637283347e-19 1.755410382824273417e-18 1.452093711233041430e-16 1.558820589023462624e-15 4.367409752354215496e-14 6.665541987130542108e-13 1.245872664948728035e-11 1.953371116217298222e-10 2.989440162816245849e-09 4.156582586823577365e-08 5.295122061605057454e-07 6.038860545960152745e-06 6.049521222873792289e-05 5.181601821711938598e-04 3.672763340059825247e-03 2.076395307360486692e-02 9.070916998452184521e-02 2.988237165918872784e-01 6.513210060685369340e-01 7.562748419084386331e-01 7.562748416398568096e-01 6.513210067160566386e-01 2.988237162358824972e-01 9.070916967061172509e-02 2.076395236926708437e-02 3.672763499132086253e-03 5.181607316531537926e-04 6.049438730248984383e-05 6.039083362393846514e-06 5.293226310800272420e-07 4.158440067095049290e-08 2.974020619524627475e-09 1.955000800029614790e-10 1.178796514417519156e-11 6.268670784280115087e-13 2.348863165666672477e-14 -7.114136968608001903e-16 -3.558736101138782279e-16 -6.673779121329327072e-17 -1.035640709623322145e-17 -1.473160756899254493e-18 -1.976276202625077332e-19 -2.526908860850637987e-20 -3.085052868881114360e-21 0.000000000000000000e+00
0.000000000000000000e+00 5.963552945014646201e-24 1.224895784310612318e-22 5.215686809501762439e-22 7.294801497645523268e-20 5.677301317459206297e-19 2.839711090363616042e-17 3.987637281419468665e-16 1.033256821282030091e-14 1.807656834012334347e-13 3.533217031723561978e-12 6.111399625292748363e-11 1.020234894552220759e-09 1.572945768024216249e-08 2.239963672421654200e-07 2.892992700674134326e-06 3.326897352907313906e-05 3.318622252206884413e-04 2.770591912269742586e-03 1.840620343877664294e-02 9.070916998452180358e-02 3.057815723542787745e-01 6.923777788536179534e-01 9.004142671164532263e-01 9.515853693397390289e-01 9.515853684382745703e-01 9.004142663598885266e-01 6.923777783144268172e-01 3.057815718285585849e-01 9.070916945406024001e-02 1.840620256026432103e-02 2.770592175624591365e-03 3.318624982937613301e-04 3.326893393875292012e-05 2.893107152204982386e-06 2.239832130129467990e-07 1.574094833197984823e-08 1.019508708360617124e-09 6.164265483236017235e-11 3.526914206105138550e-12 1.950497945491643061e-13 1.091044278897043726e-14 6.780104257876839930e-16 5.275260930339612394e-17 5.247896363455863878e-18 6.003624951248444298e-19 7.110368328299391134e-20 8.276196747132148542e-21 9.270991073409903956e-22 0.000000000000000000e+00
0.000000000000000000e+00 1.237129823339594716e-23 1.715625340581745676e-22 7.592494576403051526e-21 1.213630762746252053e-19 3.612564682451379323e-18 7.167708247707985189e-17 1.636219771017806122e-15 3.348639725367036910e-14 6.717697644246910976e-13 1.279959140674081314e-11 2.308946482135196516e-10 3.921332134675503912e-09 6.195660850992640504e-08 9.005018179419687411e-07 1.183987176678779929e-05 1.377973356363127648e-04 1.376586672033484806e-03 1.128136857875874748e-02 7.061330867371151676e-02 2.988237165918871674e-01 6.923777788536179534e-01 9.079385914192946716e-01 9.779605878422680254e-01 9.924367846947910188e-01 9.924367848363560007e-01 9.779605868498680854e-01 9.079385912027482242e-01 6.923777787676088646e-01 2.988237168481459594e-01 7.061330826759758261e-02 1.128136788050234512e-02 1.376587309884490977e-03 1.377971628979956522e-04 1.184001395857499662e-05 9.004975686076503877e-07 6.196769952958887048e-08 3.922344395843580458e-09 2.314028734275860160e-10 1.288753835098685807e-11 6.902533845858263935e-13 3.707388574316128533e-14 2.208683628966109003e-15 1.707050997879688928e-16 1.797664826582650984e-17 2.259325699324146038e-18 2.968790489762520012e-19 3.845390290598715327e-20 4.802655675135355036e-21 0.000000000000000000e+00
0.000000000000000000e+00 2.525191502193848676e-23 4.113207489360112110e-22 1.541179191878014869e-20 2.648476085251487140e-19 8.034077189323256823e-18 1.560831242380498701e-16 3.773487868121613418e-15 7.630785218550605708e-14 1.587435045231300860e-12 3.052237623158319373e-11 5.636122296282315197e-10 9.739576370233783727e-09 1.569323624438904564e-07 2.322203468172876734e-06 3.103508330017609344e-05 3.657068081977299704e-04 3.670913165530172509e-03 2.975658325008609731e-02 1.777771615565609808e-01 6.513210060685367120e-01 9.004142671164535594e-01 9.779605878422684695e-01 9.958409460840546013e-01 9.989613268372909971e-01 9.989613267924608575e-01 9.958409476924392489e-01 9.779605878730210922e-01 9.004142678798885413e-01 6.513210071740870299e-01 1.777771617706530305e-01 2.975658327110171017e-02 3.670912084704278447e-03 3.657068822227620055e-04 3.103480129844959830e-05 2.322212929845095119e-06 1.569062342114228555e-07 9.739330646195725962e-09 5.623527920917040713e-10 3.045256606755562442e-11 1.548012559904393520e-12 7.244153236259782658e-14 2.819827519082957838e-15 3.675558582809430909e-17 -1.161678762841335468e-17 -2.314585547050169007e-18 -3.344263241458232919e-19 -4.340546957530249576e-20 -5.289565545444941552e-21 0.000000000000000000e+00
0.000000000000000000e+00 1.396334716595541279e-23 8.597747943016138603e-22 1.356943349967799938e-20 4.377935633458659822e-19 8.859682106946896223e-18 2.164815727282079021e-16 4.614004297040359197e-15 9.878956116133818387e-14 1.997011752389079353e-12 3.870179965417016920e-11 7.096439444450446699e-10 1.223581021129567427e-08 1.962707833471101095e-07 2.891068727808649121e-06 3.842737381673723863e-05 4.499375840913984290e-04 4.481669694582834582e-03 3.597181286267111394e-02 2.118929906352570447e-01 7.562748419084377449e-01 9.515853693397388069e-01 9.924367846947902416e-01 9.989613268372903310e-01 9.998289861384180854e-01 9.998289876591225367e-01 9.989613273736062116e-01 9.924367858019501609e-01 9.515853703259127272e-01 7.562748430054304638e-01 2.118929921592557220e-01 3.597181266778057274e-02 4.481670085362590358e-03 4.499375231606527912e-04 3.842739841787528020e-05 2.891062033700768957e-06 1.962706578572585383e-07 1.223517011056152610e-08 7.095642542625299270e-10 3.865920629237350088e-11 1.991505856820647281e-12 9.698673904008019134e-14 4.370809868890509482e-15 1.624455698688781197e-16 1.265579818482760746e-18 -8.399611779834031699e-19 -1.635901327557686326e-19 -2.425731194906645554e-20 -3.253888126176844147e-21 0.000000000000000000e+00
0.000000000000000000e+00 -1.038890151368398342e-24 1.105262127479393565e-21 9.406245745846451579e-21 4.986623185315012501e-19 8.093854389886853240e-18 2.247102075045691012e-16 4.539516947724057216e-15 9.934277759281317528e-14 1.993837747629803850e-12 3.871335084247043511e-11 7.096510303403243991e-10 1.223529583860959480e-08 1.962755700203832708e-07 2.891039924293688684e-06 3.842750153860160047e-05 4.499371581187042992e-04 4.481670739022118773e-03 3.597181110561663980e-02 2.118929923215813471e-01 7.562748416398564766e-01 9.515853684382724609e-01 9.924367848363565559e-01 9.989613267924606355e-01 9.998289876591228698e-01 9.998289862758957813e-01 9.989613295303082507e-01 9.924367862152857489e-01 9.515853699759436735e-01 7.562748435274090353e-01 2.118929930800909633e-01 3.597181335125917284e-02 4.481670431252464393e-03 4.499376610550189642e-04 3.842744484972741777e-05 2.891075770025346329e-06 1.962743137353613924e-07 1.223605838127001367e-08 7.097631618888786662e-10 3.870052946673228029e-11 1.999511685711231209e-12 9.843947783252561304e-14 4.618694659997478076e-15 2.023648972677880734e-16 7.353606261264612810e-18 4.214959982934864839e-20 -4.179742417193267309e-20 -8.191304795582430421e-21 -1.230820396790422913e-21 0.000000000000000000e+00
0.000000000000000000e+00 -2.348863039944031308e-23 1.326331560504929822e-21 -1.581646941861289726e-21 5.356019653037571511e-19 4.275837210273396915e-18 2.016859476844764485e-16 3.289680437002224195e-15 8.078772943013545914e-14 1.551354698030283977e-12 3.077378424184452846e-11 5.621080008648194181e-10 9.747224304927453592e-09 1.568997924819554160e-07 2.322317326625625464e-06 3.103476598044632918e-05 3.657074826616009541e-04 3.670912147179765470e-03 2.975658422622189450e-02 1.777771609724438651e-01 6.513210067160565275e-01 9.004142663598876384e-01 9.779605868498668642e-01 9.958409476924398041e-01 9.989613273736062116e-01 9.989613295303081397e-01 9.958409478665467551e-01 9.779605883349579143e-01 9.004142675258733908e-01 6.513210073574160486e-01 1.777771632474130503e-01 2.975658505814626070e-02 3.670913335735040504e-03 3.657075124542145885e-04 3.103505229123267425e-05 2.322296243000123892e-06 1.569300811368236861e-07 9.745358168831998907e-09 5.637219525615632844e-10 3.073585978641376821e-11 1.601979520867036230e-12 8.198910748304900662e-14 4.399788687106920362e-15 2.827945376460224702e-16 2.462351304974452077e-17 2.756792933581031197e-18 3.423904593025217151e-19 4.301711684516974244e-20 5.266859258905119259e-21 0.000000000000000000e+00
0.000000000000000000e+00 -3.792142215568076116e-23 1.148259460881406145e-21 -1.076153435683623475e-20 4.145675669038518620e-19 -4.539151463300710490e-19 1.208761806971038109e-16 1.116798436367462975e-15 3.826163495830381175e-14 6.336985132172714781e-13 1.306116120201518922e-11 2.293599049376729880e-10 3.928924461132132873e-09 6.192552107464041521e-08 9.006042797523032857e-07 1.183961213489154059e-05 1.377977981291168288e-04 1.376586223146835600e-03 1.128136847157356140e-02 7.061330945367248757e-02 2.988237162358824417e-01 6.923777783144264841e-01 9.079385912027474470e-01 9.779605878730205371e-01 9.924367858019512711e-01 9.924367862152860820e-01 9.779605883349576922e-01 9.079385940312471037e-01 6.923777807709237120e-01 2.988237186366888842e-01 7.061331044706252447e-02 1.128136984939019996e-02 1.376588574391263272e-03 1.377977830215111783e-04 1.184026010369833352e-05 9.005799429771149564e-07 6.199162635894567974e-08 3.928506770517458959e-09 2.328332282004188196e-10 1.319058249700963743e-11 7.494607166474712994e-13 4.783082046196323220e-14 4.038772659336483833e-15 4.639853983109628278e-16 6.247107534340404366e-17 8.677740445191749215e-18 1.180558617325227408e-18 1.549440340393054333e-19 1.949910280622918772e-20 0.000000000000000000e+00
0.000000000000000000e+00 -3.655643062623195393e-23 7.593121693972112367e-22 -1.065026971893671277e-20 2.491983438336831782e-19 -1.885751110644373755e-18 5.837537852681070777e-17 7.790901268567246382e-17 1.333355256790759321e-14 1.563269069502057961e-13 3.705553211431920739e-12 6.006986120594158963e-11 1.025610752888545893e-09 1.570629987717260083e-08 2.240779601792361854e-07 2.892765686982091401e-06 3.326944297877809225e-05 3.318615906367186510e-04 2.770592264083404990e-03 1.840620375901279998e-02 9.070916967061171121e-02 3.057815718285585294e-01 6.923777787676088646e-01 9.004142678798887633e-01 9.515853703259139484e-01 9.515853699759431183e-01 9.004142675258733908e-01 6.923777807709236010e-01 3.057815731286241401e-01 9.070917053908816863e-02 1.840620455148359036e-02 2.770594373573128082e-03 3.318640671956557433e-04 3.326975826677938588e-05 2.893451706792399170e-06 2.241034704575919632e-07 1.577715537980576458e-08 1.029133257328575531e-09 6.394093280025924020e-11 4.026589506157850978e-12 2.950214137340750640e-13 2.947770416874151381e-14 3.902311626764242255e-15 5.794727239856686748e-16 8.661204562534841051e-17 1.253854132585033059e-17 1.741375072706188191e-18 2.318425002374569982e-19 2.953268376747224899e-20 0.000000000000000000e+00
0.000000000000000000e+00 -2.840968564490289148e-23 4.175277210937106688e-22 -6.457132363015114134e-21 1.217670390847610746e-19 -1.355572451438335578e-18 2.487707809142472942e-17 -1.156998544030471490e-16 4.134903092982632235e-15 2.149782960322971899e-14 8.321075113846696816e-13 1.139511581174205863e-11 2.011554476934385051e-10 2.962739031831593014e-09 4.166645403397329025e-08 5.292106402669335437e-07 6.039541815086324630e-06 6.049416815763796119e-05 5.181609765526813162e-04 3.672763620600180950e-03 2.076395236926708437e-02 9.070916945406022613e-02 2.988237168481461259e-01 6.513210071740869189e-01 7.562748430054306858e-01 7.562748435274081471e-01 6.513210073574160486e-01 2.988237186366887732e-01 9.070917053908819638e-02 2.076395304413859028e-02 3.672765532405370369e-03 5.181632066491749641e-04 6.049619402184732651e-05 6.040035052236776490e-06 5.297187857898066017e-07 4.172178150097493109e-08 3.015094137969427534e-09 2.063440162011238219e-10 1.436125559784073106e-11 1.183245757499079889e-12 1.342795379155922408e-13 1.978496742412621011e-14 3.192423446862447040e-15 5.115728336853438072e-16 7.883808081602122915e-17 1.160288148264818845e-17 1.631526206586025230e-18 2.196760483043752677e-19 2.828627759461250568e-20 0.000000000000000000e+00
0.000000000000000000e+00 -1.977341909376644514e-23 2.064026794012473088e-22 -2.988631188685506087e-21 4.972052959133081689e-20 -6.350847037870736385e-19 9.409532005601975986e-18 -7.581885648645777887e-17 1.252016629126390185e-15 -1.025117091263219447e-15 1.698019783707146465e-13 1.608298086883219551e-12 3.255288484796924221e-11 4.490004330076888360e-10 6.292580321332418785e-09 7.867613786966000625e-08 8.939462228878989926e-07 9.011357002553574476e-06 7.912719912722778511e-05 5.915299918506414754e-04 3.672763499132088421e-03 1.840620256026432103e-02 7.061330826759758261e-02 1.777771617706530305e-01 2.118929921592557497e-01 2.118929930800908801e-01 1.777771632474130781e-01 7.061331044706251059e-02 1.840620455148359730e-02 3.672765532405371236e-03 5.915323734589498280e-04 7.912912544281993038e-05 9.012725555767677575e-06 8.943811212904728851e-07 7.897565321287477561e-08 6.343066896291951085e-09 4.792961038523013845e-10 3.679697525975313986e-11 3.370074005548465303e-12 4.263922774785727563e-13 6.907439118391205356e-14 1.206925829550152100e-14 2.074922574077101500e-15 3.410706389794391804e-16 5.331331001672570564e-17 7.934102454247290419e-18 1.127328236209993622e-18 1.533676631007607080e-19 1.995202034314253706e-20 0.000000000000000000e+00
0.000000000000000000e+00 -1.242023507437501417e-23 9.700894237169543387e-23 -1.177707301257981965e-21 1.747162981843061501e-20 -2.323836637456116336e-19 3.130295701335108327e-18 -3.038164351620146015e-17 3.689225030184668792e-16 -1.742746642290517179e-15 3.516495032765089405e-14 1.445082867663344964e-13 4.698910115437201510e-12 5.677424809240359458e-11 8.123451545727235958e-10 9.959621546980526543e-09 1.128675636326429443e-07 1.143103557359294010e-06 1.022052041136859597e-05 7.912725248452535574e-05 5.181607316531540094e-04 2.770592175624591365e-03 1.128136788050234339e-02 2.975658327110170670e-02 3.597181266778055886e-02 3.597181335125915203e-02 2.975658505814626764e-02 1.128136984939020170e-02 2.770594373573128950e-03 5.181632066491751809e-04 7.912912544282001170e-05 1.022187216144875344e-05 1.143875369964905714e-06 1.131478619244244291e-07 1.010826195465752336e-08 8.441942056673214182e-10 7.139932378873722280e-11 7.219769449341164100e-12 1.008770649959458581e-12 1.787699509255401836e-13 3.381249600288398260e-14 6.246471197515522508e-15 1.097584871290207342e-15 1.826289089823476849e-16 2.882774109243017237e-17 4.330726305107331735e-18 6.212448796113394475e-19 8.534869844304675502e-20 1.121313165688911553e-20 0.000000000000000000e+00
0.000000000000000000e+00 -6.928153209581121017e-24 4.410967696395638049e-23 -4.253225397841855659e-22 5.464824689598620257e-21 -7.162776721747759200e-20 9.177014168052910136e-19 -9.572076419527305283e-18 1.019459904605892631e-16 -6.861559703144397861e-16 7.691237699300690130e-15 -4.333548557170842507e-15 6.575047198331286644e-13 6.000561129683082506e-12 9.301272118840627955e-11 1.104477637864567620e-09 1.249859626093203664e-08 1.266687846295035489e-07 1.143111382323141912e-06 9.011641416125739217e-06 6.049438730248989804e-05 3.318624982937612216e-04 1.376587309884490327e-03 3.670912084704277580e-03 4.481670085362588624e-03 4.481670431252461791e-03 3.670913335735042238e-03 1.376588574391264140e-03 3.318640671956560686e-04 6.049619402184736717e-05 9.012725555767686045e-06 1.143875369964906561e-06 1.270367979426569909e-07 1.264290441944369962e-08 1.168404515497582401e-09 1.088270308981601459e-10 1.210364129324548612e-11 1.857812547301640709e-12 3.593389935491941680e-13 7.361118420559796799e-14 1.463841466726026508e-14 2.755287798857556108e-15 4.890644111736457563e-16 8.205162444230420777e-17 1.305852999032778980e-17 1.978642276469862703e-18 2.863958543782876165e-19 3.971454493453940179e-20 5.267293024724211513e-21 0.000000000000000000e+00
0.000000000000000000e+00 -3.409183736866697693e-24 1.914210596613311530e-23 -1.477027478836989229e-22 1.578240305079251948e-21 -1.946024275318974648e-20 2.397508568249395281e-19 -2.565440145164176538e-18 2.579670425718574079e-17 -1.971754233007974229e-16 1.716670075894711970e-15 -5.943415239259311594e-15 9.670392800207194663e-14 4.950004955226405740e-13 9.761762566592579138e-12 1.092738186235369091e-10 1.236814530681637469e-09 1.249210009926405487e-08 1.127941752696529092e-07 8.938806301317494800e-07 6.039083362393851596e-06 3.326893393875290656e-05 1.377971628979956251e-04 3.657068822227618429e-04 4.499375231606525202e-04 4.499376610550186390e-04 3.657075124542147511e-04 1.377977830215113410e-04 3.326975826677941976e-05 6.040035052236782420e-06 8.943811212904737322e-07 1.131478619244245349e-07 1.264290441944370789e-08 1.298841278083874315e-09 1.335161940985744236e-10 1.631938319680811773e-11 2.745174252711964280e-12 5.790362791179911441e-13 1.285838697375306195e-13 2.757149156612672213e-14 5.569937322233008479e-15 1.056789553096052495e-15 1.888198118770571164e-16 3.189626896757898470e-17 5.114172090154047095e-18 7.811419004968131831e-19 1.140321911114087506e-19 1.595458323208507986e-20 2.135407518457170129e-21 0.000000000000000000e+00
0.000000000000000000e+00 -1.485785644163908428e-24 7.765060729732812258e-24 -5.027256768303020664e-23 4.361263097066003428e-22 -4.824394155755258864e-21 5.667509023433132709e-20 -6.075715865083190953e-19 5.942170280724265007e-18 -4.771131492835061754e-17 3.715007596533027153e-16 -1.818135033644065352e-15 1.547876869244687920e-14 2.051048191607696394e-14 9.709231437439902825e-13 9.788618170288055006e-12 1.106246256440977186e-10 1.114422810157258688e-09 9.970703357556070878e-09 7.878246946810435836e-08 5.293226310800276655e-07 2.893107152204980268e-06 1.184001395857498985e-05 3.103480129844957797e-05 3.842739841787523955e-05 3.842744484972737711e-05 3.103505229123267425e-05 1.184026010369834030e-05 2.893451706792402982e-06 5.297187857898071311e-07 7.897565321287486825e-08 1.010826195465753660e-08 1.168404515497583849e-09 1.335161940985744753e-10 1.799458244479209798e-11 3.320111660758774942e-12 7.643167012058070203e-13 1.842634813498883746e-13 4.268149953455362141e-14 9.272638138630199321e-15 1.884266808019576068e-15 3.592399592474797504e-16 6.453272293324181828e-17 1.096888374137960544e-17 1.771008258766066078e-18 2.725714462611562145e-19 4.011593638396447163e-20 5.661174064736603458e-21 7.644254858180309222e-22 0.000000000000000000e+00
0.000000000000000000e+00 -5.786219686197398657e-25 2.904960120801556581e-24 -1.667953075945829227e-23 1.184812770179742867e-22 -1.125310487029507633e-21 1.232955692312521831e-20 -1.301457814693386971e-19 1.250650089845600422e-18 -1.021987344743181657e-17 7.555329419659235262e-17 -4.157008474553324527e-16 2.608908141305184927e-15 -3.039318541932256134e-15 9.375311605165756434e-14 8.161416225054929978e-13 8.914272392057727518e-12 9.169912451774652604e-11 7.981478077361720419e-10 6.278764258265101463e-09 4.158440067095052599e-08 2.239832130129467461e-07 9.004975686076499642e-07 2.322212929845094272e-06 2.891062033700764298e-06 2.891075770025342941e-06 2.322296243000125586e-06 9.005799429771155916e-07 2.241034704575921220e-07 4.172178150097496418e-08 6.343066896291961011e-09 8.441942056673227624e-10 1.088270308981603010e-10 1.631938319680812096e-11 3.320111660758773327e-12 8.372033611233782258e-13 2.197801866325683272e-13 5.514072402600420775e-14 1.291401909496634889e-14 2.816925193771343104e-15 5.742664351354382589e-16 1.099189461791025922e-16 1.984339245695845641e-17 3.392718276086201104e-18 5.514401998633178969e-19 8.549435779094993973e-20 1.268216816806420700e-20 1.804702828648404749e-21 2.457978428159172736e-22 0.000000000000000000e+00
0.000000000000000000e+00 -2.033737929082808993e-25 9.975837846781220208e-25 -5.309714213852790275e-24 3.198637354233154209e-23 -2.537747116695812882e-22 2.512758512742197367e-21 -2.564519892347950759e-20 2.422763621036314615e-19 -1.985292220410324403e-18 1.427201052673713489e-17 -8.146789199955973714e-17 4.363165035369985294e-16 -1.017987966762666870e-15 8.559526577705508420e-15 6.963636715869966503e-14 6.111310654111110575e-13 7.225469450338173077e-12 5.785867301744053210e-11 4.604300573773450167e-10 2.974020619524628716e-09 1.574094833197984823e-08 6.196769952958884401e-08 1.569062342114228026e-07 1.962706578572582472e-07 1.962743137353613130e-07 1.569300811368238449e-07 6.199162635894571944e-08 1.577715537980576458e-08 3.015094137969426707e-09 4.792961038523014879e-10 7.139932378873727450e-11 1.210364129324550066e-11 2.745174252711965896e-12 7.643167012058070203e-13 2.197801866325681758e-13 5.999428108252269918e-14 1.520127588409052929e-14 3.569983179729849752e-15 7.802334928155111526e-16 1.594961617857685205e-16 3.064548795800313973e-17 5.559201315377148943e-18 9.559483068635226391e-19 1.563884734505878089e-19 2.441988032075239908e-20 3.650401652853600785e-21 5.237285522849978767e-22 7.194097059971765059e-23 0.000000000000000000e+00
0.000000000000000000e+00 -6.512148924409403473e-26 3.147616226159275799e-25 -1.598766397456536781e-24 8.530884754169712404e-24 -5.644054793726536069e-23 4.883657949539558191e-22 -4.713067963235207927e-21 4.354418077566437753e-20 -3.547392055776887597e-19 2.500183824315904053e-18 -1.429349769471909083e-17 6.915204636546422805e-17 -1.800463919592982885e-16 5.973121927374278415e-16 7.693170289108696315e-15 2.384581777032257886e-14 5.971929161166294957e-13 3.662634701814026472e-12 3.183713683151596096e-11 1.955000800029613756e-10 1.019508708360618158e-09 3.922344395843578804e-09 9.739330646195724307e-09 1.223517011056150625e-08 1.223605838127001698e-08 9.745358168832007178e-09 3.928506770517458959e-09 1.029133257328574290e-09 2.063440162011234600e-10 3.679697525975308170e-11 7.219769449341153598e-12 1.857812547301638286e-12 5.790362791179909421e-13 1.842634813498883746e-13 5.514072402600417620e-14 1.520127588409052297e-14 3.860545986459505403e-15 9.077619212744996847e-16 1.987733576892077314e-16 4.075346455006361911e-17 7.861615182222501307e-18 1.433156359011318182e-18 2.478591608994916259e-19 4.081046281199393785e-20 6.417640321557061582e-21 9.666714997496629207e-22 1.398218144564623870e-22 1.937100190992868630e-23 0.000000000000000000e+00
0.000000000000000000e+00 -1.915379028429778464e-26 9.157658529643639008e-26 -4.514121521049458158e-25 2.214516347347327624e-24 -1.247341382437428285e-23 9.194772025332909491e-23 -8.171870581461548152e-22 7.313215206864231973e-21 -5.884332026591250353e-20 4.070553793519470101e-19 -2.285594493650648839e-18 1.009388101884181630e-17 -2.281633849498320957e-17 -1.540958049334331389e-17 1.278820040510915167e-15 -3.247772718229467786e-15 6.100866278944962074e-14 1.625064235595002915e-13 2.186540133531112871e-12 1.178796514417516895e-11 6.164265483236032744e-11 2.314028734275857834e-10 5.623527920917041747e-10 7.095642542625285828e-10 7.097631618888794934e-10 5.637219525615633878e-10 2.328332282004188196e-10 6.394093280025904633e-11 1.436125559784068421e-11 3.370074005548452379e-12 1.008770649959455552e-12 3.593389935491934107e-13 1.285838697375304681e-13 4.268149953455360247e-14 1.291401909496634574e-14 3.569983179729848963e-15 9.077619212744998819e-16 2.137938289539487654e-16 4.693067784971494495e-17 9.654874874001207996e-18 1.870527128287155112e-18 3.427414941558911306e-19 5.962288366500419081e-20 9.880899004947211883e-21 1.564859404089466431e-21 2.375191895994783652e-22 3.463838615530606096e-23 4.840873038706022962e-24 0.000000000000000000e+00
0.000000000000000000e+00 -5.211130805058750190e-27 2.467545023977126646e-26 -1.190725635537695839e-25 5.510177950786421841e-25 -2.723661716686241431e-24 1.693205169815171770e-23 -1.347848822451055182e-22 1.153479689288811949e-21 -9.112690067473380984e-21 6.174727853774006992e-20 -3.355433759951280278e-19 1.325755065719416069e-18 -1.735527020443158221e-18 -1.974526573276822270e-17 2.603734695262815273e-16 -1.264934164162916684e-15 8.439654827558409730e-15 -5.609067944976628244e-15 1.673702848560670299e-13 6.268670784280083785e-13 3.526914206105158745e-12 1.288753835098682414e-11 3.045256606755565027e-11 3.865920629237339748e-11 3.870052946673241600e-11 3.073585978641376821e-11 1.319058249700963097e-11 4.026589506157832399e-12 1.183245757499073831e-12 4.263922774785708883e-13 1.787699509255396030e-13 7.361118420559782915e-14 2.757149156612669057e-14 9.272638138630194588e-15 2.816925193771341921e-15 7.802334928155110540e-16 1.987733576892077314e-16 4.693067784971492646e-17 1.033510612261684282e-17 2.134675836004758029e-18 4.155221214832571769e-19 7.654889314181644716e-20 1.339688838752033631e-20 2.234943865044254568e-21 3.565145336948130340e-22 5.453677846286739125e-23 8.020722455224784367e-24 1.131220310650920985e-24 0.000000000000000000e+00
0.000000000000000000e+00 -1.319220465578618423e-27 6.184419085888293019e-27 -2.931909488555440737e-26 1.298854440870303033e-25 -5.790500382784818182e-25 3.047064695620355541e-24 -2.118275451617370206e-23 1.708815893655310827e-22 -1.319300321141019142e-21 8.731114700592142948e-21 -4.524289320356348874e-20 1.512002135490240441e-19 1.012461933443900779e-19 -5.743450931746577684e-18 5.283856694053908012e-17 -2.860583356429234245e-16 1.405052723376732246e-15 -3.318140315448937840e-15 1.663379068477528422e-14 2.348863165666636189e-14 1.950497945491664266e-13 6.902533845858224555e-13 1.548012559904395741e-12 1.991505856820640819e-12 1.999511685711246961e-12 1.601979520867038249e-12 7.494607166474707946e-13 2.950214137340732465e-13 1.342795379155914835e-13 6.907439118391176326e-14 3.381249600288390056e-14 1.463841466726024614e-14 5.569937322233001380e-15 1.884266808019574490e-15 5.742664351354378645e-16 1.594961617857684712e-16 4.075346455006360678e-17 9.654874874001203374e-18 2.134675836004756873e-18 4.429272531744960310e-19 8.666308357665831595e-20 1.605718045274844831e-20 2.827944747273768320e-21 4.750256774170107144e-22 7.634296189927747820e-23 1.177355407311850595e-23 1.746988301715314357e-24 2.488300645335744975e-25 0.000000000000000000e+00
0.000000000000000000e+00 -3.122803354937628944e-28 1.447253584685854396e-27 -6.742123375576994802e-27 2.877058247056768722e-26 -1.176992305862825189e-25 5.282146331531229967e-25 -3.134738446657421829e-24 2.352099157552992963e-23 -1.773780868768750985e-22 1.145158179045084112e-21 -5.555816140053848869e-21 1.364538283363645108e-20 7.599284962206659370e-20 -1.262467597827393414e-18 1.000884043403602861e-17 -5.467849475323048687e-17 2.424813737294751674e-16 -7.186119757360072199e-16 2.176600816701490299e-15 -7.114136968608362807e-16 1.091044278897065498e-14 3.707388574316085619e-14 7.244153236259801591e-14 9.698673904007993890e-14 9.843947783252716552e-14 8.198910748304938527e-14 4.783082046196318171e-14 2.947770416874133710e-14 1.978496742412610598e-14 1.206925829550148314e-14 6.246471197515507520e-15 2.755287798857552952e-15 1.056789553096051312e-15 3.592399592474794053e-16 1.099189461791024566e-16 3.064548795800311507e-17 7.861615182222492063e-18 1.870527128287153186e-18 4.155221214832567436e-19 8.666308357665829187e-20 1.705225377306809683e-20 3.178910545205453753e-21 5.635965109545410625e-22 9.535628923427393094e-23 1.544602490142783526e-23 2.402748148013794851e-24 3.599695094681139528e-25 5.183847514815059219e-26 0.000000000000000000e+00
0.000000000000000000e+00 -6.940164192318214176e-29 3.172164323676780310e-28 -1.448840510461636803e-27 5.951886098946400217e-27 -2.243374104122536694e-26 8.549599547751505045e-26 -4.191010654237971592e-25 2.894265373476629683e-24 -2.158852402514878733e-23 1.367866860246955952e-22 -6.044884675868375250e-22 6.020671219139387254e-22 2.002996419608691071e-20 -2.396450998213606818e-19 1.755511217926476287e-18 -9.482113882128646104e-18 4.049411362214264931e-17 -1.274012505100443599e-16 3.252774486106817881e-16 -3.558736101138813834e-16 6.780104257877040103e-16 2.208683628966069165e-15 2.819827519082974798e-15 4.370809868890513427e-15 4.618694659997625593e-15 4.399788687106971638e-15 4.038772659336481467e-15 3.902311626764222533e-15 3.192423446862432446e-15 2.074922574077095584e-15 1.097584871290205567e-15 4.890644111736452632e-16 1.888198118770568699e-16 6.453272293324175665e-17 1.984339245695844101e-17 5.559201315377144321e-18 1.433156359011316641e-18 3.427414941558909380e-19 7.654889314181644716e-20 1.605718045274844831e-20 3.178910545205453753e-21 5.965273788519742933e-22 1.065122178301284110e-22 1.816039488035944784e-23 2.966654737424067457e-24 4.658635276359112447e-25 7.054673603518548310e-26 1.028920485346515073e-26 0.000000000000000000e+00
0.000000000000000000e+00 -1.452797293906048226e-29 6.527116926943927621e-29 -2.909360974529676600e-28 1.142534592315350874e-27 -3.917195848036838380e-27 1.214055779957117840e-26 -4.433245301610421129e-26 2.783076638013173748e-25 -2.187424955805853373e-24 1.404725822596085568e-23 -5.327933043514718977e-23 -1.137188643328185740e-22 4.048999808201050401e-21 -4.110893794064093729e-20 2.867017126532392022e-19 -1.527609845338510314e-18 6.416888523655304211e-18 -2.049920865213502954e-17 4.940312574453104265e-17 -6.673779121329345561e-17 5.275260930339776329e-17 1.707050997879653183e-16 3.675558582809576355e-17 1.624455698688801412e-16 2.023648972678014100e-16 2.827945376460284359e-16 4.639853983109625320e-16 5.794727239856662096e-16 5.115728336853421308e-16 3.410706389794383422e-16 1.826289089823474630e-16 8.205162444230415847e-17 3.189626896757897237e-17 1.096888374137959466e-17 3.392718276086198023e-18 9.559483068635220614e-19 2.478591608994913851e-19 5.962288366500416674e-20 1.339688838752033631e-20 2.827944747273768696e-21 5.635965109545413446e-22 1.065122178301284345e-22 1.916412522370386352e-23 3.294944828892146286e-24 5.432989625449061824e-25 8.622714462080826442e-26 1.322023807319394690e-26 1.957673217331213475e-27 0.000000000000000000e+00
0.000000000000000000e+00 -2.871651489058449468e-30 1.262398957611387458e-29 -5.450786247993324195e-29 2.015500689463592233e-28 -6.032156074781324821e-28 1.268414673658882895e-27 -1.358918452909401939e-27 6.247149511791103058e-27 -1.202419240939315408e-25 9.778946435730505486e-25 -2.286740629683932397e-24 -4.319207325174094512e-23 7.114113202470367678e-22 -6.517431840859310443e-21 4.392203333790586532e-20 -2.312210328360858915e-19 9.626116915545841990e-19 -3.082581999664967919e-18 7.273016983175363271e-18 -1.035640709623321837e-17 5.247896363455977122e-18 1.797664826582622943e-17 -1.161678762841323142e-17 1.265579818483013235e-18 7.353606261265783776e-18 2.462351304974510626e-17 6.247107534340394505e-17 8.661204562534809003e-17 7.883808081602106892e-17 5.331331001672561936e-17 2.882774109243014156e-17 1.305852999032778672e-17 5.114172090154045555e-18 1.771008258766064922e-18 5.514401998633178006e-19 1.563884734505877367e-19 4.081046281199391979e-20 9.880899004947205865e-21 2.234943865044253439e-21 4.750256774170108084e-22 9.535628923427396620e-23 1.816039488035944784e-23 3.294944828892143715e-24 5.717929554364880546e-25 9.528271592270588598e-26 1.530992880337214162e-26 2.382145974792788815e-27 3.593877467592114383e-28 0.000000000000000000e+00
0.000000000000000000e+00 -5.368884605227576092e-31 2.294988595133891535e-30 -9.488343433967831701e-30 3.208357794891831090e-29 -7.474018156944125316e-29 2.358530401947620846e-30 1.124261644026614682e-27 -6.770344371995456876e-27 2.213190444255967178e-26 -4.706221087394441310e-26 5.061554538471003198e-25 -9.595323273020181212e-24 1.140423043253504811e-22 -9.683772848935483398e-22 6.354801496626148350e-21 -3.311367226958076295e-20 1.370455850031476301e-19 -4.383007639567625126e-19 1.024309727583239205e-18 -1.473160756899252952e-18 6.003624951248498224e-19 2.259325699324127549e-18 -2.314585547050160147e-18 -8.399611779833795772e-19 4.214959982944817684e-20 2.756792933581082812e-18 8.677740445191735348e-18 1.253854132585029053e-17 1.160288148264816226e-17 7.934102454247278093e-18 4.330726305107330965e-18 1.978642276469863473e-18 7.811419004968130868e-19 2.725714462611560700e-19 8.549435779094991565e-20 2.441988032075239005e-20 6.417640321557060078e-21 1.564859404089465867e-21 3.565145336948130810e-22 7.634296189927750171e-23 1.544602490142784408e-23 2.966654737424068559e-24 5.432989625449062742e-25 9.528271592270584006e-26 1.607427823516483980e-26 2.621125434670513031e-27 4.152339938235322836e-28 6.411567809274502825e-29 0.000000000000000000e+00
0.000000000000000000e+00 -9.501477488270644867e-32 3.914567469434951390e-31 -1.520746556260574035e-30 4.424275421563157833e-30 -4.860929321113133679e-30 -4.930698796900463206e-29 4.715139445618622502e-28 -2.614030496114813056e-27 1.094554129116331866e-26 -4.032381935181832430e-26 2.034414158442340732e-25 -1.799273382178489264e-24 1.713887793994209234e-23 -1.362328945743314580e-22 8.734573914071095299e-22 -4.510596636726506880e-21 1.858311628727728162e-20 -5.929875670279320036e-20 1.377979773429167991e-19 -1.976276202625072999e-19 7.110368328299389930e-20 2.968790489762510864e-19 -3.344263241458228104e-19 -1.635901327557667548e-19 -4.179742417192437955e-20 3.423904593025256151e-19 1.180558617325225097e-18 1.741375072706183954e-18 1.631526206586022726e-18 1.127328236209992659e-18 6.212448796113395438e-19 2.863958543782876165e-19 1.140321911114087265e-19 4.011593638396448969e-20 1.268216816806420700e-20 3.650401652853602290e-21 9.666714997496631087e-22 2.375191895994782712e-22 5.453677846286739125e-23 1.177355407311851183e-23 2.402748148013795586e-24 4.658635276359113366e-25 8.622714462080825294e-26 1.530992880337214162e-26 2.621125434670512672e-27 4.351800277809609457e-28 7.049240418148943325e-29 1.120337299882878362e-29 0.000000000000000000e+00
0.000000000000000000e+00 -1.590563085330907251e-32 6.234625925257961574e-32 -2.201731138910827030e-31 4.691876261007212470e-31 9.822802357262190350e-31 -1.872500354404138474e-29 1.341817162909956035e-28 -7.065542623473227470e-28 3.050407212046978491e-27 -1.174429100354273674e-26 5.012366336444942939e-26 -3.125908126752277854e-25 2.462224224737005637e-24 -1.830134849116296623e-23 1.146348869124447412e-22 -5.868706600780093437e-22 2.408303367742173125e-21 -7.666114864749201102e-21 1.773791736046647070e-20 -2.526908860850631667e-20 8.276196747132097384e-21 3.845390290598715929e-20 -4.340546957530247771e-20 -2.425731194906631711e-20 -8.191304795581736786e-21 4.301711684517001328e-20 1.549440340393051685e-19 2.318425002374566130e-19 2.196760483043750751e-19 1.533676631007607321e-19 8.534869844304676705e-20 3.971454493453940179e-20 1.595458323208507685e-20 5.661174064736604210e-21 1.804702828648404749e-21 5.237285522849980648e-22 1.398218144564624340e-22 3.463838615530605508e-23 8.020722455224779959e-24 1.746988301715315091e-24 3.599695094681141824e-25 7.054673603518548310e-26 1.322023807319394690e-26 2.382145974792789174e-27 4.152339938235321940e-28 7.049240418148945567e-29 1.173668224476510500e-29 1.932023043249271019e-30 0.000000000000000000e+00
0.000000000000000000e+00 -2.519796040297610448e-33 9.188492544167029902e-33 -2.733037670529431955e-32 1.447761308774284430e-32 5.516352331172749631e-31 -5.260453172579619140e-30 3.315224484884750136e-29 -1.678655829428712455e-28 7.228719413637701803e-28 -2.778367126236662099e-27 1.077161736731215517e-26 -5.286229059041105490e-26 3.440459877372278963e-25 -2.360483307103837714e-24 1.438090504744382905e-23 -7.291802900005221668e-23 2.980791868676514952e-22 -9.465999361771884625e-22 2.182301297084138732e-21 -3.085052868881106085e-21 9.270991073409815559e-22 4.802655675135362559e-21 -5.289565545444946819e-21 -3.253888126176833615e-21 -1.230820396790364608e-21 5.266859258905134305e-21 1.949910280622914860e-20 2.953268376747220084e-20 2.828627759461248763e-20 1.995202034314254308e-20 1.121313165688912005e-20 5.267293024724210761e-21 2.135407518457169753e-21 7.644254858180311103e-22 2.457978428159173676e-22 7.194097059971767410e-23 1.937100190992868630e-23 4.840873038706021492e-24 1.131220310650921168e-24 2.488300645335746812e-25 5.183847514815059219e-26 1.028920485346515360e-26 1.957673217331212758e-27 3.593877467592113038e-28 6.411567809274501704e-29 1.120337299882878362e-29 1.932023043249271369e-30 3.323582883703106961e-31 0.000000000000000000e+00
0.000000000000000000e+00 0.000000000000000000e+00 0.000000000000000000e+00 0.000000000000000000e+00 0.000000000000000000e+00 0.000000000000000000e+00 0.000000000000000000e+00 0.000000000000000000e+00 0.000000000000000000e+00 0.000000000000000000e+00 0.000000000000000000e+00 0.000000000000000000e+00 0.000000000000000000e+00 0.000000000000000000e+00 0.000000000000000000e+00 0.000000000000000000e+00 0.000000000000000000e+00 0.000000000000000000e+00 0.000000000000000000e+00 0.000000000000000000e+00 0.000000000000000000e+00 0.000000000000000000e+00 0.000000000000000000e+00 0.000000000000000000e+00 0.000000000000000000e+00 0.000000000000000000e+00 0.000000000000000000e+00 0.000000000000000000e+00 0.000000000000000000e+00 0.000000000000000000e+00 0.000000000000000000e+00 0.000000000000000000e+00 0.000000000000000000e+00 0.000000000000000000e+00 0.000000000000000000e+00 0.000000000000000000e+00 0.000000000000000000e+00 0.000000000000000000e+00 0.000000000000000000e+00 0.000000000000000000e+00 0.000000000000000000e+00 0.000000000000000000e+00 0.000000000000000000e+00 0.000000000000000000e+00 0.000000000000000000e+00 0.000000000000000000e+00 0.000000000000000000e+00 0.000000000000000000e+00 0.000000000000000000e+00 0.000000000000000000e+00
