0.000000000000000000e+00 0.000000000000000000e+00 0.000000000000000000e+00 0.000000000000000000e+00 0.000000000000000000e+00 0.000000000000000000e+00 0.000000000000000000e+00 0.000000000000000000e+00 0.000000000000000000e+00 0.000000000000000000e+00 0.000000000000000000e+00 0.000000000000000000e+00 0.000000000000000000e+00 0.000000000000000000e+00 0.000000000000000000e+00 0.000000000000000000e+00 0.000000000000000000e+00 0.000000000000000000e+00 0.000000000000000000e+00 0.000000000000000000e+00 0.000000000000000000e+00 0.000000000000000000e+00 0.000000000000000000e+00 0.000000000000000000e+00 0.000000000000000000e+00 0.000000000000000000e+00 0.000000000000000000e+00 0.000000000000000000e+00 0.000000000000000000e+00 0.000000000000000000e+00 0.000000000000000000e+00 0.000000000000000000e+00 0.000000000000000000e+00 0.000000000000000000e+00 0.000000000000000000e+00 0.000000000000000000e+00 0.000000000000000000e+00 0.000000000000000000e+00 0.000000000000000000e+00 0.000000000000000000e+00 0.000000000000000000e+00 0.000000000000000000e+00 0.000000000000000000e+00 0.000000000000000000e+00 0.000000000000000000e+00 0.000000000000000000e+00 0.000000000000000000e+00 0.000000000000000000e+00 0.000000000000000000e+00 0.000000000000000000e+00
0.000000000000000000e+00 9.135726422968333931e-10 1.694564602185564627e-09 3.061685079960924820e-09 5.002897367342936465e-09 7.739278265456803671e-09 1.189833624672453407e-08 1.812085499147424020e-08 2.716743571235557623e-08 3.997287129163396510e-08 5.803066298684037742e-08 8.292411562243471223e-08 1.163616064359765732e-07 1.602176718505906280e-07 2.162683504235679975e-07 2.858796182415955087e-07 3.694625864564470878e-07 4.661808189496842469e-07 5.735648864859076479e-07 6.872006124420300289e-07 8.007521718274605114e-07 9.063712266976370177e-07 9.955792723393786046e-07 1.060376403540537144e-06 1.094513115999285527e-06 1.094532142447159899e-06 1.060412670999396441e-06 9.955993625820935978e-07 9.063701350668333306e-07 8.007447802486583112e-07 6.872161704957176271e-07 5.735927467555031476e-07 4.662019169945347825e-07 3.694790130422944893e-07 2.859194007099857718e-07 2.163422816118375531e-07 1.602719945589653787e-07 1.164007502208098601e-07 8.297718879409548861e-08 5.812617182946046004e-08 4.005774688924747341e-08 2.718581699777974527e-08 1.817902882407206369e-08 1.198055267048269965e-08 7.771137946961195555e-09 4.937460143553582213e-09 3.036176341616189306e-09 1.735979761243150513e-09 7.872182418488460843e-10 0.000000000000000000e+00
0.000000000000000000e+00 1.694564600254339227e-09 3.733603911285959647e-09 6.726231230844564376e-09 1.102530521463298134e-08 1.728891689872940275e-08 2.686356685693555203e-08 4.109388895822294366e-08 6.177619941613507515e-08 9.151105458043173784e-08 1.335951122685237202e-07 1.919121426521975722e-07 2.707794500156371911e-07 3.750003881264387662e-07 5.091932913680450757e-07 6.769016021919759089e-07 8.796404951612839170e-07 1.115824927448552095e-06 1.379748132189367348e-06 1.660681679466185938e-06 1.942865912894424096e-06 2.206565608028473801e-06 2.430146698900208007e-06 2.593031530027685924e-06 2.678987574214396874e-06 2.679024815017076621e-06 2.593110483528225643e-06 2.430217474765156739e-06 2.206606870889622517e-06 1.942884604474396171e-06 1.660714039060863804e-06 1.379806859618251790e-06 1.115872078677618860e-06 8.796563361529320370e-07 6.769357729711503668e-07 5.092726415082460313e-07 3.750892797871094798e-07 2.708179688976131225e-07 1.919245757441745203e-07 1.336715671808516706e-07 9.159967037717068907e-08 6.181723865336749965e-08 4.111542167919981392e-08 2.695450741390125721e-08 1.739920510548043554e-08 1.101116475458717033e-08 6.746605370004415059e-09 3.845055781969487028e-09 1.740576260831684081e-09 0.000000000000000000e+00
0.000000000000000000e+00 3.061685076650902456e-09 6.726231222605603111e-09 1.194618628538235180e-08 1.952949468179025698e-08 3.103033571926899045e-08 4.851494402074483281e-08 7.461740097793337344e-08 1.130776099434885590e-07 1.689498480954886896e-07 2.487068295251994371e-07 3.601841595019597570e-07 5.126080311781900961e-07 7.161411386610568626e-07 9.808128696747280069e-07 1.314858309591635748e-06 1.722724698560980874e-06 2.202570908805531953e-06 2.743702822798127757e-06 3.324621543634012433e-06 3.912675424090822722e-06 4.465966068231124207e-06 4.937696042442833913e-06 5.282763109244840339e-06 5.465281221066944788e-06 5.465302854496319359e-06 5.282826372643585803e-06 4.937768526727831632e-06 4.466015933252512573e-06 3.912698740385964028e-06 3.324626013684637384e-06 2.743713948460963241e-06 2.202581207643701846e-06 1.722711968008779117e-06 1.314841418330393455e-06 9.808311628779737459e-07 7.161922429943416543e-07 5.126256766311373150e-07 3.601620683532828851e-07 2.487047825015698509e-07 1.689905163279216046e-07 1.131026554319553797e-07 7.462017570619144746e-08 4.854087506900226937e-08 3.110380243040413018e-08 1.955692680429069918e-08 1.191640343052291349e-08 6.755333495549738068e-09 3.044183428828353158e-09 0.000000000000000000e+00
0.000000000000000000e+00 5.002897363559811872e-09 1.102530521098044789e-08 1.952949467914014235e-08 3.237792807755082679e-08 5.188391856272139883e-08 8.172744515803218182e-08 1.268044803397435347e-07 1.940987928226586045e-07 2.929375963614855933e-07 4.355824863392361181e-07 6.374102610041916305e-07 9.168097527350350372e-07 1.294464798164549332e-06 1.791496640120081117e-06 2.426494341854639822e-06 3.211246071658093567e-06 4.145366458941169043e-06 5.210546525655902949e-06 6.366001118698617258e-06 7.546796038914319261e-06 8.666983921215469722e-06 9.628500138838060841e-06 1.033532108029243832e-05 1.071029514843270630e-05 1.071031087080111234e-05 1.033537592631265711e-05 9.628584449773601374e-06 8.667075803809637282e-06 7.546865103744910259e-06 6.366047033136353196e-06 5.210588797811988280e-06 4.145408835785955218e-06 3.211292118765262568e-06 2.426528701619944483e-06 1.791531243559174794e-06 1.294508040352318484e-06 9.168428676265712553e-07 6.374194290619027489e-07 4.355935587339118435e-07 2.929453995504071163e-07 1.940943225978000878e-07 1.268029637426456379e-07 8.170654941852203337e-08 5.188801257167154741e-08 3.235683416088790947e-08 1.956832965294534891e-08 1.102220371747488505e-08 4.945436383696236135e-09 0.000000000000000000e+00
0.000000000000000000e+00 7.739278267463825078e-09 1.728891689121253128e-08 3.103033572340914853e-08 5.188391856112433806e-08 8.395496338317189513e-08 1.335772736641033609e-07 2.095651038483012341e-07 3.243326269872502948e-07 4.950381039255629255e-07 7.446401104584609814e-07 1.102528180885925711e-06 1.604644353977895212e-06 2.292553040746215474e-06 3.210335676463355210e-06 4.399000843509261967e-06 5.887934765222866012e-06 7.683663836172468099e-06 9.757284295236737286e-06 1.203342814562814755e-05 1.438473716953424839e-05 1.663647662200548876e-05 1.858424655860184020e-05 2.002431155956306766e-05 2.079096727551171087e-05 2.079098212090245602e-05 2.002434882858458186e-05 1.858430211671620335e-05 1.663654800556772748e-05 1.438480812072674890e-05 1.203348605458957695e-05 9.757328799049759500e-06 7.683696318036512413e-06 5.887970915052709853e-06 4.399049290406008739e-06 3.210391365388266898e-06 2.292602177620637171e-06 1.604681574790672366e-06 1.102569808217055367e-06 7.447208549947090008e-07 4.951178823376706330e-07 3.243702364640035844e-07 2.095973424534993924e-07 1.336353050291536960e-07 8.401490576992183488e-08 5.190076523738132480e-08 3.111944136613154710e-08 1.740490482577920169e-08 7.773632074251178627e-09 0.000000000000000000e+00
0.000000000000000000e+00 1.189833624684860123e-08 2.686356685693204479e-08 4.851494401271296200e-08 8.172744516812558524e-08 1.335772736586960085e-07 2.148503331463417352e-07 3.408594328866851011e-07 5.337050584286328692e-07 8.245431172920448118e-07 1.255688380464393108e-06 1.882642396848645948e-06 2.775028345093920197e-06 4.015632810190062701e-06 5.695438735192367259e-06 7.903463958469408431e-06 1.071016356955475391e-05 1.414427923889711516e-05 1.816539918493947746e-05 2.263762428276329833e-05 2.731351437145646354e-05 3.183902072571264790e-05 3.578796689961008195e-05 3.872673903446419489e-05 4.029760401296380825e-05 4.029761434284396155e-05 3.872675645510999237e-05 3.578798416282977820e-05 3.183903473893478982e-05 2.731353419941024978e-05 2.263765822392606184e-05 1.816542974582447686e-05 1.414429088937966021e-05 1.071015841008924093e-05 7.903478680253133644e-06 5.695484557561219179e-06 4.015682048799789302e-06 2.775052663366492769e-06 1.882663803390665865e-06 1.255765709270533350e-06 8.246391562463143886e-07 5.337692043820570354e-07 3.408704824515146803e-07 2.148764182899336128e-07 1.336343434723890215e-07 8.171540397467254746e-08 4.854673136843407475e-08 2.695218008121715845e-08 1.197659330640954930e-08 0.000000000000000000e+00
0.000000000000000000e+00 1.812085499488412684e-08 4.109388895087685852e-08 7.461740098364330195e-08 1.268044803289053246e-07 2.095651038540791899e-07 3.408594328790839863e-07 5.472072646327472857e-07 8.674456484935753539e-07 1.357326511776398911e-06 2.094073926449877473e-06 3.181416233359903091e-06 4.752985950675590221e-06 6.972085721279557189e-06 1.002453396271487513e-05 1.410102269233649052e-05 1.936565040225692903e-05 2.590889395531571757e-05 3.368821292800956799e-05 4.246660676862339264e-05 5.176856928828072423e-05 6.087885198210458537e-05 6.890730266378143035e-05 7.492649020819934415e-05 7.815875150370310456e-05 7.815875429639734882e-05 7.492649502507680475e-05 6.890730554342588347e-05 6.087885237026607318e-05 5.176858164656805066e-05 4.246663614688547697e-05 3.368824484584304296e-05 2.590890346132201396e-05 1.936562950839412065e-05 1.410100752213625387e-05 1.002454809724146262e-05 6.972122107733982383e-06 4.752994403598993943e-06 3.181390983053808774e-06 2.094068787768698868e-06 1.357372816949285900e-06 8.675156849752766894e-07 5.472166979581862570e-07 3.408721122902979831e-07 2.095975252082111202e-07 1.268046313007223333e-07 7.461862457542757167e-08 4.110537643471238694e-08 1.817057159778215025e-08 0.000000000000000000e+00
0.000000000000000000e+00 2.716743571001644180e-08 6.177619941788065123e-08 1.130776099359061054e-07 1.940987928190486824e-07 3.243326269780468053e-07 5.337050584385477074e-07 8.674456484801549639e-07 1.392949757230192434e-06 2.208585750690913017e-06 3.453930073847336409e-06 5.320867998582569266e-06 8.062966824973785991e-06 1.199905571189738904e-05 1.750472140048522029e-05 2.498335859201483757e-05 3.480811644266197300e-05 4.722832094118078588e-05 6.224288518345534810e-05 7.945907882069904468e-05 9.797653015370687605e-05 1.163560998239125725e-04 1.327353246830548651e-04 1.451195201889263079e-04 1.518047089292660521e-04 1.518047062696380276e-04 1.451195157284916821e-04 1.327353249029751385e-04 1.163561070143734322e-04 9.797654109644262082e-05 7.945908835413391792e-05 6.224289456329459283e-05 4.722831782973129942e-05 3.480809986935677868e-05 2.498334441900326068e-05 1.750473188898586920e-05 1.199909467450707117e-05 8.062986051096571961e-06 5.320856113276638945e-06 3.453916027187866284e-06 2.208611734817381201e-06 1.393023936927281113e-06 8.675217809494718151e-07 5.337768596634122919e-07 3.243762767751363549e-07 1.940977627369882587e-07 1.131022530947610372e-07 6.181003487945256406e-08 2.718078012455629053e-08 0.000000000000000000e+00
0.000000000000000000e+00 3.997287129475928507e-08 9.151105458489169718e-08 1.689498480818433859e-07 2.929375963665506385e-07 4.950381039348772174e-07 8.245431172773275085e-07 1.357326511775730602e-06 2.208585750692194578e-06 3.549996788393818327e-06 5.630665836706441879e-06 8.801225285081079515e-06 1.353714370522357773e-05 2.045402349005051920e-05 3.030251016859593894e-05 4.392493460421251119e-05 6.215247563254217868e-05 8.562366506600034891e-05 1.145196582415665653e-04 1.482444133923133405e-04 1.851289189493164156e-04 2.222952350016266503e-04 2.558417584155954949e-04 2.814528589318944832e-04 2.953614729532595164e-04 2.953614683001393420e-04 2.814528540457992656e-04 2.558417683027770090e-04 2.222952576712982644e-04 1.851289417738359523e-04 1.482444295300438153e-04 1.145196612227643870e-04 8.562365520162631505e-05 6.215246436809836032e-05 4.392492946320032926e-05 3.030252599558502484e-05 2.045405248616655736e-05 1.353715299581561440e-05 8.801218151867558245e-06 5.630654877526852634e-06 3.549994391038441300e-06 2.208609471309612633e-06 1.357375587761735646e-06 8.246445701967973176e-07 4.951184979764619141e-07 2.929463264843117335e-07 1.689903924610152565e-07 9.159548902706918213e-08 4.005600596306105868e-08 0.000000000000000000e+00
0.000000000000000000e+00 5.803066299363446840e-08 1.335951122537413277e-07 2.487068295354532474e-07 4.355824863430943002e-07 7.446401104590092235e-07 1.255688380456404317e-06 2.094073926466088837e-06 3.453930073824998880e-06 5.630665836719747920e-06 9.062654040797168755e-06 1.438190581802880170e-05 2.246851857016659394e-05 3.449639749429172342e-05 5.194717981286858365e-05 7.655583988369472513e-05 1.101392963843741529e-04 1.542558957068016227e-04 2.096643492186714810e-04 2.756128042376260971e-04 3.491044453148908484e-04 4.244386510405439759e-04 4.934399906964144749e-04 5.467118783889624413e-04 5.758428777712087119e-04 5.758428736576515607e-04 5.467118760546571662e-04 4.934400009622176564e-04 4.244386673389373833e-04 3.491044642897442752e-04 2.756128177256057647e-04 2.096643521844233113e-04 1.542558872380198488e-04 1.101392757209843440e-04 7.655582683767130287e-05 5.194718618061099015e-05 3.449640420705090359e-05 2.246849678832416787e-05 1.438187172819162875e-05 9.062631068677082455e-06 5.630658097141735798e-06 3.453913493653180359e-06 2.094066793938419885e-06 1.255768399530444580e-06 7.447180669391286556e-07 4.355911261078805578e-07 2.487073170010903597e-07 1.336682807872257106e-07 5.812027031709364644e-08 0.000000000000000000e+00
0.000000000000000000e+00 8.292411561102593282e-08 1.919121426523712669e-07 3.601841595136077305e-07 6.374102610024086261e-07 1.102528180874843767e-06 1.882642396874105641e-06 3.181416233323363360e-06 5.320867998609816622e-06 8.801225285067328783e-06 1.438190581803922020e-05 2.318514260326944945e-05 3.681656109969777264e-05 5.748338039903581659e-05 8.806960778274282168e-05 1.320968998604459541e-04 1.934651895698215969e-04 2.758427811044071674e-04 3.815928117103514826e-04 5.102288700505170325e-04 6.566370437552679178e-04 8.096907330947435014e-04 9.522820519815873705e-04 1.063813518162604662e-03 1.125289879270569135e-03 1.125289881557122243e-03 1.063813517327929451e-03 9.522820468936686773e-04 8.096907222128148967e-04 6.566370284456767578e-04 5.102288661398860989e-04 3.815928163948030397e-04 2.758427812115162589e-04 1.934651751916875240e-04 1.320968830586781591e-04 8.806961300291916365e-05 5.748339100751266177e-05 3.681653967533476333e-05 2.318509854824690034e-05 1.438187634559057716e-05 8.801226206277487245e-06 5.320854610427555600e-06 3.181390486399865776e-06 1.882671275126369351e-06 1.102573813388918374e-06 6.374251344020791698e-07 3.601694503350867552e-07 1.919204896864057627e-07 8.297065376493644359e-08 0.000000000000000000e+00
0.000000000000000000e+00 1.163616064265802250e-07 2.707794500372136614e-07 5.126080311717035178e-07 9.168097527388300624e-07 1.604644353984497410e-06 2.775028345079405864e-06 4.752985950686621131e-06 8.062966824959523650e-06 1.353714370523947145e-05 2.246851857016102046e-05 3.681656109970004947e-05 5.946300327750209959e-05 9.449241858866007436e-05 1.474313556372348628e-04 2.253143563818364812e-04 3.363586581057813850e-04 4.889438464630126765e-04 6.895660464771401340e-04 9.395796371483447831e-04 1.231008907029402990e-03 1.542635780163628461e-03 1.838802867311425211e-03 2.074041269624057882e-03 2.204888736986040671e-03 2.204888737626193966e-03 2.074041269858418590e-03 1.838802858769546418e-03 1.542635759126697150e-03 1.231008880981416956e-03 9.395796281589316196e-04 6.895660599637453043e-04 4.889438645466784262e-04 3.363586596636798350e-04 2.253143456290449746e-04 1.474313606912889347e-04 9.449243097752335217e-05 5.946299969109994859e-05 3.681653235720280950e-05 2.246849392242306149e-05 1.353715297780142081e-05 8.062976556830343653e-06 4.752992651469402558e-06 2.775064718596557718e-06 1.604689307514898549e-06 9.168473284214003764e-07 5.126262638537062451e-07 2.708083932447473857e-07 1.163938254385743937e-07 0.000000000000000000e+00
0.000000000000000000e+00 1.602176718703240869e-07 3.750003881285209320e-07 7.161411386710466633e-07 1.294464798156884107e-06 2.292553040759005248e-06 4.015632810170196390e-06 6.972085721294424312e-06 1.199905571189807344e-05 2.045402349004248933e-05 3.449639749429866232e-05 5.748338039903669073e-05 9.449241858864923234e-05 1.529474104983179390e-04 2.432531917300787233e-04 3.792123565515936705e-04 5.778023257463100072e-04 8.576497076034270660e-04 1.235347457003952180e-03 1.718843194402051378e-03 2.297889889404597721e-03 2.933537805962099961e-03 3.552101135447749587e-03 4.052483901272457660e-03 4.333656059457176996e-03 4.333656056547187038e-03 4.052483897907774128e-03 3.552101129603968399e-03 2.933537789221083401e-03 2.297889863796788879e-03 1.718843176451702488e-03 1.235347458921043666e-03 8.576497200373529167e-04 5.778023353939848103e-04 3.792123555431042630e-04 2.432531983874983747e-04 1.529474261062437794e-04 9.449242707055768593e-05 5.748337627571875201e-05 3.449639195092854419e-05 2.045404381192313543e-05 1.199908242146740347e-05 6.972118510562506256e-06 4.015692687509103847e-06 2.292603266184452929e-06 1.294496987662307165e-06 7.161823335772686143e-07 3.750760084313815110e-07 1.602615922378261638e-07 0.000000000000000000e+00
0.000000000000000000e+00 2.162683504371433681e-07 5.091932913649069245e-07 9.808128696748207570e-07 1.791496640126349584e-06 3.210335676443361844e-06 5.695438735208267761e-06 1.002453396271472266e-05 1.750472140048100206e-05 3.030251016860082124e-05 5.194717981286801445e-05 8.806960778272375327e-05 1.474313556372371938e-04 2.432531917300831143e-04 3.947349360515223097e-04 6.284188794901407081e-04 9.786393217500826379e-04 1.485710456540745858e-03 2.189844625964697863e-03 3.118442139665470944e-03 4.265224978797851549e-03 5.563322775533292852e-03 6.863005724102357215e-03 7.937968869691903670e-03 8.548533513678058943e-03 8.548533510118498310e-03 7.937968860066316884e-03 6.863005719640813233e-03 5.563322772178432192e-03 4.265224968882268437e-03 3.118442127008646137e-03 2.189844611463499877e-03 1.485710446740572815e-03 9.786393192820351701e-04 6.284188796539042421e-04 3.947349428255625685e-04 2.432532018880791678e-04 1.474313563289922780e-04 8.806959680110304338e-05 5.194717479701815063e-05 3.030252448184681712e-05 1.750472828201257778e-05 1.002455114500164222e-05 5.695498700141035097e-06 3.210387890592017703e-06 1.791515071830272552e-06 9.808238400426375977e-07 5.092629997077313598e-07 2.163340227340793672e-07 0.000000000000000000e+00
0.000000000000000000e+00 2.858796182286005939e-07 6.769016021894091873e-07 1.314858309578467139e-06 2.426494341857145769e-06 4.399000843492194254e-06 7.903463958493587834e-06 1.410102269231923816e-05 2.498335859202250152e-05 4.392493460420961095e-05 7.655583988367489778e-05 1.320968998604490441e-04 2.253143563818537742e-04 3.792123565515617407e-04 6.284188794901600069e-04 1.022821049860344732e-03 1.630222184414635437e-03 2.535496357794615047e-03 3.831933660575613781e-03 5.598665457739625782e-03 7.857681989045144436e-03 1.050860830627077178e-02 1.325702485607358448e-02 1.559396182167375328e-02 1.693438107982824306e-02 1.693438107685220698e-02 1.559396182001402016e-02 1.325702486308187426e-02 1.050860831778810053e-02 7.857681997840652161e-03 5.598665454622876736e-03 3.831933646927286954e-03 2.535496339100824174e-03 1.630222164579696407e-03 1.022821039265199529e-03 6.284188803892483194e-04 3.792123583557238122e-04 2.253143420004882910e-04 1.320968719403716612e-04 7.655582495783068648e-05 4.392493998740556836e-05 2.498335154001454729e-05 1.410101602881578112e-05 7.903497689074253654e-06 4.399049351877962060e-06 2.426517114880215475e-06 1.314843346518472468e-06 6.769362764671448274e-07 2.859178576542446126e-07 0.000000000000000000e+00
0.000000000000000000e+00 3.694625864431552879e-07 8.796404951471610190e-07 1.722724698555804020e-06 3.211246071637353965e-06 5.887934765247339334e-06 1.071016356953795386e-05 1.936565040226433210e-05 3.480811644265627416e-05 6.215247563252687788e-05 1.101392963843733668e-04 1.934651895698379412e-04 3.363586581057501600e-04 5.778023257463477374e-04 9.786393217500355835e-04 1.630222184414675118e-03 2.662908307763505508e-03 4.250135914985312714e-03 6.599702211296145336e-03 9.918409711000341494e-03 1.433089976622161157e-02 1.973316675122793046e-02 2.558398332252641294e-02 3.074125041775422826e-02 3.371370124376520810e-02 3.371370124694290926e-02 3.074125042479079056e-02 2.558398333471635991e-02 1.973316676664495575e-02 1.433089977694755948e-02 9.918409712248089927e-03 6.599702203767809743e-03 4.250135898473408023e-03 2.662908281938864904e-03 1.630222162446613417e-03 9.786393219047627261e-04 5.778023415142357093e-04 3.363586599518305774e-04 1.934651697302292798e-04 1.101392815753438759e-04 6.215248234307914419e-05 3.480811362882250666e-05 1.936563848565865989e-05 1.071017414506117196e-05 5.887976833897008235e-06 3.211284382801833106e-06 1.722717381994839229e-06 8.796600431522726223e-07 3.694708271600547845e-07 0.000000000000000000e+00
0.000000000000000000e+00 4.661808189517164907e-07 1.115824927434772775e-06 2.202570908804141125e-06 4.145366458935515098e-06 7.683663836190613239e-06 1.414427923887897679e-05 2.590889395531961053e-05 4.722832094117496507e-05 8.562366506599201411e-05 1.542558957068095374e-04 2.758427811043998490e-04 4.889438464630294816e-04 8.576497076033898779e-04 1.485710456540814597e-03 2.535496357794598133e-03 4.250135914985277152e-03 6.972589170129960857e-03 1.114706017584209639e-02 1.727532088761973839e-02 2.578306188394101015e-02 3.672790395453583850e-02 4.926004450653120870e-02 6.087687482978811071e-02 6.750699712765549643e-02 6.750699713204605379e-02 6.087687484271292471e-02 4.926004452118045579e-02 3.672790396471846408e-02 2.578306189182998781e-02 1.727532088836623847e-02 1.114706017537177123e-02 6.972589165597846590e-03 4.250135892899205466e-03 2.535496333478385895e-03 1.485710449918032630e-03 8.576497248706950851e-04 4.889438660897656988e-04 2.758427825737705353e-04 1.542558956764268857e-04 8.562367487713433694e-05 4.722832670210419466e-05 2.590890555690526610e-05 1.414430389132383687e-05 7.683703160661335628e-06 4.145403625473619389e-06 2.202587230818636951e-06 1.115870289474468141e-06 4.661847467727691949e-07 0.000000000000000000e+00
0.000000000000000000e+00 5.735648864866159792e-07 1.379748132191953975e-06 2.743702822793684222e-06 5.210546525683297689e-06 9.757284295221399213e-06 1.816539918494210326e-05 3.368821292800629506e-05 6.224288518345136366e-05 1.145196582415705904e-04 2.096643492186718333e-04 3.815928117103551146e-04 6.895660464771349299e-04 1.235347457003992079e-03 2.189844625964721282e-03 3.831933660575498855e-03 6.599702211296265032e-03 1.114706017584202007e-02 1.838330241220576672e-02 2.944780422007736362e-02 4.553659102997400371e-02 6.743226228418144896e-02 9.436788595149582515e-02 1.213540072932112884e-01 1.360466156948643146e-01 1.360466156985498387e-01 1.213540073030425076e-01 9.436788596001323415e-02 6.743226228716120429e-02 4.553659102659293051e-02 2.944780421421420991e-02 1.838330241179199701e-02 1.114706017404699760e-02 6.599702195497309139e-03 3.831933636459468502e-03 2.189844611933745681e-03 1.235347463141948541e-03 6.895660652891448224e-04 3.815928251205033235e-04 2.096643612151237338e-04 1.145196749572158023e-04 6.224289593483744608e-05 3.368823878288947088e-05 1.816544409884471404e-05 9.757338728364103503e-06 5.210580198474469833e-06 2.743713267169783984e-06 1.379795332945041133e-06 5.735720018021943842e-07 0.000000000000000000e+00
0.000000000000000000e+00 6.872006124342171029e-07 1.660681679476991114e-06 3.324621543639986133e-06 6.366001118721019585e-06 1.203342814560872339e-05 2.263762428277337125e-05 4.246660676862288442e-05 7.945907882069416577e-05 1.482444133923149397e-04 2.756128042376367764e-04 5.102288700505130210e-04 9.395796371483773092e-04 1.718843194402092578e-03 3.118442139665333901e-03 5.598665457739742009e-03 9.918409711000237411e-03 1.727532088761978349e-02 2.944780422007737056e-02 4.886081063005782293e-02 7.844891295472608550e-02 1.211817420458940336e-01 1.787288057201361913e-01 2.446677627809839273e-01 2.759413231554804224e-01 2.759413231561926860e-01 2.446677627780478592e-01 1.787288057151914800e-01 1.211817420401912204e-01 7.844891294389867709e-02 4.886081061787408975e-02 2.944780421292916492e-02 1.727532088371555238e-02 9.918409699184777342e-03 5.598665443079108191e-03 3.118442127002816165e-03 1.718843184804241201e-03 9.395796409494145936e-04 5.102288760029539266e-04 2.756128204617835854e-04 1.482444336749277143e-04 7.945908696481554295e-05 4.246663332471646481e-05 2.263767358799382049e-05 1.203349842136934041e-05 6.366035451789386078e-06 3.324614788060837897e-06 1.660705642318699501e-06 6.871999151862196329e-07 0.000000000000000000e+00
0.000000000000000000e+00 8.007521718283418492e-07 1.942865912900163592e-06 3.912675424112136612e-06 7.546796038902969019e-06 1.438473716953818540e-05 2.731351437146266044e-05 5.176856928827858970e-05 9.797653015370039794e-05 1.851289189493259837e-04 3.491044453148948600e-04 6.566370437552913365e-04 1.231008907029438552e-03 2.297889889404517490e-03 4.265224978797847212e-03 7.857681989045180865e-03 1.433089976622156127e-02 2.578306188394106913e-02 4.553659102997397595e-02 7.844891295472611326e-02 1.308899412274658891e-01 2.105883500083055859e-01 3.291371514286712818e-01 5.045493567509056199e-01 5.620372557669445213e-01 5.620372557625731291e-01 5.045493567450540784e-01 3.291371514241500096e-01 2.105883500006417441e-01 1.308899412171050103e-01 7.844891294209431487e-02 4.553659102202457093e-02 2.578306188149245837e-02 1.433089976262967059e-02 7.857681987769923188e-03 4.265224974297124501e-03 2.297889881388136962e-03 1.231008897476159377e-03 6.566370357856167201e-04 3.491044616134839117e-04 1.851289433933217207e-04 9.797654824528249050e-05 5.176858597534297868e-05 2.731355404857773223e-05 1.438481985705566472e-05 7.546845596637890470e-06 3.912686471992646787e-06 1.942885122795366997e-06 8.007335789230651192e-07 0.000000000000000000e+00
0.000000000000000000e+00 9.063712267146599447e-07 2.206565608036132250e-06 4.465966068248465513e-06 8.666983921191669790e-06 1.663647662202288343e-05 3.183902072571558202e-05 6.087885198209093797e-05 1.163560998239171398e-04 2.222952350016410702e-04 4.244386510405512942e-04 8.096907330947832916e-04 1.542635780163578588e-03 2.933537805962037944e-03 5.563322775533379588e-03 1.050860830627070239e-02 1.973316675122798944e-02 3.672790395453583157e-02 6.743226228418153223e-02 1.211817420458939920e-01 2.105883500083055859e-01 3.488531659116458905e-01 5.597654549369461829e-01 6.760034689108833650e-01 7.232126141478649739e-01 7.232126141467453140e-01 6.760034689093219473e-01 5.597654549396643420e-01 3.488531659127159790e-01 2.105883500028544464e-01 1.211817420387271416e-01 6.743226228057649929e-02 3.672790395484831077e-02 1.973316675384793190e-02 1.050860831346063853e-02 5.563322784328797108e-03 2.933537813207477002e-03 1.542635774507945291e-03 8.096907212980122663e-04 4.244386627018471381e-04 2.222952667298026721e-04 1.163561270617741834e-04 6.087886197429585709e-05 3.183905231400571180e-05 1.663655271351791997e-05 8.667048107734991140e-06 4.466011648782325561e-06 2.206609026151892593e-06 9.063566723796076312e-07 0.000000000000000000e+00
0.000000000000000000e+00 9.955792723552145208e-07 2.430146698916089875e-06 4.937696042435404587e-06 9.628500138834735389e-06 1.858424655861465072e-05 3.578796689960415950e-05 6.890730266376846058e-05 1.327353246830705860e-04 2.558417584156096980e-04 4.934399906964374600e-04 9.522820519815705653e-04 1.838802867311371001e-03 3.552101135447753490e-03 6.863005724102389307e-03 1.325702485607356020e-02 2.558398332252647539e-02 4.926004450653123645e-02 9.436788595149579739e-02 1.787288057201362190e-01 3.291371514286710598e-01 5.597654549369459609e-01 7.017133708413330062e-01 7.815441211648735953e-01 8.163170736879583611e-01 8.163170736896198099e-01 7.815441211728554327e-01 7.017133708520238988e-01 5.597654549449246897e-01 3.291371514295977629e-01 1.787288057142359110e-01 9.436788595203274288e-02 4.926004451298054976e-02 2.558398333120995294e-02 1.325702486811238499e-02 6.863005740163351763e-03 3.552101154675874756e-03 1.838802869696163017e-03 9.522820403557938351e-04 4.934399992506899270e-04 2.558417878058973733e-04 1.327353509944792585e-04 6.890731631083922516e-05 3.578799010084980560e-05 1.858429973472692387e-05 9.628558539861027701e-06 4.937765620770308475e-06 2.430223437168979936e-06 9.955805546034216359e-07 0.000000000000000000e+00
0.000000000000000000e+00 1.060376403541290580e-06 2.593031530038007868e-06 5.282763109220461883e-06 1.033532108030803728e-05 2.002431155956384693e-05 3.872673903444797929e-05 7.492649020820133638e-05 1.451195201889446851e-04 2.814528589319061384e-04 5.467118783889763191e-04 1.063813518162553271e-03 2.074041269624026223e-03 4.052483901272521845e-03 7.937968869691865506e-03 1.559396182167381399e-02 3.074125041775424907e-02 6.087687482978811765e-02 1.213540072932112190e-01 2.446677627809838440e-01 5.045493567509053978e-01 6.760034689108831429e-01 7.815441211648734843e-01 8.411571989612510736e-01 8.676918092437196917e-01 8.676918092488520307e-01 8.411571989744314193e-01 7.815441211814888600e-01 6.760034689205836056e-01 5.045493567514828248e-01 2.446677627776893127e-01 1.213540072965211547e-01 6.087687484111733299e-02 3.074125043249747308e-02 1.559396183452095574e-02 7.937968882834036885e-03 4.052483918583150470e-03 2.074041273484967737e-03 1.063813512858940470e-03 5.467118825411744357e-04 2.814528762182799682e-04 1.451195360399022488e-04 7.492649291999245518e-05 3.872674719849376689e-05 2.002434291437719848e-05 1.033535213212550971e-05 5.282817236150317754e-06 2.593117163167240198e-06 1.060394958915632630e-06 0.000000000000000000e+00
0.000000000000000000e+00 1.094513115991674089e-06 2.678987574199880423e-06 5.465281221048414248e-06 1.071029514844434623e-05 2.079096727550462290e-05 4.029760401294535648e-05 7.815875150371600656e-05 1.518047089292836704e-04 2.953614729532634737e-04 5.758428777711898467e-04 1.125289879270523598e-03 2.204888736986057151e-03 4.333656059457196078e-03 8.548533513678074555e-03 1.693438107982828816e-02 3.371370124376515953e-02 6.750699712765552418e-02 1.360466156948642591e-01 2.759413231554804224e-01 5.620372557669442992e-01 7.232126141478647519e-01 8.163170736879579170e-01 8.676918092437192476e-01 8.904957028675487551e-01 8.904957028709010736e-01 8.676918092525528481e-01 8.163170737013356604e-01 7.232126141578351097e-01 5.620372557684168990e-01 2.759413231551761658e-01 1.360466156968778983e-01 6.750699713734055474e-02 3.371370125949246788e-02 1.693438109175470288e-02 8.548533526065636018e-03 4.333656070490126723e-03 2.204888737782633498e-03 1.125289878196272667e-03 5.758428817744164164e-04 2.953614819288313755e-04 1.518047140114448434e-04 7.815874103606116035e-05 4.029759734950601814e-05 2.079097872443738069e-05 1.071028895488286258e-05 5.465298791980025125e-06 2.679048430474860878e-06 1.094527532786687344e-06 0.000000000000000000e+00
0.000000000000000000e+00 1.094532142441389910e-06 2.679024814986308149e-06 5.465302854496555681e-06 1.071031087079779028e-05 2.079098212088609135e-05 4.029761434283091724e-05 7.815875429641571249e-05 1.518047062696458881e-04 2.953614683001364147e-04 5.758428736576032053e-04 1.125289881557122026e-03 2.204888737626204374e-03 4.333656056547197447e-03 8.548533510118555556e-03 1.693438107685220004e-02 3.371370124694290232e-02 6.750699713204599828e-02 1.360466156985499220e-01 2.759413231561926305e-01 5.620372557625727961e-01 7.232126141467454250e-01 8.163170736896200319e-01 8.676918092488515866e-01 8.904957028709005185e-01 8.904957028702569222e-01 8.676918092507126534e-01 8.163170736986126164e-01 7.232126141580632606e-01 5.620372557703240401e-01 2.759413231575842951e-01 1.360466156981168517e-01 6.750699713736467433e-02 3.371370125852386768e-02 1.693438109076559131e-02 8.548533526503355323e-03 4.333656071495979242e-03 2.204888740282091603e-03 1.125289879495257241e-03 5.758428812904945945e-04 2.953614826142585679e-04 1.518047128759492559e-04 7.815874036138951097e-05 4.029759953582602475e-05 2.079097838711673144e-05 1.071028955420419739e-05 5.465301458313224311e-06 2.679049262555409106e-06 1.094526798655068467e-06 0.000000000000000000e+00
0.000000000000000000e+00 1.060412670993933079e-06 2.593110483505373542e-06 5.282826372653324141e-06 1.033537592630378359e-05 2.002434882856218631e-05 3.872675645510906403e-05 7.492649502509743170e-05 1.451195157284876976e-04 2.814528540457786657e-04 5.467118760546147739e-04 1.063813517327949617e-03 2.074041269858406880e-03 4.052483897907806221e-03 7.937968860066389742e-03 1.559396182001395077e-02 3.074125042479079750e-02 6.087687484271292471e-02 1.213540073030425492e-01 2.446677627780476927e-01 5.045493567450538563e-01 6.760034689093221694e-01 7.815441211728555437e-01 8.411571989744310862e-01 8.676918092525528481e-01 8.676918092507125424e-01 8.411571989720161291e-01 7.815441211795782772e-01 6.760034689226138704e-01 5.045493567591623485e-01 2.446677627868036886e-01 1.213540073032021577e-01 6.087687484372635016e-02 3.074125043168902602e-02 1.559396183390193702e-02 7.937968882831021936e-03 4.052483922163992690e-03 2.074041279475084560e-03 1.063813518183777829e-03 5.467118855797911030e-04 2.814528762620230806e-04 1.451195344956127315e-04 7.492649420124749160e-05 3.872675231721028660e-05 2.002434607139743359e-05 1.033535471682911971e-05 5.282822544081460948e-06 2.593119128329477746e-06 1.060394049737324133e-06 0.000000000000000000e+00
0.000000000000000000e+00 9.955993625696320491e-07 2.430217474765538751e-06 4.937768526736269774e-06 9.628584449767645039e-06 1.858430211669395688e-05 3.578798416284189416e-05 6.890730554344065572e-05 1.327353249029626973e-04 2.558417683027362430e-04 4.934400009622154880e-04 9.522820468936727973e-04 1.838802858769545984e-03 3.552101129604020441e-03 6.863005719640852265e-03 1.325702486308179794e-02 2.558398333471635644e-02 4.926004452118050436e-02 9.436788596001317864e-02 1.787288057151913134e-01 3.291371514241500096e-01 5.597654549396644530e-01 7.017133708520238988e-01 7.815441211814889710e-01 8.163170737013359934e-01 8.163170736986127274e-01 7.815441211795788323e-01 7.017133708579690321e-01 5.597654549543706892e-01 3.291371514434883183e-01 1.787288057304221855e-01 9.436788596536897777e-02 4.926004452287566920e-02 2.558398333546570494e-02 1.325702486795288758e-02 6.863005741737170963e-03 3.552101160436490698e-03 1.838802877127401151e-03 9.522820497648053824e-04 4.934400072551843467e-04 2.558417887317011321e-04 1.327353511941421359e-04 6.890732019278811890e-05 3.578799391681353848e-05 1.858430578216336396e-05 9.628563620145326479e-06 4.937770403345319950e-06 2.430227591319582851e-06 9.955821936752200823e-07 0.000000000000000000e+00
0.000000000000000000e+00 9.063701350491783052e-07 2.206606870903600255e-06 4.466015933257610865e-06 8.667075803808712322e-06 1.663654800555712602e-05 3.183903473896034989e-05 6.087885237027362194e-05 1.163561070143607335e-04 2.222952576712510474e-04 4.244386673389723488e-04 8.096907222127886590e-04 1.542635759126727507e-03 2.933537789221132841e-03 5.563322772178416580e-03 1.050860831778804502e-02 1.973316676664492106e-02 3.672790396471860286e-02 6.743226228716107939e-02 1.211817420401910400e-01 2.105883500006418829e-01 3.488531659127161455e-01 5.597654549449244676e-01 6.760034689205836056e-01 7.232126141578349987e-01 7.232126141580634826e-01 6.760034689226143145e-01 5.597654549543710223e-01 3.488531659293205300e-01 2.105883500211965798e-01 1.211817420551590807e-01 6.743226229538537564e-02 3.672790396815842767e-02 1.973316676150197249e-02 1.050860831423294957e-02 5.563322785364008954e-03 2.933537818291589820e-03 1.542635780350773032e-03 8.096907300174357785e-04 4.244386715268529684e-04 2.222952703220216152e-04 1.163561269008424770e-04 6.087886289175540618e-05 3.183905496402431696e-05 1.663655674376075119e-05 8.667053849829877329e-06 4.466016524613176793e-06 2.206613728220613974e-06 9.063601540331445056e-07 0.000000000000000000e+00
0.000000000000000000e+00 8.007447802414951654e-07 1.942884604493194796e-06 3.912698740394569882e-06 7.546865103738873455e-06 1.438480812072846668e-05 2.731353419944099030e-05 5.176858164656836236e-05 9.797654109642374215e-05 1.851289417738058657e-04 3.491044642897927932e-04 6.566370284456315466e-04 1.231008880981476154e-03 2.297889863796828778e-03 4.265224968882207722e-03 7.857681997840643487e-03 1.433089977694751264e-02 2.578306189183014047e-02 4.553659102659277091e-02 7.844891294389855219e-02 1.308899412171052323e-01 2.105883500028545574e-01 3.291371514295975964e-01 5.045493567514828248e-01 5.620372557684166770e-01 5.620372557703239291e-01 5.045493567591624595e-01 3.291371514434884293e-01 2.105883500211965520e-01 1.308899412338156432e-01 7.844891295547543053e-02 4.553659103372832001e-02 2.578306189411117000e-02 1.433089977056920851e-02 7.857681988078898255e-03 4.265224974410007294e-03 2.297889883849215178e-03 1.231008900324049270e-03 6.566370412592016301e-04 3.491044685055119841e-04 1.851289487751189421e-04 9.797654698276791574e-05 5.176858372083124296e-05 2.731355756714717750e-05 1.438482197184324087e-05 7.546847580856421156e-06 3.912690300182603153e-06 1.942887655834096497e-06 8.007367386521123304e-07 0.000000000000000000e+00
0.000000000000000000e+00 6.872161705085366237e-07 1.660714039074213255e-06 3.324626013695221484e-06 6.366047033121882485e-06 1.203348605460371054e-05 2.263765822395412573e-05 4.246663614688563960e-05 7.945908835410644695e-05 1.482444295300418366e-04 2.756128177256430612e-04 5.102288661398363340e-04 9.395796281590115253e-04 1.718843176451720920e-03 3.118442127008562437e-03 5.598665454622884542e-03 9.918409712248076049e-03 1.727532088836634255e-02 2.944780421421405378e-02 4.886081061787404811e-02 7.844891294209448140e-02 1.211817420387273220e-01 1.787288057142357167e-01 2.446677627776893127e-01 2.759413231551761103e-01 2.759413231575841285e-01 2.446677627868036886e-01 1.787288057304222411e-01 1.211817420551591223e-01 7.844891295547545829e-02 4.886081062672646691e-02 2.944780422105707646e-02 1.727532089231153048e-02 9.918409705367645796e-03 5.598665444232712313e-03 3.118442127093093343e-03 1.718843186779143431e-03 9.395796431900407895e-04 5.102288790985870515e-04 2.756128275278791240e-04 1.482444392710292858e-04 7.945908705529274279e-05 4.246663243399663456e-05 2.263767591789333505e-05 1.203350059662857903e-05 6.366033399783659892e-06 3.324616321554882095e-06 1.660707226718400613e-06 6.872009066221081824e-07 0.000000000000000000e+00
0.000000000000000000e+00 5.735927467823445629e-07 1.379806859630477864e-06 2.743713948470175148e-06 5.210588797793402683e-06 9.757328799073981254e-06 1.816542974584292862e-05 3.368824484584064416e-05 6.224289456325690325e-05 1.145196612227881582e-04 2.096643521844480582e-04 3.815928163947663395e-04 6.895660599638327995e-04 1.235347458921041280e-03 2.189844611463429187e-03 3.831933646927299531e-03 6.599702203767829692e-03 1.114706017537181806e-02 1.838330241179185823e-02 2.944780421292917186e-02 4.553659102202466807e-02 6.743226228057667970e-02 9.436788595203253471e-02 1.213540072965210992e-01 1.360466156968779261e-01 1.360466156981167407e-01 1.213540073032020467e-01 9.436788596536890839e-02 6.743226229538534788e-02 4.553659103372832001e-02 2.944780422105709727e-02 1.838330241860754513e-02 1.114706017995957879e-02 6.599702201534704549e-03 3.831933642553576359e-03 2.189844615262340460e-03 1.235347466930224441e-03 6.895660697790316918e-04 3.815928288427071296e-04 2.096643677613626807e-04 1.145196796629379830e-04 6.224289994879916225e-05 3.368824285899566336e-05 1.816544597177090561e-05 9.757341970612356692e-06 5.210581392989929923e-06 2.743712506972246368e-06 1.379796130059198972e-06 5.735729075671069584e-07 0.000000000000000000e+00
0.000000000000000000e+00 4.662019170172511474e-07 1.115872078690569358e-06 2.202581207648488852e-06 4.145408835777788973e-06 7.683696318070600407e-06 1.414429088938974159e-05 2.590890346131663699e-05 4.722831782969861750e-05 8.562365520166811104e-05 1.542558872380270316e-04 2.758427812114911054e-04 4.889438645467586572e-04 8.576497200373303653e-04 1.485710446740517304e-03 2.535496339100837618e-03 4.250135898473426238e-03 6.972589165597862203e-03 1.114706017404689525e-02 1.727532088371560443e-02 2.578306188149247571e-02 3.672790395484845649e-02 4.926004451298043180e-02 6.087687484111722891e-02 6.750699713734058249e-02 6.750699713736467433e-02 6.087687484372623914e-02 4.926004452287557206e-02 3.672790396815835134e-02 2.578306189411112143e-02 1.727532089231151313e-02 1.114706017995956665e-02 6.972589168975640295e-03 4.250135897417309239e-03 2.535496339654305480e-03 1.485710454864293262e-03 8.576497302216720166e-04 4.889438726390152312e-04 2.758427884855437222e-04 1.542558984371711827e-04 8.562367968942013357e-05 4.722833463683414837e-05 2.590891173280846925e-05 1.414430973152735602e-05 7.683708617912395978e-06 4.145408625344722500e-06 2.202586110339188946e-06 1.115866709667091411e-06 4.661861836611472707e-07 0.000000000000000000e+00
0.000000000000000000e+00 3.694790130530737777e-07 8.796563361707811388e-07 1.722711968003341589e-06 3.211292118766038451e-06 5.887970915083113254e-06 1.071015841009204122e-05 1.936562950837961944e-05 3.480809986933058842e-05 6.215246436813670042e-05 1.101392757209770527e-04 1.934651751916751912e-04 3.363586596637570844e-04 5.778023353939430685e-04 9.786393192819874652e-04 1.630222164579735004e-03 2.662908281938859700e-03 4.250135892899202864e-03 6.599702195497260566e-03 9.918409699184844996e-03 1.433089976262964457e-02 1.973316675384803945e-02 2.558398333120990784e-02 3.074125043249735512e-02 3.371370125949246094e-02 3.371370125852390931e-02 3.074125043168897745e-02 2.558398333546561126e-02 1.973316676150188229e-02 1.433089977056912524e-02 9.918409705367586815e-03 6.599702201534662915e-03 4.250135897417285820e-03 2.662908280948792731e-03 1.630222167811444392e-03 9.786393261683949251e-04 5.778023444681317346e-04 3.363586673774413222e-04 1.934651758506736817e-04 1.101392824561915303e-04 6.215248484246535380e-05 3.480811866418937161e-05 1.936564339559908830e-05 1.071018145564068527e-05 5.887982976075992695e-06 3.211287215052679057e-06 1.722717583895435987e-06 8.796547218819828947e-07 3.694693194806786545e-07 0.000000000000000000e+00
0.000000000000000000e+00 2.859194007048225237e-07 6.769357729798588184e-07 1.314841418306161325e-06 2.426528701627303505e-06 4.399049290432265913e-06 7.903478680258407271e-06 1.410100752211247935e-05 2.498334441899062634e-05 4.392492946323780199e-05 7.655582683766878210e-05 1.320968830586633327e-04 2.253143456291174535e-04 3.792123555430532513e-04 6.284188796538567540e-04 1.022821039265267183e-03 1.630222162446586095e-03 2.535496333478355103e-03 3.831933636459472405e-03 5.598665443079193192e-03 7.857681987769878085e-03 1.050860831346068711e-02 1.325702486811238326e-02 1.559396183452086380e-02 1.693438109175466125e-02 1.693438109076562947e-02 1.559396183390193182e-02 1.325702486795282860e-02 1.050860831423286283e-02 7.857681988078808050e-03 5.598665444232634250e-03 3.831933642553516078e-03 2.535496339654261244e-03 1.630222167811419022e-03 1.022821044836971305e-03 6.284188832202910113e-04 3.792123596481627328e-04 2.253143482763890698e-04 1.320968779058998086e-04 7.655582476096263835e-05 4.392493816813215128e-05 2.498335322363672546e-05 1.410102055919300229e-05 7.903502019351580960e-06 4.399055613431585071e-06 2.426520162314762583e-06 1.314845733312897866e-06 6.769368096628394296e-07 2.859154794519850592e-07 0.000000000000000000e+00
0.000000000000000000e+00 2.163422816004031113e-07 5.092726415061489895e-07 9.808311628439903605e-07 1.791531243575195151e-06 3.210391365402011702e-06 5.695484557557908974e-06 1.002454809720966500e-05 1.750473188898863392e-05 3.030252599560781342e-05 5.194718618061224376e-05 8.806961300289155715e-05 1.474313606913583237e-04 2.432531983874534074e-04 3.947349428255019074e-04 6.284188803893274661e-04 9.786393219047347537e-04 1.485710449917970613e-03 2.189844611933773871e-03 3.118442127002918514e-03 4.265224974297082000e-03 5.563322784328793638e-03 6.863005740163360437e-03 7.937968882833984843e-03 8.548533526065582241e-03 8.548533526503374405e-03 7.937968882831042752e-03 6.863005741737144942e-03 5.563322785363947372e-03 4.265224974409929232e-03 3.118442127093013546e-03 2.189844615262269336e-03 1.485710454864236450e-03 9.786393261683541591e-04 6.284188832202686767e-04 3.947349451577777187e-04 2.432532029805616904e-04 1.474313592443265660e-04 8.806960263787577247e-05 5.194717762419644110e-05 3.030252620691211511e-05 1.750473103863920709e-05 1.002455532907822833e-05 5.695502139431096747e-06 3.210394670854393812e-06 1.791522891860105679e-06 9.808300177353263854e-07 5.092677238952017577e-07 2.163362851790274946e-07 0.000000000000000000e+00
0.000000000000000000e+00 1.602719945499241755e-07 3.750892797759212334e-07 7.161922429604907237e-07 1.294508040367145584e-06 2.292602177620806154e-06 4.015682048798736440e-06 6.972122107704184611e-06 1.199909467452090830e-05 2.045405248617368599e-05 3.449640420706894201e-05 5.748339100748176879e-05 9.449243097758024568e-05 1.529474261062159154e-04 2.432532018880115949e-04 3.792123583557976464e-04 5.778023415142282283e-04 8.576497248706139867e-04 1.235347463141977164e-03 1.718843184804358078e-03 2.297889881388121350e-03 2.933537813207441440e-03 3.552101154675866516e-03 4.052483918583121847e-03 4.333656070490083355e-03 4.333656071495987916e-03 4.052483922164024782e-03 3.552101160436495902e-03 2.933537818291552524e-03 2.297889883849155764e-03 1.718843186779071656e-03 1.235347466930156787e-03 8.576497302216119518e-04 5.778023444680817529e-04 3.792123596481257615e-04 2.432532029805443161e-04 1.529474280848394793e-04 9.449243064505508701e-05 5.748338468262729670e-05 3.449639949012726101e-05 2.045404869342287070e-05 1.199908556738588606e-05 6.972121428680983081e-06 4.015694571080891904e-06 2.292605148766309346e-06 1.294501925671052481e-06 7.161871747798382225e-07 3.750759026723136132e-07 1.602639025298883801e-07 0.000000000000000000e+00
0.000000000000000000e+00 1.164007502276874103e-07 2.708179688826405446e-07 5.126256765968368217e-07 9.168428676419722201e-07 1.604681574784712643e-06 2.775052663356821347e-06 4.752994403556760033e-06 8.062986051115225320e-06 1.353715299580819608e-05 2.246849678834709875e-05 3.681653967530451409e-05 5.946299969113642522e-05 9.449242707054533957e-05 1.474313563289268735e-04 2.253143420005361314e-04 3.363586599518443468e-04 4.889438660896868773e-04 6.895660652891587002e-04 9.395796409495291938e-04 1.231008897476168268e-03 1.542635774507892165e-03 1.838802869696132660e-03 2.074041273484953860e-03 2.204888737782610946e-03 2.204888740282091170e-03 2.074041279475111882e-03 1.838802877127419366e-03 1.542635780350761756e-03 1.231008900324009805e-03 9.395796431899830015e-04 6.895660697789705428e-04 4.889438726389576601e-04 3.363586673773948099e-04 2.253143482763499573e-04 1.474313592443002741e-04 9.449243064503798372e-05 5.946300179473895501e-05 3.681653636623793133e-05 2.246849629610191438e-05 1.353715317346522864e-05 8.062977222506006778e-06 4.752989596964015836e-06 2.775059920584784979e-06 1.604685004607736915e-06 9.168442944163898645e-07 5.126253704546635608e-07 2.708050432827371021e-07 1.163911186943677036e-07 0.000000000000000000e+00
0.000000000000000000e+00 8.297718880285076526e-08 1.919245757158778230e-07 3.601620683306409532e-07 6.374194290843496514e-07 1.102569808202347698e-06 1.882663803379344635e-06 3.181390983010661763e-06 5.320856113300946250e-06 8.801218151856307953e-06 1.438187172821157977e-05 2.318509854822490459e-05 3.681653235722080725e-05 5.748337627571177924e-05 8.806959680105136759e-05 1.320968719403950800e-04 1.934651697302615077e-04 2.758427825737090069e-04 3.815928251204924815e-04 5.102288760030445659e-04 6.566370357856520651e-04 8.096907212979721508e-04 9.522820403557465639e-04 1.063813512858917702e-03 1.125289878196257488e-03 1.125289879495257458e-03 1.063813518183801465e-03 9.522820497648294517e-04 8.096907300174393564e-04 6.566370412591778860e-04 5.102288790985463939e-04 3.815928288426562805e-04 2.758427884854947705e-04 1.934651758506264376e-04 1.320968779058616989e-04 8.806960263784407311e-05 5.748338468260463010e-05 3.681653636622979304e-05 2.318509502823461914e-05 1.438187438717715170e-05 8.801223811634599400e-06 5.320852269248979116e-06 3.181388118966182568e-06 1.882667944371516025e-06 1.102572296313065412e-06 6.374251924492889733e-07 3.601687915382132945e-07 1.919192890247680398e-07 8.296975460381797355e-08 0.000000000000000000e+00
0.000000000000000000e+00 5.812617184574273616e-08 1.336715671636446992e-07 2.487047824960151147e-07 4.355935587622179376e-07 7.447208549753680623e-07 1.255765709263238067e-06 2.094068787730238490e-06 3.453916027212965565e-06 5.630654877522261716e-06 9.062631068688813861e-06 1.438187634557814441e-05 2.246849392243242629e-05 3.449639195092279114e-05 5.194717479699192649e-05 7.655582495783954983e-05 1.101392815753719025e-04 1.542558956763824876e-04 2.096643612151066305e-04 2.756128204618580159e-04 3.491044616135354655e-04 4.244386627018201957e-04 4.934399992506327895e-04 5.467118825411406086e-04 5.758428817744070923e-04 5.758428812905002324e-04 5.467118855798101850e-04 4.934400072552083075e-04 4.244386715268667377e-04 3.491044685055038526e-04 2.756128275278496879e-04 2.096643677613226195e-04 1.542558984371274894e-04 1.101392824561506423e-04 7.655582476093072215e-05 5.194717762416882782e-05 3.449639949010702708e-05 2.246849629608665424e-05 1.438187438716628088e-05 9.062637492352889498e-06 5.630662419204461349e-06 3.453915984349786958e-06 2.094071526706154256e-06 1.255772555286391559e-06 7.447233397190281667e-07 4.355968783226994494e-07 2.487109008307351770e-07 1.336681756248518666e-07 5.812195211374443525e-08 0.000000000000000000e+00
0.000000000000000000e+00 4.005774690742677908e-08 9.159967036289650308e-08 1.689905163309826229e-07 2.929453995825613340e-07 4.951178823195098231e-07 8.246391562483617731e-07 1.357372816916890278e-06 2.208611734831242472e-06 3.549994391040936236e-06 5.630658097137350708e-06 8.801226206261568107e-06 1.353715297781314883e-05 2.045404381191490904e-05 3.030252448182445206e-05 4.392493998739571568e-05 6.215248234310221059e-05 8.562367487711838561e-05 1.145196749571989565e-04 1.482444336749706758e-04 1.851289433933682872e-04 2.222952667297954080e-04 2.558417878058493432e-04 2.814528762182358411e-04 2.953614819288151666e-04 2.953614826142642058e-04 2.814528762620419457e-04 2.558417887317244966e-04 2.222952703220409140e-04 1.851289487751192674e-04 1.482444392710143238e-04 1.145196796629117589e-04 8.562367968938744487e-05 6.215248484243125564e-05 4.392493816810167165e-05 3.030252620688339053e-05 2.045404869339805264e-05 1.353715317344391221e-05 8.801223811616396662e-06 5.630662419198590563e-06 3.549999467266096006e-06 2.208610132669872014e-06 1.357377690322489670e-06 8.246472294027069083e-07 4.951204631679117231e-07 2.929491130260536196e-07 1.689937667144917819e-07 9.159414321578862677e-08 4.005435311291639971e-08 0.000000000000000000e+00
0.000000000000000000e+00 2.718581701053093956e-08 6.181723862682298263e-08 1.131026554281863875e-07 1.940943226315416452e-07 3.243702364381288454e-07 5.337692043767872199e-07 8.675156849543579402e-07 1.393023936927685572e-06 2.208609471313857963e-06 3.453913493650308494e-06 5.320854610415825041e-06 8.062976556836686236e-06 1.199908242144347479e-05 1.750472828199490190e-05 2.498335154001242971e-05 3.480811362884044343e-05 4.722832670209403026e-05 6.224289593482023437e-05 7.945908696484110302e-05 9.797654824532230783e-05 1.163561270617783847e-04 1.327353509944406067e-04 1.451195360398549504e-04 1.518047140114213976e-04 1.518047128759526982e-04 1.451195344956298890e-04 1.327353511941678586e-04 1.163561269008652995e-04 9.797654698277730764e-05 7.945908705528745731e-05 6.224289994877837268e-05 4.722833463680467162e-05 3.480811866415418248e-05 2.498335322360661852e-05 1.750473103860872068e-05 1.199908556736807973e-05 8.062977222491049870e-06 5.320852269238704607e-06 3.453915984346779568e-06 2.208610132666962456e-06 1.393019410872874592e-06 8.675195458312374959e-07 5.337756438536037293e-07 3.243733696012885498e-07 1.940976387017709054e-07 1.131045606425469628e-07 6.181089187221360729e-08 2.718079893708868499e-08 0.000000000000000000e+00
0.000000000000000000e+00 1.817902881966867689e-08 4.111542166019620623e-08 7.462017571813077390e-08 1.268029637787274151e-07 2.095973424382688136e-07 3.408704824529211256e-07 5.472166979474450322e-07 8.675217809496213165e-07 1.357375587787126306e-06 2.094066793944106017e-06 3.181390486376518160e-06 4.752992651476384651e-06 6.972118510554156205e-06 1.002455114499261624e-05 1.410101602881336877e-05 1.936563848567147381e-05 2.590890555690557781e-05 3.368823878288080404e-05 4.246663332472895347e-05 5.176858597536982624e-05 6.087886197430621122e-05 6.890731631081613165e-05 7.492649291995248878e-05 7.815874103603588489e-05 7.815874036139074425e-05 7.492649420126501502e-05 6.890732019281316397e-05 6.087886289177475241e-05 5.176858372084142769e-05 4.246663243398958725e-05 3.368824285897858718e-05 2.590891173278138791e-05 1.936564339557747880e-05 1.410102055917050509e-05 1.002455532906078623e-05 6.972121428668745148e-06 4.752989596950037252e-06 3.181388118954107266e-06 2.094071526698005799e-06 1.357377690308618447e-06 8.675195458262229550e-07 5.472194384513681068e-07 3.408760331592846799e-07 2.095993618168738451e-07 1.268050210467725767e-07 7.462187291538543924e-08 4.110925121264928734e-08 1.817553613743737342e-08 0.000000000000000000e+00
0.000000000000000000e+00 1.198055267554145338e-08 2.695450739997993654e-08 4.854087507806873799e-08 8.170654945912455770e-08 1.336353050135767601e-07 2.148764182804509731e-07 3.408721123028341236e-07 5.337768596728023932e-07 8.246445702112120184e-07 1.255768399534690544e-06 1.882671275108167036e-06 2.775064718603324241e-06 4.015692687503033161e-06 5.695498700131683853e-06 7.903497689075342938e-06 1.071017414507143800e-05 1.414430389132416213e-05 1.816544409883799537e-05 2.263767358799949561e-05 2.731355404859608913e-05 3.183905231402059247e-05 3.578799010084362565e-05 3.872674719846616717e-05 4.029759734948011249e-05 4.029759953581861151e-05 3.872675231722079659e-05 3.578799391683054691e-05 3.183905496403990914e-05 2.731355756715688450e-05 2.263767591789655039e-05 1.816544597176660608e-05 1.414430973151569915e-05 1.071018145562547087e-05 7.903502019329829154e-06 5.695502139411737809e-06 4.015694571062319859e-06 2.775059920568068783e-06 1.882667944364426359e-06 1.255772555281184424e-06 8.246472293978665386e-07 5.337756438527059803e-07 3.408760331551394065e-07 2.148833266304448729e-07 1.336399958076622000e-07 8.171415177493717365e-08 4.854618889759165941e-08 2.695241702435146864e-08 1.197899911148034275e-08 0.000000000000000000e+00
0.000000000000000000e+00 7.771137935035333962e-09 1.739920508976949307e-08 3.110380243689549952e-08 5.188801258811836630e-08 8.401490575281542218e-08 1.336343434677492927e-07 2.095975252167605414e-07 3.243762767779508866e-07 4.951184979897523904e-07 7.447180669487324210e-07 1.102573813372472171e-06 1.604689307519807105e-06 2.292603266186747118e-06 3.210387890581639432e-06 4.399049351872926449e-06 5.887976833901680469e-06 7.683703160659873649e-06 9.757338728359288968e-06 1.203349842137607093e-05 1.438481985707185829e-05 1.663655271353170966e-05 1.858429973472452168e-05 2.002434291435516546e-05 2.079097872440903558e-05 2.079097838709924868e-05 2.002434607139795197e-05 1.858430578217994887e-05 1.663655674378234714e-05 1.438482197186146393e-05 1.203350059663853505e-05 9.757341970610083255e-06 7.683708617900363028e-06 5.887982976058583627e-06 4.399055613413707594e-06 3.210394670839199735e-06 2.292605148753742341e-06 1.604685004597424077e-06 1.102572296304195918e-06 7.447233397108932623e-07 4.951204631510772609e-07 3.243733695977026888e-07 2.095993618029161715e-07 1.336399958154108575e-07 8.402145610039563377e-08 5.189910076840889319e-08 3.111448274448118404e-08 1.740261201611812622e-08 7.773438978903715196e-09 0.000000000000000000e+00
0.000000000000000000e+00 4.937460136130179673e-09 1.101116473939229095e-08 1.955692680678950924e-08 3.235683418288245667e-08 5.190076523109796160e-08 8.171540396217742182e-08 1.268046313080158693e-07 1.940977627432891251e-07 2.929463264874324147e-07 4.355911261189926771e-07 6.374251343984523865e-07 9.168473284213041323e-07 1.294496987660263063e-06 1.791515071818792079e-06 2.426517114872909393e-06 3.211284382806540068e-06 4.145403625479176772e-06 5.210580198478366184e-06 6.366035451795578736e-06 7.546845596645387559e-06 8.667048107740174981e-06 9.628558539856523179e-06 1.033535213210740354e-05 1.071028895485797675e-05 1.071028955418700432e-05 1.033535471683146430e-05 9.628563620163198874e-06 8.667053849848400246e-06 7.546847580870414988e-06 6.366033399790335358e-06 5.210581392990336499e-06 4.145408625337177978e-06 3.211287215044447167e-06 2.426520162298136597e-06 1.791522891843984313e-06 1.294501925653431867e-06 9.168442944001474784e-07 6.374251924423730552e-07 4.355968783195693450e-07 2.929491130268232020e-07 1.940976387050140886e-07 1.268050210428900159e-07 8.171415177784389956e-08 5.189910075659241300e-08 3.236291364036251847e-08 1.956742782326241308e-08 1.101985600521220318e-08 4.945157267129143075e-09 0.000000000000000000e+00
0.000000000000000000e+00 3.036176310753985940e-09 6.746605347808371626e-09 1.191640343492183683e-08 1.956832966429638781e-08 3.111944135363126647e-08 4.854673136261630836e-08 7.461862457380942111e-08 1.131022531024243693e-07 1.689903924804905557e-07 2.487073170201439423e-07 3.601694503291108319e-07 5.126262638455315301e-07 7.161823335767848526e-07 9.808238400353819134e-07 1.314843346517348667e-06 1.722717382008483871e-06 2.202587230828587047e-06 2.743713267170405283e-06 3.324614788060876014e-06 3.912686471994873637e-06 4.466011648781487846e-06 4.937765620765279640e-06 5.282817236141970244e-06 5.465298791967721972e-06 5.465301458299396499e-06 5.282822544079444163e-06 4.937770403353149075e-06 4.466016524629210280e-06 3.912690300197879392e-06 3.324616321566361509e-06 2.743712506971324372e-06 2.202586110333767512e-06 1.722717583883571597e-06 1.314845733297783834e-06 9.808300177265991932e-07 7.161871747716916714e-07 5.126253704482016523e-07 3.601687915348592029e-07 2.487109008240845920e-07 1.689937667034819153e-07 1.131045606403461330e-07 7.462187290598579551e-08 4.854618889924733089e-08 3.111448273941312784e-08 1.956742782567515004e-08 1.192095419486703655e-08 6.754408608295378305e-09 3.043909841617535349e-09 0.000000000000000000e+00
0.000000000000000000e+00 1.735979755396587072e-09 3.845055779138219017e-09 6.755333514677948935e-09 1.102220374030353637e-08 1.740490482130857833e-08 2.695218006408364400e-08 4.110537643990771646e-08 6.181003490687463368e-08 9.159548904462262970e-08 1.336682807934799372e-07 1.919204896818459726e-07 2.708083932393054108e-07 3.750760084366667319e-07 5.092629997154344892e-07 6.769362764748074051e-07 8.796600431623099627e-07 1.115870289481084104e-06 1.379795332944631380e-06 1.660705642316050194e-06 1.942885122794670736e-06 2.206609026151884123e-06 2.430223437169021017e-06 2.593117163165067558e-06 2.679048430465906893e-06 2.679049262544092746e-06 2.593119128325607229e-06 2.430227591324373246e-06 2.206613728234013188e-06 1.942887655847765491e-06 1.660707226728299252e-06 1.379796130061116231e-06 1.115866709670493307e-06 8.796547218762497522e-07 6.769368096555733693e-07 5.092677238844217812e-07 3.750759026544558294e-07 2.708050432696747423e-07 1.919192890152226402e-07 1.336681756171244909e-07 9.159414321283833160e-08 6.181089187531429051e-08 4.110925120516748502e-08 2.695241703004536969e-08 1.740261200524957847e-08 1.101985600714038269e-08 6.754408606693397465e-09 3.845415909944294268e-09 1.738163926291091141e-09 0.000000000000000000e+00
0.000000000000000000e+00 7.872182036665170894e-10 1.740576237887695046e-09 3.044183436564953988e-09 4.945436383728912251e-09 7.773632037298274425e-09 1.197659330535907459e-08 1.817057160705186045e-08 2.718078012860217980e-08 4.005600596385507928e-08 5.812027031528206796e-08 8.297065375672252687e-08 1.163938254336188142e-07 1.602615922496734019e-07 2.163340227413641417e-07 2.859178576538089730e-07 3.694708271657984620e-07 4.661847467792353385e-07 5.735720018003485935e-07 6.871999151827984669e-07 8.007335789244029019e-07 9.063566723820872143e-07 9.955805546035173506e-07 1.060394958913745017e-06 1.094527532781867303e-06 1.094526798649708019e-06 1.060394049732425318e-06 9.955821936768768787e-07 9.063601540434868837e-07 8.007367386683264469e-07 6.872009066336633000e-07 5.735729075710195095e-07 4.661861836555544180e-07 3.694693194668922404e-07 2.859154794399399860e-07 2.163362851673041616e-07 1.602639025209228010e-07 1.163911186882901231e-07 8.296975460021437776e-08 5.812195210459313761e-08 4.005435311853823018e-08 2.718079892865256109e-08 1.817553614700557340e-08 1.197899910715996849e-08 7.773438981368774633e-09 4.945157265292013812e-09 3.043909840897065585e-09 1.738163923114631149e-09 7.887881720980571197e-10 0.000000000000000000e+00
0.000000000000000000e+00 0.000000000000000000e+00 0.000000000000000000e+00 0.000000000000000000e+00 0.000000000000000000e+00 0.000000000000000000e+00 0.000000000000000000e+00 0.000000000000000000e+00 0.000000000000000000e+00 0.000000000000000000e+00 0.000000000000000000e+00 0.000000000000000000e+00 0.000000000000000000e+00 0.000000000000000000e+00 0.000000000000000000e+00 0.000000000000000000e+00 0.000000000000000000e+00 0.000000000000000000e+00 0.000000000000000000e+00 0.000000000000000000e+00 0.000000000000000000e+00 0.000000000000000000e+00 0.000000000000000000e+00 0.000000000000000000e+00 0.000000000000000000e+00 0.000000000000000000e+00 0.000000000000000000e+00 0.000000000000000000e+00 0.000000000000000000e+00 0.000000000000000000e+00 0.000000000000000000e+00 0.000000000000000000e+00 0.000000000000000000e+00 0.000000000000000000e+00 0.000000000000000000e+00 0.000000000000000000e+00 0.000000000000000000e+00 0.000000000000000000e+00 0.000000000000000000e+00 0.000000000000000000e+00 0.000000000000000000e+00 0.000000000000000000e+00 0.000000000000000000e+00 0.000000000000000000e+00 0.000000000000000000e+00 0.000000000000000000e+00 0.000000000000000000e+00 0.000000000000000000e+00 0.000000000000000000e+00 0.000000000000000000e+00
