0.000000000000000000e+00 0.000000000000000000e+00 0.000000000000000000e+00 0.000000000000000000e+00 0.000000000000000000e+00 0.000000000000000000e+00 0.000000000000000000e+00 0.000000000000000000e+00 0.000000000000000000e+00 0.000000000000000000e+00 0.000000000000000000e+00 0.000000000000000000e+00 0.000000000000000000e+00 0.000000000000000000e+00 0.000000000000000000e+00 0.000000000000000000e+00 0.000000000000000000e+00 0.000000000000000000e+00 0.000000000000000000e+00 0.000000000000000000e+00 0.000000000000000000e+00 0.000000000000000000e+00 0.000000000000000000e+00 0.000000000000000000e+00 0.000000000000000000e+00 0.000000000000000000e+00 0.000000000000000000e+00 0.000000000000000000e+00 0.000000000000000000e+00 0.000000000000000000e+00 0.000000000000000000e+00 0.000000000000000000e+00 0.000000000000000000e+00 0.000000000000000000e+00 0.000000000000000000e+00 0.000000000000000000e+00 0.000000000000000000e+00 0.000000000000000000e+00 0.000000000000000000e+00 0.000000000000000000e+00 0.000000000000000000e+00 0.000000000000000000e+00 0.000000000000000000e+00 0.000000000000000000e+00 0.000000000000000000e+00 0.000000000000000000e+00 0.000000000000000000e+00 0.000000000000000000e+00 0.000000000000000000e+00 0.000000000000000000e+00
0.000000000000000000e+00 3.412005382066498381e-07 7.272249013390638082e-07 1.207079394504882305e-06 1.836400018872884782e-06 2.681083926442916888e-06 3.820493673470011293e-06 5.349077219211207462e-06 7.376725289027111590e-06 1.002745080059774899e-05 1.343507493653379259e-05 1.773483886359089194e-05 2.305091858419303574e-05 2.947974104272281770e-05 3.706947245477145895e-05 4.579732722143801070e-05 5.554775185981809267e-05 6.609554135214855712e-05 7.709835831225607232e-05 8.810298164433499630e-05 9.856838186988854341e-05 1.079061357878596957e-04 1.155351201676825784e-04 1.209437333978768091e-04 1.237501443686990965e-04 1.237501589421818437e-04 1.209437624407752799e-04 1.155351389624010590e-04 1.079061423196069796e-04 9.856839903637559309e-05 8.810302410915001297e-05 7.709841025816169778e-05 6.609558109510230389e-05 5.554778819649976922e-05 4.579738752881596476e-05 3.706955343606227135e-05 2.947980706105931295e-05 2.305096663667381273e-05 1.773491037844266829e-05 1.343517806401882083e-05 1.002752834328837250e-05 7.376760448246679637e-06 5.349148930393806364e-06 3.820602405423038365e-06 2.681126243514977454e-06 1.836378595736975067e-06 1.207122205506489310e-06 7.272756216276163500e-07 3.411143939517941039e-07 0.000000000000000000e+00
0.000000000000000000e+00 7.272249013369940832e-07 1.551970808002259367e-06 2.580079343632339534e-06 3.932776478294962572e-06 5.754756106397716020e-06 8.220812351737599404e-06 1.153992017901934356e-05 1.595705305688305476e-05 2.175063182203790238e-05 2.922306820049372920e-05 3.868280187200316456e-05 5.041687580905182726e-05 6.465336607858962134e-05 8.151455002821305848e-05 1.009646502115326235e-04 1.227588493778984928e-04 1.464026327075064894e-04 1.711320653682217412e-04 1.959255478733689922e-04 2.195547554992613557e-04 2.406764176021932745e-04 2.579582373594011490e-04 2.702234610308867436e-04 2.765917883178061290e-04 2.765918147895849452e-04 2.702235195857263230e-04 2.579582890048204269e-04 2.406764494147510438e-04 2.195547945997864737e-04 1.959256242778836517e-04 1.711321674225053848e-04 1.464027203184148720e-04 1.227589148164168393e-04 1.009647360234580330e-04 8.151468140572650021e-05 6.465350068880574284e-05 5.041696902920482574e-05 3.868289078222820598e-05 2.922321253642138592e-05 2.175078876327493353e-05 1.595715104521007482e-05 1.154001692057741137e-05 8.220990808171081435e-06 5.754925895797958579e-06 3.932826293340233063e-06 2.580152137785979873e-06 1.552128836876295741e-06 7.272777306874743955e-07 0.000000000000000000e+00
0.000000000000000000e+00 1.207079394504614854e-06 2.580079343632234926e-06 4.299246259803106291e-06 6.573018004662926191e-06 9.651919783237282040e-06 1.384050702156497589e-05 1.950634887411778921e-05 2.708453070340704902e-05 3.707415511321103741e-05 5.002316452641768907e-05 6.649816794975712826e-05 8.703639461723619781e-05 1.120780863324457970e-04 1.418808791803970941e-04 1.764225328134507755e-04 2.153036259180067101e-04 2.576669606400836844e-04 3.021541836695655668e-04 3.469205095673248782e-04 3.897234012474606814e-04 4.280898951332040374e-04 4.595512754653294121e-04 4.819163159342231581e-04 4.935401559474144814e-04 4.935401782987343866e-04 4.819163709873739440e-04 4.595513363733034432e-04 4.280899432018224048e-04 3.897234439990778692e-04 3.469205698905585369e-04 3.021542663054477534e-04 2.576670404746794329e-04 2.153036841787252795e-04 1.764225927199605684e-04 1.418809749012454966e-04 1.120782026853113039e-04 8.703648240838004568e-05 6.649822723481928503e-05 5.002325221538191286e-05 3.707427870574633876e-05 2.708462861394229893e-05 1.950641637059620024e-05 1.384061348260015046e-05 9.652062211394113968e-06 6.573099262907144208e-06 4.299286078311580401e-06 2.580155055197310395e-06 1.207124514425759670e-06 0.000000000000000000e+00
0.000000000000000000e+00 1.836400018869635140e-06 3.932776478291509219e-06 6.573018004661629384e-06 1.008812889218890128e-05 1.487923214767678486e-05 2.143895130127406292e-05 3.036838707364643825e-05 4.238679929969560098e-05 5.832882503375968873e-05 7.912302716015782490e-05 1.057451216637106389e-04 1.391399143078198681e-04 1.801083976764287109e-04 2.291614678596901142e-04 2.863496136715658531e-04 3.510876182270634364e-04 4.220034503536370914e-04 4.968484126253520016e-04 5.725075147873290695e-04 6.451413268870023927e-04 7.104713554333366883e-04 7.641918590289158196e-04 8.024577671213906256e-04 8.223704030967763376e-04 8.223704204408409987e-04 8.024578165958286269e-04 7.641919313637583625e-04 7.104714357699449308e-04 6.451414051614965924e-04 5.725075939427709277e-04 4.968484999362653837e-04 4.220035435494575641e-04 3.510877095551745257e-04 2.863497058275961101e-04 2.291615705165378990e-04 1.801085070499153240e-04 1.391400132435063343e-04 1.057452082724193014e-04 7.912311983590799625e-05 5.832892282712907910e-05 4.238688571405965517e-05 3.036846468990633032e-05 2.143903561853469493e-05 1.487931787281499014e-05 1.008819981406588116e-05 6.573105056277555260e-06 3.932830940429062701e-06 1.836380674460708307e-06 0.000000000000000000e+00
0.000000000000000000e+00 2.681083926445570218e-06 5.754756106402650834e-06 9.651919783241649342e-06 1.487923214768435394e-05 2.205729124030612884e-05 3.195690001269589793e-05 4.552950884705587840e-05 6.392726059879125743e-05 8.850447983207094572e-05 1.207897344771793240e-04 1.624166335824744878e-04 2.150021376829273955e-04 2.799644759679534235e-04 3.582804951971673888e-04 4.501953721979191003e-04 5.549148804136936567e-04 6.703292562978289872e-04 7.928335776732271280e-04 9.173157423220760229e-04 1.037372498151572456e-03 1.145781904289512208e-03 1.235208616214214863e-03 1.299056432898885397e-03 1.332328341567038787e-03 1.332328357905809184e-03 1.299056479089329445e-03 1.235208684867789442e-03 1.145781987046184600e-03 1.037372589326906449e-03 9.173158385023899531e-04 7.928336752413033591e-04 6.703293536461528337e-04 5.549149844943638459e-04 4.501954934707122860e-04 3.582806285305411903e-04 2.799646008388487857e-04 2.150022497539182836e-04 1.624167608966135639e-04 1.207898917814931994e-04 8.850462879855686160e-05 6.392737416106190147e-05 4.552962741125037856e-05 3.195705487618328818e-05 2.205742553834302296e-05 1.487932332482090400e-05 9.652069720736029010e-06 5.754928850170945642e-06 2.681126328614566708e-06 0.000000000000000000e+00
0.000000000000000000e+00 3.820493673465749023e-06 8.220812351736259398e-06 1.384050702156214002e-05 2.143895130127696993e-05 3.195690001269261822e-05 4.657644281065937894e-05 6.677446633819562015e-05 9.436219004735372444e-05 1.314974457951227995e-04 1.806519521683855214e-04 2.445132624649875913e-04 3.258005521542096743e-04 4.269775706120773791e-04 5.498579556931745046e-04 6.951194168430278788e-04 8.617728610302896174e-04 1.046666739902322053e-03 1.244138130835921192e-03 1.445938230570678346e-03 1.641547135219145704e-03 1.818940663240663355e-03 1.965780797440989415e-03 2.070887448019401948e-03 2.125745271736270269e-03 2.125745288336576468e-03 2.070887489464026589e-03 1.965780847808782685e-03 1.818940716249478140e-03 1.641547199045050769e-03 1.445938312327999745e-03 1.244138219767790656e-03 1.046666817466553783e-03 8.617729311291814779e-04 6.951195078150859989e-04 5.498580776943119957e-04 4.269776918729061227e-04 3.258006462812092718e-04 2.445133631008539849e-04 1.806521046553708268e-04 1.314976164475278484e-04 9.436231439198797721e-05 6.677456686056121163e-05 4.657658992641848831e-05 3.195705557796333935e-05 2.143903855306722523e-05 1.384061540710166998e-05 8.220987576082732645e-06 3.820598062009991875e-06 0.000000000000000000e+00
0.000000000000000000e+00 5.349077219215737394e-06 1.153992017901607909e-05 1.950634887412411485e-05 3.036838707365086654e-05 4.552950884704717090e-05 6.677446633819479345e-05 9.636115189295000791e-05 1.370944934915133996e-04 1.923618960990824392e-04 2.661018871960511953e-04 3.626714660202134239e-04 4.865745293596097291e-04 6.420185151716849932e-04 8.322837893041932535e-04 1.058923734126588538e-03 1.320863028836467964e-03 1.613522496020010485e-03 1.928158711235306239e-03 2.251643989663397894e-03 2.566901140214879976e-03 2.854125478208155257e-03 3.092769478485620904e-03 3.264058627773360442e-03 3.353609395761570234e-03 3.353609410235861357e-03 3.264058662652976998e-03 3.092769516664393981e-03 2.854125512202568011e-03 2.566901180870402328e-03 2.251644051052674803e-03 1.928158786059766235e-03 1.613522557637632948e-03 1.320863068304215177e-03 1.058923781145940709e-03 8.322838738606098095e-04 6.420186182464004227e-04 4.865746066000626409e-04 3.626715250853297743e-04 2.661019837091085612e-04 1.923620371886483865e-04 1.370946201526438226e-04 9.636124052867280629e-05 6.677456979341462109e-05 4.552962792049137050e-05 3.036846365760573576e-05 1.950641350247883215e-05 1.154000969749083481e-05 5.349143670756711679e-06 0.000000000000000000e+00
0.000000000000000000e+00 7.376725289022813744e-06 1.595705305688756097e-05 2.708453070341191777e-05 4.238679929969852832e-05 6.392726059879235518e-05 9.436219004734997039e-05 1.370944934915194441e-04 1.964063967257334174e-04 2.775403729094608001e-04 3.866835619119032082e-04 5.307982408511731755e-04 7.172328225844152357e-04 9.530516496420761430e-04 1.244045606008248837e-03 1.593436548792704580e-03 2.000369795588949427e-03 2.458394836560011398e-03 2.954245667991269812e-03 3.467312413925471327e-03 3.970197044497504602e-03 4.430622701976950906e-03 4.814700638759771521e-03 5.091187987367830348e-03 5.235997697390836966e-03 5.235997705562926707e-03 5.091188009953524947e-03 4.814700669923521054e-03 4.430622735877632647e-03 3.970197082451087586e-03 3.467312462976057403e-03 2.954245726827093178e-03 2.458394889080245220e-03 2.000369831602873041e-03 1.593436585927781928e-03 1.244045672415835082e-03 9.530517419714808983e-04 7.172329058611427634e-04 5.307983051825700474e-04 3.866836416873856521e-04 2.775404920225374612e-04 1.964065338100254689e-04 1.370946238949046099e-04 9.436231997774880787e-05 6.392737455942352944e-05 4.238688332485650100e-05 2.708462554654569502e-05 1.595714593179674707e-05 7.376757965434791459e-06 0.000000000000000000e+00
0.000000000000000000e+00 1.002745080059663091e-05 2.175063182203705196e-05 3.707415511321128813e-05 5.832882503375590757e-05 8.850447983206437275e-05 1.314974457951203601e-04 1.923618960990839571e-04 2.775403729094656248e-04 3.950281434461617547e-04 5.544020447605155612e-04 7.666209325657950694e-04 1.043486971667006991e-03 1.396655969277896345e-03 1.836114901109178179e-03 2.368120142678651913e-03 2.992719755031778874e-03 3.701162807086887802e-03 4.473699745923723214e-03 5.278440794783837396e-03 6.071978129310646836e-03 6.802302287416725490e-03 7.414104713848366189e-03 7.855903744668081556e-03 8.087739996497513018e-03 8.087739999020803622e-03 7.855903755943503125e-03 7.414104739145071891e-03 6.802302325154647653e-03 6.071978172783673230e-03 5.278440839415335546e-03 4.473699789296003808e-03 3.701162845541002694e-03 2.992719788939308869e-03 2.368120183373345188e-03 1.836114961383300461e-03 1.396656043482976360e-03 1.043487041582639302e-03 7.666209991208642509e-04 5.544021269418235439e-04 3.950282469824453052e-04 2.775404909844659228e-04 1.923620387978455912e-04 1.314976192622947955e-04 8.850462623379774687e-05 5.832891842109626240e-05 3.707427649788752437e-05 2.175078600486012281e-05 1.002752535445140799e-05 0.000000000000000000e+00
0.000000000000000000e+00 1.343507493653707061e-05 2.922306820049781528e-05 5.002316452641178694e-05 7.912302716016034567e-05 1.207897344771754209e-04 1.806519521683850335e-04 2.661018871960614952e-04 3.866835619118924746e-04 5.544020447605130675e-04 7.838490879027949429e-04 1.091998982912444202e-03 1.497492308742184820e-03 2.019211920298548662e-03 2.673989030633416690e-03 3.473384217719422285e-03 4.419689625539867384e-03 5.501595220538544641e-03 6.690315283548701510e-03 7.937287206322822877e-03 9.174683750259654200e-03 1.031975073110130876e-02 1.128327732282590444e-02 1.198137156844852544e-02 1.234844674866746386e-02 1.234844674983637432e-02 1.198137157488460974e-02 1.128327733924524255e-02 1.031975075820075298e-02 9.174683784234459807e-03 7.937287241252276304e-03 6.690315312531807355e-03 5.501595239039184897e-03 4.419689639674768099e-03 3.473384243873087456e-03 2.673989076425880261e-03 2.019211969219403876e-03 1.497492342915546226e-03 1.091999018146455657e-03 7.838491517795354285e-04 5.544021289185823613e-04 3.866836401556041146e-04 2.661019827565956446e-04 1.806521057036504269e-04 1.207898885645419714e-04 7.912311575139980614e-05 5.002325175758342055e-05 2.922320859713418246e-05 1.343517204279351713e-05 0.000000000000000000e+00
0.000000000000000000e+00 1.773483886359952151e-05 3.868280187199631375e-05 6.649816794975672168e-05 1.057451216637141084e-04 1.624166335824785807e-04 2.445132624650006559e-04 3.626714660202065934e-04 5.307982408511689471e-04 7.666209325658042851e-04 1.091998982912438998e-03 1.532773426869066865e-03 2.117862018760695991e-03 2.877268981388326173e-03 3.838707482394181254e-03 5.022677107486581832e-03 6.436141186579358991e-03 8.065425184129599787e-03 9.869560664004599013e-03 1.177588638071672481e-02 1.368003848845694356e-02 1.545220136110282867e-02 1.695039465314754704e-02 1.803964820599171515e-02 1.861363429708772985e-02 1.861363430024307736e-02 1.803964821346298528e-02 1.695039466102222017e-02 1.545220136844802951e-02 1.368003850006468264e-02 1.177588640112217644e-02 9.869560686901576729e-03 8.065425195545497528e-03 6.436141185064475287e-03 5.022677113252311740e-03 3.838707512586661281e-03 2.877269019733686914e-03 2.117862037166273834e-03 1.532773436191878702e-03 1.091999021894057712e-03 7.666210034322841786e-04 5.307983037604582701e-04 3.626715244870826822e-04 2.445133673883954982e-04 1.624167620290337848e-04 1.057452075854537209e-04 6.649822709105686878e-05 3.868288399585723450e-05 1.773490273898034302e-05 0.000000000000000000e+00
0.000000000000000000e+00 2.305091858418534807e-05 5.041687580904029406e-05 8.703639461723332467e-05 1.391399143078199223e-04 2.150021376829446343e-04 3.258005521542018139e-04 4.865745293595940624e-04 7.172328225844339924e-04 1.043486971667000052e-03 1.497492308742185470e-03 2.117862018760701195e-03 2.948599350082398499e-03 4.036406106925633473e-03 5.425832892356413813e-03 7.151918287289443267e-03 9.230403070628260057e-03 1.164634882219048491e-02 1.434299008099452870e-02 1.721369742811495324e-02 2.010062065155024391e-02 2.280336349013762504e-02 2.509940259539912566e-02 2.677478450506653659e-02 2.765960923197426785e-02 2.765960923661770279e-02 2.677478451450188840e-02 2.509940260023496572e-02 2.280336348626144441e-02 2.010062064750654451e-02 1.721369743759214310e-02 1.434299010421346589e-02 1.164634884136476860e-02 9.230403072722605587e-03 7.151918286626607162e-03 5.425832914085314609e-03 4.036406147371894397e-03 2.948599380462035673e-03 2.117862034753799100e-03 1.497492343170601101e-03 1.043487041823101249e-03 7.172329012356624262e-04 4.865746056964126019e-04 3.258006532639998111e-04 2.150022529828955092e-04 1.391400099698226556e-04 8.703647647358321582e-05 5.041695829471964593e-05 2.305095670283426466e-05 0.000000000000000000e+00
0.000000000000000000e+00 2.947974104270954300e-05 6.465336607858128653e-05 1.120780863324431407e-04 1.801083976764408540e-04 2.799644759679548872e-04 4.269775706120497319e-04 6.420185151716956183e-04 9.530516496420789619e-04 1.396655969277883552e-03 2.019211920298562973e-03 2.877268981388315765e-03 4.036406106925643014e-03 5.567726120524239299e-03 7.541078429286936398e-03 1.001431311883719914e-02 1.301848241662482107e-02 1.654003099011129921e-02 2.050262412745716342e-02 2.475306358071725776e-02 2.905710229643868742e-02 3.311095795237142120e-02 3.657198065368370832e-02 3.910683648585337041e-02 4.044865159090228757e-02 4.044865159363450480e-02 3.910683649170406534e-02 3.657198065652765562e-02 3.311095794734492115e-02 2.905710228786875446e-02 2.475306358123980852e-02 2.050262414312806203e-02 1.654003100996199668e-02 1.301848242589011447e-02 1.001431312198921598e-02 7.541078446615363286e-03 5.567726156961486615e-03 4.036406144913144180e-03 2.877269013173415924e-03 2.019211964281180001e-03 1.396656040065758896e-03 9.530517365299019618e-04 6.420186183775020410e-04 4.269777000336183546e-04 2.799646011077633421e-04 1.801084951912477659e-04 1.120781901209510123e-04 6.465348711348926697e-05 2.947979529669440956e-05 0.000000000000000000e+00
0.000000000000000000e+00 3.706947245477450149e-05 8.151455002821925199e-05 1.418808791804088035e-04 2.291614678597071091e-04 3.582804951971415848e-04 5.498579556931811182e-04 8.322837893042012766e-04 1.244045606008229539e-03 1.836114901109194225e-03 2.673989030633398475e-03 3.838707482394205107e-03 5.425832892356395598e-03 7.541078429286940735e-03 1.029110827445616806e-02 1.376824375721699516e-02 1.802862883230893498e-02 2.306506275280151980e-02 2.877821707525658745e-02 3.495293492160839177e-02 4.124880149020753589e-02 4.721465995119118741e-02 5.233354205464563202e-02 5.609660033549408037e-02 5.809312549677751736e-02 5.809312549626828581e-02 5.609660033525525752e-02 5.233354205536110137e-02 4.721465994976360020e-02 4.124880148462888030e-02 3.495293491643005485e-02 2.877821707641749563e-02 2.306506275873892661e-02 1.802862883655217616e-02 1.376824376119154501e-02 1.029110828726804983e-02 7.541078451031493074e-03 5.425832914375820944e-03 3.838707507270025261e-03 2.673989073641051036e-03 1.836114963507844925e-03 1.244045674469322453e-03 8.322838802406680751e-04 5.498580889005684046e-04 3.582806266876964658e-04 2.291615553604431767e-04 1.418809636268284142e-04 8.151467146316553839e-05 3.706954485684945782e-05 0.000000000000000000e+00
0.000000000000000000e+00 4.579732722144315389e-05 1.009646502115492796e-04 1.764225328134683666e-04 2.863496136715558242e-04 4.501953721979217024e-04 6.951194168430403471e-04 1.058923734126578347e-03 1.593436548792712387e-03 2.368120142678644541e-03 3.473384217719445704e-03 5.022677107486561016e-03 7.151918287289451073e-03 1.001431311883721302e-02 1.376824375721699169e-02 1.855607322969884260e-02 2.447275080661409641e-02 3.152546911613242353e-02 3.958943370393803313e-02 4.836957305970088217e-02 5.738230070469692301e-02 6.597284542876506730e-02 7.337942767560305668e-02 7.884379795148699355e-02 8.174930401858195028e-02 8.174930401748717324e-02 7.884379795054013984e-02 7.337942767767899332e-02 6.597284543200231111e-02 5.738230070485640655e-02 4.836957305579275834e-02 3.958943369809706653e-02 3.152546910930783403e-02 2.447275079994556263e-02 1.855607322972750717e-02 1.376824376873124131e-02 1.001431313258086507e-02 7.151918291773379059e-03 5.022677113475436210e-03 3.473384249561405328e-03 2.368120196887621258e-03 1.593436598792821691e-03 1.058923794275702310e-03 6.951195216038698072e-04 4.501954933318309750e-04 2.863496949249094248e-04 1.764225888748760529e-04 1.009647345830189835e-04 4.579738289427640681e-05 0.000000000000000000e+00
0.000000000000000000e+00 5.554775185983326473e-05 1.227588493779069767e-04 2.153036259180082822e-04 3.510876182270524317e-04 5.549148804137048240e-04 8.617728610302913522e-04 1.320863028836461459e-03 2.000369795588955498e-03 2.992719755031786680e-03 4.419689625539874323e-03 6.436141186579355522e-03 9.230403070628291282e-03 1.301848241662480893e-02 1.802862883230890029e-02 2.447275080661411376e-02 3.250246269307301150e-02 4.215082441494822502e-02 5.326648388149981400e-02 6.545433546976578421e-02 7.804379580377651671e-02 9.010860735586931347e-02 1.005564146373399692e-01 1.082893235119571779e-01 1.124089019864399630e-01 1.124089019878539430e-01 1.082893235163539664e-01 1.005564146437801093e-01 9.010860736143865013e-02 7.804379580657090643e-02 6.545433547085759141e-02 5.326648388113368326e-02 4.215082440977970663e-02 3.250246268337923794e-02 2.447275080406896910e-02 1.802862884737678126e-02 1.301848243883420818e-02 9.230403080884491684e-03 6.436141190960681553e-03 4.419689653572549462e-03 2.992719810801559160e-03 2.000369849533156167e-03 1.320863081273608748e-03 8.617729437736275150e-04 5.549149869941667279e-04 3.510877027619483878e-04 2.153036856044778890e-04 1.227589168830194792e-04 5.554778093252333443e-05 0.000000000000000000e+00
0.000000000000000000e+00 6.609554135215302945e-05 1.464026327075042125e-04 2.576669606400720835e-04 4.220034503536343267e-04 6.703292562978359261e-04 1.046666739902310777e-03 1.613522496020012870e-03 2.458394836560013567e-03 3.701162807086907317e-03 5.501595220538542039e-03 8.065425184129608460e-03 1.164634882219047624e-02 1.654003099011124370e-02 2.306506275280155102e-02 3.152546911613240965e-02 4.215082441494823889e-02 5.501448177168138942e-02 6.993862602226266767e-02 8.640610238091564477e-02 1.035099250973790658e-01 1.199759735383125331e-01 1.342860638656019623e-01 1.449040577131352203e-01 1.505683980850328341e-01 1.505683980889378493e-01 1.449040577226856641e-01 1.342860638751618430e-01 1.199759735427810420e-01 1.035099250977519758e-01 8.640610238361855211e-02 6.993862602977403420e-02 5.501448177641872495e-02 4.215082441054988222e-02 3.152546911320048412e-02 2.306506276858287172e-02 1.654003102252772292e-02 1.164634885156152523e-02 8.065425205866763939e-03 5.501595256992381985e-03 3.701162868615790000e-03 2.458394903908624630e-03 1.613522564899240713e-03 1.046666828063006101e-03 6.703293576511006827e-04 4.220035368947989691e-04 2.576670404230142720e-04 1.464027173302004327e-04 6.609556789129274396e-05 0.000000000000000000e+00
0.000000000000000000e+00 7.709835831224880816e-05 1.711320653682146668e-04 3.021541836695501170e-04 4.968484126253565553e-04 7.928335776732187796e-04 1.244138130835915554e-03 1.928158711235309058e-03 2.954245667991275883e-03 4.473699745923733623e-03 6.690315283548687632e-03 9.869560664004599013e-03 1.434299008099450094e-02 2.050262412745714954e-02 2.877821707525659439e-02 3.958943370393801925e-02 5.326648388149986951e-02 6.993862602226266767e-02 8.940164185078598724e-02 1.109921954745539951e-01 1.335137711995542098e-01 1.552654668767174673e-01 1.742106733548637876e-01 1.882858367995633164e-01 1.957980973335128605e-01 1.957980973371379052e-01 1.882858368082618306e-01 1.742106733626938575e-01 1.552654668778799818e-01 1.335137711950485917e-01 1.109921954730479082e-01 8.940164185812411735e-02 6.993862603154864244e-02 5.326648388237689713e-02 3.958943370121320582e-02 2.877821708587825419e-02 2.050262415758722853e-02 1.434299011862596313e-02 9.869560701076286746e-03 6.690315330953348558e-03 4.473699809157265748e-03 2.954245736937030804e-03 1.928158790889912500e-03 1.244138232020489945e-03 7.928336813448946243e-04 4.968484915650159435e-04 3.021542611018768892e-04 1.711321603404015470e-04 7.709839637249976327e-05 0.000000000000000000e+00
0.000000000000000000e+00 8.810298164432967016e-05 1.959255478733569304e-04 3.469205095673203246e-04 5.725075147873251663e-04 9.173157423220678914e-04 1.445938230570677913e-03 2.251643989663397894e-03 3.467312413925486940e-03 5.278440794783825253e-03 7.937287206322833286e-03 1.177588638071670399e-02 1.721369742811493242e-02 2.475306358071726123e-02 3.495293492160836402e-02 4.836957305970093074e-02 6.545433546976586747e-02 8.640610238091565865e-02 1.109921954745538980e-01 1.383764205554358917e-01 1.670184362564134106e-01 1.947175301876720721e-01 2.188468399433012856e-01 2.367635200441502996e-01 2.463182977830899456e-01 2.463182977841838761e-01 2.367635200473028889e-01 2.188468399465285097e-01 1.947175301867291597e-01 1.670184362500953257e-01 1.383764205497587385e-01 1.109921954762890517e-01 8.640610238748258620e-02 6.545433547302095811e-02 4.836957306013987823e-02 3.495293492952050024e-02 2.475306360214747994e-02 1.721369745856990083e-02 1.177588641856237330e-02 7.937287259136541553e-03 5.278440858072380205e-03 3.467312475542860036e-03 2.251644061993821229e-03 1.445938331060114780e-03 9.173158492540918908e-04 5.725075853796785267e-04 3.469205646585174995e-04 1.959256239305312694e-04 8.810301613427835475e-05 0.000000000000000000e+00
0.000000000000000000e+00 9.856838186989075247e-05 2.195547554992582657e-04 3.897234012474631751e-04 6.451413268870026096e-04 1.037372498151567252e-03 1.641547135219143970e-03 2.566901140214898191e-03 3.970197044497500265e-03 6.071978129310650306e-03 9.174683750259624709e-03 1.368003848845694183e-02 2.010062065155021269e-02 2.905710229643867701e-02 4.124880149020759834e-02 5.738230070469696464e-02 7.804379580377653058e-02 1.035099250973790380e-01 1.335137711995542376e-01 1.670184362564134106e-01 2.020894647326164639e-01 2.359701643611537836e-01 2.654129045266890863e-01 2.872111215912832582e-01 2.988084082227356886e-01 2.988084082220617277e-01 2.872111215909478044e-01 2.654129045283518673e-01 2.359701643625441991e-01 2.020894647307350522e-01 1.670184362533173594e-01 1.335137712004162980e-01 1.035099251028575723e-01 7.804379581066606120e-02 5.738230071365840040e-02 4.124880150537121870e-02 2.905710231753306713e-02 2.010062067453565957e-02 1.368003851975589311e-02 9.174683803686528236e-03 6.071978197438041187e-03 3.970197106501574015e-03 2.566901203030914468e-03 1.641547226080282895e-03 1.037372606056350234e-03 6.451414008566325100e-04 3.897234486852106986e-04 2.195548084518476005e-04 9.856839718814113698e-05 0.000000000000000000e+00
0.000000000000000000e+00 1.079061357878630161e-04 2.406764176021973945e-04 4.280898951332118979e-04 7.104713554333375557e-04 1.145781904289507654e-03 1.818940663240683738e-03 2.854125478208162196e-03 4.430622701976941365e-03 6.802302287416716817e-03 1.031975073110131050e-02 1.545220136110279224e-02 2.280336349013761810e-02 3.311095795237144201e-02 4.721465995119120823e-02 6.597284542876503954e-02 9.010860735586932735e-02 1.199759735383124776e-01 1.552654668767173840e-01 1.947175301876720166e-01 2.359701643611538113e-01 2.756880632220366500e-01 3.100320585786366379e-01 3.353281387620054010e-01 3.487381914495520929e-01 3.487381914498312585e-01 3.353281387642998435e-01 3.100320585844140719e-01 2.756880632292234568e-01 2.359701643667330706e-01 1.947175301927377145e-01 1.552654668848998942e-01 1.199759735502163166e-01 9.010860737053842662e-02 6.597284544889570057e-02 4.721465997984270607e-02 3.311095798438883769e-02 2.280336351680609455e-02 1.545220139019265991e-02 1.031975078366501215e-02 6.802302362025396294e-03 4.430622773340762467e-03 2.854125543072990549e-03 1.818940748252371098e-03 1.145782009091835928e-03 7.104714403535746306e-04 4.280899607765427839e-04 2.406764728852068744e-04 1.079061408768403378e-04 0.000000000000000000e+00
0.000000000000000000e+00 1.155351201676818059e-04 2.579582373594034800e-04 4.595512754653373810e-04 7.641918590289085555e-04 1.235208616214224404e-03 1.965780797441012400e-03 3.092769478485616567e-03 4.814700638759761980e-03 7.414104713848367056e-03 1.128327732282589750e-02 1.695039465314752622e-02 2.509940259539913260e-02 3.657198065368371526e-02 5.233354205464563202e-02 7.337942767560302892e-02 1.005564146373399692e-01 1.342860638656019623e-01 1.742106733548636210e-01 2.188468399433014244e-01 2.654129045266890863e-01 3.100320585786368599e-01 3.483761924601777027e-01 3.764577506642218241e-01 3.912883279103963052e-01 3.912883279134167780e-01 3.764577506730805712e-01 3.483761924729771309e-01 3.100320585914205229e-01 2.654129045374893359e-01 2.188468399554348021e-01 1.742106733725506118e-01 1.342860638877640400e-01 1.005564146610720966e-01 7.337942770373623302e-02 5.233354209243289146e-02 3.657198069684419045e-02 2.509940263179216355e-02 1.695039468605794020e-02 1.128327737375480963e-02 7.414104787053961421e-03 4.814700713961170449e-03 3.092769548589769085e-03 1.965780879644309954e-03 1.235208712210307015e-03 7.641919449296432146e-04 4.595513591851821313e-04 2.579583125600421107e-04 1.155351341138069173e-04 0.000000000000000000e+00
0.000000000000000000e+00 1.209437333978739901e-04 2.702234610308838162e-04 4.819163159342221281e-04 8.024577671213776152e-04 1.299056432898904262e-03 2.070887448019411489e-03 3.264058627773340059e-03 5.091187987367831215e-03 7.855903744668081556e-03 1.198137156844851850e-02 1.803964820599170821e-02 2.677478450506651578e-02 3.910683648585338429e-02 5.609660033549399016e-02 7.884379795148702130e-02 1.082893235119572611e-01 1.449040577131350538e-01 1.882858367995632609e-01 2.367635200441504106e-01 2.872111215912833138e-01 3.353281387620054566e-01 3.764577506642214910e-01 4.064392892186398654e-01 4.222254821091734889e-01 4.222254821143295866e-01 4.064392892326137430e-01 3.764577506822829323e-01 3.353281387781200107e-01 2.872111216038299997e-01 2.367635200587317468e-01 1.882858368222149470e-01 1.449040577421877030e-01 1.082893235416807903e-01 7.884379798223158098e-02 5.609660037383897013e-02 3.910683653123731701e-02 2.677478454649552531e-02 1.803964824325333949e-02 1.198137161664112986e-02 7.855903807482796791e-03 5.091188052338491143e-03 3.264058690944567857e-03 2.070887521840332653e-03 1.299056514121179695e-03 8.024578355846232131e-04 4.819163927191428892e-04 2.702235432558649261e-04 1.209437591612081781e-04 0.000000000000000000e+00
0.000000000000000000e+00 1.237501443686941092e-04 2.765917883178045026e-04 4.935401559474035310e-04 8.223704030967761208e-04 1.332328341567048761e-03 2.125745271736262029e-03 3.353609395761549851e-03 5.235997697390836966e-03 8.087739996497518222e-03 1.234844674866746213e-02 1.861363429708769515e-02 2.765960923197426785e-02 4.044865159090223899e-02 5.809312549677747572e-02 8.174930401858204743e-02 1.124089019864400185e-01 1.505683980850326675e-01 1.957980973335130825e-01 2.463182977830899456e-01 2.988084082227356886e-01 3.487381914495518709e-01 3.912883279103960277e-01 4.222254821091729893e-01 4.384877616821604707e-01 4.384877616872687733e-01 4.222254821233693001e-01 3.912883279295225614e-01 3.487381914673557404e-01 2.988084082366476157e-01 2.463182977980979405e-01 1.957980973562178095e-01 1.505683981151465234e-01 1.124089020181084225e-01 8.174930404999021516e-02 5.809312553305304161e-02 4.044865163269543984e-02 2.765960927186321763e-02 1.861363433540407647e-02 1.234844679474270991e-02 8.087740049775840948e-03 5.235997746429415720e-03 3.353609441107349015e-03 2.125745330302614752e-03 1.332328405198633355e-03 8.223704467431447581e-04 4.935402070221346724e-04 2.765918526604932317e-04 1.237501673166041473e-04 0.000000000000000000e+00
0.000000000000000000e+00 1.237501589421808679e-04 2.765918147895867342e-04 4.935401782987257130e-04 8.223704204408492386e-04 1.332328357905810702e-03 2.125745288336556953e-03 3.353609410235853117e-03 5.235997705562917166e-03 8.087739999020817500e-03 1.234844674983634483e-02 1.861363430024303225e-02 2.765960923661772014e-02 4.044865159363442153e-02 5.809312549626835520e-02 8.174930401748721487e-02 1.124089019878539430e-01 1.505683980889378215e-01 1.957980973371380717e-01 2.463182977841837373e-01 2.988084082220616722e-01 3.487381914498310365e-01 3.912883279134163894e-01 4.222254821143294756e-01 4.384877616872688844e-01 4.384877616905957787e-01 4.222254821248975221e-01 3.912883279305194861e-01 3.487381914691800588e-01 2.988084082397415853e-01 2.463182978017293689e-01 1.957980973593020646e-01 1.505683981171638541e-01 1.124089020192581279e-01 8.174930405100415409e-02 5.809312553454561157e-02 4.044865163484533815e-02 2.765960927442022085e-02 1.861363433741765674e-02 1.234844679626567916e-02 8.087740051261387009e-03 5.235997747204929921e-03 3.353609442464149104e-03 2.125745332669065103e-03 1.332328406646354421e-03 8.223704479168696124e-04 4.935402086772867078e-04 2.765918534351680439e-04 1.237501672436035953e-04 0.000000000000000000e+00
0.000000000000000000e+00 1.209437624407784105e-04 2.702235195857290878e-04 4.819163709873758414e-04 8.024578165958350237e-04 1.299056479089337034e-03 2.070887489463997099e-03 3.264058662652982203e-03 5.091188009953516273e-03 7.855903755943501390e-03 1.198137157488457331e-02 1.803964821346296793e-02 2.677478451450187105e-02 3.910683649170403758e-02 5.609660033525530609e-02 7.884379795054020923e-02 1.082893235163539386e-01 1.449040577226857196e-01 1.882858368082618583e-01 2.367635200473026391e-01 2.872111215909476933e-01 3.353281387642995104e-01 3.764577506730801271e-01 4.064392892326134654e-01 4.222254821233694111e-01 4.222254821248976331e-01 4.064392892393411394e-01 3.764577506878001301e-01 3.353281387853753182e-01 2.872111216138573120e-01 2.367635200700054232e-01 1.882858368322468390e-01 1.449040577496114313e-01 1.082893235467037862e-01 7.884379798635669789e-02 5.609660037890651374e-02 3.910683653789881475e-02 2.677478455386537656e-02 1.803964824985533968e-02 1.198137162207243110e-02 7.855903811805739836e-03 5.091188055594175060e-03 3.264058695161395265e-03 2.070887527545813879e-03 1.299056518832014282e-03 8.024578392940719769e-04 4.819163967332676423e-04 2.702235456463982811e-04 1.209437598634805383e-04 0.000000000000000000e+00
0.000000000000000000e+00 1.155351389624052061e-04 2.579582890048235169e-04 4.595513363733101111e-04 7.641919313637696382e-04 1.235208684867791177e-03 1.965780847808764904e-03 3.092769516664405256e-03 4.814700669923514115e-03 7.414104739145071024e-03 1.128327733924521827e-02 1.695039466102220629e-02 2.509940260023493450e-02 3.657198065652765562e-02 5.233354205536110137e-02 7.337942767767899332e-02 1.005564146437800815e-01 1.342860638751618707e-01 1.742106733626938297e-01 2.188468399465282599e-01 2.654129045283519228e-01 3.100320585844137389e-01 3.483761924729767978e-01 3.764577506822825992e-01 3.912883279295225059e-01 3.912883279305194861e-01 3.764577506878002966e-01 3.483761924869631654e-01 3.100320586066948048e-01 2.654129045548911936e-01 2.188468399738483505e-01 1.742106733898297344e-01 1.342860639023210345e-01 1.005564146723418040e-01 7.337942771273769926e-02 5.233354210169943038e-02 3.657198070746629781e-02 2.509940264285014794e-02 1.695039469721685427e-02 1.128327738361077637e-02 7.414104794150350002e-03 4.814700720363269786e-03 3.092769555260407085e-03 1.965780886338642976e-03 1.235208719511807348e-03 7.641919511100838140e-04 4.595513641668509631e-04 2.579583163214260559e-04 1.155351366937670750e-04 0.000000000000000000e+00
0.000000000000000000e+00 1.079061423196108014e-04 2.406764494147557330e-04 4.280899432018286932e-04 7.104714357699584834e-04 1.145781987046177444e-03 1.818940716249476622e-03 2.854125512202576685e-03 4.430622735877637851e-03 6.802302325154639846e-03 1.031975075820074604e-02 1.545220136844801563e-02 2.280336348626143053e-02 3.311095794734495584e-02 4.721465994976360714e-02 6.597284543200229723e-02 9.010860736143865013e-02 1.199759735427810559e-01 1.552654668778800096e-01 1.947175301867289654e-01 2.359701643625441159e-01 2.756880632292231792e-01 3.100320585914201899e-01 3.353281387781196776e-01 3.487381914673557404e-01 3.487381914691799478e-01 3.353281387853753737e-01 3.100320586066948603e-01 2.756880632519483898e-01 2.359701643895283918e-01 1.947175302153890397e-01 1.552654669069628013e-01 1.199759735706393549e-01 9.010860738772194511e-02 6.597284546271847683e-02 4.721465999236922756e-02 3.311095799695439740e-02 2.280336352971135475e-02 1.545220140373063447e-02 1.031975079630942371e-02 6.802302372055124211e-03 4.430622781633468399e-03 2.854125550654378323e-03 1.818940755240844916e-03 1.145782016653275467e-03 7.104714475421250583e-04 4.280899662997091266e-04 2.406764769213429374e-04 1.079061445063113020e-04 0.000000000000000000e+00
0.000000000000000000e+00 9.856839903637952332e-05 2.195547945997899974e-04 3.897234439990807965e-04 6.451414051615063502e-04 1.037372589326896258e-03 1.641547199045058142e-03 2.566901180870408399e-03 3.970197082451099729e-03 6.071978172783650679e-03 9.174683784234468481e-03 1.368003850006466703e-02 2.010062064750656879e-02 2.905710228786878221e-02 4.124880148462885948e-02 5.738230070485643430e-02 7.804379580657087867e-02 1.035099250977519342e-01 1.335137711950485639e-01 1.670184362500952147e-01 2.020894647307347469e-01 2.359701643667328208e-01 2.654129045374891138e-01 2.872111216038296666e-01 2.988084082366475047e-01 2.988084082397413632e-01 2.872111216138572010e-01 2.654129045548911381e-01 2.359701643895283640e-01 2.020894647561223834e-01 1.670184362772357267e-01 1.335137712239410634e-01 1.035099251258034814e-01 7.804379583114212648e-02 5.738230073067913245e-02 4.124880151992908750e-02 2.905710233106237675e-02 2.010062068823841031e-02 1.368003853383912768e-02 9.174683817719221646e-03 6.071978210069209000e-03 3.970197115740734667e-03 2.566901210688595815e-03 1.641547234035840982e-03 1.037372613013282444e-03 6.451414069647157332e-04 3.897234546530335057e-04 2.195548122515075958e-04 9.856840033189395961e-05 0.000000000000000000e+00
0.000000000000000000e+00 8.810302410915219493e-05 1.959256242778834891e-04 3.469205698905598921e-04 5.725075939427729877e-04 9.173158385023840984e-04 1.445938312328003865e-03 2.251644051052679573e-03 3.467312462976057837e-03 5.278440839415324271e-03 7.937287241252290182e-03 1.177588640112216256e-02 1.721369743759217780e-02 2.475306358123983280e-02 3.495293491642999240e-02 4.836957305579283467e-02 6.545433547085756365e-02 8.640610238361851048e-02 1.109921954730478805e-01 1.383764205497587385e-01 1.670184362533172207e-01 1.947175301927375202e-01 2.188468399554345800e-01 2.367635200587313860e-01 2.463182977980977462e-01 2.463182978017291191e-01 2.367635200700053955e-01 2.188468399738482395e-01 1.947175302153889842e-01 1.670184362772357545e-01 1.383764205749039300e-01 1.109921955005274546e-01 8.640610241117059609e-02 6.545433549505870474e-02 4.836957307955340457e-02 3.495293494669558798e-02 2.475306361825011653e-02 1.721369747419975241e-02 1.177588643416046382e-02 7.937287274887230501e-03 5.278440872241303185e-03 3.467312486612723378e-03 2.251644071399114180e-03 1.445938340551882612e-03 9.173158573580010361e-04 5.725075911241619747e-04 3.469205709813379134e-04 1.959256283672307852e-04 8.810301885457365724e-05 0.000000000000000000e+00
0.000000000000000000e+00 7.709841025816138607e-05 1.711321674225022677e-04 3.021542663054540960e-04 4.968484999362625647e-04 7.928336752413029254e-04 1.244138219767791523e-03 1.928158786059770138e-03 2.954245726827087540e-03 4.473699789296009012e-03 6.690315312531805621e-03 9.869560686901581933e-03 1.434299010421349711e-02 2.050262414312810019e-02 2.877821707641742624e-02 3.958943369809711510e-02 5.326648388113364163e-02 6.993862602977406195e-02 8.940164185812406183e-02 1.109921954762890517e-01 1.335137712004162702e-01 1.552654668848997277e-01 1.742106733725503620e-01 1.882858368222147250e-01 1.957980973562176152e-01 1.957980973593018148e-01 1.882858368322467835e-01 1.742106733898297344e-01 1.552654669069627735e-01 1.335137712239410912e-01 1.109921955005275102e-01 8.940164188406808654e-02 6.993862605605993821e-02 5.326648390525852428e-02 3.958943372234501046e-02 2.877821710597484872e-02 2.050262417732809372e-02 1.434299013769671678e-02 9.869560719539528099e-03 6.690315348286626600e-03 4.473699824177133910e-03 2.954245750581707339e-03 1.928158803664317082e-03 1.244138243515561766e-03 7.928336922193359457e-04 4.968485000251109812e-04 3.021542676733744129e-04 1.711321648213789850e-04 7.709839962583369907e-05 0.000000000000000000e+00
0.000000000000000000e+00 6.609558109510105706e-05 1.464027203184099118e-04 2.576670404746857755e-04 4.220035435494492158e-04 6.703293536461530505e-04 1.046666817466552482e-03 1.613522557637639453e-03 2.458394889080231776e-03 3.701162845541012669e-03 5.501595239039175356e-03 8.065425195545507936e-03 1.164634884136478594e-02 1.654003100996201750e-02 2.306506275873888498e-02 3.152546910930782709e-02 4.215082440977965111e-02 5.501448177641882209e-02 6.993862603154858693e-02 8.640610238748253069e-02 1.035099251028576001e-01 1.199759735502162750e-01 1.342860638877637625e-01 1.449040577421874532e-01 1.505683981151463291e-01 1.505683981171636321e-01 1.449040577496112925e-01 1.342860639023209790e-01 1.199759735706393271e-01 1.035099251258034814e-01 8.640610241117062384e-02 6.993862605605993821e-02 5.501448180055069220e-02 4.215082443232333331e-02 3.152546913365419229e-02 2.306506278897849441e-02 1.654003104341553870e-02 1.164634887279923127e-02 8.065425226021048430e-03 5.501595274452245402e-03 3.701162883870436505e-03 2.458394918310985444e-03 1.613522579045002965e-03 1.046666841448762363e-03 6.703293704598853146e-04 4.220035477490678417e-04 2.576670471664063581e-04 1.464027199967414929e-04 6.609557119185414692e-05 0.000000000000000000e+00
0.000000000000000000e+00 5.554778819649438886e-05 1.227589148164102799e-04 2.153036841787272311e-04 3.510877095551668821e-04 5.549149844943647132e-04 8.617729311291801768e-04 1.320863068304225368e-03 2.000369831602857862e-03 2.992719788939311037e-03 4.419689639674769834e-03 6.436141185064481358e-03 9.230403072722624669e-03 1.301848242589011447e-02 1.802862883655215534e-02 2.447275079994553487e-02 3.250246268337918937e-02 4.215082441054996548e-02 5.326648388237688325e-02 6.545433547302086097e-02 7.804379581066606120e-02 9.010860737053835723e-02 1.005564146610719578e-01 1.082893235416804989e-01 1.124089020181082421e-01 1.124089020192579474e-01 1.082893235467036336e-01 1.005564146723417068e-01 9.010860738772187573e-02 7.804379583114212648e-02 6.545433549505871862e-02 5.326648390525851734e-02 4.215082443232334025e-02 3.250246270355901246e-02 2.447275082270548505e-02 1.802862886521975835e-02 1.301848245741692861e-02 9.230403101281831751e-03 6.436141210587687303e-03 4.419689669977091249e-03 2.992719824862332106e-03 2.000369862237685870e-03 1.320863093777430945e-03 8.617729571851123283e-04 5.549149998079042122e-04 3.510877129919857996e-04 2.153036930026354151e-04 1.227589189263217470e-04 5.554778301870531029e-05 0.000000000000000000e+00
0.000000000000000000e+00 4.579738752880690490e-05 1.009647360234565693e-04 1.764225927199567195e-04 2.863497058275907433e-04 4.501954934707127196e-04 6.951195078150849147e-04 1.058923781145945479e-03 1.593436585927773689e-03 2.368120183373335214e-03 3.473384243873101768e-03 5.022677113252309138e-03 7.151918286626627978e-03 1.001431312198919690e-02 1.376824376119153634e-02 1.855607322972747594e-02 2.447275080406894482e-02 3.152546911320052575e-02 3.958943370121320582e-02 4.836957306013978802e-02 5.738230071365837959e-02 6.597284544889565894e-02 7.337942770373614976e-02 7.884379798223137281e-02 8.174930404999009026e-02 8.174930405100402919e-02 7.884379798635662850e-02 7.337942771273761600e-02 6.597284546271839356e-02 5.738230073067910469e-02 4.836957307955341845e-02 3.958943372234503821e-02 3.152546913365420617e-02 2.447275082270549199e-02 1.855607324939720013e-02 1.376824378537990293e-02 1.001431314924526930e-02 7.151918310379744639e-03 5.022677132038085024e-03 3.473384265751594275e-03 2.368120210396008809e-03 1.593436610625534235e-03 1.058923805509909451e-03 6.951195334603572787e-04 4.501955056569250995e-04 2.863497048948280329e-04 1.764225974634389378e-04 1.009647390507321295e-04 4.579738504535181971e-05 0.000000000000000000e+00
0.000000000000000000e+00 3.706955343605487167e-05 8.151468140573415739e-05 1.418809749012393980e-04 2.291615705165350530e-04 3.582806285305388592e-04 5.498580776943128631e-04 8.322838738606069906e-04 1.244045672415840719e-03 1.836114961383281162e-03 2.673989076425901078e-03 3.838707512586655209e-03 5.425832914085331089e-03 7.541078446615339000e-03 1.029110828726806370e-02 1.376824376873118753e-02 1.802862884737677085e-02 2.306506276858291335e-02 2.877821708587827848e-02 3.495293492952041003e-02 4.124880150537122564e-02 4.721465997984262281e-02 5.233354209243282207e-02 5.609660037383882442e-02 5.809312553305293753e-02 5.809312553454550748e-02 5.609660037890645129e-02 5.233354210169938181e-02 4.721465999236915817e-02 4.124880151992904587e-02 3.495293494669556716e-02 2.877821710597483484e-02 2.306506278897849788e-02 1.802862886521976182e-02 1.376824378537990813e-02 1.029110830689826568e-02 7.541078468672471162e-03 5.425832932378494948e-03 3.838707526084973558e-03 2.673989091665044792e-03 1.836114979013199304e-03 1.244045687662299979e-03 8.322838920468127871e-04 5.498580997577550821e-04 3.582806381375496299e-04 2.291615661877744771e-04 1.418809727408150249e-04 8.151467736946452073e-05 3.706954902670802840e-05 0.000000000000000000e+00
0.000000000000000000e+00 2.947980706105320076e-05 6.465350068881731669e-05 1.120782026853002857e-04 1.801085070499117190e-04 2.799646008388398952e-04 4.269776918729128448e-04 6.420186182463890386e-04 9.530517419714881625e-04 1.396656043482950339e-03 2.019211969219423392e-03 2.877269019733680409e-03 4.036406147371899601e-03 5.567726156961466666e-03 7.541078451031513891e-03 1.001431313258079742e-02 1.301848243883419950e-02 1.654003102252776108e-02 2.050262415758724588e-02 2.475306360214744178e-02 2.905710231753309836e-02 3.311095798438876830e-02 3.657198069684412800e-02 3.910683653123721987e-02 4.044865163269534269e-02 4.044865163484524795e-02 3.910683653789875924e-02 3.657198070746627699e-02 3.311095799695437658e-02 2.905710233106235593e-02 2.475306361825008183e-02 2.050262417732807985e-02 1.654003104341553870e-02 1.301848245741693381e-02 1.001431314924526757e-02 7.541078468672468560e-03 5.567726175070388146e-03 4.036406162343362039e-03 2.877269031726119568e-03 2.019211982342629039e-03 1.396656055943504195e-03 9.530517498668609946e-04 6.420186294759915729e-04 4.269777091920979933e-04 2.799646094727161697e-04 1.801085034506403660e-04 1.120781973115884885e-04 6.465349030514689851e-05 2.947979912262417286e-05 0.000000000000000000e+00
0.000000000000000000e+00 2.305096663667567281e-05 5.041696902921604046e-05 8.703648240836807880e-05 1.391400132435071204e-04 2.150022497539109923e-04 3.258006462812194633e-04 4.865746066000455647e-04 7.172329058611502444e-04 1.043487041582622172e-03 1.497492342915558586e-03 2.117862037166279039e-03 2.948599380462036540e-03 4.036406144913131169e-03 5.425832914375845230e-03 7.151918291773318344e-03 9.230403080884481276e-03 1.164634885156157033e-02 1.434299011862597527e-02 1.721369745856986960e-02 2.010062067453568732e-02 2.280336351680603557e-02 2.509940263179210457e-02 2.677478454649546286e-02 2.765960927186312049e-02 2.765960927442016881e-02 2.677478455386533840e-02 2.509940264285010977e-02 2.280336352971134434e-02 2.010062068823839296e-02 1.721369747419972465e-02 1.434299013769669597e-02 1.164634887279922433e-02 9.230403101281835221e-03 7.151918310379748109e-03 5.425832932378494081e-03 4.036406162343356835e-03 2.948599395111519989e-03 2.117862049498094295e-03 1.497492356768111588e-03 1.043487053993150072e-03 7.172329117800553674e-04 4.865746138691148630e-04 3.258006594609416423e-04 2.150022581932043374e-04 1.391400139372334197e-04 8.703648041592944827e-05 5.041695876037867853e-05 2.305095772984245506e-05 0.000000000000000000e+00
0.000000000000000000e+00 1.773491037844616823e-05 3.868289078223178384e-05 6.649822723481444678e-05 1.057452082724260370e-04 1.624167608966013395e-04 2.445133631008646643e-04 3.626715250853201249e-04 5.307983051825672285e-04 7.666209991208530836e-04 1.091999018146456958e-03 1.532773436191892146e-03 2.117862034753788258e-03 2.877269013173395108e-03 3.838707507270048246e-03 5.022677113475388505e-03 6.436141190960665073e-03 8.065425205866803837e-03 9.869560701076295420e-03 1.177588641856235074e-02 1.368003851975591739e-02 1.545220139019261654e-02 1.695039468605789509e-02 1.803964824325330132e-02 1.861363433540398279e-02 1.861363433741760470e-02 1.803964824985531887e-02 1.695039469721683692e-02 1.545220140373062580e-02 1.368003853383912768e-02 1.177588643416044301e-02 9.869560719539502078e-03 8.065425226021038022e-03 6.436141210587688170e-03 5.022677132038092830e-03 3.838707526084976594e-03 2.877269031726116533e-03 2.117862049498093428e-03 1.532773448362375734e-03 1.091999033396035901e-03 7.666210140368210670e-04 5.307983132149974182e-04 3.626715325544524254e-04 2.445133743898492227e-04 1.624167689442693673e-04 1.057452127257468057e-04 6.649823094826123318e-05 3.868288552776880855e-05 1.773490400158333447e-05 0.000000000000000000e+00
0.000000000000000000e+00 1.343517806403169912e-05 2.922321253642443863e-05 5.002325221537784033e-05 7.912311983591156057e-05 1.207898917814818288e-04 1.806521046553779554e-04 2.661019837091042244e-04 3.866836416873752980e-04 5.544021269418260376e-04 7.838491517795265380e-04 1.091999021894074625e-03 1.497492343170590259e-03 2.019211964281160919e-03 2.673989073641071419e-03 3.473384249561381910e-03 4.419689653572526911e-03 5.501595256992414078e-03 6.690315330953363303e-03 7.937287259136529410e-03 9.174683803686536909e-03 1.031975078366498787e-02 1.128327737375477320e-02 1.198137161664111772e-02 1.234844679474263879e-02 1.234844679626563406e-02 1.198137162207241375e-02 1.128327738361077116e-02 1.031975079630943239e-02 9.174683817719237258e-03 7.937287274887223562e-03 6.690315348286606650e-03 5.501595274452228922e-03 4.419689669977086045e-03 3.473384265751604683e-03 2.673989091665057802e-03 2.019211982342634243e-03 1.497492356768112022e-03 1.091999033396031998e-03 7.838491671909572417e-04 5.544021425153482186e-04 3.866836516553716157e-04 2.661019936176782941e-04 1.806521165945661189e-04 1.207898993663370310e-04 7.912312491927701115e-05 5.002325831450749163e-05 2.922321144840098203e-05 1.343517523784786599e-05 0.000000000000000000e+00
0.000000000000000000e+00 1.002752834329970580e-05 2.175078876327031212e-05 3.707427870574472601e-05 5.832892282713651944e-05 8.850462879854786272e-05 1.314976164475330255e-04 1.923620371886603940e-04 2.775404920225241798e-04 3.950282469824476362e-04 5.544021289185694593e-04 7.666210034323025016e-04 1.043487041823099298e-03 1.396656040065734393e-03 1.836114963507848395e-03 2.368120196887618656e-03 2.992719810801537043e-03 3.701162868615812986e-03 4.473699809157277892e-03 5.278440858072372399e-03 6.071978197438037718e-03 6.802302362025382416e-03 7.414104787053925859e-03 7.855903807482788118e-03 8.087740049775792375e-03 8.087740051261338436e-03 7.855903811805719020e-03 7.414104794150352604e-03 6.802302372055144160e-03 6.071978210069230684e-03 5.278440872241312726e-03 4.473699824177126104e-03 3.701162883870425663e-03 2.992719824862323432e-03 2.368120210396011411e-03 1.836114979013205592e-03 1.396656055943511134e-03 1.043487053993154409e-03 7.666210140368243196e-04 5.544021425153545070e-04 3.950282600403898421e-04 2.775405012656297012e-04 1.923620483957797736e-04 1.314976292250252246e-04 8.850463600450666059e-05 5.832892677056277311e-05 3.707428351278284860e-05 2.175078825621940858e-05 1.002752742271755959e-05 0.000000000000000000e+00
0.000000000000000000e+00 7.376760448257608056e-06 1.595715104520460299e-05 2.708462861393972395e-05 4.238688571406141022e-05 6.392737416105389193e-05 9.436231439198818050e-05 1.370946201526562368e-04 1.964065338100008304e-04 2.775404909844673322e-04 3.866836401556006993e-04 5.307983037604669437e-04 7.172329012356609083e-04 9.530517365298798440e-04 1.244045674469314864e-03 1.593436598792832967e-03 2.000369849533134483e-03 2.458394903908636773e-03 2.954245736937042947e-03 3.467312475542859169e-03 3.970197106501569678e-03 4.430622773340757263e-03 4.814700713961143561e-03 5.091188052338484205e-03 5.235997746429388831e-03 5.235997747204882216e-03 5.091188055594144703e-03 4.814700720363272388e-03 4.430622781633492685e-03 3.970197115740771096e-03 3.467312486612743327e-03 2.954245750581704737e-03 2.458394918310971133e-03 2.000369862237668956e-03 1.593436610625528597e-03 1.244045687662306485e-03 9.530517498668757397e-04 7.172329117800681610e-04 5.307983132150086939e-04 3.866836516553791509e-04 2.775405012656282917e-04 1.964065413089042655e-04 1.370946306743280681e-04 9.436232666286417333e-05 6.392738134125368604e-05 4.238688929624974850e-05 2.708463162698779034e-05 1.595714905363400504e-05 7.376759466149183217e-06 0.000000000000000000e+00
0.000000000000000000e+00 5.349148930395048962e-06 1.154001692057275946e-05 1.950641637059622057e-05 3.036846468991077555e-05 4.552962741125325170e-05 6.677456686055425919e-05 9.636124052868910998e-05 1.370946238948963158e-04 1.923620387978473530e-04 2.661019827565959698e-04 3.626715244870898922e-04 4.865746056964199203e-04 6.420186183774876211e-04 8.322838802406509447e-04 1.058923794275717705e-03 1.320863081273592919e-03 1.613522564899248736e-03 1.928158790889920957e-03 2.251644061993818627e-03 2.566901203030907529e-03 2.854125543072996186e-03 3.092769548589756074e-03 3.264058690944557015e-03 3.353609441107324729e-03 3.353609442464110506e-03 3.264058695161367075e-03 3.092769555260404483e-03 2.854125550654395670e-03 2.566901210688627474e-03 2.251644071399134996e-03 1.928158803664326839e-03 1.613522579045003399e-03 1.320863093777425524e-03 1.058923805509905114e-03 8.322838920468130040e-04 6.420186294759950424e-04 4.865746138691191456e-04 3.626715325544603401e-04 2.661019936176844741e-04 1.923620483957837581e-04 1.370946306743334891e-04 9.636125011598538532e-05 6.677457862792012238e-05 4.552963602939640421e-05 3.036847048696117969e-05 1.950641988181505971e-05 1.154001418209981821e-05 5.349147368051211658e-06 0.000000000000000000e+00
0.000000000000000000e+00 3.820602405423782907e-06 8.220990808169048556e-06 1.384061348260122958e-05 2.143903561853595193e-05 3.195705487617414700e-05 4.657658992640871694e-05 6.677456979343116873e-05 9.436231997773646151e-05 1.314976192622824356e-04 1.806521057036572031e-04 2.445133673883993471e-04 3.258006532640009495e-04 4.269777000336084341e-04 5.498580889005476964e-04 6.951195216038861787e-04 8.617729437736173234e-04 1.046666828063007619e-03 1.244138232020499269e-03 1.445938331060116731e-03 1.641547226080278124e-03 1.818940748252373049e-03 1.965780879644299112e-03 2.070887521840327882e-03 2.125745330302607813e-03 2.125745332669036047e-03 2.070887527545777016e-03 1.965780886338621726e-03 1.818940755240855758e-03 1.641547234035878929e-03 1.445938340551921426e-03 1.244138243515585836e-03 1.046666841448767133e-03 8.617729571851004021e-04 6.951195334603411241e-04 5.498580997577417464e-04 4.269777091920929518e-04 3.258006594609441360e-04 2.445133743898565411e-04 1.806521165945709165e-04 1.314976292250304016e-04 9.436232666286983829e-05 6.677457862792352406e-05 4.657660149606401883e-05 3.195706567932920264e-05 2.143904541919259640e-05 1.384062048265111556e-05 8.220990119423389405e-06 3.820601303529080139e-06 0.000000000000000000e+00
0.000000000000000000e+00 2.681126243507814944e-06 5.754925895794833028e-06 9.652062211393327922e-06 1.487931787280605564e-05 2.205742553834580801e-05 3.195705557795732203e-05 4.552962792050034904e-05 6.392737455942168630e-05 8.850462623378779932e-05 1.207898885645484089e-04 1.624167620290375253e-04 2.150022529828926631e-04 2.799646011077581921e-04 3.582806266876784680e-04 4.501954933318403533e-04 5.549149869941618490e-04 6.703293576511067543e-04 7.928336813449070927e-04 9.173158492540858192e-04 1.037372606056336790e-03 1.145782009091839831e-03 1.235208712210313087e-03 1.299056514121180346e-03 1.332328405198621212e-03 1.332328406646326666e-03 1.299056518831985876e-03 1.235208719511794555e-03 1.145782016653285442e-03 1.037372613013313452e-03 9.173158573580330200e-04 7.928336922193553529e-04 6.703293704598888925e-04 5.549149998078977070e-04 4.501955056569126312e-04 3.582806381375372700e-04 2.799646094727089056e-04 2.150022581932017082e-04 1.624167689442752220e-04 1.207898993663418286e-04 8.850463600451757037e-05 6.392738134125875468e-05 4.552963602940583000e-05 3.195706567933040881e-05 2.205743644000770544e-05 1.487933035860322150e-05 9.652073675859751777e-06 5.754929896159130997e-06 2.681127656645461547e-06 0.000000000000000000e+00
0.000000000000000000e+00 1.836378595723262450e-06 3.932826293334722266e-06 6.573099262897284745e-06 1.008819981406234903e-05 1.487932332481792075e-05 2.143903855306185504e-05 3.036846365760949320e-05 4.238688332486217951e-05 5.832891842108819187e-05 7.912311575140162218e-05 1.057452075854590877e-04 1.391400099698238482e-04 1.801084951912438356e-04 2.291615553604312234e-04 2.863496949249254167e-04 3.510877027619519657e-04 4.220035368947951202e-04 4.968484915650196298e-04 5.725075853796775509e-04 6.451414008566294742e-04 7.104714403535741969e-04 7.641919449296388778e-04 8.024578355846203942e-04 8.223704467431471434e-04 8.223704479168642998e-04 8.024578392940551717e-04 7.641919511100629973e-04 7.104714475421175773e-04 6.451414069647309121e-04 5.725075911241902724e-04 4.968485000251381947e-04 4.220035477490843216e-04 3.510877129919879680e-04 2.863497048948193051e-04 2.291615661877630117e-04 1.801085034506280603e-04 1.391400139372258031e-04 1.057452127257455589e-04 7.912312491927604892e-05 5.832892677056512447e-05 4.238688929625655864e-05 3.036847048696649905e-05 2.143904541919952852e-05 1.487933035860420915e-05 1.008821040020567470e-05 6.573111919637186829e-06 3.932833836067282564e-06 1.836382570057815281e-06 0.000000000000000000e+00
0.000000000000000000e+00 1.207122205491487510e-06 2.580152137778884278e-06 4.299286078309045232e-06 6.573105056272809334e-06 9.652069720735109132e-06 1.384061540710036554e-05 1.950641350248483592e-05 2.708462554655094662e-05 3.707427649787929121e-05 5.002325175757950387e-05 6.649822709106285900e-05 8.703647647358069505e-05 1.120781901209553355e-04 1.418809636268236708e-04 1.764225888748836694e-04 2.153036856044756935e-04 2.576670404230126999e-04 3.021542611018892491e-04 3.469205646585188005e-04 3.897234486851973087e-04 4.280899607765328093e-04 4.595513591851842455e-04 4.819163927191557370e-04 4.935402070221454060e-04 4.935402086772828047e-04 4.819163967332474761e-04 4.595513641668253217e-04 4.280899662996990435e-04 3.897234546530448356e-04 3.469205709813645848e-04 3.021542676734014637e-04 2.576670471664218622e-04 2.153036930026347375e-04 1.764225974634285837e-04 1.418809727407999816e-04 1.120781973115735265e-04 8.703648041592443384e-05 6.649823094826235804e-05 5.002325831450654296e-05 3.707428351278937415e-05 2.708463162698934550e-05 1.950641988182097539e-05 1.384062048265240305e-05 9.652073675863185649e-06 6.573111919639628825e-06 4.299296576052787025e-06 2.580160209669583205e-06 1.207127982161047561e-06 0.000000000000000000e+00
0.000000000000000000e+00 7.272756216137898076e-07 1.552128836873980164e-06 2.580155055194383473e-06 3.932830940426078604e-06 5.754928850169632741e-06 8.220987576090061174e-06 1.154000969749183431e-05 1.595714593179901373e-05 2.175078600485432233e-05 2.922320859712931710e-05 3.868288399586198467e-05 5.041695829472593430e-05 6.465348711348722053e-05 8.151467146315499453e-05 1.009647345830243096e-04 1.227589168830257134e-04 1.464027173301992943e-04 1.711321603404026583e-04 1.959256239305264176e-04 2.195548084518428300e-04 2.406764728852070099e-04 2.579583125600452007e-04 2.702235432558699134e-04 2.765918526604984359e-04 2.765918534351691281e-04 2.702235456463874391e-04 2.579583163214096302e-04 2.406764769213280567e-04 2.195548122515013887e-04 1.959256283672404617e-04 1.711321648214000457e-04 1.464027199967643696e-04 1.227589189263394737e-04 1.009647390507434052e-04 8.151467736946407350e-05 6.465349030514245328e-05 5.041695876037188872e-05 3.868288552776016882e-05 2.922321144839353830e-05 2.175078825621793813e-05 1.595714905363607519e-05 1.154001418210207640e-05 8.220990119431627647e-06 5.754929896164461376e-06 3.932833836076795591e-06 2.580160209672863340e-06 1.552133239710135177e-06 7.272793982283764126e-07 0.000000000000000000e+00
0.000000000000000000e+00 3.411143939296090405e-07 7.272777306832483364e-07 1.207124514417812172e-06 1.836380674453433141e-06 2.681126328612134030e-06 3.820598062014432022e-06 5.349143670755101469e-06 7.376757965429238311e-06 1.002752535445605820e-05 1.343517204279179935e-05 1.773490273898366000e-05 2.305095670283433581e-05 2.947979529669593422e-05 3.706954485683952382e-05 4.579738289428571062e-05 5.554778093252629565e-05 6.609556789128379929e-05 7.709839637249972261e-05 8.810301613428323365e-05 9.856839718814300723e-05 1.079061408768355131e-04 1.155351341138001952e-04 1.209437591612129079e-04 1.237501673166180251e-04 1.237501672436122147e-04 1.209437598634682597e-04 1.155351366937408373e-04 1.079061445062890081e-04 9.856840033189255014e-05 8.810301885459706245e-05 7.709839962586980300e-05 6.609557119188590050e-05 5.554778301871993347e-05 4.579738504534475207e-05 3.706954902668717106e-05 2.947979912259860263e-05 2.305095772982400669e-05 1.773490400156619052e-05 1.343517523784400182e-05 1.002752742271422567e-05 7.376759466152345191e-06 5.349147368049734433e-06 3.820601303531741517e-06 2.681127656645741491e-06 1.836382570062479680e-06 1.207127982161932710e-06 7.272793982309406990e-07 3.411176677106706821e-07 0.000000000000000000e+00
0.000000000000000000e+00 0.000000000000000000e+00 0.000000000000000000e+00 0.000000000000000000e+00 0.000000000000000000e+00 0.000000000000000000e+00 0.000000000000000000e+00 0.000000000000000000e+00 0.000000000000000000e+00 0.000000000000000000e+00 0.000000000000000000e+00 0.000000000000000000e+00 0.000000000000000000e+00 0.000000000000000000e+00 0.000000000000000000e+00 0.000000000000000000e+00 0.000000000000000000e+00 0.000000000000000000e+00 0.000000000000000000e+00 0.000000000000000000e+00 0.000000000000000000e+00 0.000000000000000000e+00 0.000000000000000000e+00 0.000000000000000000e+00 0.000000000000000000e+00 0.000000000000000000e+00 0.000000000000000000e+00 0.000000000000000000e+00 0.000000000000000000e+00 0.000000000000000000e+00 0.000000000000000000e+00 0.000000000000000000e+00 0.000000000000000000e+00 0.000000000000000000e+00 0.000000000000000000e+00 0.000000000000000000e+00 0.000000000000000000e+00 0.000000000000000000e+00 0.000000000000000000e+00 0.000000000000000000e+00 0.000000000000000000e+00 0.000000000000000000e+00 0.000000000000000000e+00 0.000000000000000000e+00 0.000000000000000000e+00 0.000000000000000000e+00 0.000000000000000000e+00 0.000000000000000000e+00 0.000000000000000000e+00 0.000000000000000000e+00
