0.000000000000000000e+00 0.000000000000000000e+00 0.000000000000000000e+00 0.000000000000000000e+00 0.000000000000000000e+00 0.000000000000000000e+00 0.000000000000000000e+00 0.000000000000000000e+00 0.000000000000000000e+00 0.000000000000000000e+00 0.000000000000000000e+00 0.000000000000000000e+00 0.000000000000000000e+00 0.000000000000000000e+00 0.000000000000000000e+00 0.000000000000000000e+00 0.000000000000000000e+00 0.000000000000000000e+00 0.000000000000000000e+00 0.000000000000000000e+00 0.000000000000000000e+00 0.000000000000000000e+00 0.000000000000000000e+00 0.000000000000000000e+00 0.000000000000000000e+00 0.000000000000000000e+00 0.000000000000000000e+00 0.000000000000000000e+00 0.000000000000000000e+00 0.000000000000000000e+00 0.000000000000000000e+00 0.000000000000000000e+00 0.000000000000000000e+00 0.000000000000000000e+00 0.000000000000000000e+00 0.000000000000000000e+00 0.000000000000000000e+00 0.000000000000000000e+00 0.000000000000000000e+00 0.000000000000000000e+00 0.000000000000000000e+00 0.000000000000000000e+00 0.000000000000000000e+00 0.000000000000000000e+00 0.000000000000000000e+00 0.000000000000000000e+00 0.000000000000000000e+00 0.000000000000000000e+00 0.000000000000000000e+00 0.000000000000000000e+00
0.000000000000000000e+00 -2.158303397818381032e-34 8.650891775253630569e-34 -3.821136635360157134e-33 1.573075758186508991e-32 -6.094828674355235776e-32 2.408007593025888387e-31 -8.890966294668656568e-31 4.799234947460958071e-30 -1.439832160500446519e-29 1.675023236462088737e-28 4.933741647969889401e-29 7.377603535063099143e-27 3.165643426700398801e-26 3.458653489866107992e-25 2.104561450721268528e-24 1.432341327205874309e-23 8.096439173491768151e-23 4.170522017087311606e-22 1.851733580168165523e-21 6.962888274257760026e-21 2.136959554897126979e-20 5.108543643470323243e-20 9.013521446256823342e-20 1.142651251791549346e-19 1.142639622498088978e-19 9.013248592890476184e-20 5.108192594907291695e-20 2.136376880315811793e-20 6.957517028091069094e-21 1.846402954173472711e-21 4.122552085891479479e-22 7.864424690833519152e-23 1.260587636544661585e-23 1.491199944671682757e-24 1.419825008811851274e-26 -7.248977939979005564e-26 -3.428412311265981592e-26 -1.192334276262701015e-26 -3.618587997497683506e-27 -1.004044790492568122e-27 -2.593444374090387668e-28 -6.292127949497073631e-29 -1.441806747950268943e-29 -3.132763367668693519e-30 -6.474511210664469469e-31 -1.275913701766085858e-31 -2.401080810564448073e-32 -4.290204002391897407e-33 0.000000000000000000e+00
0.000000000000000000e+00 8.650891775253331219e-34 -3.466921899044753124e-33 1.514370302529708386e-32 -6.162398444360099455e-32 2.571143059122557615e-31 -9.849168146983600045e-31 5.728821843265636623e-30 -1.653595502382481706e-29 2.327335376216091772e-28 1.929292319801796914e-28 1.240863612439194878e-26 6.179844567397585790e-26 7.078852700881231407e-25 4.779555181405110764e-24 3.606282466675973936e-23 2.291320451500445439e-22 1.351030057479381905e-21 6.996785026968313568e-21 3.155649437511090539e-20 1.202820109443869999e-19 3.738853452893734350e-19 9.037554337289799128e-19 1.605870406937985235e-18 2.037244825885141866e-18 2.037242741404885656e-18 1.605860577139432577e-18 9.037449978487004693e-19 3.738926234872940493e-19 1.202933748217777709e-19 3.157504038356937074e-20 7.016836477765191570e-21 1.360551563689940740e-21 2.371206351615974088e-22 3.870287115346530566e-23 6.354471631503706570e-24 1.167120164166733222e-24 2.579925859484701209e-25 6.591298468283695158e-26 1.768723787560104323e-26 4.667582481925608373e-27 1.177702554579892015e-27 2.816539016472886621e-28 6.377484061976061342e-29 1.369111861519545378e-29 2.792147467052831574e-30 5.419242305984234232e-31 1.001975620452236759e-31 1.760632966467492649e-32 0.000000000000000000e+00
0.000000000000000000e+00 -3.821136635359637806e-33 1.514370302529636953e-32 -6.561963571041096210e-32 2.889181473440815899e-31 -1.174197385721060079e-30 7.175906637250326556e-30 -2.250062984289538023e-29 3.250748066306585754e-28 2.273076346353435121e-28 1.958369234409171727e-26 1.010478187692509209e-25 1.287213167517776827e-24 9.336457643540200504e-24 7.804022797805493205e-23 5.482110112561956315e-22 3.643347748756301602e-21 2.155004770896897450e-20 1.134966767899100958e-19 5.187992045105634158e-19 2.004965989546909838e-18 6.314603808727866734e-18 1.543583235018242063e-17 2.762646511377193896e-17 3.506940072446212119e-17 3.506939501554058461e-17 2.762647466909153792e-17 1.543584444828035599e-17 6.314535391522581549e-18 2.004893821663630580e-18 5.186915775204738715e-19 1.133842649328156850e-19 2.149924885027514510e-20 3.597994423256738635e-21 5.344630163662130024e-22 6.904531014942173689e-23 6.925829217361159063e-24 1.737322952175731099e-25 -1.842285800232656145e-25 -7.828619550637917678e-26 -2.366194868337570136e-26 -6.237514772958144729e-27 -1.509342912209425609e-27 -3.414231099370789285e-28 -7.277188632204954639e-29 -1.467354332155386180e-29 -2.804960561471006657e-30 -5.085663287787306158e-31 -8.707607305649119387e-32 0.000000000000000000e+00
0.000000000000000000e+00 1.573075758186290585e-32 -6.162398444358647798e-32 2.889181473440451562e-31 -1.239819388597273172e-30 7.992622116374458598e-30 -2.679167718784246369e-29 4.040998154493715716e-28 2.563812156320539291e-28 2.742307801375291747e-26 1.476929369327172930e-25 2.061020359410447534e-24 1.600047276201543221e-23 1.465376152034396805e-22 1.126758792883791459e-21 8.324970861582132288e-21 5.531637491883952331e-20 3.330666189058198914e-19 1.776560757598884232e-18 8.236329954305677948e-18 3.227316310407756211e-17 1.029875077038741400e-16 2.546293978101509378e-16 4.590791647707846405e-16 5.830597656887842310e-16 5.830602105660617501e-16 4.590803060180612872e-16 2.546306272150105809e-16 1.029886762605128928e-16 3.227394343668376662e-17 8.237054909104164217e-18 1.777186220356292600e-18 3.333262622226195634e-19 5.555424671337147842e-20 8.389097644630152481e-21 1.173664466093654897e-21 1.576794377544280648e-22 2.174604834197418756e-23 3.398982801045540373e-24 6.424066536772114969e-25 1.407107840244273144e-25 3.253472601001306151e-26 7.438141802472893571e-27 1.632106859489094564e-27 3.399238799598813982e-28 6.693533718906941439e-29 1.243612490118036831e-29 2.173857721814030904e-30 3.540902769344275774e-31 0.000000000000000000e+00
0.000000000000000000e+00 -6.094828674352621478e-32 2.571143059121566197e-31 -1.174197385720518127e-30 7.992622116372912966e-30 -2.839461490221811691e-29 4.503841740404910811e-28 2.721799317778783416e-28 3.426942537576939073e-26 1.931797237729587616e-25 2.921999976096792749e-24 2.418619519666088591e-23 2.405531603351750474e-22 2.007760860201475543e-21 1.630692504554285715e-20 1.201055337339746566e-19 8.129143308375734160e-19 4.952481306261470339e-18 2.678954361088485591e-17 1.259194416996260000e-16 5.002377061249141110e-16 1.617502070622059596e-15 4.045253588834093712e-15 7.347627047419652921e-15 9.335539251927611176e-15 9.335526073191201481e-15 7.347588455765043052e-15 4.045210913390047647e-15 1.617472129122922597e-15 5.002199293799032477e-16 1.259097893708074235e-16 2.678436011896577586e-17 4.950625308153121935e-18 8.115886226730633670e-19 1.197942494661067683e-19 1.607103978960317472e-20 1.960347457908280185e-21 2.127390555537529237e-22 1.858025119975534380e-23 6.067695054463351518e-25 -2.841578252901920621e-25 -1.106758176327154645e-25 -2.914483603681647641e-26 -6.617642497671596138e-27 -1.368184604920883935e-27 -2.615014572639628737e-28 -4.624762636332679892e-29 -7.502440680972905626e-30 -1.083510471866664140e-30 0.000000000000000000e+00
0.000000000000000000e+00 2.408007593024300540e-31 -9.849168146974113255e-31 7.175906637246076418e-30 -2.679167718782018304e-29 4.503841740404380784e-28 2.770267040030983192e-28 3.829029152976840775e-26 2.267158320577247676e-25 3.680658352835829589e-24 3.238916689914080474e-23 3.471837899737991299e-22 3.124045461422076902e-21 2.763343936374095011e-20 2.231669774995396911e-19 1.674927950123713873e-18 1.145825624355692183e-17 7.076508969638498795e-17 3.878915433261538079e-16 1.848234857857530667e-15 7.443204958949429588e-15 2.438553187029528220e-14 6.169161998306689122e-14 1.128954976611807008e-13 1.434749424661328348e-13 1.434752268316186549e-13 1.128963717326050953e-13 6.169259736193811089e-14 2.438619937338371970e-14 7.443612515034089654e-15 1.848424690887107724e-15 3.879697227200558280e-16 7.079083223077847277e-17 1.146913662904257869e-17 1.677369016078186781e-18 2.245037584671622482e-19 2.786073805827230449e-20 3.258426098282350076e-21 3.691420594363623738e-22 4.266682282910554860e-23 5.455568289773424732e-24 8.240933809355487819e-25 1.441766974784921415e-25 2.684741757563097533e-26 4.925830122433381499e-27 8.462061522231669522e-28 1.301679856696577487e-28 1.658034950886999258e-29 1.265654363128462180e-30 0.000000000000000000e+00
0.000000000000000000e+00 -8.890966294658432345e-31 5.728821843259437278e-30 -2.250062984285950699e-29 4.040998154492350739e-28 2.721799317785775559e-28 3.829029152976680637e-26 2.391013439927265454e-25 4.128604876623710994e-24 3.854503428637432640e-23 4.423850579412064640e-22 4.267843014386729250e-21 4.079688125609751120e-20 3.580821557223371722e-19 2.947319600667854582e-18 2.233432633458985199e-17 1.547978476817100310e-16 9.679804060282544822e-16 5.375441119076832599e-15 2.595526963520032124e-14 1.059357759669190527e-13 3.516057670398804546e-13 8.997741862866448941e-13 1.658971646813231449e-12 2.108488142224853408e-12 2.108483314750578119e-12 1.658956201377078065e-12 8.997567857406640405e-13 3.515937415199729285e-13 1.059280949628674639e-13 2.595179653362773071e-14 5.374078042578583077e-15 9.675339414437162792e-16 1.546552171531490577e-16 2.230004407807084907e-17 2.936010486671581688e-18 3.561201885508664293e-19 4.000608752396195725e-20 4.159086050864421752e-21 3.941763482973390618e-22 3.215567758814113715e-23 1.747011458108464919e-24 -8.444365005624599097e-26 -4.996988920963205942e-26 -1.069008127129680375e-26 -1.589222788168452021e-27 -1.283733995713748571e-28 1.964801895039412884e-29 1.326874385586414048e-29 0.000000000000000000e+00
0.000000000000000000e+00 4.799234947453718963e-30 -1.653595502378913720e-29 3.250748066304705996e-28 2.563812156330942082e-28 3.426942537576548772e-26 2.267158320577428592e-25 4.128604876623663974e-24 4.083850580470446480e-23 4.990278880663517884e-22 5.138599368396550203e-21 5.274611314066616733e-20 4.995559863733606189e-19 4.468945256812857792e-18 3.710299262068401376e-17 2.846653222898967617e-16 1.995802190213707358e-15 1.263235297725686845e-14 7.102709268656570915e-14 3.473703856116722580e-13 1.436314085640524744e-12 4.828311885032427671e-12 1.249668004415352625e-11 2.321324902299754812e-11 2.950001478803137869e-11 2.950008092756740280e-11 2.321347010674071389e-11 1.249693067141674581e-11 4.828488484258791818e-12 1.436432128495956462e-12 3.474231597113987689e-13 7.104798506852959711e-14 1.263924692753250481e-14 1.997855568280532601e-15 2.851843345577847812e-16 3.723773689633946686e-17 4.495225819557220131e-18 5.064480359452106076e-19 5.376217397713801859e-20 5.440101198953871882e-21 5.334967367268383429e-22 5.194337435743329889e-23 5.152712704849609159e-24 5.186806797070447865e-25 4.692255145334025373e-26 1.469597032599730518e-27 -1.047364687926828626e-27 -4.518770361786606871e-28 -1.335667567388075176e-28 0.000000000000000000e+00
0.000000000000000000e+00 -1.439832160497546392e-29 2.327335376214180177e-28 2.273076346362002548e-28 2.742307801374825682e-26 1.931797237729802281e-25 3.680658352835734080e-24 3.854503428637440281e-23 4.990278880663531990e-22 5.465301341762649399e-21 5.992446507318356035e-20 6.088600971848080143e-19 5.877122023378765908e-18 5.299158362431599726e-17 4.451559491221110724e-16 3.451556135674005052e-15 2.446881300432230889e-14 1.566292032219657772e-13 8.910125423704690399e-13 4.410610347762385288e-12 1.846488387361150564e-11 6.283830648589171193e-11 1.644514514321492429e-10 3.077210406147493908e-10 3.909285170327361424e-10 3.909277779914827904e-10 3.077184383916358872e-10 1.644484849208684995e-10 6.283616888172103532e-11 1.846338985926467213e-11 4.409951521075038775e-12 8.907457867861566698e-13 1.565408430716826806e-13 2.444273934008632050e-14 3.444813241329087318e-15 4.435185732823370426e-16 5.265075607224461221e-17 5.802743750418227016e-18 5.964305828295672816e-19 5.726154795241678468e-20 5.120510782838443610e-21 4.224804184911750512e-22 3.168713093914835517e-23 2.203831252413717958e-24 1.920547833302995521e-25 3.768113934435263420e-26 1.115052260035335787e-26 3.148874057139433111e-27 8.037968043508937281e-28 0.000000000000000000e+00
0.000000000000000000e+00 1.675023236460722639e-28 1.929292319807065572e-28 1.958369234408820457e-26 1.476929369327282903e-25 2.921999976096711199e-24 3.238916689914060490e-23 4.423850579412105077e-22 5.138599368396511083e-21 5.992446507318372887e-20 6.501660552164934077e-19 6.732525344282418807e-18 6.546763267400893689e-17 5.969669905067162876e-16 5.063800130323074771e-15 3.966051245862185761e-14 2.839948045253957043e-13 1.836679251075095464e-12 1.055983960522896866e-11 5.285673536363873786e-11 2.238466918754322458e-10 7.706863585425594294e-10 2.038450689972308991e-09 3.841366107297599473e-09 4.877177365305199509e-09 4.877184110664343711e-09 3.841391441993203678e-09 2.038479717360592986e-09 7.707078057284052823e-10 2.238623579076327159e-10 5.286350077798366098e-11 1.056266164631261653e-11 1.837611358165700274e-12 2.842714182428846374e-13 3.973278542710557165e-14 5.081091145375417019e-15 6.006659810334271034e-16 6.623063722608137698e-17 6.868578115247734677e-18 6.757614932375305424e-19 6.368361209591172508e-20 5.811524433374850209e-21 5.183514642022932890e-22 4.496819059603486961e-23 3.558661885764756000e-24 1.734170856068011250e-25 -2.520904441712066853e-26 -1.251894188663573393e-26 -3.508554204649675490e-27 0.000000000000000000e+00
0.000000000000000000e+00 4.933741647995960279e-29 1.240863612439066165e-26 1.010478187692510931e-25 2.061020359410439820e-24 2.418619519666032462e-23 3.471837899738053365e-22 4.267843014386653266e-21 5.274611314066663677e-20 6.088600971848060884e-19 6.732525344282425740e-18 7.021934774541745447e-17 6.903439677670148891e-16 6.352848178775004139e-15 5.439097835134977064e-14 4.298112576058023196e-13 3.105088770659537504e-12 2.026139635566216074e-11 1.175737298914865526e-10 5.942510812057870140e-10 2.542720482291711489e-09 8.847475708891452923e-09 2.363424697070821207e-08 4.483370434819131057e-08 5.687077855347965921e-08 5.687072860852098900e-08 4.483350036809074277e-08 2.363401223269649977e-08 8.847297300511171366e-09 2.542584304431491762e-09 5.941940455642561052e-10 1.175490119991628113e-10 2.025333048375227080e-11 3.102667249809448539e-12 4.291766092327684611e-13 5.423941920335667401e-14 6.320068494020275421e-15 6.836972026210897124e-16 6.900239222168756789e-17 6.513779135448843582e-18 5.747441955857635259e-19 4.712736020312904930e-20 3.540794719107816430e-21 2.377628485182144514e-22 1.413217743098598659e-23 9.674450888163259801e-25 1.670443166586008427e-25 4.789566050866904193e-26 1.289354301083753496e-26 0.000000000000000000e+00
0.000000000000000000e+00 7.377603535063426307e-27 6.179844567397127760e-26 1.287213167517832112e-24 1.600047276201483564e-23 2.405531603351824295e-22 3.124045461421996405e-21 4.079688125609817324e-20 4.995559863733572485e-19 5.877122023378783626e-18 6.546763267400885061e-17 6.903439677670153822e-16 6.848064872579414432e-15 6.357850759389423810e-14 5.487813734030011011e-13 4.370042102133332957e-12 3.180196055351834028e-11 2.090158848301858321e-10 1.221811776505824909e-09 6.224058949169036471e-09 2.685908337687042132e-08 9.431127258426813065e-08 2.541525544395586783e-07 4.849859061625991204e-07 6.143930981346849613e-07 6.143933928144445793e-07 4.849872566704202805e-07 2.541541139553683820e-07 9.431249681727242184e-08 2.686006001804227781e-08 6.224450534839610457e-09 1.221990322670423376e-09 2.090726584413141994e-10 3.181931883170652504e-11 4.374570923215116841e-12 5.498639187381813561e-13 6.381310559203913531e-14 6.895235495122789773e-15 6.990381955349984105e-16 6.699662681177003246e-17 6.120204252264465129e-18 5.380242148782131103e-19 4.603273005105701487e-20 3.876934828041163334e-21 3.226675979330416380e-22 2.585947579012994784e-23 1.746392076236356058e-24 2.661849889823529943e-26 -2.739104946277500351e-26 0.000000000000000000e+00
0.000000000000000000e+00 3.165643426699900593e-26 7.078852700881879765e-25 9.336457643539765571e-24 1.465376152034459576e-22 2.007760860201419871e-21 2.763343936374157604e-20 3.580821557223337056e-19 4.468945256812881673e-18 5.299158362431590482e-17 5.969669905067171751e-16 6.352848178774995462e-15 6.357850759389425072e-14 5.949243468554751636e-13 5.171277868503448817e-12 4.143346578457094572e-11 3.031697712896553363e-10 2.002400785024468948e-09 1.176224170799354488e-08 6.022891694899307174e-08 2.614704903911203772e-07 9.244276688520180384e-07 2.508846426602104981e-06 4.810657332277758378e-06 6.083255018346681207e-06 6.083253684757504077e-06 4.810650066577588672e-06 2.508838019715232051e-06 9.244208155350486969e-07 2.614647732394617889e-07 6.022676357398575008e-08 1.176118752845688294e-08 2.002081402311826099e-09 3.030690606914550279e-10 4.140764881095470392e-11 5.165098258435079051e-12 5.935959231470025240e-13 6.331470621417335857e-14 6.304728414741608301e-15 5.887204946959765955e-16 5.169875368139651120e-17 4.273250346574070178e-18 3.318693587695797820e-19 2.409701022086530926e-20 1.626710356114945669e-21 1.035493920894088234e-22 7.086397692677039272e-24 7.609450518962479145e-25 1.412669615830413246e-25 0.000000000000000000e+00
0.000000000000000000e+00 3.458653489866491864e-25 4.779555181404871257e-24 7.804022797805829397e-23 1.126758792883764751e-21 1.630692504554322428e-20 2.231669774995376689e-19 2.947319600667871915e-18 3.710299262068397062e-17 4.451559491221112696e-16 5.063800130323071615e-15 5.439097835134980851e-14 5.487813734030008991e-13 5.171277868503448817e-12 4.520814094306425799e-11 3.638241824879056996e-10 2.670421745145135648e-09 1.767542034522043654e-08 1.039797802503886216e-07 5.332626140867743479e-07 2.320360464553241259e-06 8.233003113843368213e-06 2.244381342008338375e-05 4.316950135024332950e-05 5.445501891008579741e-05 5.445502313400770952e-05 4.316953247156786819e-05 2.244384941148240637e-05 8.233033814220904329e-06 2.320387273959476302e-06 5.332718122758707614e-07 1.039847906482548090e-07 1.767680846058439737e-08 2.670885699373821320e-09 3.639377515327300472e-10 4.523539202710644969e-11 5.176962089903367392e-12 5.498746776420017814e-13 5.458144139920649294e-14 5.094265638160056724e-15 4.495154380949245680e-16 3.767462349825517362e-17 3.008356191544260891e-18 2.286993248212754696e-19 1.637316697207127161e-20 1.059564722747409545e-21 5.256855354784559441e-23 -1.627376314311302063e-25 -6.399720679043514949e-25 0.000000000000000000e+00
0.000000000000000000e+00 2.104561450721177427e-24 3.606282466676068563e-23 5.482110112561864156e-22 8.324970861582261687e-21 1.201055337339739344e-19 1.674927950123720422e-18 2.233432633458987048e-17 2.846653222898965151e-16 3.451556135674007813e-15 3.966051245862182606e-14 4.298112576058024711e-13 4.370042102133332957e-12 4.143346578457093926e-11 3.638241824879058547e-10 2.935124665270922425e-09 2.155359374331700700e-08 1.424512320793688440e-07 8.355832902379769159e-07 4.270094848458232059e-06 1.852443003766566165e-05 6.563528475528749629e-05 1.790044277944401673e-04 3.444441221824079196e-04 4.330270948182020092e-04 4.330270882906947960e-04 3.444440196348810259e-04 1.790043098356509195e-04 6.563517823922717428e-05 1.852433246700973746e-05 4.270066113790656335e-06 8.355645738598005041e-07 1.424468955473630878e-07 2.155194858933131581e-08 2.934768490924637672e-09 3.637379663105962430e-10 4.141730110699164746e-11 4.367269603369227805e-12 4.294261185665076212e-13 3.962167080700405757e-14 3.451155391365716918e-15 2.857009836361667880e-16 2.269163026706415814e-17 1.757267793486249979e-18 1.366919415631510149e-19 1.122033168575563559e-20 1.030519972101135868e-21 1.090518893645082054e-22 1.286212351351126210e-23 0.000000000000000000e+00
0.000000000000000000e+00 1.432341327205861085e-23 2.291320451500437916e-22 3.643347748756306868e-21 5.531637491883948720e-20 8.129143308375732234e-19 1.145825624355695881e-17 1.547978476817095873e-16 1.995802190213711697e-15 2.446881300432227733e-14 2.839948045253957547e-13 3.105088770659536292e-12 3.180196055351834674e-11 3.031697712896554914e-10 2.670421745145135648e-09 2.155359374331700369e-08 1.578610619539754323e-07 1.037360424454227158e-06 6.032421901454820034e-06 3.050305424023540680e-05 1.308979304648447573e-04 4.596129793088849923e-04 1.246035573520996908e-03 2.388116072562842477e-03 2.988224491224664506e-03 2.988224476188972197e-03 2.388116316915465248e-03 1.246035849805988971e-03 4.596132490945793194e-04 1.308981908603287141e-04 3.050311069625669848e-05 6.032474877443752595e-06 1.037368251327058836e-06 1.578653243285151394e-07 2.155419595311507060e-08 2.670575011360644275e-09 3.031828248794099422e-10 3.180120588855795714e-11 3.103954866485514414e-12 2.835853216430692209e-13 2.435757134850334159e-14 1.970240034391384973e-15 1.495392741350829369e-16 1.047429093952163623e-17 6.411487075163348561e-19 2.739812555436869832e-20 -6.734283140273762268e-22 -3.998602022556007728e-22 -7.313273397695867773e-23 0.000000000000000000e+00
0.000000000000000000e+00 8.096439173491943300e-23 1.351030057479359147e-21 2.155004770896914603e-20 3.330666189058177729e-19 4.952481306261498843e-18 7.076508969638466748e-17 9.679804060282578348e-16 1.263235297725683689e-14 1.566292032219658530e-13 1.836679251075093848e-12 2.026139635566216074e-11 2.090158848301858062e-10 2.002400785024468534e-09 1.767542034522044316e-08 1.424512320793688970e-07 1.037360424454227158e-06 6.744174571967828240e-06 3.860209811098016305e-05 1.912732253254816853e-04 8.025405123122280378e-04 2.758858141523298172e-03 7.357230379981559432e-03 1.394110629317110890e-02 1.732664987633067075e-02 1.732665000358123847e-02 1.394110592483397207e-02 7.357229987423738980e-03 2.758857703556174233e-03 8.025400612553929263e-04 1.912731970116071114e-04 3.860199052277723576e-05 6.744177171623417982e-06 1.037353099961408680e-06 1.424519830584392136e-07 1.767554069700394827e-08 2.002547928952296302e-09 2.090635920709280546e-10 2.027608376214457479e-11 1.840444603217523376e-12 1.574996276949516801e-13 1.281526012112318714e-14 1.003477978687906842e-15 7.717622865278635820e-17 6.040454270484106086e-18 5.070935764753158775e-19 4.800993466965123934e-20 5.175107906661523225e-21 6.057736060990347116e-22 0.000000000000000000e+00
0.000000000000000000e+00 4.170522017087165844e-22 6.996785026968438453e-21 1.134966767899085791e-19 1.776560757598899640e-18 2.678954361088468334e-17 3.878915433261553363e-16 5.375441119076824711e-15 7.102709268656574702e-14 8.910125423704690399e-13 1.055983960522896866e-11 1.175737298914865784e-10 1.221811776505824909e-09 1.176224170799354653e-08 1.039797802503886349e-07 8.355832902379767041e-07 6.032421901454820034e-06 3.860209811098015627e-05 2.156324389825064580e-04 1.033629826556162591e-03 4.167527598158490484e-03 1.375224374668642183e-02 3.542725103868672731e-02 6.549869547470267561e-02 8.056558307744642045e-02 8.056558270684699430e-02 6.549869569225370836e-02 3.542725117754978725e-02 1.375224402278289564e-02 4.167527925865452745e-03 1.033629651623663333e-03 2.156325854717984004e-04 3.860203606642683013e-05 6.032428481287779783e-06 8.355745754617082194e-07 1.039779539634641189e-07 1.176129636112159014e-08 1.221548508640446737e-09 1.174987193195331225e-10 1.054158394499393026e-11 8.869109617779584201e-13 7.018175641626199186e-14 5.213523254826214501e-15 3.588890182563693313e-16 2.189972965667418308e-17 9.970308144463040202e-19 -4.615567072265764417e-21 -1.005750893321659509e-20 -1.918379535109165341e-21 0.000000000000000000e+00
0.000000000000000000e+00 1.851733580168217433e-21 3.155649437511036974e-20 5.187992045105695788e-19 8.236329954305611696e-18 1.259194416996267149e-16 1.848234857857525539e-15 2.595526963520034649e-14 3.473703856116721570e-13 4.410610347762384480e-12 5.285673536363874433e-11 5.942510812057871174e-10 6.224058949169036471e-09 6.022891694899305851e-08 5.332626140867744538e-07 4.270094848458234600e-06 3.050305424023541019e-05 1.912732253254817124e-04 1.033629826556162375e-03 4.718189558060168626e-03 1.783028086837738432e-02 5.466196750537623272e-02 1.316278522478946389e-01 2.314494975409342181e-01 2.797788343687064860e-01 2.797788348643523437e-01 2.314494977136747622e-01 1.316278526953393035e-01 5.466196786252372486e-02 1.783028120868385136e-02 4.718189969790015023e-03 1.033629688723581522e-03 1.912734036788155503e-04 3.050305465591366115e-05 4.270124732297410556e-06 5.332690465521967564e-07 6.023213618781392231e-08 6.224918955885699551e-09 5.944969498319717253e-10 5.291566210183341667e-11 4.423813446778981597e-12 3.500786226425261894e-13 2.647264836301554017e-14 1.940732270311594406e-15 1.414915939872094552e-16 1.071718889686120009e-17 8.944349378826016044e-19 8.580037821378940882e-20 9.278805470863261727e-21 0.000000000000000000e+00
0.000000000000000000e+00 6.962888274257615581e-21 1.202820109443885888e-19 2.004965989546889808e-18 3.227316310407777781e-17 5.002377061249119416e-16 7.443204958949448521e-15 1.059357759669188886e-13 1.436314085640525754e-12 1.846488387361149272e-11 2.238466918754323751e-10 2.542720482291712316e-09 2.685908337687040478e-08 2.614704903911204301e-07 2.320360464553240412e-06 1.852443003766564809e-05 1.308979304648447031e-04 8.025405123122283631e-04 4.167527598158493954e-03 1.783028086837738085e-02 6.115974568115412763e-02 1.652931431550536956e-01 3.499725314426068157e-01 5.549423444682832773e-01 6.487828229018645088e-01 6.487828228795171626e-01 5.549423445427652535e-01 3.499725311936604522e-01 1.652931427300799450e-01 6.115974515681493751e-02 1.783028084282610448e-02 4.167527736256308388e-03 8.025402715233364995e-04 1.308979193982950083e-04 1.852437070243026379e-05 2.320347386235778598e-06 2.614636266545235717e-07 2.685731416489173283e-08 2.542203203250496748e-09 2.237247575306922012e-10 1.843752296585272223e-11 1.430736816516959901e-12 1.048738566415395650e-13 7.254085053988976544e-15 4.685084302881688979e-16 2.723402035589544897e-17 1.244237412173374902e-18 1.071369204465797236e-20 -8.003334420946934523e-21 0.000000000000000000e+00
0.000000000000000000e+00 2.136959554897155567e-20 3.738853452893697758e-19 6.314603808727910645e-18 1.029875077038736716e-16 1.617502070622063738e-15 2.438553187029524118e-14 3.516057670398809595e-13 4.828311885032426863e-12 6.283830648589172486e-11 7.706863585425593260e-10 8.847475708891452923e-09 9.431127258426813065e-08 9.244276688520187795e-07 8.233003113843364825e-06 6.563528475528750984e-05 4.596129793088851007e-04 2.758858141523298172e-03 1.375224374668641836e-02 5.466196750537622578e-02 1.652931431550536678e-01 3.679581133207477373e-01 6.217923998665881857e-01 8.059456279418938385e-01 8.784298399708782012e-01 8.784298394227998408e-01 8.059456271311268294e-01 6.217923991174424403e-01 3.679581126389410151e-01 1.652931424666523041e-01 5.466196682644582083e-02 1.375224370766505062e-02 2.758858273555842358e-03 4.596130166953672487e-04 6.563534442861788736e-05 8.233016475984815917e-06 9.244348261061471082e-07 9.431294153046956687e-08 8.847977401632333697e-09 7.707976092366346852e-10 6.286305051340326295e-11 4.833194995337577480e-12 3.525162494622972634e-13 2.454388651595043577e-14 1.643493985012413398e-15 1.070273950440746930e-16 6.911698956858321531e-18 4.581155390454512130e-19 3.264658008147744217e-20 0.000000000000000000e+00
0.000000000000000000e+00 5.108543643470291345e-20 9.037554337289839572e-19 1.543583235018237133e-17 2.546293978101512830e-16 4.045253588834092923e-15 6.169161998306689122e-14 8.997741862866448941e-13 1.249668004415352464e-11 1.644514514321492429e-10 2.038450689972308991e-09 2.363424697070820215e-08 2.541525544395586254e-07 2.508846426602104981e-06 2.244381342008337020e-05 1.790044277944401402e-04 1.246035573520996691e-03 7.357230379981561166e-03 3.542725103868673425e-02 1.316278522478945556e-01 3.499725314426065936e-01 6.217923998665881857e-01 8.267068531533391385e-01 9.313538921027677553e-01 9.664222573501961566e-01 9.664222572020970681e-01 9.313538915953015751e-01 8.267068528386446458e-01 6.217923998775737315e-01 3.499725316223127880e-01 1.316278519038486527e-01 3.542725063656505802e-02 7.357230473890798324e-03 1.246035539995156384e-03 1.790044619533729840e-04 2.244382357668081980e-05 2.508851626718579863e-06 2.541542601368306858e-07 2.363473624114818047e-08 2.038579939071979812e-09 1.644812387343312053e-10 1.250311113942968502e-11 9.010454089338006810e-13 6.192722305594406767e-14 4.086210094299843913e-15 2.613581588835167366e-16 1.648490515150547913e-17 1.059568697489114631e-18 7.299452551564711085e-20 0.000000000000000000e+00
0.000000000000000000e+00 9.013521446256823342e-20 1.605870406937985621e-18 2.762646511377193279e-17 4.590791647707846405e-16 7.347627047419651343e-15 1.128954976611805746e-13 1.658971646813231853e-12 2.321324902299753519e-11 3.077210406147494425e-10 3.841366107297601955e-09 4.483370434819132380e-08 4.849859061625990145e-07 4.810657332277759225e-06 4.316950135024329562e-05 3.444441221824077570e-04 2.388116072562841176e-03 1.394110629317111064e-02 6.549869547470263398e-02 2.314494975409339406e-01 5.549423444682826112e-01 8.059456279418932834e-01 9.313538921027668671e-01 9.785828713003069668e-01 9.918763405294634961e-01 9.918763409596910163e-01 9.785828724987936100e-01 9.313538929188344140e-01 8.059456291100487446e-01 5.549423458419598942e-01 2.314494982117376587e-01 6.549869542314946946e-02 1.394110578987551100e-02 2.388115899903586661e-03 3.444439549971005463e-04 4.316945607230432506e-05 4.810636877570823116e-06 4.849807152788159744e-07 4.483220577332228386e-08 3.841022639065558269e-09 3.076444167633917524e-10 2.319784813654230932e-11 1.656059197013995983e-12 1.123804340160083802e-13 7.261652220029943156e-15 4.454821381660400967e-16 2.558053830231732512e-17 1.311990517232107422e-18 5.006902194602420327e-20 0.000000000000000000e+00
0.000000000000000000e+00 1.142651251791552476e-19 2.037244825885138400e-18 3.506940072446212735e-17 5.830597656887841323e-16 9.335539251927608021e-15 1.434749424661328853e-13 2.108488142224853004e-12 2.950001478803139162e-11 3.909285170327361941e-10 4.877177365305201163e-09 5.687077855347961951e-08 6.143930981346846437e-07 6.083255018346677819e-06 5.445501891008579064e-05 4.330270948182019550e-04 2.988224491224662771e-03 1.732664987633066381e-02 8.056558307744642045e-02 2.797788343687062640e-01 6.487828229018635096e-01 8.784298399708780902e-01 9.664222573501961566e-01 9.918763405294630520e-01 9.977221602276348245e-01 9.977221611390015843e-01 9.918763422749841130e-01 9.664222592207120099e-01 8.784298419685447890e-01 6.487828250458157475e-01 2.797788362009666074e-01 8.056558387578541258e-02 1.732665012831903842e-02 2.988224590319278097e-03 4.330270898964023877e-04 5.445501532767405250e-05 6.083251052477430708e-06 6.143915821883914094e-07 5.687028760353037845e-08 4.877036914048856811e-09 3.908942705307420642e-10 2.949221530161585434e-11 2.106882014671860397e-12 1.431652553764739459e-13 9.279813549461051577e-15 5.736018465760961213e-16 3.354966832356100670e-17 1.805000711576487014e-18 8.072972777200555068e-20 0.000000000000000000e+00
0.000000000000000000e+00 1.142639622498089941e-19 2.037242741404882959e-18 3.506939501554063391e-17 5.830602105660609612e-16 9.335526073191215680e-15 1.434752268316185034e-13 2.108483314750578927e-12 2.950008092756739634e-11 3.909277779914827904e-10 4.877184110664345366e-09 5.687072860852098239e-08 6.143933928144442616e-07 6.083253684757504077e-06 5.445502313400768919e-05 4.330270882906950129e-04 2.988224476188972197e-03 1.732665000358124194e-02 8.056558270684702205e-02 2.797788348643520662e-01 6.487828228795162744e-01 8.784298394227990636e-01 9.664222572020966240e-01 9.918763409596910163e-01 9.977221611390026945e-01 9.977221615786672215e-01 9.918763434550593727e-01 9.664222598658169794e-01 8.784298421088844178e-01 6.487828256079116729e-01 2.797788372527065803e-01 8.056558491576411296e-02 1.732665083624675140e-02 2.988224962456200937e-03 4.330272505291941779e-04 5.445507446010524287e-05 6.083270099652940336e-06 6.143970515423948930e-07 5.687170763213644399e-08 4.877374023367080250e-09 3.909681115008127763e-10 2.950725169692775758e-11 2.109746622934458968e-12 1.436786117543440664e-13 9.366758560877830452e-15 5.875759769170962894e-16 3.568876055867939915e-17 2.117786101822061015e-18 1.241503913802662418e-19 0.000000000000000000e+00
0.000000000000000000e+00 9.013248592890471369e-20 1.605860577139431229e-18 2.762647466909152868e-17 4.590803060180609913e-16 7.347588455765044630e-15 1.128963717326050701e-13 1.658956201377079075e-12 2.321347010674069774e-11 3.077184383916359389e-10 3.841391441993202023e-09 4.483350036809070307e-08 4.849872566704200688e-07 4.810650066577583589e-06 4.316953247156786819e-05 3.444440196348810259e-04 2.388116316915465682e-03 1.394110592483397033e-02 6.549869569225372223e-02 2.314494977136745124e-01 5.549423445427649204e-01 8.059456271311263853e-01 9.313538915953013531e-01 9.785828724987934990e-01 9.918763422749841130e-01 9.918763434550594837e-01 9.785828742357941534e-01 9.313538943675857551e-01 8.059456299045936190e-01 5.549423471319175905e-01 2.314495006136421396e-01 6.549869807419889112e-02 1.394110776933365700e-02 2.388117013872165500e-03 3.444444598109104409e-04 4.316964834108343604e-05 4.810700270459619431e-06 4.849992023432768099e-07 4.483705277622916188e-08 3.842179818443547684e-09 3.078985740224874820e-10 2.324963615006582435e-11 1.665918032875558445e-12 1.141443096158637660e-13 7.559752839443452426e-15 4.932813152263174495e-16 3.288029835389809217e-17 2.377094268769928314e-18 1.976601486746228843e-19 0.000000000000000000e+00
0.000000000000000000e+00 5.108192594907291695e-20 9.037449978486995063e-19 1.543584444828036524e-17 2.546306272150104330e-16 4.045210913390045281e-15 6.169259736193809826e-14 8.997567857406631317e-13 1.249693067141673611e-11 1.644484849208683702e-10 2.038479717360591331e-09 2.363401223269647661e-08 2.541541139553682762e-07 2.508838019715230357e-06 2.244384941148240298e-05 1.790043098356508924e-04 1.246035849805988971e-03 7.357229987423738113e-03 3.542725117754977338e-02 1.316278526953391925e-01 3.499725311936604522e-01 6.217923991174417742e-01 8.267068528386443127e-01 9.313538929188345250e-01 9.664222592207120099e-01 9.664222598658159802e-01 9.313538943675852000e-01 8.267068563980540796e-01 6.217924028061461161e-01 3.499725344717365405e-01 1.316278553852160138e-01 3.542725404795043359e-02 7.357232948882548931e-03 1.246036931474034902e-03 1.790050983177920703e-04 2.244406921403820489e-05 2.508933867856270641e-06 2.541786383498845344e-07 2.364123619932863929e-08 2.040158476751341580e-09 1.648339594910217064e-10 1.257623472322694030e-11 9.152085827278529627e-13 6.450535832254630154e-14 4.529505224504461035e-15 3.336731824731038618e-16 2.772003709892037115e-17 2.727203937571413022e-18 3.079705105442081047e-19 0.000000000000000000e+00
0.000000000000000000e+00 2.136376880315819015e-20 3.738926234872928937e-19 6.314535391522596186e-18 1.029886762605127325e-16 1.617472129122922203e-15 2.438619937338372601e-14 3.515937415199726256e-13 4.828488484258790202e-12 6.283616888172100947e-11 7.707078057284048687e-10 8.847297300511171366e-09 9.431249681727235566e-08 9.244208155350490145e-07 8.233033814220902635e-06 6.563517823922718783e-05 4.596132490945793194e-04 2.758857703556173366e-03 1.375224402278288870e-02 5.466196786252369016e-02 1.652931427300798062e-01 3.679581126389407930e-01 6.217923998775738426e-01 8.059456291100488556e-01 8.784298419685450110e-01 8.784298421088837516e-01 8.059456299045928418e-01 6.217924028061458941e-01 3.679581154911512053e-01 1.652931451496720827e-01 5.466197040445061606e-02 1.375224747663002754e-02 2.758861138520625131e-03 4.596146815161520054e-04 6.563612568191900729e-05 8.233324598221478032e-06 9.245399405723697422e-07 9.434462859230203172e-08 8.856557126783131102e-09 7.729111601180326446e-10 6.334166726868568275e-11 4.933675755021160000e-12 3.722119918684372175e-13 2.817014457560127117e-14 2.273829165014486902e-15 2.109334815474418258e-16 2.321789240255754531e-17 2.902011154444002758e-18 3.801334736135136567e-19 0.000000000000000000e+00
0.000000000000000000e+00 6.957517028091102195e-21 1.202933748217773135e-19 2.004893821663640209e-18 3.227394343668364336e-17 5.002199293799041352e-16 7.443612515034083343e-15 1.059280949628675396e-13 1.436432128495954847e-12 1.846338985926468505e-11 2.238623579076326384e-10 2.542584304431492175e-09 2.686006001804226458e-08 2.614647732394617359e-07 2.320387273959476725e-06 1.852433246700974084e-05 1.308981908603287683e-04 8.025400612553929263e-04 4.167527925865451878e-03 1.783028120868383748e-02 6.115974515681487506e-02 1.652931424666522486e-01 3.499725316223128990e-01 5.549423458419601163e-01 6.487828250458158585e-01 6.487828256079113398e-01 5.549423471319170353e-01 3.499725344717364295e-01 1.652931451496720272e-01 6.115974765209734876e-02 1.783028447476165540e-02 4.167531639772345704e-03 8.025432430591889496e-04 1.308996417856569483e-04 1.852517656419865231e-05 2.320664412054284376e-06 2.615715787667818024e-07 2.688981929572815299e-08 2.551000167359980400e-09 2.258920964998188732e-10 1.892865497213687847e-11 1.533967477694317018e-12 1.251419345398235028e-13 1.099341649585114947e-14 1.120085813477774148e-15 1.349410277172075669e-16 1.819932162529402512e-17 2.560466642851199572e-18 3.558052592748950674e-19 0.000000000000000000e+00
0.000000000000000000e+00 1.846402954173475344e-21 3.157504038356935871e-20 5.186915775204760863e-19 8.237054909104133402e-18 1.259097893708077933e-16 1.848424690887103780e-15 2.595179653362775911e-14 3.474231597113981630e-13 4.409951521075043621e-12 5.286350077798364159e-11 5.941940455642560018e-10 6.224450534839609629e-09 6.022676357398575008e-08 5.332718122758707614e-07 4.270066113790656335e-06 3.050311069625671542e-05 1.912731970116070301e-04 1.033629651623663116e-03 4.718189969790012421e-03 1.783028084282608020e-02 5.466196682644579308e-02 1.316278519038486527e-01 2.314494982117375754e-01 2.797788362009667740e-01 2.797788372527064138e-01 2.314495006136420285e-01 1.316278553852159305e-01 5.466197040445058136e-02 1.783028447476163805e-02 4.718193790013075657e-03 1.033633047459514131e-03 1.912756598056205410e-04 3.050426679299417202e-05 4.270666265617393378e-06 5.334762715789504695e-07 6.030160244720104191e-08 6.245677010366831857e-09 6.001031542947221508e-10 5.429941371437932980e-11 4.738829399716513704e-12 4.167309267115328767e-13 3.966490806952610899e-14 4.396877817414522746e-15 5.737113577938751026e-16 8.290944646575658971e-17 1.238159349495755000e-17 1.832334228327574762e-18 2.611975196955841792e-19 0.000000000000000000e+00
0.000000000000000000e+00 4.122552085891382619e-22 7.016836477765307426e-21 1.133842649328151795e-19 1.777186220356295296e-18 2.678436011896577894e-17 3.879697227200550391e-16 5.374078042578593332e-15 7.104798506852939516e-14 8.907457867861581844e-13 1.056266164631260684e-11 1.175490119991628372e-10 1.221990322670423376e-09 1.176118752845687798e-08 1.039847906482548223e-07 8.355645738598002923e-07 6.032474877443757677e-06 3.860199052277721543e-05 2.156325854717984546e-04 1.033629688723581306e-03 4.167527736256305786e-03 1.375224370766504368e-02 3.542725063656505802e-02 6.549869542314949722e-02 8.056558387578539870e-02 8.056558491576412684e-02 6.549869807419887724e-02 3.542725404795044053e-02 1.375224747663002754e-02 4.167531639772344837e-03 1.033633047459513914e-03 2.156351334454484217e-04 3.860359987961983763e-05 6.033226425188538240e-06 8.359204122159279112e-07 1.041078947341977238e-07 1.180437387630274892e-08 1.234336269914222022e-09 1.209398773116012355e-10 1.138964056893770381e-11 1.079969594795601995e-12 1.110760424154547801e-13 1.332409807827048642e-14 1.873115751759525782e-15 2.892684966351361816e-16 4.582918891081329687e-17 7.160055346041293038e-18 1.084428805123725558e-18 1.567218115636957183e-19 0.000000000000000000e+00
0.000000000000000000e+00 7.864424690832862051e-23 1.360551563690006004e-21 2.149924885027458237e-20 3.333262622226240412e-19 4.950625308153092661e-18 7.079083223077853440e-17 9.675339414437176598e-16 1.263924692753247168e-14 1.565408430716830088e-13 1.837611358165697043e-12 2.025333048375227726e-11 2.090726584413143028e-10 2.002081402311824858e-09 1.767680846058439406e-08 1.424468955473630613e-07 1.037368251327059894e-06 6.744177171623421370e-06 3.860203606642686401e-05 1.912734036788155231e-04 8.025402715233362827e-04 2.758858273555840623e-03 7.357230473890795722e-03 1.394110578987551273e-02 1.732665012831904189e-02 1.732665083624674793e-02 1.394110776933367088e-02 7.357232948882547197e-03 2.758861138520624697e-03 8.025432430591887328e-04 1.912756598056204868e-04 3.860359987961985796e-05 6.745070034536773618e-06 1.037777889152051081e-06 1.426275780063395415e-07 1.773947789925040499e-08 2.023320306211327024e-09 2.151547124631951201e-10 2.190440407860804569e-11 2.240741923207505977e-12 2.486764644087626159e-13 3.218263367085157438e-14 4.861828533581827503e-15 8.016640645615155630e-16 1.348222885195137976e-16 2.226162854155280542e-17 3.552367833896246680e-18 5.449950015018662894e-19 7.951161730969741537e-20 0.000000000000000000e+00
0.000000000000000000e+00 1.260587636544372708e-23 2.371206351616221412e-22 3.597994423256486609e-21 5.555424671337334416e-20 8.115886226730487299e-19 1.146913662904264494e-17 1.546552171531489098e-16 1.997855568280527867e-15 2.444273934008639623e-14 2.842714182428841325e-13 3.102667249809450155e-12 3.181931883170652504e-11 3.030690606914547694e-10 2.670885699373820907e-09 2.155194858933130588e-08 1.578653243285152453e-07 1.037353099961409103e-06 6.032428481287784865e-06 3.050305465591367132e-05 1.308979193982950354e-04 4.596130166953672487e-04 1.246035539995156167e-03 2.388115899903587962e-03 2.988224590319275929e-03 2.988224962456196600e-03 2.388117013872165500e-03 1.246036931474034902e-03 4.596146815161520596e-04 1.308996417856570296e-04 3.050426679299420591e-05 6.033226425188548405e-06 1.037777889152052140e-06 1.580565097557837450e-07 2.163193550375040616e-08 2.698524531190767872e-09 3.121814260429051191e-10 3.442427212615715369e-11 3.802815847871004492e-12 4.551693092084102204e-13 6.345537357855358729e-14 1.028987457876807228e-14 1.811738442085138460e-15 3.237708291405280879e-16 5.658449468489914158e-17 9.526532611171689513e-18 1.538224780047961366e-18 2.381102365688292021e-19 3.501020499470076116e-20 0.000000000000000000e+00
0.000000000000000000e+00 1.491199944670665954e-24 3.870287115347335192e-23 5.344630163661266741e-22 8.389097644630760353e-21 1.197942494661017368e-19 1.677369016078213552e-18 2.230004407807073505e-17 2.851843345577844360e-16 3.444813241329098756e-15 3.973278542710545174e-14 4.291766092327689155e-13 4.374570923215116841e-12 4.140764881095467807e-11 3.639377515327302023e-10 2.934768490924638499e-09 2.155419595311507722e-08 1.424519830584392136e-07 8.355745754617086429e-07 4.270124732297413097e-06 1.852437070243026718e-05 6.563534442861788736e-05 1.790044619533729298e-04 3.444439549971005463e-04 4.330270898964018998e-04 4.330272505291936358e-04 3.444444598109103867e-04 1.790050983177919890e-04 6.563612568191902084e-05 1.852517656419866248e-05 4.270666265617400154e-06 8.359204122159294994e-07 1.426275780063397268e-07 2.163193550375041608e-08 2.966065829566530175e-09 3.746867144930212847e-10 4.487628564213741314e-11 5.362963726131143366e-12 6.926551624594121431e-13 1.039831478376913926e-13 1.809697594505639804e-14 3.404624578424453134e-15 6.473469664165325913e-16 1.199333398938048007e-16 2.133875744182158295e-17 3.631285509368666414e-18 5.911234432096132572e-19 9.217800769488569990e-20 1.364895368887090254e-20 0.000000000000000000e+00
0.000000000000000000e+00 1.419825008781119100e-26 6.354471631506105314e-24 6.904531014939703976e-23 1.173664466093829623e-21 1.607103978960177842e-20 2.245037584671702408e-19 2.936010486671542784e-18 3.723773689633951616e-17 4.435185732823382259e-16 5.081091145375398875e-15 5.423941920335677498e-14 5.498639187381812551e-13 5.165098258435076627e-12 4.523539202710646262e-11 3.637379663105965015e-10 2.670575011360644275e-09 1.767554069700395158e-08 1.039779539634641586e-07 5.332690465521969682e-07 2.320347386235778598e-06 8.233016475984817611e-06 2.244382357668082319e-05 4.316945607230431828e-05 5.445501532767401862e-05 5.445507446010518866e-05 4.316964834108340894e-05 2.244406921403820489e-05 8.233324598221484808e-06 2.320664412054286917e-06 5.334762715789514224e-07 1.041078947341979223e-07 1.773947789925043146e-08 2.698524531190770353e-09 3.746867144930212847e-10 4.897270013252820347e-11 6.351687968694926056e-12 8.868196208689409090e-13 1.434818341130613080e-13 2.682078984268610545e-14 5.397909270767489400e-15 1.093662699559120839e-15 2.151585423960868739e-16 4.052456398686540421e-17 7.280094622500603616e-18 1.247929587438665044e-18 2.045004556243834530e-19 3.210181705148718768e-20 4.785171813930829593e-21 0.000000000000000000e+00
0.000000000000000000e+00 -7.248977939987299457e-26 1.167120164167398111e-24 6.925829217354946575e-24 1.576794377544735800e-22 1.960347457907940514e-21 2.786073805827435080e-20 3.561201885508561737e-19 4.495225819557250945e-18 5.265075607224468000e-17 6.006659810334248354e-16 6.320068494020291988e-15 6.381310559203912269e-14 5.935959231470025240e-13 5.176962089903369816e-12 4.141730110699168623e-11 3.031828248794098388e-10 2.002547928952296302e-09 1.176129636112159511e-08 6.023213618781396201e-08 2.614636266545234128e-07 9.244348261061468965e-07 2.508851626718581133e-06 4.810636877570820575e-06 6.083251052477423085e-06 6.083270099652935254e-06 4.810700270459616043e-06 2.508933867856271065e-06 9.245399405723703775e-07 2.615715787667822788e-07 6.030160244720118750e-08 1.180437387630278035e-08 2.023320306211331160e-09 3.121814260429053776e-10 4.487628564213743899e-11 6.351687968694925249e-12 9.621817079440915633e-13 1.681743316781432683e-13 3.382833584836567044e-14 7.296999896887413678e-15 1.578470835595866516e-15 3.303853473022785517e-16 6.599591690111915559e-17 1.253803958415105665e-17 2.266952805277776937e-18 3.909004875651110873e-19 6.444441432173646951e-20 1.018041845659595212e-20 1.527386505166814583e-21 0.000000000000000000e+00
0.000000000000000000e+00 -3.428412311268034689e-26 2.579925859486393737e-25 1.737322952161520933e-25 2.174604834198501386e-23 2.127390555536777861e-22 3.258426098282821026e-21 4.000608752395956789e-20 5.064480359452196595e-19 5.802743750418221623e-18 6.623063722608116744e-17 6.836972026210920790e-16 6.895235495122782674e-15 6.331470621417337119e-14 5.498746776420018824e-13 4.367269603369231844e-12 3.180120588855793776e-11 2.090635920709280287e-10 1.221548508640446737e-09 6.224918955885703686e-09 2.685731416489172952e-08 9.431294153046951393e-08 2.541542601368308446e-07 4.849807152788156568e-07 6.143915821883904565e-07 6.143970515423944695e-07 4.849992023432764922e-07 2.541786383498844814e-07 9.434462859230208466e-08 2.688981929572820262e-08 6.245677010366849228e-09 1.234336269914225330e-09 2.151547124631956371e-10 3.442427212615720539e-11 5.362963726131150636e-12 8.868196208689415149e-13 1.681743316781432935e-13 3.652562412384723887e-14 8.469309755243812848e-15 1.961214205006447562e-15 4.377842191564371284e-16 9.294798138313104353e-17 1.871168009246986481e-17 3.575061656976385893e-18 6.497791435357551857e-19 1.126507994634861293e-19 1.867925478766547376e-20 2.969107565561978962e-21 4.483278045251388683e-22 0.000000000000000000e+00
0.000000000000000000e+00 -1.192334276263172102e-26 6.591298468287601611e-26 -1.842285800235684650e-25 3.398982801047876668e-24 1.858025119973998303e-23 3.691420594364595637e-22 4.159086050863923718e-21 5.376217397714002276e-20 5.964305828295636223e-19 6.868578115247716958e-18 6.900239222168786371e-17 6.990381955349973258e-16 6.304728414741612245e-15 5.458144139920648032e-14 4.294261185665080251e-13 3.103954866485511991e-12 2.027608376214457802e-11 1.174987193195330967e-10 5.944969498319723457e-10 2.542203203250496334e-09 8.847977401632330389e-09 2.363473624114818708e-08 4.483220577332222430e-08 5.687028760353028581e-08 5.687170763213640429e-08 4.483705277622913541e-08 2.364123619932861944e-08 8.856557126783134410e-09 2.551000167359984122e-09 6.001031542947239086e-10 1.209398773116015198e-10 2.190440407860809739e-11 3.802815847871010954e-12 6.926551624594128499e-13 1.434818341130613837e-13 3.382833584836568938e-14 8.469309755243819159e-15 2.107337047898199415e-15 5.032697742404616782e-16 1.138820915990354832e-16 2.435190319064501095e-17 4.927102683099474155e-18 9.457396926046583300e-19 1.727245728640998094e-19 3.010246484725676992e-20 5.020051089360834758e-21 8.028886421715365396e-22 1.220191770107810953e-22 0.000000000000000000e+00
0.000000000000000000e+00 -3.618587997498690827e-27 1.768723787560919650e-26 -7.828619550643968490e-26 6.424066536776699397e-25 6.067695054433980689e-25 4.266682282912380403e-23 3.941763482972437998e-22 5.440101198954261582e-21 5.726154795241578560e-20 6.757614932375291943e-19 6.513779135448881331e-18 6.699662681176992153e-17 5.887204946959771871e-16 5.094265638160055146e-15 3.962167080700410806e-14 2.835853216430688675e-13 1.840444603217524991e-12 1.054158394499393026e-11 5.291566210183345544e-11 2.237247575306922787e-10 7.707976092366347886e-10 2.038579939071980226e-09 3.841022639065556615e-09 4.877036914048850194e-09 4.877374023367076942e-09 3.842179818443546030e-09 2.040158476751339512e-09 7.729111601180327480e-10 2.258920964998191059e-10 5.429941371437945904e-11 1.138964056893773289e-11 2.240741923207509612e-12 4.551693092084105234e-13 1.039831478376914052e-13 2.682078984268610230e-14 7.296999896887415255e-15 1.961214205006447562e-15 5.032697742404616782e-16 1.218123308203970259e-16 2.775200886196084340e-17 5.961829747378230649e-18 1.211309896572368898e-18 2.335282610350218219e-19 4.285567627132818208e-20 7.508476426136509164e-21 1.259410334070638941e-21 2.026917587204726652e-22 3.100831847302868710e-23 0.000000000000000000e+00
0.000000000000000000e+00 -1.004044790492766680e-27 4.667582481927145900e-27 -2.366194868338691677e-26 1.407107840245095301e-25 -2.841578252907140092e-25 5.455568289776572119e-24 3.215567758812433933e-23 5.334967367269079321e-22 5.120510782838230705e-21 6.368361209591182137e-20 5.747441955857683407e-19 6.120204252264445099e-18 5.169875368139665295e-17 4.495154380949243708e-16 3.451155391365720468e-15 2.435757134850332266e-14 1.574996276949520083e-13 8.869109617779579152e-13 4.423813446778984020e-12 1.843752296585273193e-11 6.286305051340328880e-11 1.644812387343313345e-10 3.076444167633918041e-10 3.908942705307417023e-10 3.909681115008123627e-10 3.078985740224875854e-10 1.648339594910215254e-10 6.334166726868564398e-11 1.892865497213689139e-11 4.738829399716521782e-12 1.079969594795603812e-12 2.486764644087627674e-13 6.345537357855353681e-14 1.809697594505638226e-14 5.397909270767487033e-15 1.578470835595866121e-15 4.377842191564370791e-16 1.138820915990354832e-16 2.775200886196084956e-17 6.351015512528820330e-18 1.369755108851819258e-18 2.794444702635223686e-19 5.411592294061704374e-20 9.980282420486945817e-21 1.758122721871477789e-21 2.966522307343097716e-22 4.805376935310111100e-23 7.402286412609683174e-24 0.000000000000000000e+00
0.000000000000000000e+00 -2.593444374090745055e-28 1.177702554580158374e-27 -6.237514772960041706e-27 3.253472601002659577e-26 -1.106758176328005730e-25 8.240933809360505710e-25 1.747011458105769363e-24 5.194337435744468943e-23 4.224804184911370592e-22 5.811524433374907385e-21 4.712736020312960902e-20 5.380242148782099325e-19 4.273250346574093289e-18 3.767462349825513048e-17 2.857009836361671824e-16 1.970240034391384184e-15 1.281526012112320765e-14 7.018175641626194137e-14 3.500786226425263408e-13 1.430736816516960507e-12 4.833194995337578288e-12 1.250311113942969471e-11 2.319784813654231578e-11 2.949221530161584142e-11 2.950725169692771881e-11 2.324963615006584050e-11 1.257623472322692899e-11 4.933675755021155961e-12 1.533967477694316816e-12 4.167309267115331796e-13 1.110760424154548180e-13 3.218263367085154914e-14 1.028987457876805334e-14 3.404624578424448795e-15 1.093662699559120444e-15 3.303853473022784531e-16 9.294798138313106819e-17 2.435190319064500787e-17 5.961829747378232189e-18 1.369755108851819066e-18 2.966029272811947648e-19 6.077134477793187230e-20 1.182450381349077685e-20 2.192086275795867275e-21 3.883611387811631990e-22 6.593823872366492170e-23 1.075412907801106535e-23 1.668842647042737859e-24 0.000000000000000000e+00
0.000000000000000000e+00 -6.292127949497641998e-29 2.816539016473302303e-28 -1.509342912209715106e-27 7.438141802474936911e-27 -2.914483603682904066e-26 1.441766974785654951e-25 -8.444365005663532756e-26 5.152712704851307749e-24 3.168713093914252472e-23 5.183514642023058903e-22 3.540794719107879625e-21 4.603273005105658154e-20 3.318693587695835375e-19 3.008356191544251261e-18 2.269163026706421053e-17 1.495392741350829369e-16 1.003477978687908026e-15 5.213523254826214501e-15 2.647264836301554017e-14 1.048738566415396533e-13 3.525162494622971625e-13 9.010454089338014888e-13 1.656059197013996387e-12 2.106882014671862012e-12 2.109746622934456140e-12 1.665918032875559455e-12 9.152085827278525588e-13 3.722119918684370661e-13 1.251419345398234775e-13 3.966490806952612161e-14 1.332409807827048484e-14 4.861828533581819615e-15 1.811738442085136093e-15 6.473469664165318024e-16 2.151585423960867014e-16 6.599591690111911862e-17 1.871168009246986789e-17 4.927102683099475696e-18 1.211309896572369861e-18 2.794444702635224649e-19 6.077134477793188434e-20 1.250962326872183138e-20 2.446412184759754661e-21 4.560422720415839436e-22 8.128421685468327273e-23 1.389268499407786540e-23 2.282459276146761044e-24 3.570712459819615543e-25 0.000000000000000000e+00
0.000000000000000000e+00 -1.441806747950348817e-29 6.377484061976642040e-29 -3.414231099371174474e-28 1.632106859489366842e-27 -6.617642497673246307e-27 2.684741757564064102e-26 -4.996988920968221882e-26 5.186806797072741915e-25 2.203831252412948377e-24 4.496819059603705602e-23 2.377628485182218805e-22 3.876934828041114433e-21 2.409701022086583889e-20 2.286993248212739289e-19 1.757267793486256913e-18 1.047429093952163469e-17 7.717622865278635820e-17 3.588890182563695285e-16 1.940732270311592828e-15 7.254085053988986011e-15 2.454388651595041368e-14 6.192722305594413078e-14 1.123804340160085064e-13 1.431652553764742236e-13 1.436786117543439655e-13 1.141443096158637913e-13 6.450535832254631416e-14 2.817014457560126802e-14 1.099341649585114947e-14 4.396877817414523535e-15 1.873115751759524204e-15 8.016640645615145769e-16 3.237708291405277428e-16 1.199333398938046528e-16 4.052456398686537956e-17 1.253803958415105665e-17 3.575061656976386663e-18 9.457396926046579448e-19 2.335282610350219182e-19 5.411592294061706781e-20 1.182450381349077836e-20 2.446412184759755789e-21 4.810512673009186995e-22 9.020859934893012682e-23 1.618355741434386142e-23 2.785982775539793336e-24 4.614165199872150929e-25 7.284626503164057890e-26 0.000000000000000000e+00
0.000000000000000000e+00 -3.132763367668784603e-30 1.369111861519614041e-29 -7.277188632205367181e-29 3.399238799599122043e-28 -1.368184604921065812e-27 4.925830122434495722e-27 -1.069008127130241002e-26 4.692255145336813154e-26 1.920547833302128134e-25 3.558661885765090281e-24 1.413217743098689173e-23 3.226675979330374532e-22 1.626710356115012625e-21 1.637316697207107299e-20 1.366919415631519297e-19 6.411487075163351450e-19 6.040454270484099923e-18 2.189972965667424163e-17 1.414915939872091347e-16 4.685084302881699826e-16 1.643493985012410440e-15 4.086210094299848646e-15 7.261652220029954200e-15 9.279813549461073665e-15 9.366758560877835186e-15 7.559752839443460315e-15 4.529505224504464979e-15 2.273829165014488875e-15 1.120085813477773951e-15 5.737113577938748068e-16 2.892684966351360337e-16 1.348222885195136990e-16 5.658449468489911693e-17 2.133875744182156755e-17 7.280094622500600534e-18 2.266952805277775396e-18 6.497791435357547043e-19 1.727245728640997372e-19 4.285567627132818208e-20 9.980282420486953340e-21 2.192086275795868404e-21 4.560422720415841317e-22 9.020859934893017384e-23 1.702594069957438327e-23 3.076312111792493974e-24 5.338266726764301476e-25 8.922029276844907701e-26 1.423568684342060268e-26 0.000000000000000000e+00
0.000000000000000000e+00 -6.474511210664541285e-31 2.792147467052883422e-30 -1.467354332155410282e-29 6.693533718907185826e-29 -2.615014572639770885e-28 8.462061522232690115e-28 -1.589222788168956757e-27 1.469597032602750866e-27 3.768113934434434604e-26 1.734170856068496142e-25 9.674450888164191012e-25 2.585947579012977740e-23 1.035493920894155707e-22 1.059564722747389608e-21 1.122033168575573340e-20 2.739812555436874647e-20 5.070935764753147219e-19 9.970308144463124943e-19 1.071718889686115232e-17 2.723402035589558148e-17 1.070273950440744095e-16 2.613581588835170818e-16 4.454821381660408856e-16 5.736018465760976990e-16 5.875759769170975713e-16 4.932813152263186328e-16 3.336731824731044534e-16 2.109334815474420970e-16 1.349410277172075176e-16 8.290944646575650343e-17 4.582918891081325373e-17 2.226162854155279925e-17 9.526532611171687972e-18 3.631285509368664102e-18 1.247929587438664852e-18 3.909004875651108948e-19 1.126507994634860812e-19 3.010246484725675788e-20 7.508476426136506154e-21 1.758122721871477789e-21 3.883611387811632930e-22 8.128421685468327273e-23 1.618355741434386436e-23 3.076312111792495811e-24 5.602754781291579977e-25 9.810848183887508821e-26 1.657088281296814098e-26 2.677587783541345404e-27 0.000000000000000000e+00
0.000000000000000000e+00 -1.275913701766083012e-31 5.419242305984211461e-31 -2.804960561470973726e-30 1.243612490118032207e-29 -4.624762636332670923e-29 1.301679856696624795e-28 -1.283733995714010670e-28 -1.047364687926541999e-27 1.115052260035264758e-26 -2.520904441711352258e-26 1.670443166586035748e-25 1.746392076236395364e-24 7.086397692677434532e-24 5.256855354784429549e-23 1.030519972101142262e-21 -6.734283140273623089e-22 4.800993466965107082e-20 -4.615567072264712678e-21 8.944349378825964044e-19 1.244237412173388961e-18 6.911698956858291487e-18 1.648490515150551919e-17 2.558053830231734669e-17 3.354966832356111147e-17 3.568876055867955939e-17 3.288029835389821543e-17 2.772003709892044510e-17 2.321789240255756072e-17 1.819932162529402512e-17 1.238159349495754846e-17 7.160055346041285334e-18 3.552367833896245910e-18 1.538224780047960981e-18 5.911234432096127757e-19 2.045004556243833567e-19 6.444441432173643339e-20 1.867925478766546173e-20 5.020051089360834006e-21 1.259410334070638565e-21 2.966522307343098656e-22 6.593823872366496872e-23 1.389268499407786247e-23 2.785982775539794438e-24 5.338266726764303313e-25 9.810848183887509969e-26 1.736159150345985034e-26 2.969352190815730830e-27 4.872260035763684083e-28 0.000000000000000000e+00
0.000000000000000000e+00 -2.401080810564422620e-32 1.001975620452216615e-31 -5.085663287787144132e-31 2.173857721813956635e-30 -7.502440680972549696e-30 1.658034950886916301e-29 1.964801895039643818e-29 -4.518770361786368314e-28 3.148874057139358494e-27 -1.251894188663459746e-26 4.789566050866696415e-26 2.661849889825060152e-26 7.609450518962109048e-25 -1.627376314310564623e-25 1.090518893645078293e-22 -3.998602022555963530e-22 5.175107906661490123e-21 -1.005750893321647171e-20 8.580037821378887919e-20 1.071369204465937167e-20 4.581155390454485167e-19 1.059568697489118675e-18 1.311990517232106459e-18 1.805000711576493177e-18 2.117786101822077578e-18 2.377094268769942181e-18 2.727203937571419185e-18 2.902011154444004299e-18 2.560466642851199572e-18 1.832334228327575532e-18 1.084428805123724980e-18 5.449950015018660968e-19 2.381102365688291540e-19 9.217800769488566379e-20 3.210181705148717564e-20 1.018041845659594911e-20 2.969107565561977457e-21 8.028886421715365396e-22 2.026917587204727358e-22 4.805376935310111688e-23 1.075412907801106976e-23 2.282459276146761044e-24 4.614165199872152766e-25 8.922029276844909997e-26 1.657088281296814385e-26 2.969352190815729036e-27 5.155745897757233409e-28 8.620668862124622469e-29 0.000000000000000000e+00
0.000000000000000000e+00 -4.290204002391824195e-33 1.760632966467432984e-32 -8.707607305648694619e-32 3.540902769344059449e-31 -1.083510471866560094e-30 1.265654363128123416e-30 1.326874385586519986e-29 -1.335667567388058584e-28 8.037968043508797376e-28 -3.508554204649478904e-27 1.289354301083675149e-26 -2.739104946277119234e-26 1.412669615830228427e-25 -6.399720679043011690e-25 1.286212351351102259e-23 -7.313273397695766681e-23 6.057736060990300097e-22 -1.918379535109149919e-21 9.278805470863207560e-21 -8.003334420946793087e-21 3.264658008147718338e-20 7.299452551564755623e-20 5.006902194602387225e-20 8.072972777200593586e-20 1.241503913802678548e-19 1.976601486746244250e-19 3.079705105442088269e-19 3.801334736135138974e-19 3.558052592748950193e-19 2.611975196955843236e-19 1.567218115636956702e-19 7.951161730969739130e-20 3.501020499470075514e-20 1.364895368887089953e-20 4.785171813930829593e-21 1.527386505166814583e-21 4.483278045251386802e-22 1.220191770107811423e-22 3.100831847302869885e-23 7.402286412609683174e-24 1.668842647042738961e-24 3.570712459819618298e-25 7.284626503164059038e-26 1.423568684342061416e-26 2.677587783541346122e-27 4.872260035763683186e-28 8.620668862124621348e-29 1.476616194296066872e-29 0.000000000000000000e+00
0.000000000000000000e+00 0.000000000000000000e+00 0.000000000000000000e+00 0.000000000000000000e+00 0.000000000000000000e+00 0.000000000000000000e+00 0.000000000000000000e+00 0.000000000000000000e+00 0.000000000000000000e+00 0.000000000000000000e+00 0.000000000000000000e+00 0.000000000000000000e+00 0.000000000000000000e+00 0.000000000000000000e+00 0.000000000000000000e+00 0.000000000000000000e+00 0.000000000000000000e+00 0.000000000000000000e+00 0.000000000000000000e+00 0.000000000000000000e+00 0.000000000000000000e+00 0.000000000000000000e+00 0.000000000000000000e+00 0.000000000000000000e+00 0.000000000000000000e+00 0.000000000000000000e+00 0.000000000000000000e+00 0.000000000000000000e+00 0.000000000000000000e+00 0.000000000000000000e+00 0.000000000000000000e+00 0.000000000000000000e+00 0.000000000000000000e+00 0.000000000000000000e+00 0.000000000000000000e+00 0.000000000000000000e+00 0.000000000000000000e+00 0.000000000000000000e+00 0.000000000000000000e+00 0.000000000000000000e+00 0.000000000000000000e+00 0.000000000000000000e+00 0.000000000000000000e+00 0.000000000000000000e+00 0.000000000000000000e+00 0.000000000000000000e+00 0.000000000000000000e+00 0.000000000000000000e+00 0.000000000000000000e+00 0.000000000000000000e+00
