0.000000000000000000e+00 0.000000000000000000e+00 0.000000000000000000e+00 0.000000000000000000e+00 0.000000000000000000e+00 0.000000000000000000e+00 0.000000000000000000e+00 0.000000000000000000e+00 0.000000000000000000e+00 0.000000000000000000e+00 0.000000000000000000e+00 0.000000000000000000e+00 0.000000000000000000e+00 0.000000000000000000e+00 0.000000000000000000e+00 0.000000000000000000e+00 0.000000000000000000e+00 0.000000000000000000e+00 0.000000000000000000e+00 0.000000000000000000e+00 0.000000000000000000e+00 0.000000000000000000e+00 0.000000000000000000e+00 0.000000000000000000e+00 0.000000000000000000e+00 0.000000000000000000e+00 0.000000000000000000e+00 0.000000000000000000e+00 0.000000000000000000e+00 0.000000000000000000e+00 0.000000000000000000e+00 0.000000000000000000e+00 0.000000000000000000e+00 0.000000000000000000e+00 0.000000000000000000e+00 0.000000000000000000e+00 0.000000000000000000e+00 0.000000000000000000e+00 0.000000000000000000e+00 0.000000000000000000e+00 0.000000000000000000e+00 0.000000000000000000e+00 0.000000000000000000e+00 0.000000000000000000e+00 0.000000000000000000e+00 0.000000000000000000e+00 0.000000000000000000e+00 0.000000000000000000e+00 0.000000000000000000e+00 0.000000000000000000e+00
0.000000000000000000e+00 1.795653791337669834e-28 1.528995746337644312e-27 1.239324989669884873e-26 9.662593553043152843e-26 7.232528998776882459e-25 5.185318069437439331e-24 3.551769013650348552e-23 2.317776723370801136e-22 1.436436998319061170e-21 8.424642168495900990e-21 4.657229226614670914e-20 2.415666650151536315e-19 1.169537613563750128e-18 5.253484009387158889e-18 2.174236914735406530e-17 8.223547573362114950e-17 2.815593805687617085e-16 8.629848555863290389e-16 2.337463789953567283e-15 5.513413712691142881e-15 1.114704856551155956e-14 1.902839698091503159e-14 2.713795031694200740e-14 3.229965646084856879e-14 3.229965646050172243e-14 2.713795031601903067e-14 1.902839697971163375e-14 1.114704856433199004e-14 5.513413711722497420e-15 2.337463789249028509e-15 8.629848551197843736e-16 2.815593802873820741e-16 8.223547557597920446e-17 2.174236906584166269e-17 5.253483970248945197e-18 1.169537596131160955e-18 2.415666577919078750e-19 4.657228947570714289e-20 8.424641160212331692e-21 1.436436656472677449e-21 2.317775632177210589e-22 3.551765723936490825e-23 5.185308672893002038e-24 7.232503498064683262e-25 9.662527622226950877e-26 1.239308712114906310e-26 1.528957352721682258e-27 1.795570532053986016e-28 0.000000000000000000e+00
0.000000000000000000e+00 1.528995746337645567e-27 1.308964049297324534e-26 1.066777389544073794e-25 8.362192493761744162e-25 6.292507388949068151e-24 4.535091308142880901e-23 3.122511250714414295e-22 2.048111794972222988e-21 1.275760011129382147e-20 7.519971092645590063e-20 4.177935366297486305e-19 2.177875723081050751e-18 1.059668717926821412e-17 4.783711751429674129e-17 1.989707231108969664e-16 7.563198743677821734e-16 2.602361020594182420e-15 8.015201638538623598e-15 2.181166410289107500e-14 5.167092697259699105e-14 1.048612114198194396e-13 1.795177715898965081e-13 2.564763948089530679e-13 3.054680463448856164e-13 3.054680463444371395e-13 2.564763948077563217e-13 1.795177715883305750e-13 1.048612114182806181e-13 5.167092697133508497e-14 2.181166410198408059e-14 8.015201637951608533e-15 2.602361020249458882e-15 7.563198741802819663e-16 1.989707230165295545e-16 4.783711747002986706e-17 1.059668715991060905e-17 2.177875715170905179e-18 4.177935336037999650e-19 7.519970984039962994e-20 1.275759974460428172e-20 2.048111678209916602e-21 3.122510899093185953e-22 4.535090304202968024e-23 6.292504664254785901e-24 8.362185448599193373e-25 1.066775650332613557e-25 1.308959949577633677e-26 1.528986878933865490e-27 0.000000000000000000e+00
0.000000000000000000e+00 1.239324989669884442e-26 1.066777389544074253e-25 8.741944495394350875e-25 6.889755233147996573e-24 5.212137386644629137e-23 3.776120722850337016e-22 2.613315944820361938e-21 1.722789625360901820e-20 1.078460773042075194e-19 6.388209692798730569e-19 3.566392161321464054e-18 1.868049662691293878e-17 9.132801679397456465e-17 4.142614608668118346e-16 1.731312474266954428e-15 6.612552679697367760e-15 2.286127927288400440e-14 7.074361843319042195e-14 1.933886398310139422e-13 4.600647198638970015e-13 9.370813285210786957e-13 1.608754185085891740e-12 2.302343273578479954e-12 2.743901083390165923e-12 2.743901083389850883e-12 2.302343273577618442e-12 1.608754185084691358e-12 9.370813285197805714e-13 4.600647198627155025e-13 1.933886398300710957e-13 7.074361843251727748e-14 2.286127927245760931e-14 6.612552679452528212e-15 1.731312474139630502e-15 4.142614608062163716e-16 9.132801676745969238e-17 1.868049661617503502e-17 3.566392157277619765e-18 6.388209678558944783e-19 1.078460768335353985e-19 1.722789610688614701e-20 2.613315901550729729e-21 3.776120601650371783e-22 5.212137063367092321e-23 6.889754409372102640e-24 8.741942485659479985e-25 1.066776919666716976e-25 1.239323967017693541e-26 0.000000000000000000e+00
0.000000000000000000e+00 9.662593553043171210e-26 8.362192493761747835e-25 6.889755233147996573e-24 5.458845497002176174e-23 4.151097482986911471e-22 3.022672017943386947e-21 2.102245674393524642e-20 1.392579884755310066e-19 8.758739016035687993e-19 5.212229890289500749e-18 2.923108217694780687e-17 1.537969650113338689e-16 7.552452533204496198e-16 3.440909289097321717e-15 1.444396606238301806e-14 5.541069942713682874e-14 1.924135764828964169e-13 5.980172356960146370e-13 1.641696537729671849e-12 3.920994148628473767e-12 8.014018451593052651e-12 1.379464357808308745e-11 1.977334611035493703e-11 2.357922125485046967e-11 2.357922125485018532e-11 1.977334611035430372e-11 1.379464357808268678e-11 8.014018451593408080e-12 3.920994148629544902e-12 1.641696537731134966e-12 5.980172356974721995e-13 1.924135764840182907e-13 5.541069942787289276e-14 1.444396606279912325e-14 3.440909289306157653e-15 7.552452534146804355e-16 1.537969650500669640e-16 2.923108219158041862e-17 5.212229895413545218e-18 8.758739032765736826e-19 1.392579889881071983e-19 2.102245689190177182e-20 3.022672058392717438e-21 4.151097588022210489e-22 5.458845757126346583e-23 6.889755849051022628e-24 8.362193890882225828e-25 9.662596546530255274e-26 0.000000000000000000e+00
0.000000000000000000e+00 7.232528998776878786e-25 6.292507388949079171e-24 5.212137386644627961e-23 4.151097482986912881e-22 3.172578887008619596e-21 2.321470301779432137e-20 1.622230405499395584e-19 1.079545804138761181e-18 6.820114927980338159e-18 4.076096681127937250e-17 2.295540140085681139e-16 1.212729565570122167e-15 5.979271430709938890e-15 2.734999472716034771e-14 1.152617873214590450e-13 4.439223389742054650e-13 1.547622201187499034e-12 4.828917305472267912e-12 1.330750360362023880e-11 3.189843750134023990e-11 6.540327147139500220e-11 1.128535506314497860e-10 1.619980220149788369e-10 1.932744242629684100e-10 1.932744242629701936e-10 1.619980220149823783e-10 1.128535506314510655e-10 6.540327147139046563e-11 3.189843750133046237e-11 1.330750360360777293e-11 4.828917305460198668e-12 1.547622201178345723e-12 4.439223389682269344e-13 1.152617873180885263e-13 2.734999472546729128e-14 5.979271429944432212e-15 1.212729565254439163e-15 2.295540138888105483e-16 4.076096676915083517e-17 6.820114914155075475e-18 1.079545799881619573e-18 1.622230393146698069e-19 2.321470267851847296e-20 3.172578798522325768e-21 4.151097263071609843e-22 5.212136864541255966e-23 6.292506202956628543e-24 7.232526463714338320e-25 0.000000000000000000e+00
0.000000000000000000e+00 5.185318069437442270e-24 4.535091308142877962e-23 3.776120722850342188e-22 3.022672017943386194e-21 2.321470301779431234e-20 1.706700301496865903e-19 1.198031909411327505e-18 8.007112732800829949e-18 5.079534474513698890e-17 3.047865861728390417e-16 1.722993095323850134e-15 9.135816844634302220e-15 4.520290324886914458e-14 2.074792084678824468e-13 8.773692017993713474e-13 3.390615129250615362e-12 1.186081560129032646e-11 3.713459110786572126e-11 1.026795408243356611e-10 2.469123807617489016e-10 5.076882290430795264e-10 8.779132932813521762e-10 1.261798306687991621e-09 1.506005490151444593e-09 1.506005490151434874e-09 1.261798306687965772e-09 8.779132932813341851e-10 5.076882290430924511e-10 2.469123807617932074e-10 1.026795408244012151e-10 3.713459110793452588e-11 1.186081560134480082e-11 3.390615129287474579e-12 8.773692018205989507e-13 2.074792084787331087e-13 4.520290325383664587e-14 9.135816846703239827e-15 1.722993096114871138e-15 3.047865864528384160e-16 5.079534483749153585e-17 8.007112761353182028e-18 1.198031917723125766e-18 1.706700324380657650e-19 2.321470361566695008e-20 3.022672166677380006e-21 3.776121076071447494e-22 4.535092110150961042e-23 5.185319782169062111e-24 0.000000000000000000e+00
0.000000000000000000e+00 3.551769013650349140e-23 3.122511250714418057e-22 2.613315944820359681e-21 2.102245674393525846e-20 1.622230405499396065e-19 1.198031909411327698e-18 8.445808722442638920e-18 5.667706979947860931e-17 3.609190422962712284e-16 2.173370765315807361e-15 1.232754243759422065e-14 6.557035408664852392e-14 3.254013691855864639e-13 1.497834568990785796e-12 6.351433236057920441e-12 2.461234196031898043e-11 8.633297746022290435e-11 2.710434174582309984e-10 7.515213530849440614e-10 1.811988177622158099e-09 3.734576063905040642e-09 6.469730519081676483e-09 9.308213464908622685e-09 1.111274631924427937e-08 1.111274631924415860e-08 9.308213464908296776e-09 6.469730519081226497e-09 3.734576063904517864e-09 1.811988177621621258e-09 7.515213530844188017e-10 2.710434174577703105e-10 8.633297745988771526e-11 2.461234196010034302e-11 6.351433235934418498e-12 1.497834568927981866e-12 3.254013691568638995e-13 6.557035407465738377e-14 1.232754243299441058e-14 2.173370763681620465e-15 3.609190417553550250e-16 5.667706963174084706e-17 8.445808673491334531e-18 1.198031895910447854e-18 1.622230370188660037e-19 2.102245586527129434e-20 2.613315736254191665e-21 3.122510777787675904e-22 3.551768005597397399e-23 0.000000000000000000e+00
0.000000000000000000e+00 2.317776723370800195e-22 2.048111794972223364e-21 1.722789625360902422e-20 1.392579884755310788e-19 1.079545804138761181e-18 8.007112732800829949e-18 5.667706979947859699e-17 3.817733164437805098e-16 2.439548790564909005e-15 1.473681629141571758e-14 8.382783160945230189e-14 4.470344526128369777e-13 2.223659731638698839e-12 1.025751113615589313e-11 4.358310988448096889e-11 1.692138031225368633e-10 5.946921567160507269e-10 1.870699390018648926e-09 5.197282006741949524e-09 1.255605472304601880e-08 2.592542605721024540e-08 4.497506779614011966e-08 6.475370095602641623e-08 7.731641837613049571e-08 7.731641837613045601e-08 6.475370095602669416e-08 4.497506779614139021e-08 2.592542605721308098e-08 1.255605472304991813e-08 5.197282006745939016e-09 1.870699390021937382e-09 5.946921567182789447e-10 1.692138031238978339e-10 4.358310988520882320e-11 1.025751113651159695e-11 2.223659731796470616e-12 4.470344526773232896e-13 8.382783163381543160e-14 1.473681629998040251e-14 2.439548793378623210e-15 3.817733173114714964e-16 5.667707005157693490e-17 8.007112802051113937e-18 1.079545822177574360e-18 1.392579929440539709e-19 1.722789730873842899e-20 2.048112032726291140e-21 2.317777226540960522e-22 0.000000000000000000e+00
0.000000000000000000e+00 1.436436998319061358e-21 1.275760011129381846e-20 1.078460773042075555e-19 8.758739016035687993e-19 6.820114927980341240e-18 5.079534474513696425e-17 3.609190422962713270e-16 2.439548790564907822e-15 1.563702256307515312e-14 9.471592830382678663e-14 5.400277562319374222e-13 2.885469459073082725e-12 1.437617624459280364e-11 6.640332403755757118e-11 2.824502604487880944e-10 1.097680705584086515e-09 3.861272193225747012e-09 1.215791038440710279e-08 3.381341430172410692e-08 8.178192581306639993e-08 1.690453351916659405e-07 2.934994202171294727e-07 4.227151263473513413e-07 5.046889344161426275e-07 5.046889344161776735e-07 4.227151263474407033e-07 2.934994202172347695e-07 1.690453351917497968e-07 8.178192581311699691e-08 3.381341430174640771e-08 1.215791038441221642e-08 3.861272193224064527e-09 1.097680705580926892e-09 2.824502604464372988e-10 6.640332403620217112e-11 1.437617624394003535e-11 2.885469458794024783e-12 5.400277561241765487e-13 9.471592826558166137e-14 1.563702255048690207e-14 2.439548786693385181e-15 3.609190411778521430e-16 5.079534444035365714e-17 6.820114849372586114e-18 8.758738823622165188e-19 1.078460728247988981e-19 1.275759911876395889e-20 1.436436792313050638e-21 0.000000000000000000e+00
0.000000000000000000e+00 8.424642168495907008e-21 7.519971092645590063e-20 6.388209692798733458e-19 5.212229890289497667e-18 4.076096681127937866e-17 3.047865861728390910e-16 2.173370765315806572e-15 1.473681629141572073e-14 9.471592830382683712e-14 5.749907448891995432e-13 3.284057977912149614e-12 1.756938974854028025e-11 8.760463029199564530e-11 4.047954175260895818e-10 1.721875569945295411e-09 6.690332625475170185e-09 2.352705317694467631e-08 7.405819850571301809e-08 2.059395881062863998e-07 4.981086969787277632e-07 1.029766358164283323e-06 1.788078993852166610e-06 2.574913952967012950e-06 3.073279607103207688e-06 3.073279607103216582e-06 2.574913952966983727e-06 1.788078993852007156e-06 1.029766358163961027e-06 4.981086969783333634e-07 2.059395881059677831e-07 7.405819850552217098e-08 2.352705317685289235e-08 6.690332625440351671e-09 1.721875569934873762e-09 4.047954175242256337e-10 8.760463029218848178e-11 1.756938974892559778e-11 3.284057978137995367e-12 5.749907449880449001e-13 9.471592834049834265e-14 1.473681630352878406e-14 2.173370768962161490e-15 3.047865871870410720e-16 4.076096707412641480e-17 5.212229954108440426e-18 6.388209838411188908e-19 7.519971404985882411e-20 8.424642787796987493e-21 0.000000000000000000e+00
0.000000000000000000e+00 4.657229226614670312e-20 4.177935366297486787e-19 3.566392161321462514e-18 2.923108217694780687e-17 2.295540140085680153e-16 1.722993095323851515e-15 1.232754243759421434e-14 8.382783160945235238e-14 5.400277562319375232e-13 3.284057977912147190e-12 1.877811216699851905e-11 1.005115171563792967e-10 5.011109531453586553e-10 2.313856185449688855e-09 9.830524762261138107e-09 3.813558871061813147e-08 1.338639267957878342e-07 4.206023510250130410e-07 1.167648075122694266e-06 2.820324721808129271e-06 5.824465142234592408e-06 1.010502841648881295e-05 1.454027267768984336e-05 1.734361637717693233e-05 1.734361637717085064e-05 1.454027267767411565e-05 1.010502841646991903e-05 5.824465142218761362e-06 2.820324721797530771e-06 1.167648075116723319e-06 4.206023510221846392e-07 1.338639267946531012e-07 3.813558871022050906e-08 9.830524762138427518e-09 2.313856185414522926e-09 5.011109531357548816e-10 1.005115171536554168e-10 1.877811216617484749e-11 3.284057977646186813e-12 5.400277561452661202e-13 8.382783158216647408e-14 1.232754242952882629e-14 1.722993093113198201e-15 2.295540134504241251e-16 2.923108204790422669e-17 3.566392134292113495e-18 4.177935316188561086e-19 4.657229149877781589e-20 0.000000000000000000e+00
0.000000000000000000e+00 2.415666650151536315e-19 2.177875723081049980e-18 1.868049662691293570e-17 1.537969650113338196e-16 1.212729565570122364e-15 9.135816844634294331e-15 6.557035408664853654e-14 4.470344526128369777e-13 2.885469459073085148e-12 1.756938974854029317e-11 1.005115171563792708e-10 5.378376128732256912e-10 2.678461589545424676e-09 1.234400890801023747e-08 5.230542366612054351e-08 2.022506510279397327e-07 7.073584964573738623e-07 2.214142277956996512e-06 6.124508670581924215e-06 1.474564526827315732e-05 3.037181402357197937e-05 5.258271752290055056e-05 7.553914851261584341e-05 9.000981659007456970e-05 9.000981659008312134e-05 7.553914851264677027e-05 5.258271752295829110e-05 3.037181402365264401e-05 1.474564526835816216e-05 6.124508670647853025e-06 2.214142277997268270e-06 7.073584964779193876e-07 2.022506510369960502e-07 5.230542366962988704e-08 1.234400890922856367e-08 2.678461589928135089e-09 5.378376129835564888e-10 1.005115171857807077e-10 1.756938975585539707e-11 2.885469460781406580e-12 4.470344529890738997e-13 6.557035416473920283e-14 9.135816859792947667e-15 1.212729568259780500e-15 1.537969654219712223e-16 1.868049667032442587e-17 2.177875721299486974e-18 2.415666621461040267e-19 0.000000000000000000e+00
0.000000000000000000e+00 1.169537613563750513e-18 1.059668717926821874e-17 9.132801679397456465e-17 7.552452533204492254e-16 5.979271430709938101e-15 4.520290324886918244e-14 3.254013691855865143e-13 2.223659731638700858e-12 1.437617624459280202e-11 8.760463029199567114e-11 5.011109531453588621e-10 2.678461589545424676e-09 1.330999904607121495e-08 6.114203799121042980e-08 2.579712482220710753e-07 9.923374785275310747e-07 3.450308440782953994e-06 1.073308113754760539e-05 2.950704912295649992e-05 7.064432072468092717e-05 1.448147022393426304e-04 2.497745891578304024e-04 3.578343902123561505e-04 4.257112317588720258e-04 4.257112317597610716e-04 3.578343902146530870e-04 2.497745891605489851e-04 1.448147022415618296e-04 7.064432072611302271e-05 2.950704912372878729e-05 1.073308113789334899e-05 3.450308440911435763e-06 9.923374785670104333e-07 2.579712482317755847e-07 6.114203799285303844e-08 1.330999904609621070e-08 2.678461589420573756e-09 5.011109530793019762e-10 8.760463026797389379e-11 1.437617623737656237e-11 2.223659729740656587e-12 3.254013687388985327e-13 4.520290315432768656e-14 5.979271412941406302e-15 7.552452504907435286e-16 9.132801647316644189e-17 1.059668718187617287e-17 1.169537629767402055e-18 0.000000000000000000e+00
0.000000000000000000e+00 5.253484009387158889e-18 4.783711751429673513e-17 4.142614608668119332e-16 3.440909289097322111e-15 2.734999472716035087e-14 2.074792084678824721e-13 1.497834568990785392e-12 1.025751113615589475e-11 6.640332403755755826e-11 4.047954175260895818e-10 2.313856185449690096e-09 1.234400890801023912e-08 6.114203799121042980e-08 2.795625443036135207e-07 1.172371953312517887e-06 4.476347844754962311e-06 1.543155226314390913e-05 4.756192301195727174e-05 1.295367591664816601e-04 3.074109266999336810e-04 6.253758270883629216e-04 1.072135243937091982e-03 1.529397898607668792e-03 1.815303365612083459e-03 1.815303365606452763e-03 1.529397898591898421e-03 1.072135243915603529e-03 6.253758270663314998e-04 3.074109266813491548e-04 1.295367591538994939e-04 4.756192300494822996e-05 1.543155225981364325e-05 4.476347843374208822e-06 1.172371952805040967e-06 2.795625441361944411e-07 6.114203794109728719e-08 1.234400889428654348e-08 2.313856181985552816e-09 4.047954167153798413e-10 6.640332386063644653e-11 1.025751109996053263e-11 1.497834562003433844e-12 2.074792071839131009e-13 2.734999449947357665e-14 3.440909249286504374e-15 4.142614537907294655e-16 4.783711619439957926e-17 5.253483750293680867e-18 0.000000000000000000e+00
0.000000000000000000e+00 2.174236914735405914e-17 1.989707231108969417e-16 1.731312474266953639e-15 1.444396606238301490e-14 1.152617873214590450e-13 8.773692017993709435e-13 6.351433236057921249e-12 4.358310988448098181e-11 2.824502604487879393e-10 1.721875569945295204e-09 9.830524762261131490e-09 5.230542366612053028e-08 2.579712482220709694e-07 1.172371953312517676e-06 4.877189636238464090e-06 1.843772292848481269e-05 6.282247149501012453e-05 1.911288915195947374e-04 5.135587867351412315e-04 1.202958447993273620e-03 2.419162015200451016e-03 4.109377877102418468e-03 5.824455016286050717e-03 6.890268017950332800e-03 6.890268017882749708e-03 5.824455016116980230e-03 4.109377876915499411e-03 2.419162015068820198e-03 1.202958447927774581e-03 5.135587867105610672e-04 1.911288915142937478e-04 6.282247149595561659e-05 1.843772293016505162e-05 4.877189637294211884e-06 1.172371953799277441e-06 2.579712484086228292e-07 5.230542372851130958e-08 9.830524780955840159e-09 1.721875575047068737e-09 2.824502617319545011e-10 4.358311018458698066e-11 6.351433301818378473e-12 8.773692153901726715e-13 1.152617899882812872e-13 1.444396656279612865e-14 1.731312564827835107e-15 1.989707390724132421e-16 2.174237187404257363e-17 0.000000000000000000e+00
0.000000000000000000e+00 8.223547573362110020e-17 7.563198743677819761e-16 6.612552679697363816e-15 5.541069942713682874e-14 4.439223389742055155e-13 3.390615129250612939e-12 2.461234196031897720e-11 1.692138031225369409e-10 1.097680705584085895e-09 6.690332625475171012e-09 3.813558871061813147e-08 2.022506510279397327e-07 9.923374785275310747e-07 4.476347844754962311e-06 1.843772292848481608e-05 6.882738684145754541e-05 2.309640148082844880e-04 6.905081340773723021e-04 1.820862160571280796e-03 4.186262059979471532e-03 8.277590328781529380e-03 1.387055061459756440e-02 1.947439885561028095e-02 2.292802175577786025e-02 2.292802175693186770e-02 1.947439885868805509e-02 1.387055061843820401e-02 8.277590332231828454e-03 4.186262062518215053e-03 1.820862162119232667e-03 6.905081348693774355e-04 2.309640151575842058e-04 6.882738697685942121e-05 1.843772297526423670e-05 4.476347859324579525e-06 9.923374826568594677e-07 2.022506521010387062e-07 3.813558896785260769e-08 6.690332682621169451e-09 1.097680717389118940e-09 1.692138053948133797e-10 2.461234236798328402e-11 3.390615197279083081e-12 4.439223494673981079e-13 5.541070090148171184e-14 6.612552861817665702e-15 7.563198921736818203e-16 8.223547648233756421e-17 0.000000000000000000e+00
0.000000000000000000e+00 2.815593805687616592e-16 2.602361020594180448e-15 2.286127927288401387e-14 1.924135764828961897e-13 1.547622201187499438e-12 1.186081560129031999e-11 8.633297746022294312e-11 5.946921567160506235e-10 3.861272193225749494e-09 2.352705317694466969e-08 1.338639267957878606e-07 7.073584964573737564e-07 3.450308440782955265e-06 1.543155226314390913e-05 6.282247149501008388e-05 2.309640148082845964e-04 7.604307373088461204e-04 2.222611848633845259e-03 5.714818783589787655e-03 1.280080264041508036e-02 2.470452992085457947e-02 4.058067419401700793e-02 5.619319502461295884e-02 6.570420346236488518e-02 6.570420345569694121e-02 5.619319500610744228e-02 4.058067416956602502e-02 2.470452989687683260e-02 1.280080262113239900e-02 5.714818771169872733e-03 2.222611841952950706e-03 7.604307342108046572e-04 2.309640135461813815e-04 6.282247103623367509e-05 1.543155211240450960e-05 3.450308395543870417e-06 7.073584839495092749e-07 1.338639235870771051e-07 2.352705240859853221e-08 3.861272020621814981e-09 5.946921201848004976e-10 8.633297014951303408e-11 1.186081421373983815e-11 1.547621950798837093e-12 1.924135334381023213e-13 2.286127221305855220e-14 2.602359915328291924e-15 2.815592179431389420e-16 0.000000000000000000e+00
0.000000000000000000e+00 8.629848555863299263e-16 8.015201638538622020e-15 7.074361843319042195e-14 5.980172356960152429e-13 4.828917305472266296e-12 3.713459110786572772e-11 2.710434174582309984e-10 1.870699390018648512e-09 1.215791038440710279e-08 7.405819850571304456e-08 4.206023510250131469e-07 2.214142277956996088e-06 1.073308113754760539e-05 4.756192301195727852e-05 1.911288915195946561e-04 6.905081340773726274e-04 2.222611848633846993e-03 6.316892117731747261e-03 1.571888759160851301e-02 3.398694351328421931e-02 6.338784643138223318e-02 1.011737121390583749e-01 1.373053815198966854e-01 1.589509814880309124e-01 1.589509815025942352e-01 1.373053815635877917e-01 1.011737122015428786e-01 6.338784649881222533e-02 3.398694357136879812e-02 1.571888762949403412e-02 6.316892138414647966e-03 2.222611858341005248e-03 6.905081380692601771e-04 1.911288929850157295e-04 4.756192349912881346e-05 1.073308128588146015e-05 2.214142319710607274e-06 4.206023619752923528e-07 7.405820119881147225e-08 1.215791100889186253e-08 1.870699527165376467e-09 2.710434460904270880e-10 3.713459680759522033e-11 4.828918390057901619e-12 5.980174333742918428e-13 7.074365299838594201e-14 8.015207441870179372e-15 8.629857758367508940e-16 0.000000000000000000e+00
0.000000000000000000e+00 2.337463789953566100e-15 2.181166410289106869e-14 1.933886398310139675e-13 1.641696537729671849e-12 1.330750360362024688e-11 1.026795408243356611e-10 7.515213530849449920e-10 5.197282006741949524e-09 3.381341430172410692e-08 2.059395881062863733e-07 1.167648075122693631e-06 6.124508670581926756e-06 2.950704912295651008e-05 1.295367591664817143e-04 5.135587867351412315e-04 1.820862160571280362e-03 5.714818783589787655e-03 1.571888759160851301e-02 3.756897673358305240e-02 7.758355789569938710e-02 1.381016647494208438e-01 2.116584382235962847e-01 2.790536190804548400e-01 3.184269606301901590e-01 3.184269606420030430e-01 2.790536191009606037e-01 2.116584382379209928e-01 1.381016647501002448e-01 7.758355789154072757e-02 3.756897673564470186e-02 1.571888759407176137e-02 5.714818785569548629e-03 1.820862161748062992e-03 5.135587872905137113e-04 1.295367593875543320e-04 2.950704919938951064e-05 6.124508693896257908e-06 1.167648081450126520e-06 2.059395896370199369e-07 3.381341462963367554e-08 5.197282067577572195e-09 7.515213622589856527e-10 1.026795416969154870e-10 1.330750353858887586e-11 1.641696474536248083e-12 1.933886181687401555e-13 2.181165840941886846e-14 2.337462527211470437e-15 0.000000000000000000e+00
0.000000000000000000e+00 5.513413712691142881e-15 5.167092697259700367e-14 4.600647198638969006e-13 3.920994148628475383e-12 3.189843750134024636e-11 2.469123807617489016e-10 1.811988177622158512e-09 1.255605472304602045e-08 8.178192581306633375e-08 4.981086969787276573e-07 2.820324721808131389e-06 1.474564526827316071e-05 7.064432072468096783e-05 3.074109266999337895e-04 1.202958447993273186e-03 4.186262059979471532e-03 1.280080264041508209e-02 3.398694351328419849e-02 7.758355789569938710e-02 1.515520494914778804e-01 2.540991419017437081e-01 3.688528171582617921e-01 4.673546547315522992e-01 5.227160599143799713e-01 5.227160598471095598e-01 4.673546545488289627e-01 3.688528169025254155e-01 2.540991416210835463e-01 1.515520492366671801e-01 7.758355771425842762e-02 3.398694341169942318e-02 1.280080259038432651e-02 4.186262038364135275e-03 1.202958439588923704e-03 3.074109237015805961e-04 7.064431973184903896e-05 1.474564496085381974e-05 2.820324632411478348e-06 4.981086725119467712e-07 8.178191950401887670e-08 1.255605318911642286e-08 1.811987825700442062e-09 2.469123045001339897e-10 3.189842187446806024e-11 3.920991117125763696e-12 4.600641624876143438e-13 5.167082978625856482e-14 5.513397925295645733e-15 0.000000000000000000e+00
0.000000000000000000e+00 1.114704856551156744e-14 1.048612114198194648e-13 9.370813285210793015e-13 8.014018451593052651e-12 6.540327147139505390e-11 5.076882290430798366e-10 3.734576063905042296e-09 2.592542605721023217e-08 1.690453351916658876e-07 1.029766358164283747e-06 5.824465142234591561e-06 3.037181402357200309e-05 1.448147022393426304e-04 6.253758270883631384e-04 2.419162015200450148e-03 8.277590328781529380e-03 2.470452992085461069e-02 6.338784643138228869e-02 1.381016647494208438e-01 2.540991419017437636e-01 3.979429099521505364e-01 5.415495995033793308e-01 6.537071626852469786e-01 7.131812783128089750e-01 7.131812782211948143e-01 6.537071624669412717e-01 5.415495992564195449e-01 3.979429097444996399e-01 2.540991417310650147e-01 1.381016645985247149e-01 6.338784632653193807e-02 2.470452986674027962e-02 8.277590306173554860e-03 2.419162008170310657e-03 6.253758257837467843e-04 1.448147023843913170e-04 3.037181429207680224e-05 5.824465294221970474e-06 1.029766421323984097e-06 1.690453571738284064e-07 2.592543279160466722e-08 3.734577927363493964e-09 5.076887022401003597e-10 6.540338295733455035e-11 8.014043019843446715e-12 9.370864246433217340e-13 1.048622108085513787e-13 1.114723069976807348e-14 0.000000000000000000e+00
0.000000000000000000e+00 1.902839698091502844e-14 1.795177715898967605e-13 1.608754185085891740e-12 1.379464357808308260e-11 1.128535506314497731e-10 8.779132932813520728e-10 6.469730519081675656e-09 4.497506779614011966e-08 2.934994202171296315e-07 1.788078993852166610e-06 1.010502841648880448e-05 5.258271752290058444e-05 2.497745891578302940e-04 1.072135243937092416e-03 4.109377877102419335e-03 1.387055061459756787e-02 4.058067419401698711e-02 1.011737121390583749e-01 2.116584382235962569e-01 3.688528171582616255e-01 5.415495995033789978e-01 6.923552463565766368e-01 7.971304776266950887e-01 8.486121844447118701e-01 8.486121845707236266e-01 7.971304779928095607e-01 6.923552469280531696e-01 5.415496002299419187e-01 3.688528178748233244e-01 2.116584387250249333e-01 1.011737123931946702e-01 4.058067428852281389e-02 1.387055063538360569e-02 4.109377873915776545e-03 1.072135237717398602e-03 2.497745851302522724e-04 5.258271560838102295e-05 1.010502765738581554e-05 1.788078730077017113e-06 2.934993377721449692e-07 4.497504423736566890e-08 6.469724294530795108e-09 8.779117597446794373e-10 1.128531959943089456e-10 1.379456618317430551e-11 1.608738174013824839e-12 1.795146223212142377e-13 1.902781839222907668e-14 0.000000000000000000e+00
0.000000000000000000e+00 2.713795031694202317e-14 2.564763948089532699e-13 2.302343273578481166e-12 1.977334611035493703e-11 1.619980220149788369e-10 1.261798306687991208e-09 9.308213464908621031e-09 6.475370095602641623e-08 4.227151263473513413e-07 2.574913952967013797e-06 1.454027267768985691e-05 7.553914851261584341e-05 3.578343902123560963e-04 1.529397898607668576e-03 5.824455016286048115e-03 1.947439885561029135e-02 5.619319502461297966e-02 1.373053815198966854e-01 2.790536190804547845e-01 4.673546547315528543e-01 6.537071626852468675e-01 7.971304776266949776e-01 8.853600307431169769e-01 9.250791624043959160e-01 9.250791629549951489e-01 8.853600322295878122e-01 7.971304796974101325e-01 6.537071650391830246e-01 4.673546570113765730e-01 2.790536208818462649e-01 1.373053826625511842e-01 5.619319560893330096e-02 1.947439910543239186e-02 5.824455103760148994e-03 1.529397922868419970e-03 3.578343948250273980e-04 7.553914858596386865e-05 1.454027224168104830e-05 2.574913697282323000e-06 4.227150235599007568e-07 6.475366674956228993e-08 9.308203451332519348e-09 1.261795652468386755e-09 1.619973741709129167e-10 1.977319886840707240e-11 2.302311861457628812e-12 2.564700706440073292e-13 2.713676960348975602e-14 0.000000000000000000e+00
0.000000000000000000e+00 3.229965646084857510e-14 3.054680463448856669e-13 2.743901083390165115e-12 2.357922125485047290e-11 1.932744242629684617e-10 1.506005490151445420e-09 1.111274631924428103e-08 7.731641837613045601e-08 5.046889344161427334e-07 3.073279607103207264e-06 1.734361637717692556e-05 9.000981659007456970e-05 4.257112317588720258e-04 1.815303365612083242e-03 6.890268017950331933e-03 2.292802175577784290e-02 6.570420346236482967e-02 1.589509814880308014e-01 3.184269606301902145e-01 5.227160599143794162e-01 7.131812783128084199e-01 8.486121844447113149e-01 9.250791624043953609e-01 9.571888219918762708e-01 9.571888229580709506e-01 9.250791650185631321e-01 8.486121880750786550e-01 7.131812823815298907e-01 5.227160639067556236e-01 3.184269640377049293e-01 1.589509839773054767e-01 6.570420500826811006e-02 2.292802259084648908e-02 6.890268416647036057e-03 1.815303535421313721e-03 4.257112971035172480e-04 9.000983952644309952e-05 1.734362378253107053e-05 3.073281822371327167e-06 5.046895522682880686e-07 7.731657991647114478e-08 1.111278610033750752e-08 1.506014755915209214e-09 1.932764730272164167e-10 2.357965270098843312e-11 2.743987868726259437e-12 3.054847498916675544e-13 3.230267852309786546e-14 0.000000000000000000e+00
0.000000000000000000e+00 3.229965646050172243e-14 3.054680463444371395e-13 2.743901083389849268e-12 2.357922125485018855e-11 1.932744242629700643e-10 1.506005490151435080e-09 1.111274631924416688e-08 7.731641837613042954e-08 5.046889344161775676e-07 3.073279607103214464e-06 1.734361637717085741e-05 9.000981659008309424e-05 4.257112317597610174e-04 1.815303365606453848e-03 6.890268017882749708e-03 2.292802175693186423e-02 6.570420345569689957e-02 1.589509815025940687e-01 3.184269606420030430e-01 5.227160598471092268e-01 7.131812782211948143e-01 8.486121845707235156e-01 9.250791629549949269e-01 9.571888229580705065e-01 9.571888241892585469e-01 9.250791663390671715e-01 8.486121893671375593e-01 7.131812836370208242e-01 5.227160652503611837e-01 3.184269655228765261e-01 1.589509854475809614e-01 6.570420622950524925e-02 2.292802343801859585e-02 6.890268915146953617e-03 1.815303788959938495e-03 4.257114104921695566e-04 9.000988477373657391e-05 1.734364009138303096e-05 3.073287186530317769e-06 5.046911761835504308e-07 7.731703572225207488e-08 1.111290546276274218e-08 1.506044076630697406e-09 1.932832611003998666e-10 2.358113993594505251e-11 2.744297365351327944e-12 3.055460724416388134e-13 3.231403340924981970e-14 0.000000000000000000e+00
0.000000000000000000e+00 2.713795031601901805e-14 2.564763948077562713e-13 2.302343273577618442e-12 1.977334611035429726e-11 1.619980220149823007e-10 1.261798306687966806e-09 9.308213464908305048e-09 6.475370095602666769e-08 4.227151263474408621e-07 2.574913952966983304e-06 1.454027267767411057e-05 7.553914851264672962e-05 3.578343902146531412e-04 1.529397898591898421e-03 5.824455016116981097e-03 1.947439885868806203e-02 5.619319500610743534e-02 1.373053815635877362e-01 2.790536191009606592e-01 4.673546545488286297e-01 6.537071624669412717e-01 7.971304779928088946e-01 8.853600322295871461e-01 9.250791650185621329e-01 9.250791663390676156e-01 8.853600359311363244e-01 7.971304834238647219e-01 6.537071687135562748e-01 4.673546608826688042e-01 2.790536250660021755e-01 1.373053867566228492e-01 5.619319899980323302e-02 1.947440146089200741e-02 5.824456493996870744e-03 1.529398632476316935e-03 3.578347133329361392e-04 7.553927613175797186e-05 1.454031836719174175e-05 2.574928916149677473e-06 4.227196445146657901e-07 6.475496742709964722e-08 9.308544975967013145e-09 1.261879762016205341e-09 1.620168947573110478e-10 1.977748600400434387e-11 2.303206104857332196e-12 2.566476555019908634e-13 2.716972153350169417e-14 0.000000000000000000e+00
0.000000000000000000e+00 1.902839697971162428e-14 1.795177715883304993e-13 1.608754185084690752e-12 1.379464357808268194e-11 1.128535506314510526e-10 8.779132932813338749e-10 6.469730519081224843e-09 4.497506779614139683e-08 2.934994202172347165e-07 1.788078993852007156e-06 1.010502841646992073e-05 5.258271752295829110e-05 2.497745891605491477e-04 1.072135243915603312e-03 4.109377876915500279e-03 1.387055061843820054e-02 4.058067416956601114e-02 1.011737122015428925e-01 2.116584382379209650e-01 3.688528169025253600e-01 5.415495992564194339e-01 6.923552469280530586e-01 7.971304796974096885e-01 8.486121880750786550e-01 8.486121893671372263e-01 7.971304834238647219e-01 6.923552526079196356e-01 5.415496059220427094e-01 3.688528237642655916e-01 2.116584449141920843e-01 1.011737183469005041e-01 4.058067918930485102e-02 1.387055403907351027e-02 4.109379888167325953e-03 1.072136269875934109e-03 2.497750504851986358e-04 5.258290282707701343e-05 1.010509568023228738e-05 1.788101277897380537e-06 2.935062151924002718e-07 4.497698866651512104e-08 6.470237071781364220e-09 8.780385811680784745e-10 1.128827515401674421e-10 1.380108355575341641e-11 1.610103017104025794e-12 1.797867148373799986e-13 1.907848804322239590e-14 0.000000000000000000e+00
0.000000000000000000e+00 1.114704856433198531e-14 1.048612114182806055e-13 9.370813285197801675e-13 8.014018451593401618e-12 6.540327147139047856e-11 5.076882290430924511e-10 3.734576063904517864e-09 2.592542605721309090e-08 1.690453351917497968e-07 1.029766358163961027e-06 5.824465142218760515e-06 3.037181402365263046e-05 1.448147022415618567e-04 6.253758270663314998e-04 2.419162015068820198e-03 8.277590332231826720e-03 2.470452989687682913e-02 6.338784649881226696e-02 1.381016647501002725e-01 2.540991416210836018e-01 3.979429097445000840e-01 5.415496002299428069e-01 6.537071650391843569e-01 7.131812823815301128e-01 7.131812836370207132e-01 6.537071687135567188e-01 5.415496059220427094e-01 3.979429165059557572e-01 2.540991487067329468e-01 1.381016718467523718e-01 6.338785323557721840e-02 2.470453552854713283e-02 8.277594234113089255e-03 2.419164334765431645e-03 6.253770204336447794e-04 1.448152424555818312e-04 3.037203224162286427e-05 5.824544745603506623e-06 1.029792848485917569e-06 1.690534463697879049e-07 2.592772801254721646e-08 3.735185393677276640e-09 5.078394840110744107e-10 6.543864886581183792e-11 8.021847473474609026e-12 9.387266295988986801e-13 1.051903556553500437e-13 1.120853951086503468e-14 0.000000000000000000e+00
0.000000000000000000e+00 5.513413711722495843e-15 5.167092697133504710e-14 4.600647198627154015e-13 3.920994148629541670e-12 3.189843750133044944e-11 2.469123807617931557e-10 1.811988177621621879e-09 1.255605472304991151e-08 8.178192581311690427e-08 4.981086969783336811e-07 2.820324721797529501e-06 1.474564526835816216e-05 7.064432072611307692e-05 3.074109266813489921e-04 1.202958447927773931e-03 4.186262062518215921e-03 1.280080262113239380e-02 3.398694357136880506e-02 7.758355789154072757e-02 1.515520492366674299e-01 2.540991417310652367e-01 3.688528178748233244e-01 4.673546570113770726e-01 5.227160639067559567e-01 5.227160652503608507e-01 4.673546608826690818e-01 3.688528237642655916e-01 2.540991487067328358e-01 1.515520565965530475e-01 7.758356527030488281e-02 3.398695047789913881e-02 1.280080828547380291e-02 4.186265942196831617e-03 1.202960733355582738e-03 3.074120954736844226e-04 7.064484785801186325e-05 1.474585776515247581e-05 2.820402175015054824e-06 4.981344747989692847e-07 8.178982537732983857e-08 1.255829971827327199e-08 1.812583506849882693e-09 2.470604784697119799e-10 3.193316039591579113e-11 3.928698625333893014e-12 4.616884064217547985e-13 5.199670603537718588e-14 5.574450056626564607e-15 0.000000000000000000e+00
0.000000000000000000e+00 2.337463789249027325e-15 2.181166410198407113e-14 1.933886398300709947e-13 1.641696537731135571e-12 1.330750360360777616e-11 1.026795408244012151e-10 7.515213530844182847e-10 5.197282006745936534e-09 3.381341430174638786e-08 2.059395881059678360e-07 1.167648075116723954e-06 6.124508670647853025e-06 2.950704912372880423e-05 1.295367591538995481e-04 5.135587867105610672e-04 1.820862162119233100e-03 5.714818771169871865e-03 1.571888762949402024e-02 3.756897673564468104e-02 7.758355771425848313e-02 1.381016645985248259e-01 2.116584387250249610e-01 2.790536208818462094e-01 3.184269640377049848e-01 3.184269655228764151e-01 2.790536250660021200e-01 2.116584449141920010e-01 1.381016718467523996e-01 7.758356527030488281e-02 3.756898405877003022e-02 1.571889413905117744e-02 5.714823856160718661e-03 1.820865535673738293e-03 5.135607280962708110e-04 1.295377362825298894e-04 2.950748504219343239e-05 6.124683122517363030e-06 1.167711364766594877e-06 2.059605940611818086e-07 3.381984304853905827e-08 5.199108595610658535e-09 7.520060298463955252e-10 1.028002667922368796e-10 1.333586016520921056e-11 1.648002456130810109e-12 1.947209999914872432e-13 2.207974946966492817e-14 2.387834202835336511e-15 0.000000000000000000e+00
0.000000000000000000e+00 8.629848551197839791e-16 8.015201637951610110e-15 7.074361843251723961e-14 5.980172356974725024e-13 4.828917305460199476e-12 3.713459110793452588e-11 2.710434174577702071e-10 1.870699390021935728e-09 1.215791038441221808e-08 7.405819850552214451e-08 4.206023510221847451e-07 2.214142277997268270e-06 1.073308113789335068e-05 4.756192300494823674e-05 1.911288915142938562e-04 6.905081348693779776e-04 2.222611841952948537e-03 6.316892138414643629e-03 1.571888759407175443e-02 3.398694341169941624e-02 6.338784632653191031e-02 1.011737123931946564e-01 1.373053826625512397e-01 1.589509839773053934e-01 1.589509854475809059e-01 1.373053867566228214e-01 1.011737183469005597e-01 6.338785323557716289e-02 3.398695047789913881e-02 1.571889413905117744e-02 6.316897610708038964e-03 2.222615878614122697e-03 6.905107064750033632e-04 1.911303272303510733e-04 4.756263026494235105e-05 1.073339191674502256e-05 2.214265344050648956e-06 4.206466790086625214e-07 7.407284250815413674e-08 1.216237966175425576e-08 1.871967550373679818e-09 2.713798482508455842e-10 3.721844776436988411e-11 4.848640986080033802e-12 6.024118849251544046e-13 7.167437468340545602e-14 8.202996226931775270e-15 8.983699729137508859e-16 0.000000000000000000e+00
0.000000000000000000e+00 2.815593802873819262e-16 2.602361020249459277e-15 2.286127927245760300e-14 1.924135764840183917e-13 1.547622201178344916e-12 1.186081560134480405e-11 8.633297745988772818e-11 5.946921567182787379e-10 3.861272193224062045e-09 2.352705317685288573e-08 1.338639267946531012e-07 7.073584964779194935e-07 3.450308440911437457e-06 1.543155225981364325e-05 6.282247149595561659e-05 2.309640151575842329e-04 7.604307342108041151e-04 2.222611858341002212e-03 5.714818785569550363e-03 1.280080259038432651e-02 2.470452986674027615e-02 4.058067428852282776e-02 5.619319560893332177e-02 6.570420500826811006e-02 6.570420622950517986e-02 5.619319899980321914e-02 4.058067918930486490e-02 2.470453552854713977e-02 1.280080828547380291e-02 5.714823856160715192e-03 2.222615878614123130e-03 7.604335495943864145e-04 2.309657384358855948e-04 6.282340400409664762e-05 1.543200111501983723e-05 3.450502362851219969e-06 7.074343582301960351e-07 1.338910185165723372e-07 2.353595102499001376e-08 3.863977681872251904e-09 5.954582427406047208e-10 8.653605060801284099e-11 1.191144354483557581e-11 1.559542599591796388e-12 1.950740736260429056e-13 2.342601125908746738e-14 2.716607771996570849e-15 3.031467576440144445e-16 0.000000000000000000e+00
0.000000000000000000e+00 8.223547557597915516e-17 7.563198741802819663e-16 6.612552679452526634e-15 5.541069942787293694e-14 4.439223389682269344e-13 3.390615129287474983e-12 2.461234196010034625e-11 1.692138031238979115e-10 1.097680705580926065e-09 6.690332625440355807e-09 3.813558871022052229e-08 2.022506510369961296e-07 9.923374785670102216e-07 4.476347843374207975e-06 1.843772293016505501e-05 6.882738697685939410e-05 2.309640135461813273e-04 6.905081380692593097e-04 1.820862161748062558e-03 4.186262038364133541e-03 8.277590306173556595e-03 1.387055063538360222e-02 1.947439910543239186e-02 2.292802259084648214e-02 2.292802343801856463e-02 1.947440146089198659e-02 1.387055403907350506e-02 8.277594234113089255e-03 4.186265942196829883e-03 1.820865535673736775e-03 6.905107064750040137e-04 2.309657384358855406e-04 6.882840672277663213e-05 1.843825921104111888e-05 4.476600318163419905e-06 9.924447369766737610e-07 2.022920887826079364e-07 3.815025325801277913e-08 6.695118387573533088e-09 1.099129723044918528e-09 1.696230664670204392e-10 2.472070024816352173e-11 3.417627068486302225e-12 4.502872681330867719e-13 5.683340055235688052e-14 6.915171450573061346e-15 8.176969531030757914e-16 9.386476028685620672e-17 0.000000000000000000e+00
0.000000000000000000e+00 2.174236906584165036e-17 1.989707230165296778e-16 1.731312474139631883e-15 1.444396606279912325e-14 1.152617873180885263e-13 8.773692018205991526e-13 6.351433235934417690e-12 4.358310988520882967e-11 2.824502604464374021e-10 1.721875569934873762e-09 9.830524762138427518e-09 5.230542366962990028e-08 2.579712482317755847e-07 1.172371952805040332e-06 4.877189637294214426e-06 1.843772297526424008e-05 6.282247103623364798e-05 1.911288929850156752e-04 5.135587872905137113e-04 1.202958439588923704e-03 2.419162008170310223e-03 4.109377873915776545e-03 5.824455103760148127e-03 6.890268416647034322e-03 6.890268915146938004e-03 5.824456493996866407e-03 4.109379888167322484e-03 2.419164334765430344e-03 1.202960733355582087e-03 5.135607280962707025e-04 1.911303272303509649e-04 6.282340400409663407e-05 1.843825921104111888e-05 4.877464876636228000e-06 1.172499003625703748e-06 2.580243920867258249e-07 5.232571225973339118e-08 9.837641340606637025e-09 1.724183261824847058e-09 2.831459286015032793e-10 4.377906061083169445e-11 6.403241970259496588e-12 8.902804552637975295e-13 1.183059493382792766e-13 1.512531678218700484e-14 1.876524202230298715e-15 2.284949444420268867e-16 2.735136566629773192e-17 0.000000000000000000e+00
0.000000000000000000e+00 5.253483970248942886e-18 4.783711747002991636e-17 4.142614608062164702e-16 3.440909289306158047e-15 2.734999472546727235e-14 2.074792084787332349e-13 1.497834568927982068e-12 1.025751113651160018e-11 6.640332403620215820e-11 4.047954175242255820e-10 2.313856185414521271e-09 1.234400890922856367e-08 6.114203799285303844e-08 2.795625441361944411e-07 1.172371953799278288e-06 4.476347859324580372e-06 1.543155211240451638e-05 4.756192349912880668e-05 1.295367593875543591e-04 3.074109237015805419e-04 6.253758257837470011e-04 1.072135237717399252e-03 1.529397922868418885e-03 1.815303535421313721e-03 1.815303788959934808e-03 1.529398632476316067e-03 1.072136269875933242e-03 6.253770204336447794e-04 3.074120954736843684e-04 1.295377362825298622e-04 4.756263026494233749e-05 1.543200111501983723e-05 4.476600318163418211e-06 1.172499003625703113e-06 2.796202216403187051e-07 6.116583882967063917e-08 1.235299857593868684e-08 2.316983773320740597e-09 4.058035073854314486e-10 6.670594306326078175e-11 1.034252191433191721e-11 1.520279252413186176e-12 2.130706113748046709e-13 2.866899361584077880e-14 3.736500391516124989e-15 4.773766840499434388e-16 6.070017530391768467e-17 7.703583646082759205e-18 0.000000000000000000e+00
0.000000000000000000e+00 1.169537596131159992e-18 1.059668715991061984e-17 9.132801676745966773e-17 7.552452534146805341e-16 5.979271429944433001e-15 4.520290325383663325e-14 3.254013691568639499e-13 2.223659731796469808e-12 1.437617624394002888e-11 8.760463029218844300e-11 5.011109531357542612e-10 2.678461589928134262e-09 1.330999904609621070e-08 6.114203794109728719e-08 2.579712484086228292e-07 9.923374826568594677e-07 3.450308395543868723e-06 1.073308128588146015e-05 2.950704919938950725e-05 7.064431973184903896e-05 1.448147023843913983e-04 2.497745851302523809e-04 3.578343948250269644e-04 4.257112971035173022e-04 4.257114104921691229e-04 3.578347133329363018e-04 2.497750504851984732e-04 1.448152424555818041e-04 7.064484785801187681e-05 2.950748504219343578e-05 1.073339191674502595e-05 3.450502362851217852e-06 9.924447369766739727e-07 2.580243920867257719e-07 6.116583882967066564e-08 1.331970948383558177e-08 2.682095645343504957e-09 5.023662135090490145e-10 8.800705268621890911e-11 1.449651930340766314e-11 2.257382975123533367e-12 3.342934264036441551e-13 4.741737809567600424e-14 6.501930895734765718e-15 8.725183925460997687e-16 1.164142808398775466e-16 1.572128683517016227e-17 2.148156565255183743e-18 0.000000000000000000e+00
0.000000000000000000e+00 2.415666577919077306e-19 2.177875715170905950e-18 1.868049661617502269e-17 1.537969650500669887e-16 1.212729565254439754e-15 9.135816846703244560e-15 6.557035407465739639e-14 4.470344526773232391e-13 2.885469458794024783e-12 1.756938974892559778e-11 1.005115171536553004e-10 5.378376129835562820e-10 2.678461589420572102e-09 1.234400889428653852e-08 5.230542372851128311e-08 2.022506521010387856e-07 7.073584839495091690e-07 2.214142319710606850e-06 6.124508693896258755e-06 1.474564496085382482e-05 3.037181429207679885e-05 5.258271560838106360e-05 7.553914858596385510e-05 9.000983952644305887e-05 9.000988477373654680e-05 7.553927613175801252e-05 5.258290282707697954e-05 3.037203224162286766e-05 1.474585776515247581e-05 6.124683122517365571e-06 2.214265344050649803e-06 7.074343582301957174e-07 2.022920887826080422e-07 5.232571225973339780e-08 1.235299857593869015e-08 2.682095645343505371e-09 5.391873129048883121e-10 1.009749114432747805e-10 1.771726779388623462e-11 2.929547371678183894e-12 4.593603082880590786e-13 6.881692001342848537e-14 9.944196128145130898e-15 1.403636462732460064e-15 1.966863377372581174e-16 2.787197478105582726e-17 4.059874390291107467e-18 6.018795393938316293e-19 0.000000000000000000e+00
0.000000000000000000e+00 4.657228947570710678e-20 4.177935336038000132e-19 3.566392157277616684e-18 2.923108219158043094e-17 2.295540138888104004e-16 1.722993096114871730e-15 1.232754243299441058e-14 8.382783163381535587e-14 5.400277561241765487e-13 3.284057978137995367e-12 1.877811216617484103e-11 1.005115171857806948e-10 5.011109530793018728e-10 2.313856181985552816e-09 9.830524780955840159e-09 3.813558896785262754e-08 1.338639235870771316e-07 4.206023619752922999e-07 1.167648081450127579e-06 2.820324632411480042e-06 5.824465294221972168e-06 1.010502765738582740e-05 1.454027224168105847e-05 1.734362378253106714e-05 1.734364009138303096e-05 1.454031836719175192e-05 1.010509568023228738e-05 5.824544745603506623e-06 2.820402175015055248e-06 1.167711364766595724e-06 4.206466790086625744e-07 1.338910185165724166e-07 3.815025325801281884e-08 9.837641340606635370e-09 2.316983773320741424e-09 5.023662135090490145e-10 1.009749114432747675e-10 1.893643677370411837e-11 3.334394882644254607e-12 5.549921475955361788e-13 8.800556476092266956e-14 1.342710666127921801e-14 1.996790057988171425e-15 2.942617229353769273e-16 4.378808510952738794e-17 6.691961644672231879e-18 1.059276703521612006e-18 1.697005541553757701e-19 0.000000000000000000e+00
0.000000000000000000e+00 8.424641160212331692e-21 7.519970984039964198e-20 6.388209678558942858e-19 5.212229895413552151e-18 4.076096676915081669e-17 3.047865864528383174e-16 2.173370763681622832e-15 1.473681629998038989e-14 9.471592826558164874e-14 5.749907449880447991e-13 3.284057977646186409e-12 1.756938975585538737e-11 8.760463026797389379e-11 4.047954167153797897e-10 1.721875575047069564e-09 6.690332682621173586e-09 2.352705240859855206e-08 7.405820119881147225e-08 2.059395896370199634e-07 4.981086725119470889e-07 1.029766421323984732e-06 1.788078730077019865e-06 2.574913697282323000e-06 3.073281822371327167e-06 3.073287186530317345e-06 2.574928916149677049e-06 1.788101277897381384e-06 1.029792848485917569e-06 4.981344747989690729e-07 2.059605940611818086e-07 7.407284250815413674e-08 2.353595102499003030e-08 6.695118387573537224e-09 1.724183261824847058e-09 4.058035073854313969e-10 8.800705268621887034e-11 1.771726779388622816e-11 3.334394882644254607e-12 5.909494520673870925e-13 9.945094138518103582e-14 1.605723082242340580e-14 2.520768505690755018e-15 3.913175324774839051e-16 6.123036865568610121e-17 9.824012149403853457e-18 1.630996555928362519e-18 2.793237937835013839e-19 4.770693541184483189e-20 0.000000000000000000e+00
0.000000000000000000e+00 1.436436656472677261e-21 1.275759974460428924e-20 1.078460768335353383e-19 8.758739032765744530e-19 6.820114914155071623e-18 5.079534483749151736e-17 3.609190417553553701e-16 2.439548793378621238e-15 1.563702255048690523e-14 9.471592834049835527e-14 5.400277561452664231e-13 2.885469460781404560e-12 1.437617623737656560e-11 6.640332386063648530e-11 2.824502617319548630e-10 1.097680717389118940e-09 3.861272020621815808e-09 1.215791100889185922e-08 3.381341462963369539e-08 8.178191950401891641e-08 1.690453571738285917e-07 2.934993377721453927e-07 4.227150235599009156e-07 5.046895522682882803e-07 5.046911761835505367e-07 4.227196445146657901e-07 2.935062151924004836e-07 1.690534463697879049e-07 8.178982537732983857e-08 3.381984304853905827e-08 1.216237966175425576e-08 3.863977681872254385e-09 1.099129723044918942e-09 2.831459286015034344e-10 6.670594306326080760e-11 1.449651930340766314e-11 2.929547371678184298e-12 5.549921475955360778e-13 9.945094138518103582e-14 1.704014072409474257e-14 2.830590953052876259e-15 4.638050107472344390e-16 7.643860195313090009e-17 1.289328587877145188e-17 2.246449395093411818e-18 4.033351918924078196e-19 7.370261845192794702e-20 1.319628031815348135e-20 0.000000000000000000e+00
0.000000000000000000e+00 2.317775632177210589e-22 2.048111678209918107e-21 1.722789610688614400e-20 1.392579889881072946e-19 1.079545799881619188e-18 8.007112761353180487e-18 5.667706963174088404e-17 3.817733173114713978e-16 2.439548786693386364e-15 1.473681630352878406e-14 8.382783158216651195e-14 4.470344529890740511e-13 2.223659729740656587e-12 1.025751109996054232e-11 4.358311018458701943e-11 1.692138053948134056e-10 5.946921201848006010e-10 1.870699527165375640e-09 5.197282067577572195e-09 1.255605318911642120e-08 2.592543279160466722e-08 4.497504423736572846e-08 6.475366674956236934e-08 7.731657991647123743e-08 7.731703572225206164e-08 6.475496742709960752e-08 4.497698866651514089e-08 2.592772801254720984e-08 1.255829971827327034e-08 5.199108595610659362e-09 1.871967550373681472e-09 5.954582427406053412e-10 1.696230664670206201e-10 4.377906061083173322e-11 1.034252191433192529e-11 2.257382975123535790e-12 4.593603082880593815e-13 8.800556476092273267e-14 1.605723082242340580e-14 2.830590953052875470e-15 4.907483087856139596e-16 8.536247517542076825e-17 1.516354750243692554e-17 2.776857845274686277e-18 5.230195971008412958e-19 1.001533107802085711e-19 1.919673453727987000e-20 3.549927330111975027e-21 0.000000000000000000e+00
0.000000000000000000e+00 3.551765723936492000e-23 3.122510899093187363e-22 2.613315901550729352e-21 2.102245689190178085e-20 1.622230393146698310e-19 1.198031917723125574e-18 8.445808673491332990e-18 5.667707005157694723e-17 3.609190411778521923e-16 2.173370768962161490e-15 1.232754242952883261e-14 6.557035416473924070e-14 3.254013687388985832e-13 1.497834562003435056e-12 6.351433301818383320e-12 2.461234236798328079e-11 8.633297014951309871e-11 2.710434460904271397e-10 7.515213622589856527e-10 1.811987825700441441e-09 3.734577927363492309e-09 6.469724294530801725e-09 9.308203451332527620e-09 1.111278610033752241e-08 1.111290546276274714e-08 9.308544975967008182e-09 6.470237071781370837e-09 3.735185393677276640e-09 1.812583506849881866e-09 7.520060298463956286e-10 2.713798482508459978e-10 8.653605060801299609e-11 2.472070024816355727e-11 6.403241970259502243e-12 1.520279252413186378e-12 3.342934264036442056e-13 6.881692001342849799e-14 1.342710666127921959e-14 2.520768505690755412e-15 4.638050107472341432e-16 8.536247517542071895e-17 1.600338780822657233e-17 3.085970057535384845e-18 6.107584665447026137e-19 1.226488735164683681e-19 2.462733826870664674e-20 4.877356258452948589e-21 9.213983229213610800e-22 0.000000000000000000e+00
0.000000000000000000e+00 5.185308672893005711e-24 4.535090304202969200e-23 3.776120601650373194e-22 3.022672058392719695e-21 2.321470267851846092e-20 1.706700324380658132e-19 1.198031895910448047e-18 8.007112802051121640e-18 5.079534444035368179e-17 3.047865871870410720e-16 1.722993093113200370e-15 9.135816859792949245e-15 4.520290315432768656e-14 2.074792071839133533e-13 8.773692153901727724e-13 3.390615197279083485e-12 1.186081421373984462e-11 3.713459680759522679e-11 1.026795416969155387e-10 2.469123045001338863e-10 5.076887022400998427e-10 8.779117597446801611e-10 1.261795652468387375e-09 1.506014755915211489e-09 1.506044076630698233e-09 1.261879762016205755e-09 8.780385811680796119e-10 5.078394840110744107e-10 2.470604784697120316e-10 1.028002667922368667e-10 3.721844776436990996e-11 1.191144354483560004e-11 3.417627068486307072e-12 8.902804552637981353e-13 2.130706113748046456e-13 4.741737809567599793e-14 9.944196128145129320e-15 1.996790057988171820e-15 3.913175324774839051e-16 7.643860195313088776e-17 1.516354750243692863e-17 3.085970057535385615e-18 6.430737165944232708e-19 1.356730054038732945e-19 2.856235428592861284e-20 5.924666332871469017e-21 1.199066049649698752e-21 2.297526935662421585e-22 0.000000000000000000e+00
0.000000000000000000e+00 7.232503498064699793e-25 6.292504664254782962e-24 5.212137063367093496e-23 4.151097588022215661e-22 3.172578798522323511e-21 2.321470361566695008e-20 1.622230370188659074e-19 1.079545822177575130e-18 6.820114849372589195e-18 4.076096707412640863e-17 2.295540134504243223e-16 1.212729568259780500e-15 5.979271412941404725e-15 2.734999449947359874e-14 1.152617899882812872e-13 4.439223494673984108e-13 1.547621950798837497e-12 4.828918390057901619e-12 1.330750353858888393e-11 3.189842187446805378e-11 6.540338295733444695e-11 1.128531959943089844e-10 1.619973741709131235e-10 1.932764730272166752e-10 1.932832611003999959e-10 1.620168947573111253e-10 1.128827515401675455e-10 6.543864886581187669e-11 3.193316039591578466e-11 1.333586016520921217e-11 4.848640986080037841e-12 1.559542599591799215e-12 4.502872681330875797e-13 1.183059493382793271e-13 2.866899361584077880e-14 6.501930895734761774e-15 1.403636462732460262e-15 2.942617229353768287e-16 6.123036865568610121e-17 1.289328587877145188e-17 2.776857845274687048e-18 6.107584665447033841e-19 1.356730054038734149e-19 3.000536357779348896e-20 6.524705256650550967e-21 1.382907435685437097e-21 2.839529321472440655e-22 5.494381199516758445e-23 0.000000000000000000e+00
0.000000000000000000e+00 9.662527622226989907e-26 8.362185448599175006e-25 6.889754409372108517e-24 5.458845757126350109e-23 4.151097263071607022e-22 3.022672166677381887e-21 2.102245586527128531e-20 1.392579929440540913e-19 8.758738823622170966e-19 5.212229954108441967e-18 2.923108204790423901e-17 1.537969654219713456e-16 7.552452504907432328e-16 3.440909249286505952e-15 1.444396656279613496e-14 5.541070090148174970e-14 1.924135334381023718e-13 5.980174333742913379e-13 1.641696474536247477e-12 3.920991117125765311e-12 8.014043019843435406e-12 1.379456618317430390e-11 1.977319886840708855e-11 2.357965270098846866e-11 2.358113993594506866e-11 1.977748600400435680e-11 1.380108355575342610e-11 8.021847473474607410e-12 3.928698625333889783e-12 1.648002456130811119e-12 6.024118849251549094e-13 1.950740736260433095e-13 5.683340055235700674e-14 1.512531678218701431e-14 3.736500391516123411e-15 8.725183925460994729e-16 1.966863377372580681e-16 4.378808510952738178e-17 9.824012149403853457e-18 2.246449395093411818e-18 5.230195971008416810e-19 1.226488735164684885e-19 2.856235428592863691e-20 6.524705256650553224e-21 1.449652504154343356e-21 3.117076381964391497e-22 6.464945445043385749e-23 1.260079749898566567e-23 0.000000000000000000e+00
0.000000000000000000e+00 1.239308712114914776e-26 1.066775650332609194e-25 8.741942485659492842e-25 6.889755849051024098e-24 5.212136864541249500e-23 3.776121076071449845e-22 2.613315736254190913e-21 1.722789730873844705e-20 1.078460728247989342e-19 6.388209838411190834e-19 3.566392134292114265e-18 1.868049667032443511e-17 9.132801647316635561e-17 4.142614537907299092e-16 1.731312564827836290e-15 6.612552861817673591e-15 2.286127221305855851e-14 7.074365299838587890e-14 1.933886181687401555e-13 4.600641624876141419e-13 9.370864246433209262e-13 1.608738174013824637e-12 2.302311861457629620e-12 2.743987868726262264e-12 2.744297365351329559e-12 2.303206104857333004e-12 1.610103017104026602e-12 9.387266295988980742e-13 4.616884064217544955e-13 1.947209999914872432e-13 7.167437468340549388e-14 2.342601125908749893e-14 6.915171450573073967e-15 1.876524202230300293e-15 4.773766840499436360e-16 1.164142808398775466e-16 2.787197478105583343e-17 6.691961644672231879e-18 1.630996555928362519e-18 4.033351918924079641e-19 1.001533107802086433e-19 2.462733826870665877e-20 5.924666332871472026e-21 1.382907435685437849e-21 3.117076381964393848e-22 6.770030744610155580e-23 1.414734182538578493e-23 2.773828724658297270e-24 0.000000000000000000e+00
0.000000000000000000e+00 1.528957352721698580e-27 1.308959949577625929e-26 1.066776919666719272e-25 8.362193890882225828e-25 6.292506202956624870e-24 4.535092110150965156e-23 3.122510777787675434e-22 2.048112032726293773e-21 1.275759911876395437e-20 7.519971404985889633e-20 4.177935316188562049e-19 2.177875721299488900e-18 1.059668718187616979e-17 4.783711619439965938e-17 1.989707390724132668e-16 7.563198921736823133e-16 2.602359915328293107e-15 8.015207441870173061e-15 2.181165840941884953e-14 5.167082978625859637e-14 1.048622108085512651e-13 1.795146223212142630e-13 2.564700706440072282e-13 3.054847498916678069e-13 3.055460724416390153e-13 2.566476555019908634e-13 1.797867148373800239e-13 1.051903556553499175e-13 5.199670603537716063e-14 2.207974946966493133e-14 8.202996226931776848e-15 2.716607771996572821e-15 8.176969531030769747e-16 2.284949444420271825e-16 6.070017530391769699e-17 1.572128683517016843e-17 4.059874390291109008e-18 1.059276703521612584e-18 2.793237937835014802e-19 7.370261845192797109e-20 1.919673453727988505e-20 4.877356258452952351e-21 1.199066049649699129e-21 2.839529321472441125e-22 6.464945445043392802e-23 1.414734182538578199e-23 2.974605770135111505e-24 5.863014366877952604e-25 0.000000000000000000e+00
0.000000000000000000e+00 1.795570532054014490e-28 1.528986878933853113e-27 1.239323967017697990e-26 9.662596546530247238e-26 7.232526463714335565e-25 5.185319782169067989e-24 3.551768005597399162e-23 2.317777226540963813e-22 1.436436792313049509e-21 8.424642787796996521e-21 4.657229149877781589e-20 2.415666621461044119e-19 1.169537629767401092e-18 5.253483750293690112e-18 2.174237187404257671e-17 8.223547648233756421e-17 2.815592179431391392e-16 8.629857758367501052e-16 2.337462527211468859e-15 5.513397925295649678e-15 1.114723069976806875e-14 1.902781839222907984e-14 2.713676960348976233e-14 3.230267852309787809e-14 3.231403340924985757e-14 2.716972153350169733e-14 1.907848804322237696e-14 1.120853951086501575e-14 5.574450056626563029e-15 2.387834202835337300e-15 8.983699729137510831e-16 3.031467576440145924e-16 9.386476028685629300e-17 2.735136566629775966e-17 7.703583646082763827e-18 2.148156565255186054e-18 6.018795393938322071e-19 1.697005541553758664e-19 4.770693541184481986e-20 1.319628031815349038e-20 3.549927330111977284e-21 9.213983229213620204e-22 2.297526935662423936e-22 5.494381199516761972e-23 1.260079749898567154e-23 2.773828724658296535e-24 5.863014366877951685e-25 1.161600113523488584e-25 0.000000000000000000e+00
0.000000000000000000e+00 0.000000000000000000e+00 0.000000000000000000e+00 0.000000000000000000e+00 0.000000000000000000e+00 0.000000000000000000e+00 0.000000000000000000e+00 0.000000000000000000e+00 0.000000000000000000e+00 0.000000000000000000e+00 0.000000000000000000e+00 0.000000000000000000e+00 0.000000000000000000e+00 0.000000000000000000e+00 0.000000000000000000e+00 0.000000000000000000e+00 0.000000000000000000e+00 0.000000000000000000e+00 0.000000000000000000e+00 0.000000000000000000e+00 0.000000000000000000e+00 0.000000000000000000e+00 0.000000000000000000e+00 0.000000000000000000e+00 0.000000000000000000e+00 0.000000000000000000e+00 0.000000000000000000e+00 0.000000000000000000e+00 0.000000000000000000e+00 0.000000000000000000e+00 0.000000000000000000e+00 0.000000000000000000e+00 0.000000000000000000e+00 0.000000000000000000e+00 0.000000000000000000e+00 0.000000000000000000e+00 0.000000000000000000e+00 0.000000000000000000e+00 0.000000000000000000e+00 0.000000000000000000e+00 0.000000000000000000e+00 0.000000000000000000e+00 0.000000000000000000e+00 0.000000000000000000e+00 0.000000000000000000e+00 0.000000000000000000e+00 0.000000000000000000e+00 0.000000000000000000e+00 0.000000000000000000e+00 0.000000000000000000e+00
