0.000000000000000000e+00 0.000000000000000000e+00 0.000000000000000000e+00 0.000000000000000000e+00 0.000000000000000000e+00 0.000000000000000000e+00 0.000000000000000000e+00 0.000000000000000000e+00 0.000000000000000000e+00 0.000000000000000000e+00 0.000000000000000000e+00 0.000000000000000000e+00 0.000000000000000000e+00 0.000000000000000000e+00 0.000000000000000000e+00 0.000000000000000000e+00 0.000000000000000000e+00 0.000000000000000000e+00 0.000000000000000000e+00 0.000000000000000000e+00 0.000000000000000000e+00 0.000000000000000000e+00 0.000000000000000000e+00 0.000000000000000000e+00 0.000000000000000000e+00 0.000000000000000000e+00 0.000000000000000000e+00 0.000000000000000000e+00 0.000000000000000000e+00 0.000000000000000000e+00 0.000000000000000000e+00 0.000000000000000000e+00 0.000000000000000000e+00 0.000000000000000000e+00 0.000000000000000000e+00 0.000000000000000000e+00 0.000000000000000000e+00 0.000000000000000000e+00 0.000000000000000000e+00 0.000000000000000000e+00 0.000000000000000000e+00 0.000000000000000000e+00 0.000000000000000000e+00 0.000000000000000000e+00 0.000000000000000000e+00 0.000000000000000000e+00 0.000000000000000000e+00 0.000000000000000000e+00 0.000000000000000000e+00 0.000000000000000000e+00
0.000000000000000000e+00 7.855609712898602098e-07 1.663446338413008170e-06 2.732563491651755976e-06 4.103170116921120767e-06 5.902224234485892437e-06 8.277708753491614801e-06 1.140033526437204646e-05 1.546253768099807509e-05 2.067404054637749303e-05 2.725235163283862280e-05 3.540700101559670672e-05 4.531756899212231894e-05 5.710595974818776622e-05 7.080427744114431291e-05 8.632137830402757854e-05 1.034129530907836281e-04 1.216611229401606147e-04 1.404697598209572371e-04 1.590809714357176218e-04 1.766159761904206014e-04 1.921398019185095404e-04 2.047444478157173730e-04 2.136404899104048271e-04 2.182438753876688104e-04 2.182438883405977959e-04 2.136405156283016876e-04 2.047444645265473313e-04 1.921398087876762071e-04 1.766159943588491957e-04 1.590810132775481321e-04 1.404698097374320806e-04 1.216611612679035581e-04 1.034129892797911072e-04 8.632143745648737795e-05 7.080435455098711586e-05 5.710602160674471889e-05 4.531761482958217752e-05 3.540707126265212594e-05 2.725245101119850707e-05 2.067411288221555031e-05 1.546257136403863389e-05 1.140040561784588150e-05 8.277814501446700349e-06 5.902263669003512263e-06 4.103153745283934104e-06 2.732614348956796405e-06 1.663496576842959890e-06 7.854799971092724438e-07 0.000000000000000000e+00
0.000000000000000000e+00 1.663446338413379382e-06 3.525659556698081155e-06 5.799081033955045113e-06 8.721775577238677685e-06 1.256949419544322429e-05 1.766479799607619631e-05 2.438143578167000574e-05 3.314334782942973933e-05 4.441549687755685450e-05 5.868326348883234276e-05 7.641844651395860550e-05 9.803116516231794194e-05 1.238081038664917330e-04 1.538401363099270816e-04 1.879463004925784715e-04 2.256048050646113469e-04 2.659044203478356616e-04 3.075306955449443177e-04 3.488000050917644881e-04 3.877493959542337057e-04 4.222814747190623908e-04 4.503525279573414742e-04 4.701811828666494116e-04 4.804471066087703714e-04 4.804471303326854023e-04 4.701812349354423737e-04 4.503525731719636139e-04 4.222815031074871397e-04 3.877494344248360605e-04 3.488000810739788778e-04 3.075307961870855857e-04 2.659045073838431318e-04 2.256048726013156847e-04 1.879463891103217690e-04 1.538402680887038557e-04 1.238082375118537898e-04 9.803126081551193918e-05 7.641854250204864051e-05 5.868341347873851912e-05 4.441565627117623124e-05 3.314344973425495475e-05 2.438153960263319495e-05 1.766498122669518084e-05 1.256966318095438756e-05 8.721831472184404896e-06 5.799164837784220080e-06 3.525823812722441773e-06 1.663498150947818538e-06 0.000000000000000000e+00
0.000000000000000000e+00 2.732563491655562966e-06 5.799081033951858575e-06 9.557039960006071791e-06 1.440984707963087594e-05 2.082771735139942815e-05 2.936414034986836329e-05 4.066564239526795937e-05 5.547189681269669372e-05 7.460127811668277285e-05 9.891687685051317783e-05 1.292689902651205107e-04 1.664115701832842033e-04 2.108928117211518146e-04 2.629251004906606138e-04 3.222461832622908044e-04 3.879901872498630255e-04 4.585927924229260674e-04 5.317577904020785295e-04 6.045101864776224578e-04 6.733520572189033351e-04 7.345214493277696767e-04 7.843339636606206072e-04 8.195657006276425632e-04 8.378206310401445887e-04 8.378206511571019508e-04 8.195657496153303844e-04 7.843340169381642253e-04 7.345214916899766265e-04 6.733520986452710966e-04 6.045102493506253772e-04 5.317578770584283770e-04 4.585928766901756042e-04 3.879902513024762281e-04 3.222462502667094737e-04 2.629252026728219464e-04 2.108929332277104541e-04 1.664116646918473424e-04 1.292690603671885414e-04 9.891697628587324304e-05 7.460141114699929887e-05 5.547200390512731352e-05 4.066572119203788348e-05 2.936425824908983956e-05 2.082786537321071105e-05 1.440993369944069117e-05 9.557089808398231510e-06 5.799166831198786728e-06 2.732615770076744708e-06 0.000000000000000000e+00
0.000000000000000000e+00 4.103170116919159038e-06 8.721775577234493342e-06 1.440984707963234977e-05 2.179686437184184580e-05 3.162216200453316409e-05 4.476385894411487489e-05 6.225769417679847878e-05 8.530048099134623940e-05 1.152306966350502706e-04 1.534778264972440245e-04 2.014725905747767295e-04 2.605125171319942518e-04 3.315821646417752271e-04 4.151353391558299552e-04 5.108576212615645231e-04 6.174396939176131577e-04 7.324030143273396222e-04 8.520258200642152804e-04 9.714151858803652404e-04 1.084756533987715895e-03 1.185744927638852746e-03 1.268165960782469993e-03 1.326555694567477630e-03 1.356839509989784436e-03 1.356839525305151249e-03 1.326555738052075497e-03 1.268166024102823294e-03 1.185744998731990416e-03 1.084756606313545466e-03 9.714152638018836534e-04 8.520259093944991188e-04 7.324031105535368799e-04 6.174397884549585576e-04 5.108577172082429682e-04 4.151354466670181668e-04 3.315822799413955017e-04 2.605126235816018440e-04 2.014726866400939973e-04 1.534779292519380196e-04 1.152308059668445938e-04 8.530058080315932375e-05 6.225778698423232234e-05 4.476395837110742009e-05 3.162225793545390295e-05 2.179694398567247327e-05 1.440993811183938907e-05 8.721834675379052087e-06 4.103155014547058375e-06 0.000000000000000000e+00
0.000000000000000000e+00 5.902224234482339980e-06 1.256949419544281263e-05 2.082771735140273836e-05 3.162216200453403823e-05 4.607344493360279638e-05 6.552603294549084068e-05 9.158243419448471988e-05 1.261148552798849523e-04 1.712423847819596022e-04 2.292593483157501525e-04 3.025008324330155109e-04 3.931345950697427835e-04 5.028757571041439847e-04 6.326332712481342636e-04 7.821152840863527514e-04 9.494417643459025216e-04 1.130833042566967454e-03 1.320456219928430736e-03 1.510510471829010389e-03 1.691610659367568433e-03 1.853483949933892351e-03 1.985931015893612622e-03 2.079934779486662579e-03 2.128744869264514224e-03 2.128744884122101173e-03 2.079934821481400995e-03 1.985931078618133078e-03 1.853484026796275129e-03 1.691610746660504334e-03 1.510510567435179420e-03 1.320456320281919709e-03 1.130833145291667728e-03 9.494418750490790735e-04 7.821154117842970925e-04 6.326334108623540798e-04 5.028758896047578726e-04 3.931347172180203872e-04 3.025009702879965763e-04 2.292595138340680898e-04 1.712425418661319592e-04 1.261149805640113686e-04 9.158256860099222294e-05 6.552620233353008026e-05 4.607358904928329953e-05 3.162226182678485887e-05 2.082787077841877454e-05 1.256966494193136852e-05 5.902263215961603770e-06 0.000000000000000000e+00
0.000000000000000000e+00 8.277708753505927963e-06 1.766479799608194258e-05 2.936414034986885456e-05 4.476385894411717204e-05 6.552603294549565183e-05 9.366584823882112066e-05 1.316119200393423840e-04 1.822348045791380184e-04 2.488244567122996809e-04 3.349932993430469416e-04 4.444809595218012334e-04 5.808402308034142517e-04 7.469940418724559800e-04 9.446728112783381532e-04 1.173770904751783020e-03 1.431696812921050884e-03 1.712827859573880273e-03 2.008206779824091379e-03 2.305621391712173000e-03 2.590177425643907638e-03 2.845402275926349391e-03 3.054810124820461943e-03 3.203738027090952557e-03 3.281162335471094708e-03 3.281162351425508713e-03 3.203738067053989343e-03 3.054810173901025341e-03 2.845402328803398918e-03 2.590177490905585644e-03 2.305621476508716919e-03 2.008206873995844674e-03 1.712827945749332680e-03 1.431696894673095037e-03 1.173771007715783844e-03 9.446729434438172349e-04 7.469941727773831775e-04 5.808403374445500608e-04 4.444810748972740267e-04 3.349934637929714853e-04 2.488246357895642540e-04 1.822349387308789224e-04 1.316120369002887324e-04 9.366601375686726201e-05 6.552620248999415536e-05 4.476395971634167394e-05 2.936425887102719632e-05 1.766497778636625361e-05 8.277810272819264415e-06 0.000000000000000000e+00
0.000000000000000000e+00 1.140033526437153824e-05 2.438143578166274497e-05 4.066564239526650925e-05 6.225769417680921238e-05 9.158243419447750994e-05 1.316119200393415167e-04 1.859688913450960996e-04 2.589863163931355986e-04 3.556933488060443484e-04 4.816906375644222139e-04 6.428746346334945037e-04 8.449735811832408041e-04 1.092872083454288126e-03 1.389730777253790454e-03 1.735953793103958741e-03 2.128116122301696757e-03 2.558026337848573039e-03 3.012151025256516734e-03 3.471643052302439674e-03 3.913173384038088481e-03 4.310651811921400317e-03 4.637742420680854120e-03 4.870869368763772016e-03 4.992227376983755967e-03 4.992227391610009300e-03 4.870869403991253538e-03 4.637742459439989778e-03 4.310651847248313587e-03 3.913173427352210736e-03 3.471643117901726961e-03 3.012151106300606142e-03 2.558026408987702349e-03 2.128116175040289330e-03 1.735953854949544902e-03 1.389730875115844418e-03 1.092872198178992038e-03 8.449736724081118857e-04 6.428747116285114197e-04 4.816907515053047133e-04 3.556935020807015292e-04 2.589864514877198809e-04 1.859689923675815070e-04 1.316120394179770472e-04 9.158256851082029377e-05 6.225778502972122510e-05 4.066571798045126753e-05 2.438153308164150155e-05 1.140040089255405484e-05 0.000000000000000000e+00
0.000000000000000000e+00 1.546253768098970641e-05 3.314334782942510437e-05 5.547189681270016316e-05 8.530048099134302745e-05 1.261148552798812118e-04 1.822348045791327600e-04 2.589863163931355986e-04 3.628153374110685420e-04 5.012984697755126090e-04 6.829924697912449641e-04 9.170559625918455957e-04 1.212578085764713220e-03 1.577567379860371228e-03 2.017597267655181319e-03 2.534175684872911911e-03 3.123002862279578625e-03 3.772389699224840912e-03 4.462203293515465928e-03 5.163747621473539946e-03 5.840934348738151087e-03 6.452922350258425387e-03 6.958108988780318215e-03 7.318995285174679025e-03 7.507123528419461927e-03 7.507123537645497661e-03 7.318995309976620775e-03 6.958109021865452673e-03 6.452922385784787621e-03 5.840934389568075598e-03 5.163747676092952238e-03 4.462203360913848810e-03 3.772389763203715628e-03 3.123002912223794923e-03 2.534175737108803304e-03 2.017597348327650458e-03 1.577567485161414504e-03 1.212578183622834999e-03 9.170560449735220545e-04 6.829925685268829023e-04 5.012986036785815804e-04 3.628154834459954774e-04 2.589864545679771216e-04 1.822349432098459515e-04 1.261149801199661774e-04 8.530057762616945682e-05 5.547200063803865364e-05 3.314344528174415275e-05 1.546256898794458852e-05 0.000000000000000000e+00
0.000000000000000000e+00 2.067404054637966482e-05 4.441549687756115065e-05 7.460127811668793637e-05 1.152306966350416512e-04 1.712423847819565122e-04 2.488244567122970788e-04 3.556933488060527509e-04 5.012984697755052364e-04 6.968864508377863422e-04 9.553354000607694246e-04 1.290652318170704181e-03 1.717023339022483511e-03 2.247328626029882273e-03 2.891094172145343422e-03 3.651960170733982176e-03 4.524898894499240591e-03 5.493596156355010432e-03 6.528578829358235892e-03 7.586763383281169663e-03 8.613043254294993831e-03 9.544268164889669476e-03 1.031549077008158018e-02 1.086774569742485728e-02 1.115605620875655471e-02 1.115605621254112632e-02 1.086774571139364348e-02 1.031549079759119629e-02 9.544268204069903186e-03 8.613043300246142966e-03 7.586763433476614686e-03 6.528578882089990619e-03 5.493596207264280287e-03 4.524898942650271497e-03 3.651960226275931688e-03 2.891094246979276743e-03 2.247328715149316328e-03 1.717023426504653890e-03 1.290652405423543033e-03 9.553355039083238952e-04 6.968865735433975306e-04 5.012986027856439469e-04 3.556935031718070879e-04 2.488246376487047540e-04 1.712425388269996182e-04 1.152308011365294231e-04 7.460140880123215009e-05 4.441565378514576609e-05 2.067410982667237967e-05 0.000000000000000000e+00
0.000000000000000000e+00 2.725235163284435891e-05 5.868326348884596305e-05 9.891687685050947799e-05 1.534778264972478734e-04 2.292593483157522396e-04 3.349932993430640178e-04 4.816906375644078482e-04 6.829924697912532041e-04 9.553354000607730025e-04 1.317796383566762755e-03 1.791450074822338850e-03 2.398057627572031114e-03 3.157928959129357917e-03 4.086882261162566414e-03 5.192382500158280838e-03 6.469178500297202011e-03 7.895053405046497177e-03 9.427595519645913524e-03 1.100308433409565023e-02 1.253854330263654178e-02 1.393762626313892194e-02 1.510024761419805593e-02 1.593485201711598506e-02 1.637123201924078203e-02 1.637123202129457666e-02 1.593485202562142100e-02 1.510024763296815946e-02 1.393762629275252345e-02 1.253854334010270737e-02 1.100308437463089553e-02 9.427595557103487026e-03 7.895053435088800892e-03 6.469178528408901611e-03 5.192382541262073950e-03 4.086882321656294496e-03 3.157929023653223768e-03 2.398057681005686184e-03 1.791450132997441606e-03 1.317796471221953153e-03 9.553355056856671417e-04 6.829925672587845373e-04 4.816907504208498133e-04 3.349934642412684296e-04 2.292595104691328876e-04 1.534779249591987328e-04 9.891697543652762479e-05 5.868340979091697304e-05 2.725244531311923736e-05 0.000000000000000000e+00
0.000000000000000000e+00 3.540700101559643567e-05 7.641844651395538000e-05 1.292689902651147102e-04 2.014725905747772174e-04 3.025008324330349181e-04 4.444809595217867593e-04 6.428746346335003584e-04 9.170559625918524261e-04 1.290652318170691388e-03 1.791450074822350342e-03 2.450610532899525924e-03 3.300907384389558871e-03 4.373715152472204375e-03 5.694583755298779706e-03 7.277460046063122419e-03 9.117977226688693190e-03 1.118670232583696134e-02 1.342372392333565471e-02 1.573631857759863473e-02 1.800144375824944826e-02 2.007426627728469901e-02 2.180276330662868703e-02 2.304678017581154523e-02 2.369825025112711273e-02 2.369825025483267983e-02 2.304678018502628184e-02 2.180276331765985606e-02 2.007426628937085053e-02 1.800144377588135114e-02 1.573631860457016737e-02 1.342372395335608877e-02 1.118670234614230208e-02 9.117977236876564570e-03 7.277460065568674107e-03 5.694583799135804862e-03 4.373715204630451714e-03 3.300907419685451382e-03 2.450610563300866223e-03 1.791450136531574228e-03 1.290652409393906568e-03 9.170560439021322244e-04 6.428747109341759886e-04 4.444810781583901759e-04 3.025009706804794433e-04 2.014726850821382202e-04 1.292690594003042539e-04 7.641853625741924739e-05 3.540706410989889627e-05 0.000000000000000000e+00
0.000000000000000000e+00 4.531756899212312532e-05 9.803116516230516190e-05 1.664115701832827397e-04 2.605125171320095932e-04 3.931345950697330799e-04 5.808402308034131675e-04 8.449735811832464420e-04 1.212578085764693487e-03 1.717023339022506929e-03 2.398057627572024609e-03 3.300907384389565810e-03 4.473976454939926177e-03 5.964700071606497504e-03 7.813237284245476769e-03 1.004399827240574916e-02 1.265553427777116671e-02 1.561004521493725844e-02 1.882456385055890705e-02 2.216651509103033033e-02 2.545648246108768789e-02 2.848029003813384516e-02 3.101073734598312759e-02 3.283669117942598220e-02 3.379444615380750028e-02 3.379444615897952281e-02 3.283669119058948982e-02 3.101073735419584629e-02 2.848029003969394790e-02 2.545648246402366227e-02 2.216651510751900880e-02 1.882456387988881014e-02 1.561004524036735397e-02 1.265553428844166939e-02 1.004399828317387861e-02 7.813237318400912193e-03 5.964700124553852338e-03 4.473976499621318444e-03 3.300907418319446850e-03 2.398057682148761402e-03 1.717023427396534210e-03 1.212578180107543209e-03 8.449736716620516626e-04 5.808403431093583100e-04 3.931347194218153679e-04 2.605126196194442021e-04 1.664116587304386211e-04 9.803125132394276034e-05 4.531760572443448430e-05 0.000000000000000000e+00
0.000000000000000000e+00 5.710595974817505395e-05 1.238081038664857970e-04 2.108928117211626295e-04 3.315821646417725166e-04 5.028757571041400816e-04 7.469940418724591242e-04 1.092872083454273597e-03 1.577567379860390960e-03 2.247328626029880538e-03 3.157928959129366157e-03 4.373715152472189630e-03 5.964700071606502708e-03 8.000992617069055748e-03 1.054400456702821176e-02 1.363429289336432100e-02 1.727665999263478663e-02 2.142423273391658167e-02 2.596451587692261490e-02 3.071150999987929883e-02 3.540836058137184633e-02 3.974407495518142430e-02 4.338523516733871349e-02 4.601954352578038060e-02 4.740351444855334107e-02 4.740351445205211178e-02 4.601954353370853873e-02 4.338523517338570279e-02 3.974407495485027253e-02 3.540836057919335977e-02 3.071151000757186070e-02 2.596451589922573605e-02 2.142423275977065403e-02 1.727666000883208014e-02 1.363429290577789464e-02 1.054400459543031188e-02 8.000992665569401849e-03 5.964700123167801342e-03 4.373715200327226403e-03 3.157929020836812168e-03 2.247328713301476738e-03 1.577567481290380151e-03 1.092872198682767445e-03 7.469941797952697748e-04 5.028758895026382795e-04 3.315822689668503358e-04 2.108929220555164519e-04 1.238082260344519701e-04 5.710601127399609191e-05 0.000000000000000000e+00
0.000000000000000000e+00 7.080427744113954242e-05 1.538401363099324212e-04 2.629251004906677154e-04 4.151353391558226910e-04 6.326332712481365405e-04 9.446728112783246006e-04 1.389730777253804332e-03 2.017597267655185655e-03 2.891094172145343422e-03 4.086882261162562077e-03 5.694583755298779706e-03 7.813237284245476769e-03 1.054400456702820135e-02 1.397819357822591493e-02 1.818020543393729024e-02 2.316608177972919250e-02 2.887994634940850916e-02 3.517259732756245622e-02 4.178830043719146403e-02 4.836663033320905136e-02 5.446506169238796158e-02 5.960425854942898866e-02 6.333182830431724475e-02 6.529320625488028995e-02 6.529320625515731835e-02 6.333182830595497637e-02 5.960425855240625986e-02 5.446506169391702318e-02 4.836663033222566438e-02 4.178830043840516678e-02 3.517259733597773164e-02 2.887994636241925095e-02 2.316608179109763341e-02 1.818020544606786110e-02 1.397819360066662395e-02 1.054400460034790946e-02 7.813237320290020854e-03 5.694583796530942356e-03 4.086882321195941387e-03 2.891094250340234088e-03 2.017597351325659417e-03 1.389730881440230312e-03 9.446729533720474564e-04 6.326334092824940306e-04 4.151354333831023158e-04 2.629251930992461276e-04 1.538402602615817402e-04 7.080434715293801003e-05 0.000000000000000000e+00
0.000000000000000000e+00 8.632137830403085826e-05 1.879463004925919698e-04 3.222461832622887444e-04 5.108576212615689683e-04 7.821152840863464630e-04 1.173770904751792344e-03 1.735953793103963078e-03 2.534175684872921885e-03 3.651960170733962660e-03 5.192382500158280838e-03 7.277460046063131960e-03 1.004399827240571794e-02 1.363429289336434355e-02 1.818020543393729718e-02 2.377980520273394877e-02 3.046722920192266454e-02 3.817873262828757469e-02 4.672084207957074437e-02 5.574934684085743747e-02 6.476932541512414598e-02 7.316502544063364921e-02 8.026311250244652640e-02 8.542372762000430275e-02 8.814306016417265688e-02 8.814306016339054639e-02 8.542372761963040739e-02 8.026311250498383010e-02 7.316502544475801673e-02 6.476932541774013674e-02 5.574934684166882315e-02 4.672084208027301594e-02 3.817873262889858593e-02 3.046722920319176395e-02 2.377980521103209566e-02 1.818020545410345065e-02 1.363429291733155198e-02 1.004399829019781039e-02 7.277460068384736594e-03 5.192382548722950485e-03 3.651960240062150816e-03 2.534175749952375864e-03 1.735953867479655532e-03 1.173771020177685146e-03 7.821154121739355009e-04 5.108577080963392454e-04 3.222462475338306090e-04 1.879463888342962829e-04 8.632143331519752784e-05 0.000000000000000000e+00
0.000000000000000000e+00 1.034129530907895099e-04 2.256048050646141930e-04 3.879901872498602608e-04 6.174396939176117483e-04 9.494417643459089184e-04 1.431696812921056739e-03 2.128116122301716706e-03 3.123002862279546099e-03 4.524898894499264877e-03 6.469178500297187266e-03 9.117977226688675843e-03 1.265553427777116671e-02 1.727665999263480398e-02 2.316608177972918556e-02 3.046722920192264025e-02 3.924095624268330446e-02 4.941795140322204072e-02 6.075287409123270033e-02 7.279254448559106805e-02 8.487294406740955588e-02 9.615809570236764914e-02 1.057264458245928268e-01 1.126974049926652288e-01 1.163752021073146820e-01 1.163752021084811655e-01 1.126974049963645891e-01 1.057264458302256821e-01 9.615809570788097504e-02 8.487294407183136602e-02 7.279254449029065599e-02 6.075287409613076839e-02 4.941795140474425363e-02 3.924095624114785907e-02 3.046722920820128452e-02 2.316608180308547815e-02 1.727666002318801672e-02 1.265553429855515756e-02 9.117977244950852336e-03 6.469178543415344748e-03 4.524898964160839997e-03 3.123002929800540103e-03 2.128116187766667441e-03 1.431696906737170471e-03 9.494418783323153865e-04 6.174397834332007000e-04 3.879902534167182777e-04 2.256048753059966192e-04 1.034129828810787774e-04 0.000000000000000000e+00
0.000000000000000000e+00 1.216611229401697491e-04 2.659044203478250364e-04 4.585927924229238990e-04 7.324030143273408148e-04 1.130833042566968321e-03 1.712827859573895235e-03 2.558026337848557426e-03 3.772389699224851321e-03 5.493596156355009565e-03 7.895053405046485034e-03 1.118670232583694919e-02 1.561004521493729140e-02 2.142423273391657820e-02 2.887994634940850569e-02 3.817873262828758163e-02 4.941795140322201296e-02 6.252595109692035691e-02 7.719818847603683587e-02 9.285132657128375433e-02 1.086161039863614841e-01 1.233875377997170064e-01 1.359404525627279370e-01 1.451001800643739736e-01 1.499370779090310746e-01 1.499370779125496767e-01 1.451001800729596614e-01 1.359404525714342504e-01 1.233875378044530513e-01 1.086161039887766078e-01 9.285132657762004693e-02 7.719818848815553081e-02 6.252595110746871077e-02 4.941795140670261766e-02 3.817873263467370937e-02 2.887994637411154045e-02 2.142423277414508276e-02 1.561004525247529189e-02 1.118670235822710919e-02 7.895053453968839050e-03 5.493596230260299439e-03 3.772389778462761391e-03 2.558026417437587671e-03 1.712827956870007591e-03 1.130833150550045012e-03 7.324031061390508506e-04 4.585928776741406295e-04 2.659045059677420629e-04 1.216611500882761304e-04 0.000000000000000000e+00
0.000000000000000000e+00 1.404697598209508674e-04 3.075306955449340720e-04 5.317577904020787463e-04 8.520258200642147383e-04 1.320456219928431169e-03 2.008206779824097017e-03 3.012151025256498953e-03 4.462203293515490214e-03 6.528578829358210739e-03 9.427595519645906585e-03 1.342372392333568074e-02 1.882456385055890705e-02 2.596451587692261143e-02 3.517259732756240764e-02 4.672084207957071661e-02 6.075287409123274196e-02 7.719818847603683587e-02 9.568616003932751968e-02 1.154828609293281627e-01 1.354792959241272188e-01 1.542563920206319328e-01 1.702366880955319683e-01 1.819074684161366140e-01 1.880729110444909202e-01 1.880729110480685862e-01 1.819074684247216078e-01 1.702366881035182744e-01 1.542563920229983176e-01 1.354792959225339377e-01 1.154828609321786187e-01 9.568616005161303950e-02 7.719818849100228142e-02 6.075287409957363244e-02 4.672084208611965161e-02 3.517259734788707320e-02 2.596451591575993020e-02 1.882456389613236872e-02 1.342372396927818054e-02 9.427595577135711169e-03 6.528578903211355693e-03 4.462203373114021106e-03 3.012151113919688157e-03 2.008206887754829945e-03 1.320456328334084113e-03 8.520259041990995612e-04 5.317578743335432808e-04 3.075307922622887375e-04 1.404697986400347198e-04 0.000000000000000000e+00
0.000000000000000000e+00 1.590809714356988651e-04 3.488000050917623197e-04 6.045101864776182294e-04 9.714151858803604699e-04 1.510510471829016460e-03 2.305621391712158255e-03 3.471643052302448348e-03 5.163747621473531273e-03 7.586763383281170531e-03 1.100308433409564503e-02 1.573631857759866248e-02 2.216651509103031992e-02 3.071150999987925720e-02 4.178830043719147791e-02 5.574934684085747216e-02 7.279254448559115132e-02 9.285132657128379596e-02 1.154828609293280933e-01 1.397849924831043034e-01 1.643804542941810498e-01 1.875017735225660009e-01 2.071873018428869728e-01 2.215635478703385786e-01 2.291566998045979076e-01 2.291566998061198013e-01 2.215635478745197617e-01 2.071873018474474359e-01 1.875017735236469973e-01 1.643804542913256672e-01 1.397849924823208745e-01 1.154828609365725761e-01 9.285132658369274483e-02 7.279254449566979757e-02 5.574934684953844477e-02 4.178830045440370955e-02 3.071151003066239019e-02 2.216651513042797866e-02 1.573631862445648219e-02 1.100308439565254003e-02 7.586763455322877332e-03 5.163747692292895534e-03 3.471643132624920979e-03 2.305621497623560300e-03 1.510510580956592576e-03 9.714152599029352150e-04 6.045102484415223977e-04 3.488000846030686044e-04 1.590810081886694864e-04 0.000000000000000000e+00
0.000000000000000000e+00 1.766159761904228240e-04 3.877493959542346815e-04 6.733520572189016003e-04 1.084756533987715462e-03 1.691610659367567566e-03 2.590177425643897663e-03 3.913173384038100625e-03 5.840934348738143281e-03 8.613043254294978218e-03 1.253854330263656260e-02 1.800144375824943785e-02 2.545648246108762891e-02 3.540836058137186715e-02 4.836663033320904442e-02 6.476932541512424313e-02 8.487294406740951425e-02 1.086161039863614286e-01 1.354792959241271910e-01 1.643804542941809110e-01 1.936570538765224336e-01 2.211776328687782567e-01 2.445910803950571699e-01 2.616720374626389511e-01 2.706859528675796822e-01 2.706859528674550042e-01 2.616720374635843616e-01 2.445910803982594972e-01 2.211776328722118712e-01 1.936570538779198991e-01 1.643804542957603976e-01 1.354792959303160182e-01 1.086161039972984577e-01 8.487294408010133406e-02 6.476932543069663373e-02 4.836663035614982564e-02 3.540836061117357686e-02 2.545648249358499829e-02 1.800144379936919822e-02 1.253854336453444525e-02 8.613043329634355316e-03 5.840934417852986470e-03 3.913173453781981434e-03 2.590177521145731101e-03 1.691610767220841404e-03 1.084756608361206768e-03 6.733521085708739709e-04 3.877494517444280016e-04 1.766159951531949318e-04 0.000000000000000000e+00
0.000000000000000000e+00 1.921398019185220900e-04 4.222814747190645050e-04 7.345214493277768325e-04 1.185744927638852529e-03 1.853483949933892568e-03 2.845402275926355029e-03 4.310651811921401184e-03 6.452922350258408907e-03 9.544268164889671210e-03 1.393762626313894970e-02 2.007426627728465043e-02 2.848029003813383475e-02 3.974407495518138961e-02 5.446506169238805178e-02 7.316502544063359370e-02 9.615809570236760750e-02 1.233875377997170064e-01 1.542563920206318218e-01 1.875017735225659732e-01 2.211776328687783122e-01 2.527996359713609587e-01 2.796552027472521962e-01 2.992107156818742952e-01 3.095163119333891322e-01 3.095163119338681934e-01 2.992107156846341987e-01 2.796552027537103080e-01 2.527996359799433712e-01 2.211776328771409006e-01 1.875017735316951151e-01 1.542563920333177296e-01 1.233875378160605857e-01 9.615809572157303642e-02 7.316502546589218059e-02 5.446506172714205007e-02 3.974407499444779224e-02 2.848029007373361482e-02 2.007426631643145776e-02 1.393762632452176867e-02 9.544268246163677832e-03 6.452922427416331319e-03 4.310651882827673358e-03 2.845402365114017926e-03 1.853484054072456226e-03 1.185745010727822912e-03 7.345215143523500150e-04 4.222815293749210058e-04 1.921398098836869946e-04 0.000000000000000000e+00
0.000000000000000000e+00 2.047444478157166682e-04 4.503525279573452147e-04 7.843339636606182219e-04 1.268165960782479318e-03 1.985931015893612622e-03 3.054810124820472785e-03 4.637742420680832436e-03 6.958108988780313010e-03 1.031549077008159752e-02 1.510024761419803858e-02 2.180276330662866968e-02 3.101073734598311718e-02 4.338523516733874125e-02 5.960425854942896784e-02 8.026311250244642925e-02 1.057264458245928407e-01 1.359404525627280480e-01 1.702366880955320794e-01 2.071873018428870006e-01 2.445910803950571699e-01 2.796552027472521407e-01 3.093676272450986975e-01 3.309566520764610775e-01 3.423166239700931035e-01 3.423166239728513416e-01 3.309566520846765614e-01 3.093676272574432673e-01 2.796552027607227542e-01 2.445910804083034074e-01 2.071873018587249704e-01 1.702366881170356006e-01 1.359404525883440573e-01 1.057264458518565736e-01 8.026311253485664265e-02 5.960425859245029045e-02 4.338523521667742022e-02 3.101073739031431908e-02 2.180276334916443279e-02 1.510024767420755851e-02 1.031549085062269909e-02 6.958109070320008145e-03 4.637742497097098113e-03 3.054810211859603896e-03 1.985931112521314122e-03 1.268166045264779596e-03 7.843340446130692362e-04 4.503525992047689198e-04 2.047444624018604574e-04 0.000000000000000000e+00
0.000000000000000000e+00 2.136404899103946356e-04 4.701811828666419306e-04 8.195657006276401780e-04 1.326555694567479581e-03 2.079934779486672988e-03 3.203738027090929138e-03 4.870869368763760740e-03 7.318995285174689433e-03 1.086774569742485902e-02 1.593485201711598506e-02 2.304678017581151053e-02 3.283669117942598914e-02 4.601954352578035978e-02 6.333182830431714760e-02 8.542372762000426112e-02 1.126974049926652982e-01 1.451001800643740569e-01 1.819074684161367250e-01 2.215635478703385786e-01 2.616720374626388956e-01 2.992107156818744618e-01 3.309566520764610220e-01 3.539807465432220357e-01 3.660805297517938373e-01 3.660805297564939664e-01 3.539807465560567135e-01 3.309566520934864031e-01 2.992107156982460325e-01 2.616720374774484381e-01 2.215635478885661924e-01 1.819074684424978605e-01 1.451001800966248145e-01 1.126974050255722948e-01 8.542372765483566277e-02 6.333182834780222425e-02 4.601954357706748711e-02 3.283669122827772430e-02 2.304678022199153561e-02 1.593485207422314434e-02 1.086774576854704528e-02 7.318995358004515804e-03 4.870869439966497155e-03 3.203738107621556443e-03 2.079934863721276221e-03 1.326555764519736676e-03 8.195657762830023613e-04 4.701812608364535815e-04 2.136405149967518350e-04 0.000000000000000000e+00
0.000000000000000000e+00 2.182438753876645007e-04 4.804471066087594752e-04 8.378206310401492508e-04 1.356839509989787038e-03 2.128744869264508587e-03 3.281162335471066085e-03 4.992227376983760304e-03 7.507123528419470601e-03 1.115605620875655297e-02 1.637123201924077162e-02 2.369825025112706762e-02 3.379444615380750028e-02 4.740351444855328555e-02 6.529320625488023444e-02 8.814306016417268463e-02 1.163752021073146264e-01 1.499370779090312134e-01 1.880729110444910868e-01 2.291566998045978243e-01 2.706859528675797932e-01 3.095163119333890767e-01 3.423166239700930480e-01 3.660805297517938373e-01 3.785602319176443187e-01 3.785602319225137569e-01 3.660805297653070278e-01 3.423166239884626316e-01 3.095163119513556493e-01 2.706859528834589801e-01 2.291566998231144570e-01 1.880729110711855112e-01 1.499370779428075562e-01 1.163752021424585004e-01 8.814306019970848116e-02 6.529320629613155624e-02 4.740351449613203205e-02 3.379444620091551915e-02 2.369825029775769407e-02 1.637123207372858866e-02 1.115605627032984978e-02 7.507123586085354822e-03 4.992227432079515519e-03 3.281162402592456562e-03 2.128744938292295979e-03 1.356839558534425616e-03 8.378206841920675559e-04 4.804471691275767468e-04 2.182438984256104006e-04 0.000000000000000000e+00
0.000000000000000000e+00 2.182438883405981211e-04 4.804471303326837760e-04 8.378206511571139855e-04 1.356839525305158622e-03 2.128744884122076887e-03 3.281162351425490065e-03 4.992227391610029250e-03 7.507123537645499396e-03 1.115605621254112285e-02 1.637123202129454197e-02 2.369825025483262432e-02 3.379444615897953669e-02 4.740351445205200770e-02 6.529320625515741550e-02 8.814306016339054639e-02 1.163752021084812072e-01 1.499370779125497877e-01 1.880729110480685584e-01 2.291566998061198013e-01 2.706859528674549487e-01 3.095163119338680269e-01 3.423166239728511751e-01 3.660805297564937999e-01 3.785602319225136458e-01 3.785602319260298887e-01 3.660805297673160874e-01 3.423166239899508856e-01 3.095163119534640184e-01 2.706859528865924736e-01 2.291566998267240973e-01 1.880729110743873667e-01 1.499370779451083269e-01 1.163752021439902889e-01 8.814306020107710860e-02 6.529320629785841101e-02 4.740351449841815473e-02 3.379444620351393369e-02 2.369825029988719550e-02 1.637123207547037593e-02 1.115605627194486867e-02 7.507123587086333635e-03 4.992227433537532386e-03 3.281162404807397466e-03 2.128744939783994237e-03 1.356839559724260956e-03 8.378206856994538940e-04 4.804471698634864524e-04 2.182438984322950491e-04 0.000000000000000000e+00
0.000000000000000000e+00 2.136405156283000342e-04 4.701812349354549505e-04 8.195657496153457800e-04 1.326555738052078316e-03 2.079934821481374974e-03 3.203738067053995414e-03 4.870869403991275222e-03 7.318995309976624244e-03 1.086774571139361920e-02 1.593485202562138978e-02 2.304678018502623327e-02 3.283669119058947594e-02 4.601954353370850404e-02 6.333182830595505963e-02 8.542372761963040739e-02 1.126974049963646723e-01 1.451001800729596891e-01 1.819074684247216078e-01 2.215635478745196507e-01 2.616720374635841950e-01 2.992107156846341987e-01 3.309566520846764504e-01 3.539807465560565469e-01 3.660805297653069168e-01 3.660805297673161984e-01 3.539807465637243578e-01 3.309566521000010808e-01 2.992107157060335254e-01 2.616720374874432209e-01 2.215635478996403895e-01 1.819074684526609531e-01 1.451001801046334083e-01 1.126974050315025094e-01 8.542372765992561900e-02 6.333182835356096496e-02 4.601954358407275153e-02 3.283669123580914423e-02 2.304678022882377872e-02 1.593485208002306391e-02 1.086774577330416186e-02 7.318995361763706679e-03 4.870869444391761997e-03 3.203738113153364094e-03 2.079934868400111232e-03 1.326555768223110438e-03 8.195657800456839339e-04 4.701812630827298259e-04 2.136405157765708883e-04 0.000000000000000000e+00
0.000000000000000000e+00 2.047444645265463013e-04 4.503525731719770038e-04 7.843340169381776694e-04 1.268166024102811151e-03 1.985931078618116165e-03 3.054810173901050495e-03 4.637742459440000187e-03 6.958109021865452673e-03 1.031549079759117894e-02 1.510024763296812129e-02 2.180276331765983525e-02 3.101073735419581506e-02 4.338523517338575830e-02 5.960425855240630150e-02 8.026311250498385785e-02 1.057264458302255850e-01 1.359404525714342782e-01 1.702366881035183022e-01 2.071873018474472694e-01 2.445910803982595527e-01 2.796552027537102525e-01 3.093676272574430453e-01 3.309566520934861256e-01 3.423166239884624651e-01 3.423166239899509411e-01 3.309566521000012473e-01 3.093676272721246345e-01 2.796552027762885251e-01 2.445910804254584625e-01 2.071873018767182439e-01 1.702366881342466109e-01 1.359404526034010130e-01 1.057264458641790639e-01 8.026311254522960903e-02 5.960425860282157068e-02 4.338523522790162928e-02 3.101073740180339960e-02 2.180276336059458128e-02 1.510024768434043742e-02 1.031549085844999866e-02 6.958109077395606065e-03 4.637742504108715094e-03 3.054810218763741314e-03 1.985931119741146059e-03 1.268166051354621335e-03 7.843340494577235363e-04 4.503526026813686246e-04 2.047444648385539367e-04 0.000000000000000000e+00
0.000000000000000000e+00 1.921398087876777250e-04 4.222815031074994454e-04 7.345214916899854085e-04 1.185744998731963528e-03 1.853484026796280550e-03 2.845402328803421470e-03 4.310651847248330067e-03 6.452922385784778947e-03 9.544268204069891043e-03 1.393762629275248528e-02 2.007426628937084359e-02 2.848029003969395137e-02 3.974407495485036274e-02 5.446506169391697461e-02 7.316502544475801673e-02 9.615809570788091953e-02 1.233875378044530374e-01 1.542563920229982344e-01 1.875017735236468308e-01 2.211776328722118434e-01 2.527996359799433712e-01 2.796552027607225321e-01 2.992107156982456995e-01 3.095163119513551497e-01 3.095163119534636853e-01 2.992107157060334699e-01 2.796552027762885251e-01 2.527996360027812695e-01 2.211776328998054653e-01 1.875017735541671948e-01 1.542563920554482215e-01 1.233875378370111187e-01 9.615809573996371429e-02 7.316502548147543750e-02 5.446506174130333333e-02 3.974407500824902323e-02 2.848029008761758518e-02 2.007426633059087792e-02 1.393762633770453778e-02 9.544268257092813901e-03 6.452922436745772185e-03 4.310651891220336658e-03 2.845402372704250622e-03 1.853484061907506759e-03 1.185745017916822524e-03 7.345215198628738014e-04 4.222815331989203370e-04 1.921398132818792311e-04 0.000000000000000000e+00
0.000000000000000000e+00 1.766159943588546709e-04 3.877494344248521609e-04 6.733520986452680608e-04 1.084756606313516626e-03 1.691610746660528837e-03 2.590177490905594317e-03 3.913173427352225481e-03 5.840934389568053046e-03 8.613043300246118680e-03 1.253854334010268828e-02 1.800144377588136155e-02 2.545648246402368309e-02 3.540836057919341529e-02 4.836663033222555336e-02 6.476932541774016450e-02 8.487294407183132439e-02 1.086161039887766910e-01 1.354792959225337712e-01 1.643804542913255562e-01 1.936570538779199269e-01 2.211776328771406508e-01 2.445910804083031576e-01 2.616720374774482161e-01 2.706859528834586470e-01 2.706859528865923625e-01 2.616720374874431654e-01 2.445910804254584625e-01 2.211776328998054097e-01 1.936570539039904060e-01 1.643804543204724633e-01 1.354792959547571063e-01 1.086161040214123213e-01 8.487294410235034225e-02 6.476932545006655606e-02 4.836663037306650897e-02 3.540836062677513857e-02 2.545648250899583756e-02 1.800144381478106445e-02 1.253854337963211836e-02 8.613043343306529820e-03 5.840934428558068256e-03 3.913173462880827243e-03 2.590177529976609837e-03 1.691610774929874468e-03 1.084756615010170266e-03 6.733521147675742419e-04 3.877494556533597194e-04 1.766159982936725016e-04 0.000000000000000000e+00
0.000000000000000000e+00 1.590810132775520352e-04 3.488000810739941109e-04 6.045102493506053195e-04 9.714152638018710767e-04 1.510510567435207610e-03 2.305621476508717353e-03 3.471643117901732165e-03 5.163747676092932289e-03 7.586763433476594737e-03 1.100308437463089380e-02 1.573631860457019166e-02 2.216651510751906085e-02 3.071151000757184682e-02 4.178830043840511821e-02 5.574934684166884397e-02 7.279254449029061436e-02 9.285132657762004693e-02 1.154828609321784244e-01 1.397849924823208745e-01 1.643804542957603421e-01 1.875017735316948375e-01 2.071873018587248871e-01 2.215635478885659981e-01 2.291566998231141794e-01 2.291566998267239030e-01 2.215635478996402508e-01 2.071873018767181329e-01 1.875017735541670283e-01 1.643804543204724078e-01 1.397849925096322776e-01 1.154828609630243752e-01 9.285132660966448348e-02 7.279254452028255384e-02 5.574934687181729021e-02 4.178830047441218359e-02 3.071151004928313749e-02 2.216651514828228003e-02 1.573631864195062027e-02 1.100308441282793655e-02 7.586763470870686900e-03 5.163747705051706903e-03 3.471643143671414994e-03 2.305621508272481714e-03 1.510510590039725693e-03 9.714152667049582440e-04 6.045102553654208098e-04 3.488000893266350860e-04 1.590810111728275730e-04 0.000000000000000000e+00
0.000000000000000000e+00 1.404698097374327854e-04 3.075307961870934461e-04 5.317578770583997541e-04 8.520259093945093103e-04 1.320456320281934454e-03 2.008206873995847710e-03 3.012151106300604408e-03 4.462203360913831462e-03 6.528578882089968068e-03 9.427595557103509577e-03 1.342372395335609744e-02 1.882456387988886912e-02 2.596451589922568401e-02 3.517259733597766225e-02 4.672084208027301594e-02 6.075287409613074063e-02 7.719818848815551693e-02 9.568616005161285909e-02 1.154828609365725484e-01 1.354792959303159905e-01 1.542563920333175909e-01 1.702366881170355173e-01 1.819074684424977217e-01 1.880729110711853724e-01 1.880729110743871724e-01 1.819074684526607866e-01 1.702366881342464444e-01 1.542563920554480827e-01 1.354792959547570230e-01 1.154828609630243336e-01 9.568616008093779046e-02 7.719818851886474376e-02 6.075287412572105694e-02 4.672084211039553153e-02 3.517259737088302557e-02 2.596451593802028002e-02 1.882456391750905039e-02 1.342372398982471723e-02 9.427595596252530408e-03 6.528578919992468650e-03 4.462203388360335733e-03 3.012151128016274469e-03 2.008206900447313294e-03 1.320456340112088683e-03 8.520259135268782365e-04 5.317578817919024065e-04 3.075307972405989278e-04 1.404698022221739708e-04 0.000000000000000000e+00
0.000000000000000000e+00 1.216611612679063093e-04 2.659045073838406923e-04 4.585928766901460596e-04 7.324031105535594314e-04 1.130833145291667511e-03 1.712827945749337017e-03 2.558026408987699746e-03 3.772389763203695678e-03 5.493596207264269012e-03 7.895053435088832117e-03 1.118670234614230034e-02 1.561004524036739560e-02 2.142423275977062280e-02 2.887994636241918156e-02 3.817873262889857205e-02 4.941795140474421894e-02 6.252595110746869689e-02 7.719818849100217040e-02 9.285132658369267544e-02 1.086161039972984299e-01 1.233875378160604469e-01 1.359404525883439740e-01 1.451001800966245647e-01 1.499370779428073341e-01 1.499370779451081048e-01 1.451001801046331863e-01 1.359404526034008465e-01 1.233875378370110215e-01 1.086161040214122381e-01 9.285132660966438634e-02 7.719818851886470212e-02 6.252595113593982512e-02 4.941795143255345302e-02 3.817873265870350141e-02 2.887994639753669809e-02 2.142423279761620017e-02 1.561004527594400150e-02 1.118670238051229851e-02 7.895053473635314095e-03 5.493596247456097176e-03 3.772389794366173658e-03 2.558026432728329001e-03 1.712827971141190134e-03 1.130833164052004328e-03 7.324031175821623914e-04 4.585928854263543225e-04 2.659045096184285326e-04 1.216611537784055905e-04 0.000000000000000000e+00
0.000000000000000000e+00 1.034129892797963521e-04 2.256048726013036500e-04 3.879902513024541103e-04 6.174397884549799164e-04 9.494418750490699662e-04 1.431696894673093953e-03 2.128116175040289763e-03 3.123002912223767601e-03 4.524898942650277568e-03 6.469178528408924163e-03 9.117977236876557631e-03 1.265553428844169194e-02 1.727666000883206626e-02 2.316608179109758137e-02 3.046722920319173966e-02 3.924095624114785907e-02 4.941795140670260378e-02 6.075287409957356305e-02 7.279254449566978369e-02 8.487294408010129243e-02 9.615809572157288376e-02 1.057264458518565181e-01 1.126974050255720866e-01 1.163752021424583477e-01 1.163752021439900808e-01 1.126974050315023290e-01 1.057264458641788973e-01 9.615809573996360327e-02 8.487294410235031450e-02 7.279254452028248445e-02 6.075287412572098061e-02 4.941795143255339751e-02 3.924095626621932481e-02 3.046722923095691524e-02 2.316608182444327563e-02 1.727666004478514705e-02 1.265553432131464283e-02 9.117977266829960237e-03 6.469178562342333197e-03 4.524898980503407921e-03 3.123002944317492414e-03 2.128116201667400436e-03 1.431696920978803951e-03 9.494418918006483892e-04 6.174397944762177867e-04 3.879902617708849200e-04 2.256048784794388140e-04 1.034129856430204266e-04 0.000000000000000000e+00
0.000000000000000000e+00 8.632143745648964122e-05 1.879463891103081894e-04 3.222462502666959211e-04 5.108577172082579302e-04 7.821154117842896115e-04 1.173771007715773869e-03 1.735953854949548155e-03 2.534175737108774248e-03 3.651960226275951203e-03 5.192382541262083491e-03 7.277460065568668035e-03 1.004399828317389769e-02 1.363429290577787903e-02 1.818020544606784722e-02 2.377980521103203321e-02 3.046722920820128105e-02 3.817873263467368855e-02 4.672084208611961692e-02 5.574934684953844477e-02 6.476932543069657822e-02 7.316502546589209732e-02 8.026311253485660102e-02 8.542372765483549624e-02 8.814306019970834238e-02 8.814306020107698370e-02 8.542372765992545247e-02 8.026311254522944250e-02 7.316502548147532647e-02 6.476932545006654218e-02 5.574934687181728327e-02 4.672084211039546214e-02 3.817873265870342508e-02 3.046722923095688054e-02 2.377980523519208911e-02 1.818020547494325623e-02 1.363429293760324602e-02 1.004399831159346994e-02 7.277460089510292759e-03 5.192382567657517073e-03 3.651960256265364933e-03 2.534175764015995924e-03 1.735953880423989721e-03 1.173771033276444203e-03 7.821154252934971445e-04 5.108577188652574461e-04 3.222462568676465015e-04 1.879463939584376827e-04 8.632143617870325215e-05 0.000000000000000000e+00
0.000000000000000000e+00 7.080435455098054289e-05 1.538402680886892732e-04 2.629252026728190190e-04 4.151354466670263525e-04 6.326334108623464904e-04 9.446729434438060676e-04 1.389730875115851140e-03 2.017597348327629207e-03 2.891094246979303197e-03 4.086882321656293629e-03 5.694583799135803995e-03 7.813237318400931275e-03 1.054400459543029279e-02 1.397819360066662742e-02 1.818020545410336045e-02 2.316608180308548509e-02 2.887994637411154045e-02 3.517259734788702463e-02 4.178830045440371649e-02 4.836663035614979789e-02 5.446506172714198069e-02 5.960425859245022800e-02 6.333182834780212711e-02 6.529320629613144522e-02 6.529320629785827224e-02 6.333182835356085394e-02 5.960425860282143190e-02 5.446506174130322231e-02 4.836663037306646040e-02 4.178830047441219747e-02 3.517259737088300475e-02 2.887994639753664605e-02 2.316608182444322359e-02 1.818020547494322153e-02 1.397819362483772136e-02 1.054400462200703360e-02 7.813237341606554462e-03 5.694583818118905544e-03 4.086882341821322998e-03 2.891094268404205414e-03 2.017597366811391037e-03 1.389730895120263113e-03 9.446729657684844149e-04 6.326334217339681272e-04 4.151354447072993213e-04 2.629252027227456075e-04 1.538402665275911529e-04 7.080435162182578072e-05 0.000000000000000000e+00
0.000000000000000000e+00 5.710602160673323990e-05 1.238082375118476641e-04 2.108929332277109420e-04 3.315822799414023863e-04 5.028758896047473559e-04 7.469941727773771059e-04 1.092872198178991821e-03 1.577567485161395855e-03 2.247328715149338879e-03 3.157929023653216830e-03 4.373715204630450847e-03 5.964700124553863614e-03 8.000992665569386236e-03 1.054400460034791986e-02 1.363429291733147218e-02 1.727666002318800978e-02 2.142423277414511051e-02 2.596451591575986775e-02 3.071151003066239712e-02 3.540836061117358380e-02 3.974407499444772285e-02 4.338523521667735777e-02 4.601954357706738996e-02 4.740351449613197654e-02 4.740351449841806453e-02 4.601954358407267520e-02 4.338523522790155296e-02 3.974407500824896078e-02 3.540836062677509000e-02 3.071151004928314443e-02 2.596451593802027308e-02 2.142423279761617241e-02 1.727666004478510889e-02 1.363429293760319572e-02 1.054400462200700932e-02 8.000992687951687110e-03 5.964700144194344696e-03 4.373715221630183198e-03 3.157929041328191161e-03 2.247328731568996180e-03 1.577567496921188864e-03 1.092872211934836591e-03 7.469941908660727948e-04 5.028758994084693177e-04 3.315822781811595559e-04 2.108929299617370520e-04 1.238082299767869811e-04 5.710601543490921529e-05 0.000000000000000000e+00
0.000000000000000000e+00 4.531761482957064432e-05 9.803126081550207294e-05 1.664116646918404035e-04 2.605126235816119813e-04 3.931347172180006547e-04 5.808403374445483261e-04 8.449736724081093921e-04 1.212578183622825892e-03 1.717023426504676441e-03 2.398057681005673607e-03 3.300907419685443142e-03 4.473976499621328852e-03 5.964700123167791801e-03 7.813237320290029528e-03 1.004399829019774794e-02 1.265553429855514542e-02 1.561004525247533005e-02 1.882456389613231668e-02 2.216651513042797519e-02 2.545648249358501564e-02 2.848029007373356625e-02 3.101073739031426010e-02 3.283669122827766185e-02 3.379444620091547058e-02 3.379444620351383655e-02 3.283669123580906790e-02 3.101073740180334062e-02 2.848029008761755396e-02 2.545648250899578552e-02 2.216651514828227310e-02 1.882456391750906774e-02 1.561004527594400670e-02 1.265553432131462201e-02 1.004399831159343351e-02 7.813237341606521502e-03 5.964700144194331685e-03 4.473976518186765367e-03 3.300907436325174402e-03 2.398057698752926060e-03 1.717023442388319150e-03 1.212578193289148105e-03 8.449736824935964166e-04 5.808403518864968312e-04 3.931347268207409699e-04 2.605126253705346154e-04 1.664116640139809422e-04 9.803125289674908508e-05 4.531760754976773094e-05 0.000000000000000000e+00
0.000000000000000000e+00 3.540707126264158885e-05 7.641854250204445278e-05 1.292690603671792714e-04 2.014726866401076583e-04 3.025009702879691460e-04 4.444810748972758156e-04 6.428747116285095766e-04 9.170560449735137062e-04 1.290652405423560597e-03 1.791450132997422524e-03 2.450610563300860151e-03 3.300907418319457259e-03 4.373715200327215127e-03 5.694583796530956234e-03 7.277460068384681083e-03 9.117977244950841928e-03 1.118670235822715082e-02 1.342372396927813891e-02 1.573631862445647525e-02 1.800144379936922945e-02 2.007426631643142306e-02 2.180276334916437381e-02 2.304678022199149398e-02 2.369825029775764896e-02 2.369825029988711224e-02 2.304678022882371974e-02 2.180276336059453618e-02 2.007426633059085017e-02 1.800144381478102976e-02 1.573631864195059252e-02 1.342372398982472070e-02 1.118670238051230718e-02 9.117977266829958502e-03 7.277460089510273678e-03 5.694583818118881258e-03 4.373715221630167585e-03 3.300907436325168764e-03 2.450610579282029664e-03 1.791450151385098454e-03 1.290652422942034899e-03 9.170560560258571000e-04 6.428747215415571729e-04 4.444810875712408831e-04 3.025009795985331845e-04 2.014726918242544171e-04 1.292690646731891387e-04 7.641853873675719003e-05 3.540706602688122300e-05 0.000000000000000000e+00
0.000000000000000000e+00 2.725245101119575929e-05 5.868341347874015898e-05 9.891697628586055787e-05 1.534779292519571287e-04 2.292595138340410119e-04 3.349934637929759848e-04 4.816907515053073696e-04 6.829925685268775897e-04 9.553355039083403751e-04 1.317796471221933637e-03 1.791450136531570975e-03 2.398057682148768775e-03 3.157929020836796122e-03 4.086882321195958734e-03 5.192382548722901912e-03 6.469178543415335207e-03 7.895053453968878948e-03 9.427595577135688618e-03 1.100308439565251921e-02 1.253854336453447127e-02 1.393762632452175652e-02 1.510024767420749432e-02 1.593485207422311659e-02 1.637123207372855396e-02 1.637123207547032042e-02 1.593485208002301881e-02 1.510024768434040619e-02 1.393762633770451696e-02 1.253854337963210275e-02 1.100308441282792093e-02 9.427595596252525204e-03 7.895053473635322769e-03 6.469178562342340136e-03 5.192382567657511001e-03 4.086882341821306518e-03 3.157929041328175548e-03 2.398057698752916519e-03 1.791450151385094551e-03 1.317796489150861294e-03 9.553355215384381691e-04 6.829925808356211324e-04 4.816907630570577570e-04 3.349934766231311631e-04 2.292595225583662021e-04 1.534779351355306236e-04 9.891698297514417925e-05 5.868341351971713285e-05 2.725244891273026070e-05 0.000000000000000000e+00
0.000000000000000000e+00 2.067411288221958896e-05 4.441565627118228244e-05 7.460141114699000184e-05 1.152308059668608026e-04 1.712425418661065347e-04 2.488246357895638745e-04 3.556935020807063539e-04 5.012986036785775689e-04 6.968865735434086979e-04 9.553355056856483851e-04 1.290652409393903315e-03 1.717023427396544835e-03 2.247328713301454187e-03 2.891094250340248400e-03 3.651960240062116555e-03 4.524898964160829588e-03 5.493596230260337603e-03 6.528578903211347886e-03 7.586763455322845240e-03 8.613043329634365725e-03 9.544268246163679567e-03 1.031549085062265052e-02 1.086774576854702100e-02 1.115605627032981509e-02 1.115605627194481836e-02 1.086774577330412196e-02 1.031549085844997958e-02 9.544268257092805227e-03 8.613043343306526350e-03 7.586763470870680828e-03 6.528578919992463446e-03 5.493596247456100645e-03 4.524898980503417462e-03 3.651960256265364066e-03 2.891094268404195873e-03 2.247328731568980133e-03 1.717023442388307224e-03 1.290652422942028177e-03 9.553355215384377354e-04 6.968865886709696856e-04 5.012986150985097346e-04 3.556935144383622681e-04 2.488246489680800413e-04 1.712425498600728363e-04 1.152308106306357028e-04 7.460141674870348510e-05 4.441565697202199829e-05 2.067411260075811645e-05 0.000000000000000000e+00
0.000000000000000000e+00 1.546257136404602340e-05 3.314344973426242220e-05 5.547200390512080831e-05 8.530058080317421798e-05 1.261149805639912025e-04 1.822349387308756969e-04 2.589864514877272535e-04 3.628154834459910321e-04 5.012986027856471995e-04 6.829925672587706595e-04 9.170560439021264781e-04 1.212578180107550582e-03 1.577567481290356082e-03 2.017597351325670692e-03 2.534175749952361119e-03 3.123002929800525358e-03 3.772389778462787412e-03 4.462203373114023708e-03 5.163747692292875585e-03 5.840934417852989072e-03 6.452922427416337391e-03 6.958109070319970849e-03 7.318995358004494987e-03 7.507123586085332270e-03 7.507123587086299808e-03 7.318995361763678056e-03 6.958109077395593922e-03 6.452922436745773052e-03 5.840934428558072593e-03 5.163747705051706903e-03 4.462203388360329662e-03 3.772389794366171490e-03 3.123002944317498485e-03 2.534175764015997659e-03 2.017597366811387134e-03 1.577567496921177589e-03 1.212578193289137697e-03 9.170560560258502695e-04 6.829925808356235176e-04 5.012986150985128788e-04 3.628154930511595265e-04 2.589864630942044802e-04 1.822349513735388991e-04 1.261149882936491806e-04 8.530058479715598547e-05 5.547200759616738829e-05 3.314344894034306892e-05 1.546257104690229527e-05 0.000000000000000000e+00
0.000000000000000000e+00 1.140040561785060455e-05 2.438153960263599016e-05 4.066572119203404811e-05 6.225778698424213437e-05 9.158256860097934804e-05 1.316120369002830132e-04 1.859689923675912648e-04 2.589864545679762542e-04 3.556935031718067627e-04 4.816907504208400555e-04 6.428747109341675318e-04 8.449736716620597941e-04 1.092872198682749880e-03 1.389730881440233781e-03 1.735953867479646641e-03 2.128116187766651828e-03 2.558026417437609789e-03 3.012151113919703770e-03 3.471643132624901464e-03 3.913173453781967556e-03 4.310651882827682031e-03 4.637742497097080766e-03 4.870869439966482410e-03 4.992227432079499039e-03 4.992227433537508099e-03 4.870869444391737711e-03 4.637742504108702951e-03 4.310651891220335791e-03 3.913173462880836784e-03 3.471643143671423667e-03 3.012151128016274469e-03 2.558026432728326832e-03 2.128116201667403038e-03 1.735953880423991456e-03 1.389730895120262462e-03 1.092872211934832255e-03 8.449736824935838398e-04 6.428747215415484993e-04 4.816907630570574318e-04 3.556935144383651412e-04 2.589864630942108770e-04 1.859690029096885706e-04 1.316120490322736293e-04 9.158257749065764816e-05 6.225779272108287858e-05 4.066572498667318444e-05 2.438153780678218365e-05 1.140040463912374107e-05 0.000000000000000000e+00
0.000000000000000000e+00 8.277814501452112890e-06 1.766498122669596011e-05 2.936425824909201474e-05 4.476395837111456905e-05 6.552620233352423912e-05 9.366601375686014694e-05 1.316120394179873200e-04 1.822349432098485265e-04 2.488246376486966767e-04 3.349934642412634423e-04 4.444810781583861102e-04 5.808403431093626468e-04 7.469941797952539455e-04 9.446729533720492995e-04 1.173771020177688616e-03 1.431696906737163315e-03 1.712827956870015614e-03 2.008206887754843389e-03 2.305621497623549458e-03 2.590177521145717223e-03 2.845402365114023998e-03 3.054810211859596523e-03 3.203738107621545601e-03 3.281162402592440949e-03 3.281162404807372746e-03 3.203738113153338941e-03 3.054810218763728737e-03 2.845402372704250189e-03 2.590177529976620246e-03 2.305621508272495158e-03 2.008206900447321100e-03 1.712827971141194037e-03 1.431696920978805252e-03 1.173771033276443986e-03 9.446729657684843065e-04 7.469941908660671570e-04 5.808403518864919523e-04 4.444810875712367632e-04 3.349934766231326810e-04 2.488246489680829144e-04 1.822349513735420975e-04 1.316120490322717049e-04 9.366602553384539061e-05 6.552621302031214664e-05 4.476396749990782395e-05 2.936426488234870959e-05 1.766498091545772874e-05 8.277813732018235790e-06 0.000000000000000000e+00
0.000000000000000000e+00 5.902263669004186501e-06 1.256966318095448581e-05 2.082786537321333685e-05 3.162225793546222420e-05 4.607358904927945738e-05 6.552620248998981855e-05 9.158256851082963146e-05 1.261149801199718966e-04 1.712425388269913783e-04 2.292595104691319389e-04 3.025009706804716913e-04 3.931347194218115732e-04 5.028758895026315574e-04 6.326334092825007527e-04 7.821154121739349587e-04 9.494418783323057371e-04 1.130833150550048915e-03 1.320456328334103412e-03 1.510510580956585421e-03 1.691610767220825791e-03 1.853484054072460563e-03 1.985931112521316291e-03 2.079934863721264512e-03 2.128744938292279933e-03 2.128744939783976890e-03 2.079934868400088680e-03 1.985931119741132182e-03 1.853484061907503290e-03 1.691610774929885094e-03 1.510510590039741740e-03 1.320456340112100392e-03 1.130833164052009749e-03 9.494418918006510997e-04 7.821154252935026739e-04 6.326334217339724640e-04 5.028758994084704019e-04 3.931347268207352778e-04 3.025009795985241314e-04 2.292595225583577724e-04 1.712425498600662226e-04 1.261149882936479338e-04 9.158257749065396188e-05 6.552621302031641569e-05 4.607359989427018857e-05 3.162226950681569840e-05 2.082787584445932493e-05 1.256966676373803922e-05 5.902264974424111524e-06 0.000000000000000000e+00
0.000000000000000000e+00 4.103153745284505004e-06 8.721831472184003403e-06 1.440993369944837376e-05 2.179694398567426559e-05 3.162226182678856549e-05 4.476395971633846877e-05 6.225778502973248725e-05 8.530057762618436460e-05 1.152308011365229314e-04 1.534779249591935286e-04 2.014726850821384099e-04 2.605126196194450694e-04 3.315822689668425295e-04 4.151354333831053516e-04 5.108577080963406548e-04 6.174397834331963632e-04 7.324031061390541032e-04 8.520259041991181011e-04 9.714152599029327213e-04 1.084756608361187036e-03 1.185745010727817057e-03 1.268166045264787403e-03 1.326555764519731255e-03 1.356839558534409570e-03 1.356839559724243175e-03 1.326555768223094175e-03 1.268166051354612878e-03 1.185745017916820139e-03 1.084756615010176554e-03 9.714152667049735313e-04 8.520259135268965596e-04 7.324031175821763776e-04 6.174397944762236414e-04 5.108577188652549525e-04 4.151354447072943881e-04 3.315822781811543518e-04 2.605126253705285439e-04 2.014726918242474511e-04 1.534779351355250942e-04 1.152308106306297803e-04 8.530058479715334273e-05 6.225779272108294634e-05 4.476396749991355667e-05 3.162226950681781937e-05 2.179695415757276230e-05 1.440994534675356947e-05 8.721838086530303146e-06 4.103157147519366335e-06 0.000000000000000000e+00
0.000000000000000000e+00 2.732614348955178996e-06 5.799164837778638980e-06 9.557089808394040391e-06 1.440993811184077142e-05 2.082787077840719052e-05 2.936425887102751819e-05 4.066571798045488605e-05 5.547200063804343090e-05 7.460140880122442515e-05 9.891697543652801781e-05 1.292690594002998900e-04 1.664116587304318991e-04 2.108929220555067754e-04 2.629251930992530122e-04 3.222462475338372769e-04 3.879902534167203377e-04 4.585928776741430690e-04 5.317578743335587849e-04 6.045102484415160009e-04 6.733521085708534795e-04 7.345215143523427508e-04 7.843340446130753077e-04 8.195657762830037708e-04 8.378206841920619180e-04 8.378206856994434857e-04 8.195657800456718992e-04 7.843340494577170311e-04 7.345215198628738014e-04 6.733521147675792292e-04 6.045102553654302423e-04 5.317578817919154169e-04 4.585928854263645140e-04 3.879902617708888774e-04 3.222462568676455800e-04 2.629252027227463122e-04 2.108929299617357781e-04 1.664116640139799122e-04 1.292690646731882713e-04 9.891698297514058783e-05 7.460141674870069328e-05 5.547200759616322088e-05 4.066572498667086696e-05 2.936426488235321241e-05 2.082787584446180165e-05 1.440994534675483325e-05 9.557099951123022936e-06 5.799172220296839223e-06 2.732619515204640680e-06 0.000000000000000000e+00
0.000000000000000000e+00 1.663496576835841637e-06 3.525823812715853974e-06 5.799166831200037795e-06 8.721834675377066642e-06 1.256966494193445341e-05 1.766497778636195068e-05 2.438153308164332098e-05 3.314344528175803731e-05 4.441565378514495294e-05 5.868340979090699161e-05 7.641853625741366375e-05 9.803125132393655328e-05 1.238082260344436217e-04 1.538402602615934224e-04 1.879463888343061492e-04 2.256048753059919029e-04 2.659045059677354493e-04 3.075307922622953511e-04 3.488000846030677371e-04 3.877494517444109797e-04 4.222815293749092422e-04 4.503525992047779187e-04 4.701812608364672966e-04 4.804471691275790236e-04 4.804471698634795135e-04 4.701812630827196886e-04 4.503526026813582162e-04 4.222815331989112297e-04 3.877494556533545695e-04 3.488000893266390433e-04 3.075307972406140524e-04 2.659045096184431151e-04 2.256048784794447771e-04 1.879463939584383875e-04 1.538402665275883882e-04 1.238082299767853819e-04 9.803125289674671338e-05 7.641853873675338177e-05 5.868341351971082415e-05 4.441565697201411072e-05 3.314344894033722778e-05 2.438153780677655935e-05 1.766498091546210960e-05 1.256966676373593858e-05 8.721838086531058699e-06 5.799172220296225124e-06 3.525828074540647328e-06 1.663500015238900972e-06 0.000000000000000000e+00
0.000000000000000000e+00 7.854799971041287304e-07 1.663498150941319678e-06 2.732615770074441201e-06 4.103155014558053709e-06 5.902263215947263503e-06 8.277810272826638684e-06 1.140040089256635037e-05 1.546256898795146981e-05 2.067410982667096682e-05 2.725244531312167004e-05 3.540706410989329908e-05 4.531760572444192464e-05 5.710601127399840261e-05 7.080434715294546392e-05 8.632143331520397884e-05 1.034129828810720282e-04 1.216611500882651664e-04 1.404697986400452365e-04 1.590810081886722240e-04 1.766159951531808914e-04 1.921398098836762881e-04 2.047444624018711096e-04 2.136405149967711338e-04 2.182438984256143038e-04 2.182438984322794908e-04 2.136405157765499090e-04 2.047444648385424984e-04 1.921398132818805322e-04 1.766159982936773263e-04 1.590810111728325333e-04 1.404698022221822378e-04 1.216611537784156871e-04 1.034129856430285853e-04 8.632143617870508174e-05 7.080435162182186404e-05 5.710601543490585426e-05 4.531760754976739213e-05 3.540706602688405548e-05 2.725244891273094510e-05 2.067411260075785557e-05 1.546257104689431622e-05 1.140040463912142528e-05 8.277813732012536952e-06 5.902264974422821493e-06 4.103157147515399680e-06 2.732619515207164415e-06 1.663500015237895756e-06 7.854831769143072651e-07 0.000000000000000000e+00
0.000000000000000000e+00 0.000000000000000000e+00 0.000000000000000000e+00 0.000000000000000000e+00 0.000000000000000000e+00 0.000000000000000000e+00 0.000000000000000000e+00 0.000000000000000000e+00 0.000000000000000000e+00 0.000000000000000000e+00 0.000000000000000000e+00 0.000000000000000000e+00 0.000000000000000000e+00 0.000000000000000000e+00 0.000000000000000000e+00 0.000000000000000000e+00 0.000000000000000000e+00 0.000000000000000000e+00 0.000000000000000000e+00 0.000000000000000000e+00 0.000000000000000000e+00 0.000000000000000000e+00 0.000000000000000000e+00 0.000000000000000000e+00 0.000000000000000000e+00 0.000000000000000000e+00 0.000000000000000000e+00 0.000000000000000000e+00 0.000000000000000000e+00 0.000000000000000000e+00 0.000000000000000000e+00 0.000000000000000000e+00 0.000000000000000000e+00 0.000000000000000000e+00 0.000000000000000000e+00 0.000000000000000000e+00 0.000000000000000000e+00 0.000000000000000000e+00 0.000000000000000000e+00 0.000000000000000000e+00 0.000000000000000000e+00 0.000000000000000000e+00 0.000000000000000000e+00 0.000000000000000000e+00 0.000000000000000000e+00 0.000000000000000000e+00 0.000000000000000000e+00 0.000000000000000000e+00 0.000000000000000000e+00 0.000000000000000000e+00
