0.000000000000000000e+00 0.000000000000000000e+00 0.000000000000000000e+00 0.000000000000000000e+00 0.000000000000000000e+00 0.000000000000000000e+00 0.000000000000000000e+00 0.000000000000000000e+00 0.000000000000000000e+00 0.000000000000000000e+00 0.000000000000000000e+00 0.000000000000000000e+00 0.000000000000000000e+00 0.000000000000000000e+00 0.000000000000000000e+00 0.000000000000000000e+00 0.000000000000000000e+00 0.000000000000000000e+00 0.000000000000000000e+00 0.000000000000000000e+00 0.000000000000000000e+00 0.000000000000000000e+00 0.000000000000000000e+00 0.000000000000000000e+00 0.000000000000000000e+00 0.000000000000000000e+00 0.000000000000000000e+00 0.000000000000000000e+00 0.000000000000000000e+00 0.000000000000000000e+00 0.000000000000000000e+00 0.000000000000000000e+00 0.000000000000000000e+00 0.000000000000000000e+00 0.000000000000000000e+00 0.000000000000000000e+00 0.000000000000000000e+00 0.000000000000000000e+00 0.000000000000000000e+00 0.000000000000000000e+00 0.000000000000000000e+00 0.000000000000000000e+00 0.000000000000000000e+00 0.000000000000000000e+00 0.000000000000000000e+00 0.000000000000000000e+00 0.000000000000000000e+00 0.000000000000000000e+00 0.000000000000000000e+00 0.000000000000000000e+00
0.000000000000000000e+00 7.341992764483084250e-36 5.488069003168063644e-34 4.460442357421268224e-33 5.682074253635671739e-32 5.641593763518555676e-31 5.831591457162023134e-30 5.600407495907109157e-29 5.196680600549374566e-28 4.572175677428898525e-27 3.822377561312432462e-26 3.016028741966893366e-25 2.237655620401417587e-24 1.550934119496529288e-23 9.978597914117361490e-23 5.909842272338985378e-22 3.191104314797124831e-21 1.552171920363817211e-20 6.701683754930700241e-20 2.521394727126965135e-19 8.075937257042814794e-19 2.138712796516491336e-18 4.522451969714979601e-18 7.379420953692658416e-18 9.206849422558627243e-18 9.206848561054732171e-18 7.379418658520696433e-18 4.522448987915834094e-18 2.138709549198325333e-18 8.075908937325592098e-19 2.521371456111862467e-19 6.701505172414456572e-20 1.552069923621416115e-20 3.190488837592616434e-21 5.907034601449718586e-22 9.965612638867691454e-23 1.545929821221503632e-23 2.219046204776695284e-24 2.954326885874833523e-25 3.628575456992105502e-26 4.011879406888818171e-27 3.658961729285795960e-28 1.667812661223006253e-29 -3.808734938167993854e-30 -1.647360638460349656e-30 -4.346516773106724201e-31 -9.791714763204148098e-32 -2.026853125152379686e-32 -3.888457277798260269e-33 0.000000000000000000e+00
0.000000000000000000e+00 5.488069003176778995e-34 4.806867714546346037e-33 6.194869677522499789e-32 6.520551766714063497e-31 7.050712771348449061e-30 7.144746976270219027e-29 7.000446074458150998e-28 6.531260238066690016e-27 5.809619007902547388e-26 4.899936033557683314e-25 3.904887672136026136e-24 2.924638062543520449e-23 2.047346000864457372e-22 1.330273338963903323e-21 7.958815134132231146e-21 4.341487023738917508e-20 2.133691026194627842e-19 9.308539518761120088e-19 3.538421576747280496e-18 1.144676690649531133e-17 3.059225118275211275e-17 6.517663645363720267e-17 1.068425969196593041e-16 1.334269011731061743e-16 1.334268998408776310e-16 1.068425930565209477e-16 6.517663276777309870e-17 3.059225142318314858e-17 1.144676951664104091e-17 3.538426004316396505e-18 9.308587163867623072e-19 2.133720658517761888e-19 4.341688110203312478e-20 7.959736460178088943e-21 1.330716784009693178e-21 2.049037289060154788e-22 2.930978913308358104e-23 3.925657357459334655e-24 4.964814353030376759e-25 5.994841491142443498e-26 7.034055825331390220e-27 8.268831152696866342e-28 1.021466640412777302e-28 1.398556303646881328e-29 2.173358057729462704e-30 3.733237116901726347e-31 6.733619576690840499e-32 1.215655399080705977e-32 0.000000000000000000e+00
0.000000000000000000e+00 4.460442357411432449e-33 6.194869677525744671e-32 6.818620521639903775e-31 7.733663327151186563e-30 8.232234854033024887e-29 8.498554723460924509e-28 8.377031932084173441e-27 7.899311150752223912e-26 7.089156682623010760e-25 6.037580139403459342e-24 4.856712739527028656e-23 3.673013304092596945e-22 2.596132003535731868e-21 1.703594883995960779e-20 1.029430012453568436e-19 5.672712733436084193e-19 2.816672379938024297e-18 1.241578175087422185e-17 4.768312691752690892e-17 1.558002675919153497e-16 4.202333405715281649e-16 9.021162508968857807e-16 1.485721401254145025e-15 1.857034802682699837e-15 1.857034805468777878e-15 1.485721411196440834e-15 9.021162580053881143e-16 4.202333267467687562e-16 1.558002440428638398e-16 4.768309484786854678e-17 1.241574959127246150e-17 2.816653048509689838e-18 5.672580102279501146e-19 1.029370771064946870e-19 1.703303779678989854e-20 2.595038045422454368e-21 3.668855128355016890e-22 4.843166818167402751e-23 5.995004513775746918e-24 6.967647996680183789e-25 7.569166562000014089e-26 7.543081278214841945e-27 6.486133892984380407e-28 3.682350174226331913e-29 -2.181461027739257001e-30 -1.345152380953962429e-30 -3.408777397487967817e-31 -6.980611149035041553e-32 0.000000000000000000e+00
0.000000000000000000e+00 5.682074253644335705e-32 6.520551766710858903e-31 7.733663327152101611e-30 8.629553327739036315e-29 9.360668767427159791e-28 9.719474024642712397e-27 9.682779336736487132e-26 9.210302907341732241e-25 8.345080762618923500e-24 7.172183553729798324e-23 5.824080375209810690e-22 4.445751458693982828e-21 3.172338578191076013e-20 2.101674117300173945e-19 1.282395022790900048e-18 7.136716098129435390e-18 3.579276770145910616e-17 1.593772691230099327e-16 6.183077004921724910e-16 2.040255275792956481e-15 5.553544002105878368e-15 1.201221835584830757e-14 1.987522480883480143e-14 2.486239016938447516e-14 2.486239015353041885e-14 1.987522474845041477e-14 1.201221830424383391e-14 5.553544063479369601e-15 2.040255388556677395e-15 6.183078683691764831e-16 1.593774416350261514e-16 3.579286989419115841e-17 7.136789060481837349e-18 1.282426656108765342e-18 2.101834961467459415e-19 3.172929265293499522e-20 4.448041559119049082e-21 5.831445177884322334e-22 7.195503412812838333e-23 8.411199069833354964e-24 9.389834999250507837e-25 1.013416703599823633e-25 1.080230920680156604e-26 1.179461905398106698e-27 1.387888256638629317e-28 1.836737497766001092e-29 2.733308961138989203e-30 4.350455922479020309e-31 0.000000000000000000e+00
0.000000000000000000e+00 5.641593763513260519e-31 7.050712771350714961e-30 8.232234854032371321e-29 9.360668767427254855e-28 1.021200188704926467e-26 1.071628351047636086e-25 1.076784516908795596e-24 1.033945477134308926e-23 9.451967539459311087e-23 8.198524706096637563e-22 6.717632117919428053e-21 5.174973407485965890e-20 3.726540232245517986e-19 2.491819445772837227e-18 1.534763835951182647e-17 8.623012881893395639e-17 4.366807570830583066e-16 1.963635575380464166e-15 7.693383761548104524e-15 2.563240782060037277e-14 7.040161720649038863e-14 1.534216103595479493e-13 2.550165341591890392e-13 3.192313136723523630e-13 3.192313138003828976e-13 2.550165346166838851e-13 1.534216108227390273e-13 7.040161706821525196e-14 2.563240739200772437e-14 7.693382983200637310e-15 1.963634739967327210e-15 4.366802685199419096e-16 8.622976214715052041e-17 1.534748535212880249e-17 2.491738094605755999e-18 3.726251112171154382e-19 5.173820766453669189e-20 6.714000721064335741e-21 8.186892002364185098e-22 9.419374938670808811e-23 1.025094443746739871e-23 1.054730694577514663e-24 1.019133887291318415e-25 9.044888832348323783e-27 6.880714809546858690e-28 3.292455167461410434e-29 -2.391014905029686607e-30 -1.104468609599086478e-30 0.000000000000000000e+00
0.000000000000000000e+00 5.831591457164658276e-30 7.144746976269254934e-29 8.498554723461132574e-28 9.719474024642812842e-27 1.071628351047626443e-25 1.134197000167487690e-24 1.150372640802603882e-23 1.114348959503090740e-22 1.027928244495587121e-21 8.994447849603421206e-21 7.435226143957613668e-20 5.778031663412310627e-19 4.197610795576941524e-18 2.831723388483517730e-17 1.759808969935244905e-16 9.977746187279633646e-16 5.099901514355370107e-15 2.315001249910621626e-14 9.156599030957669632e-14 3.079465383830600718e-13 8.532714546389742651e-13 1.873210447635128302e-12 3.127691929482523117e-12 3.917580171081284409e-12 3.917580170134136759e-12 3.127691926115840671e-12 1.873210443745535634e-12 8.532714535699994295e-13 3.079465388268784172e-13 9.156599302189181484e-14 2.315001589753498143e-14 5.099903514382350368e-15 9.977762570597869176e-16 1.759815496808823139e-16 2.831760488007060758e-17 4.197736766865325172e-18 5.778555633631216352e-19 7.436824774002591926e-20 8.999667539560931454e-21 1.029360657858065749e-21 1.118244474290411076e-22 1.159917129252580785e-23 1.156648827020046916e-24 1.120523044632636505e-25 1.073267293107857173e-26 1.045048370532600224e-27 1.071101641335114307e-28 1.175156961740369401e-29 0.000000000000000000e+00
0.000000000000000000e+00 5.600407495906225778e-29 7.000446074458287316e-28 8.377031932084358547e-27 9.682779336736229993e-26 1.076784516908813595e-24 1.150372640802596829e-23 1.177019904490926861e-22 1.150386056401421920e-21 1.070322863659002454e-20 9.446399948175130286e-20 7.874851861498086682e-19 6.171291182224336329e-18 4.520814353516982441e-17 3.075358462313395173e-16 1.927375285751154768e-15 1.102158908999212348e-14 5.682735281511756574e-14 2.602618471780340627e-13 1.038755000224270000e-12 3.524924832476945180e-12 9.850274340914771883e-12 2.177981226449126523e-11 3.652481078073001196e-11 4.576985866764283981e-11 4.576985863228426782e-11 3.652481069199546545e-11 2.177981217026921868e-11 9.850274276372229058e-12 3.524924800639721042e-12 1.038754978110610508e-12 2.602618303787200592e-13 5.682734443430874816e-14 1.102158226275012127e-14 1.927372799249902820e-15 3.075343184641628096e-16 4.520766094905248692e-17 6.171077403944772933e-18 7.874232867148213949e-19 9.444312632138919333e-20 1.069770619744238881e-20 1.148877265462598836e-21 1.173438045151026397e-22 1.142109172325432619e-23 1.059515689442697455e-24 9.342115661374907192e-26 7.768950503563096900e-27 6.007869953325003914e-28 4.251962133641127596e-29 0.000000000000000000e+00
0.000000000000000000e+00 5.196680600549332415e-28 6.531260238066929649e-27 7.899311150751895600e-26 9.210302907342013258e-25 1.033945477134290999e-23 1.114348959503098734e-22 1.150386056401419663e-21 1.133990202659384021e-20 1.064063681740938481e-19 9.468603254266166108e-19 7.957526423572879433e-18 6.285629068593368918e-17 4.640722214460571388e-16 3.181497296078607762e-15 2.009436943457848566e-14 1.158137255192538628e-13 6.019335200293440235e-13 2.779482781797791048e-12 1.118685884388885587e-11 3.828252867638501306e-11 1.078440626322080336e-10 2.400903481269347573e-10 4.043120016278209690e-10 5.067977832379598196e-10 5.067977849878669195e-10 4.043120064170104966e-10 2.400903534844373290e-10 1.078440663696501044e-10 3.828253078067147390e-11 1.118685984440181183e-11 2.779483192816928367e-12 6.019336631649772140e-13 1.158137833471209319e-13 2.009438596133934881e-14 3.181504860269147153e-15 4.640742199578294630e-16 6.285714797057884640e-17 7.957746861650827653e-18 9.469362945749343955e-19 1.064249290265392040e-19 1.134498542792032518e-20 1.151512831470814042e-21 1.116847555720022612e-22 1.038676355633374029e-23 9.292330788922906708e-25 8.011382427480798298e-26 6.625219198884132705e-27 5.068989557801048548e-28 0.000000000000000000e+00
0.000000000000000000e+00 4.572175677429174032e-27 5.809619007902222520e-26 7.089156682623294532e-25 8.345080762618703095e-24 9.451967539459435690e-23 1.027928244495581854e-21 1.070322863659004109e-20 1.064063681740938601e-19 1.006610783058458701e-18 9.028706306725282851e-18 7.646012264796567029e-17 6.084489634170023327e-16 4.524635774039089387e-15 3.123822845624008841e-14 1.986784256403625651e-13 1.153094751065501326e-12 6.035776777489917154e-12 2.807482749115169221e-11 1.138495070853916184e-10 3.926008338812877141e-10 1.114237138368375436e-09 2.496516373887202670e-09 4.220427572360474240e-09 5.290713003966543155e-09 5.290712962571342401e-09 4.220427455187446167e-09 2.496516240184930887e-09 1.114237041102874036e-09 3.926007742783299015e-10 1.138494781857877469e-10 2.807481583211194071e-11 6.035772748099367771e-12 1.153093480731767385e-12 1.986780837873010716e-13 3.123813241712127595e-14 4.524614223858674467e-15 6.084429353744335647e-16 7.645888796927483114e-17 9.028362527726449627e-18 1.006542583816426741e-18 1.063894327073569388e-19 1.070013692177317458e-20 1.027329997137533301e-21 9.444100503025429751e-23 8.339462974858549625e-24 7.108810751101874795e-25 5.916917247342064626e-26 4.934024705654578293e-27 0.000000000000000000e+00
0.000000000000000000e+00 3.822377561312168435e-26 4.899936033557911985e-25 6.037580139403280079e-24 7.172183553729918224e-23 8.198524706096576437e-22 8.994447849603440766e-21 9.446399948175129082e-20 9.468603254266158404e-19 9.028706306725287473e-18 8.159525870934795179e-17 6.959803357879452938e-16 5.576286882719062636e-15 4.173659110029120863e-14 2.899380131810963343e-13 1.855091642998199719e-12 1.083016850154224112e-11 5.702673129068895052e-11 2.668804936675032767e-10 1.089193946638301861e-09 3.780993255715903637e-09 1.080169549599902524e-08 2.434163317128716406e-08 4.129232368359403297e-08 5.175584697318006283e-08 5.175584763493212984e-08 4.129232561508891389e-08 2.434163540807638315e-08 1.080169718228672207e-08 3.780994354002307532e-09 1.089194490306483842e-09 2.668807185655678653e-10 5.702681103293430272e-11 1.083019340315544671e-11 1.855098511756719242e-12 2.899397707636398765e-13 4.173698910156047728e-14 5.576375898484236166e-15 6.959975124330546243e-16 8.159877472848360028e-17 9.029299417448693417e-18 9.469705771795480750e-19 9.447944611709649034e-20 8.996564873005430065e-21 8.199243250005261571e-22 7.166759212223309224e-23 6.009459649077917439e-24 4.809927746476749825e-25 3.575753220882347386e-26 0.000000000000000000e+00
0.000000000000000000e+00 3.016028741967054997e-25 3.904887672135906382e-24 4.856712739527119170e-23 5.824080375209761790e-22 6.717632117919449118e-21 7.435226143957617279e-20 7.874851861498071275e-19 7.957526423572897922e-18 7.646012264796555935e-17 6.959803357879457869e-16 5.976271975514440670e-15 4.817894675408081361e-14 3.626478685876174444e-13 2.532357241232416988e-12 1.628049201792951840e-11 9.547883660129432760e-11 5.049909869537474337e-10 2.374138715278806599e-09 9.736601870758705690e-09 3.397655110384138171e-08 9.759073396777856700e-08 2.209908463364506127e-07 3.759521327283511702e-07 4.709988613812340379e-07 4.709988535824264626e-07 3.759521091778260990e-07 2.209908186969930762e-07 9.759071242061115494e-08 3.397653633627130393e-08 9.736594486842355185e-09 2.374135586844402985e-09 5.049898563647905276e-10 9.547847886244668548e-11 1.628039135398412414e-11 2.532331505282089062e-12 3.626419059836285541e-13 4.817765246308164980e-14 5.976016460325720147e-15 6.959316436508681394e-16 7.645178188979849018e-17 7.956120003318623661e-18 7.872804705672362296e-19 7.432413410785818982e-20 6.715033161729016913e-21 5.824053448642579751e-22 4.867311203712782751e-23 3.944352871330736919e-24 3.127380614343409169e-25 0.000000000000000000e+00
0.000000000000000000e+00 2.237655620401342649e-24 2.924638062543580400e-23 3.673013304092564031e-22 4.445751458694004645e-21 5.174973407485967094e-20 5.778031663412301960e-19 6.171291182224356359e-18 6.285629068593356592e-17 6.084489634170036146e-16 5.576286882719058692e-15 4.817894675408084516e-14 3.905338203770292129e-13 2.953567902263922558e-12 2.070800243122866193e-11 1.335832783524693213e-10 7.856723734324323232e-10 4.166179002051383798e-09 1.963677642592131314e-08 8.076047333143203961e-08 2.827528330148194441e-07 8.151889081609637275e-07 1.852566933763266117e-06 3.157931199230437501e-06 3.952878345272285089e-06 3.952878415101627897e-06 3.157931418964655877e-06 1.852567195050860054e-06 8.151891188945462671e-07 2.827529842410630215e-07 8.076054897297912903e-08 1.963680921046349508e-08 4.166190994165190766e-09 7.856762144143143672e-10 1.335843737335643206e-10 2.070828496978791389e-11 2.953634327437434572e-12 3.905482848384950417e-13 4.818185398986104554e-14 5.576838539617320796e-15 6.085459034279572444e-16 6.287259362683223838e-17 6.173807843210846130e-18 5.781729031760272782e-19 5.179720678361575301e-20 4.450931161930177736e-21 3.675742069986207355e-22 2.918261296380567442e-23 2.205975866151665277e-24 0.000000000000000000e+00
0.000000000000000000e+00 1.550934119496563084e-23 2.047346000864436448e-22 2.596132003535745786e-21 3.172338578191073004e-20 3.726540232245513171e-19 4.197610795576954620e-18 4.520814353516971348e-17 4.640722214460582235e-16 4.524635774039083076e-15 4.173659110029125912e-14 3.626478685876175454e-13 2.953567902263923770e-12 2.242165199408500494e-11 1.576331756841210505e-10 1.018633735238255539e-09 5.996290650038178088e-09 3.180345452756534187e-08 1.498912170332015690e-07 6.165108959784921136e-07 2.159891144854304640e-06 6.235740591354411964e-06 1.419564867123097586e-05 2.421732023232743997e-05 3.027129855387734859e-05 3.027129807701876165e-05 2.421731864909776156e-05 1.419564676293564624e-05 6.235738995453190968e-06 2.159889948976753313e-06 6.165103035458703235e-07 1.498909539556339169e-07 3.180335782021982312e-08 5.996259376404473208e-09 1.018624740258159725e-09 1.576308391376960284e-10 2.242109800945520988e-11 2.953446635214070806e-12 3.626232640323515182e-13 4.173190705593739460e-14 4.523802126608269146e-15 4.639313256934753797e-16 4.518584091374003714e-17 4.194244127919977714e-18 3.721834582114924897e-19 3.166205983594956309e-20 2.589241791353685354e-21 2.041529975088273019e-22 1.551251300424547451e-23 0.000000000000000000e+00
0.000000000000000000e+00 9.978597914117265099e-23 1.330273338963909529e-21 1.703594883995958673e-20 2.101674117300172982e-19 2.491819445772843005e-18 2.831723388483511567e-17 3.075358462313401089e-16 3.181497296078603029e-15 3.123822845624011996e-14 2.899380131810964352e-13 2.532357241232418200e-12 2.070800243122867163e-11 1.576331756841210505e-10 1.109695612257710166e-09 7.169941090048224890e-09 4.214164575425159569e-08 2.229049571881417665e-07 1.046905525713104665e-06 4.290395037551608323e-06 1.498515415557807621e-05 4.317853265364103517e-05 9.820357369366234041e-05 1.673668990440750366e-04 2.087644398038476464e-04 2.087644422427013173e-04 1.673669077832978694e-04 9.820358438232270574e-05 4.317854196100957072e-05 1.498516142749383382e-05 4.290398560739122963e-06 1.046907137308439252e-06 2.229055468299865599e-07 4.214183797952604477e-08 7.169996556889110442e-09 1.109710058747921672e-09 1.576366086192372984e-10 2.070875409287698955e-11 2.532509835283771080e-12 2.899669886184667350e-13 3.124338274023096069e-14 3.182364617257539126e-15 3.076733109734005899e-16 2.833798669640788204e-17 2.494765850752652459e-18 2.105640877352255595e-19 1.708505427350249399e-20 1.335742109530855590e-21 1.002538968456024262e-22 0.000000000000000000e+00
0.000000000000000000e+00 5.909842272338990080e-22 7.958815134132229642e-21 1.029430012453567473e-19 1.282395022790902744e-18 1.534763835951179873e-17 1.759808969935249095e-16 1.927375285751151218e-15 2.009436943457849828e-14 1.986784256403625146e-13 1.855091642998200527e-12 1.628049201792952164e-11 1.335832783524693730e-10 1.018633735238255539e-09 7.169941090048225718e-09 4.622460957661420114e-08 2.705130145594514241e-07 1.421821540023802774e-06 6.625235518705927415e-06 2.691730234530970078e-05 9.323801928411110953e-05 2.668281470747273297e-04 6.038991659000364108e-04 1.025481715769045775e-03 1.275131777047950167e-03 1.275131768177731372e-03 1.025481679794000350e-03 6.038991211615322768e-04 2.668281062310015215e-04 9.323798602951465886e-05 2.691728689560031446e-05 6.625228145245018291e-06 1.421818900517431294e-06 2.705121464595487332e-07 4.622436066802097751e-08 7.169876627115527463e-09 1.018618560748948083e-09 1.335800021093845098e-10 1.627983912697885284e-11 1.854970757854874533e-12 1.986575827516959664e-13 2.009100194316493413e-14 1.926866953468966376e-15 1.759087365910364402e-16 1.533812403663328363e-17 1.281227495672635352e-18 1.028149380893729936e-19 7.946895765056902352e-21 5.903276841242966603e-22 0.000000000000000000e+00
0.000000000000000000e+00 3.191104314797141382e-21 4.341487023738901258e-20 5.672712733436097675e-19 7.136716098129421523e-18 8.623012881893410431e-17 9.977746187279619841e-16 1.102158908999212979e-14 1.158137255192538628e-13 1.153094751065501730e-12 1.083016850154224597e-11 9.547883660129430175e-11 7.856723734324323232e-10 5.996290650038177261e-09 4.214164575425158907e-08 2.705130145594513712e-07 1.571359196094171116e-06 8.171769646895706482e-06 3.756667305657474014e-05 1.502851440233760451e-04 5.124160078143935766e-04 1.445904941410411457e-03 3.236882707134424320e-03 5.454321006351317731e-03 6.750763861515857688e-03 6.750763881375642511e-03 5.454321110445107743e-03 3.236882839282204018e-03 1.445905069508919387e-03 5.124161165684261573e-04 1.502851905995616346e-04 3.756669702359706308e-05 8.171777707671843633e-06 1.571361890456437187e-06 2.705137610269623188e-07 4.214183335235412963e-08 5.996332621939207694e-09 7.856807871563987511e-10 9.548033919125271184e-11 1.083040375678845977e-11 1.153125555772589170e-12 1.158166339664401586e-13 1.102161349727827191e-14 9.976998282699750352e-16 8.620580424628783082e-17 7.131180592982104798e-18 5.661961594230379712e-19 4.322725159221743602e-20 3.161039717585440826e-21 0.000000000000000000e+00
0.000000000000000000e+00 1.552171920363809086e-20 2.133691026194635545e-19 2.816672379938018904e-18 3.579276770145916779e-17 4.366807570830577642e-16 5.099901514355373263e-15 5.682735281511754049e-14 6.019335200293441245e-13 6.035776777489921193e-12 5.702673129068887944e-11 5.049909869537480541e-10 4.166179002051384625e-09 3.180345452756534187e-08 2.229049571881417929e-07 1.421821540023802774e-06 8.171769646895703094e-06 4.184449514194727403e-05 1.884774363809602483e-04 7.357104192548889320e-04 2.442762939727744637e-03 6.721621384693722730e-03 1.474320263669814078e-02 2.449171213078318518e-02 3.010147248967403114e-02 3.010147247843752288e-02 2.449171194754401135e-02 1.474320239691235407e-02 6.721621130119257922e-03 2.442762713589353204e-03 7.357103400271279700e-04 1.884773869234237663e-04 4.184448169768269221e-05 8.171764883793072751e-06 1.421820448465348830e-06 2.229047328989569177e-07 3.180342541092047509e-08 4.166179656944007609e-09 5.049930044115005715e-10 5.702757206214559137e-11 6.036028875791376209e-12 6.019970450369084215e-13 5.684156004277427611e-14 5.102794402650172916e-15 4.372260203493860351e-16 3.588881635193234737e-17 2.832620890099517127e-18 2.158774334196363536e-19 1.589284852669517461e-20 0.000000000000000000e+00
0.000000000000000000e+00 6.701683754930720704e-20 9.308539518761104680e-19 1.241578175087424034e-17 1.593772691230098341e-16 1.963635575380464955e-15 2.315001249910620364e-14 2.602618471780340122e-13 2.779482781797791452e-12 2.807482749115168252e-11 2.668804936675036386e-10 2.374138715278805772e-09 1.963677642592131314e-08 1.498912170332015425e-07 1.046905525713104242e-06 6.625235518705925721e-06 3.756667305657473337e-05 1.884774363809603025e-04 8.252310506880877880e-04 3.106598910461655632e-03 9.891472141041678448e-03 2.609071805613244130e-02 5.520889269222239992e-02 8.943102724242775470e-02 1.087135791656196060e-01 1.087135790894359910e-01 8.943102734374459850e-02 5.520889283683862864e-02 2.609071825971378406e-02 9.891472334496383828e-03 3.106598917251520743e-03 8.252310960920949479e-04 1.884774335983690607e-04 3.756667369753464763e-05 6.625234058884210273e-06 1.046904804686645929e-06 1.498908970793922647e-07 1.963666377721500673e-08 2.374104226687857494e-09 2.668711087054486535e-10 2.807251615133778351e-11 2.778960966856540016e-12 2.601527902032587563e-13 2.312875042903808599e-14 1.959743367926094891e-15 1.587047789222345876e-16 1.230559679268964380e-17 9.136736457650076237e-19 6.449002995030277845e-20 0.000000000000000000e+00
0.000000000000000000e+00 2.521394727126966579e-19 3.538421576747281266e-18 4.768312691752690892e-17 6.183077004921729841e-16 7.693383761548101368e-15 9.156599030957672156e-14 1.038755000224269798e-12 1.118685884388885910e-11 1.138495070853916184e-10 1.089193946638302481e-09 9.736601870758710653e-09 8.076047333143197343e-08 6.165108959784923253e-07 4.290395037551607476e-06 2.691730234530970078e-05 1.502851440233760451e-04 7.357104192548889320e-04 3.106598910461655198e-03 1.112538450013690616e-02 3.326798473456790001e-02 8.192323677187805797e-02 1.629675107671082479e-01 2.525073139686805357e-01 3.014164644396661874e-01 3.014164646407668791e-01 2.525073141864728754e-01 1.629675110637333613e-01 8.192323703138844337e-02 3.326798497194356774e-02 1.112538472661142239e-02 3.106598931555923458e-03 7.357104794048562957e-04 1.502851598909830781e-04 2.691731351532116671e-05 4.290399310091539561e-06 6.165125510914381021e-07 8.076101537857341416e-08 9.736761813841471213e-09 1.089236528267932089e-09 1.138598623271889707e-10 1.118918004841662345e-11 1.039238334026482585e-12 9.166010134100885365e-14 7.710616693993302702e-15 6.212898353949911495e-16 4.817290478532373458e-17 3.615028295923060066e-18 2.634471669000292888e-19 0.000000000000000000e+00
0.000000000000000000e+00 8.075937257042808054e-19 1.144676690649531903e-17 1.558002675919151771e-16 2.040255275792959242e-15 2.563240782060036331e-14 3.079465383830604757e-13 3.524924832476943968e-12 3.828252867638499367e-11 3.926008338812878691e-10 3.780993255715906119e-09 3.397655110384136848e-08 2.827528330148194441e-07 2.159891144854303793e-06 1.498515415557807282e-05 9.323801928411113663e-05 5.124160078143936850e-04 2.442762939727745504e-03 9.891472141041681918e-03 3.326798473456789307e-02 9.115294116357423870e-02 2.017933892762659720e-01 3.619426453229600549e-01 5.186642974964027486e-01 5.997643988332908016e-01 5.997643987949453637e-01 5.186642973883403007e-01 3.619426450460170308e-01 2.017933888672775178e-01 9.115294074088733933e-02 3.326798459465693525e-02 9.891472142731148193e-03 2.442762851118276349e-03 5.124159799816321989e-04 9.323799348385808936e-05 1.498514367954698047e-05 2.159886817082617259e-06 2.827513879636280014e-07 3.397611744591974090e-08 3.780876820348551759e-09 3.925723504316679192e-10 3.827611736530323429e-11 3.523585500189124428e-12 3.076850213390671150e-13 2.558439547322966497e-14 2.031925211186299620e-15 1.544285371386937368e-16 1.123161938160497441e-17 7.757417011550464986e-19 0.000000000000000000e+00
0.000000000000000000e+00 2.138712796516494032e-18 3.059225118275209427e-17 4.202333405715286087e-16 5.553544002105875212e-15 7.040161720649042649e-14 8.532714546389745681e-13 9.850274340914775114e-12 1.078440626322080982e-10 1.114237138368376056e-09 1.080169549599902359e-08 9.759073396777859347e-08 8.151889081609636217e-07 6.235740591354410270e-06 4.317853265364104195e-05 2.668281470747272213e-04 1.445904941410411674e-03 6.721621384693723597e-03 2.609071805613243436e-02 8.192323677187808573e-02 2.017933892762659720e-01 3.858779142501281290e-01 5.931494296502292096e-01 7.522100421367942102e-01 8.255886273575705481e-01 8.255886269978628400e-01 7.522100414513533950e-01 5.931494289345121684e-01 3.858779135972676411e-01 2.017933886563952062e-01 8.192323623321141890e-02 2.609071789582579140e-02 6.721621409294239666e-03 1.445904968569006925e-03 2.668281807658994149e-04 4.317854702191192438e-05 6.235746744726799602e-06 8.151909374758731618e-07 9.759134067712489382e-08 1.080185644746837183e-08 1.114276096787980133e-09 1.078527389101350003e-10 9.852068954921012821e-12 8.536186850122691524e-13 7.046483602118115248e-14 5.564429412976701629e-15 4.220135506605609424e-16 3.086972343299188519e-17 2.179575646240959732e-18 0.000000000000000000e+00
0.000000000000000000e+00 4.522451969714975749e-18 6.517663645363723965e-17 9.021162508968853862e-16 1.201221835584830125e-14 1.534216103595478736e-13 1.873210447635128302e-12 2.177981226449126523e-11 2.400903481269346022e-10 2.496516373887202670e-09 2.434163317128717068e-08 2.209908463364505862e-07 1.852566933763265905e-06 1.419564867123097247e-05 9.820357369366225909e-05 6.038991659000368445e-04 3.236882707134423887e-03 1.474320263669814945e-02 5.520889269222233053e-02 1.629675107671081369e-01 3.619426453229599994e-01 5.931494296502292096e-01 7.811586556939641435e-01 8.928491670186247120e-01 9.378153835262398319e-01 9.378153834202254124e-01 8.928491667767114448e-01 7.811586555464254955e-01 5.931494297724890785e-01 3.619426455334436854e-01 1.629675106165361653e-01 5.520889244228163045e-02 1.474320257806363034e-02 3.236882666247394447e-03 6.038991610690155193e-04 9.820357467020254599e-05 1.419564993661995185e-05 1.852567620213995589e-06 2.209911001842129260e-07 2.434171341063413650e-08 2.496538342670877061e-09 2.400957626668928100e-10 2.178103078502561904e-11 1.873464000272117645e-12 1.534708302867921021e-13 1.202119477990232159e-14 9.036630469381914257e-16 6.542959581355799215e-17 4.561338162797182335e-18 0.000000000000000000e+00
0.000000000000000000e+00 7.379420953692652253e-18 1.068425969196593534e-16 1.485721401254144631e-15 1.987522480883479512e-14 2.550165341591889887e-13 3.127691929482523521e-12 3.652481078072999258e-11 4.043120016278212275e-10 4.220427572360475895e-09 4.129232368359402635e-08 3.759521327283509055e-07 3.157931199230436230e-06 2.421732023232743320e-05 1.673668990440750094e-04 1.025481715769044691e-03 5.454321006351314262e-03 2.449171213078318865e-02 8.943102724242776858e-02 2.525073139686805357e-01 5.186642974964026376e-01 7.522100421367937662e-01 8.928491670186240459e-01 9.579070377775511513e-01 9.803084635935143121e-01 9.803084640686607898e-01 9.579070389459275470e-01 8.928491682392196704e-01 7.522100436219859576e-01 5.186642990580077051e-01 2.525073149153083119e-01 8.943102745113648555e-02 2.449171193363838470e-02 5.454320861034446348e-03 1.025481599058348896e-03 1.673668495808561696e-04 2.421730011296452804e-05 3.157924602622195213e-06 3.759501726604030711e-07 4.129180296503834138e-08 4.220301021679270518e-09 4.042836377289035146e-10 3.651889756623244898e-11 3.126537478759887154e-12 2.548042742119631237e-13 1.983829334007186695e-14 1.479615321241543041e-15 1.058800988625923679e-16 7.236077804081794598e-18 0.000000000000000000e+00
0.000000000000000000e+00 9.206849422558634947e-18 1.334269011731061250e-16 1.857034802682699837e-15 2.486239016938446885e-14 3.192313136723523125e-13 3.917580171081283602e-12 4.576985866764283335e-11 5.067977832379598196e-10 5.290713003966544810e-09 5.175584697318004298e-08 4.709988613812339321e-07 3.952878345272285089e-06 3.027129855387733503e-05 2.087644398038477277e-04 1.275131777047949300e-03 6.750763861515853351e-03 3.010147248967404154e-02 1.087135791656195366e-01 3.014164644396661319e-01 5.997643988332905796e-01 8.255886273575699930e-01 9.378153835262392768e-01 9.803084635935134239e-01 9.927908720135982801e-01 9.927908728860695975e-01 9.803084656986078560e-01 9.378153859924200919e-01 8.255886300183096216e-01 5.997644015425422914e-01 3.014164666645915980e-01 1.087135804513657267e-01 3.010147299840030752e-02 6.750764065688545125e-03 1.275131823266946463e-03 2.087644478271460078e-04 3.027129801363508970e-05 3.952877311133668843e-06 4.709983768578364893e-07 5.175567665834780816e-08 5.290663405676207100e-09 5.067850112353247266e-10 4.576688568560243295e-11 3.916943723624700149e-12 3.191046368124442585e-13 2.483875438878353543e-14 1.852874255832263336e-15 1.327326337364216166e-16 9.098065830076360212e-18 0.000000000000000000e+00
0.000000000000000000e+00 9.206848561054733712e-18 1.334268998408776557e-16 1.857034805468778272e-15 2.486239015353043147e-14 3.192313138003830490e-13 3.917580170134135143e-12 4.576985863228423551e-11 5.067977849878664025e-10 5.290712962571341574e-09 5.175584763493207029e-08 4.709988535824265156e-07 3.952878415101627050e-06 3.027129807701876843e-05 2.087644422427012089e-04 1.275131768177730938e-03 6.750763881375639909e-03 3.010147247843752288e-02 1.087135790894360188e-01 3.014164646407667680e-01 5.997643987949446975e-01 8.255886269978627290e-01 9.378153834202253014e-01 9.803084640686609008e-01 9.927908728860707077e-01 9.927908737854910237e-01 9.803084667550281406e-01 9.378153867823281198e-01 8.255886305159430005e-01 5.997644022858736879e-01 3.014164678076078352e-01 1.087135816425600643e-01 3.010147389613784460e-02 6.750764593273950176e-03 1.275132077815652578e-03 2.087645522699622198e-04 3.027133538647602278e-05 3.952889195339472772e-06 4.710017843556097183e-07 5.175656786017194609e-08 5.290878031115617196e-09 5.068329783365779781e-10 4.577690000762913501e-11 3.918907790183740892e-12 3.194682628006580469e-13 2.490257413071735730e-14 1.863532137590329840e-15 1.344311901132327295e-16 9.353971381544383507e-18 0.000000000000000000e+00
0.000000000000000000e+00 7.379418658520702596e-18 1.068425930565208861e-16 1.485721411196440637e-15 1.987522474845040215e-14 2.550165346166839861e-13 3.127691926115841478e-12 3.652481069199546545e-11 4.043120064170106517e-10 4.220427455187443686e-09 4.129232561508887419e-08 3.759521091778257814e-07 3.157931418964655030e-06 2.421731864909776495e-05 1.673669077832979507e-04 1.025481679793999916e-03 5.454321110445104273e-03 2.449171194754403216e-02 8.943102734374465401e-02 2.525073141864728199e-01 5.186642973883403007e-01 7.522100414513530620e-01 8.928491667767112228e-01 9.579070389459272139e-01 9.803084656986086332e-01 9.803084667550275855e-01 9.579070414046997328e-01 8.928491704194356782e-01 7.522100453395482722e-01 5.186643011542876325e-01 2.525073178749129843e-01 8.943103058270503170e-02 2.449171436921984343e-02 5.454322334023247593e-03 1.025482326244408528e-03 1.673671532819829980e-04 2.421741026691381405e-05 3.157959994315940345e-06 3.759604011675654691e-07 4.129449466146816972e-08 4.220952408374254851e-09 4.044297884261644597e-10 3.654950954530169366e-11 3.132558133967443474e-12 2.559217462164179033e-13 2.003488377102295417e-14 1.512521512241395121e-15 1.111365463067953948e-16 8.029849149728141145e-18 0.000000000000000000e+00
0.000000000000000000e+00 4.522448987915831782e-18 6.517663276777307405e-17 9.021162580053879171e-16 1.201221830424383076e-14 1.534216108227390525e-13 1.873210443745534826e-12 2.177981217026921868e-11 2.400903534844371739e-10 2.496516240184928819e-09 2.434163540807635007e-08 2.209908186969930233e-07 1.852567195050859207e-06 1.419564676293564116e-05 9.820358438232274639e-05 6.038991211615322768e-04 3.236882839282204452e-03 1.474320239691235580e-02 5.520889283683862864e-02 1.629675110637333613e-01 3.619426450460167533e-01 5.931494289345118354e-01 7.811586555464251624e-01 8.928491682392200035e-01 9.378153859924197588e-01 9.378153867823281198e-01 8.928491704194352341e-01 7.811586596046778963e-01 5.931494334011753189e-01 3.619426492058666067e-01 1.629675149143487989e-01 5.520889670432246876e-02 1.474320584700477242e-02 3.236884649678808349e-03 6.039001494194025117e-04 9.820399223698679644e-05 1.419580326864231196e-05 1.852617505667879898e-06 2.210056985972355760e-07 2.434560276446742533e-08 2.497491070065766479e-09 2.403120967282403924e-10 2.182687942204088865e-11 1.882586415187281515e-12 1.551834380967041745e-13 1.232589115926616312e-14 9.552332224676799296e-16 7.375800265804890279e-17 5.832225971713865443e-18 0.000000000000000000e+00
0.000000000000000000e+00 2.138709549198325718e-18 3.059225142318310544e-17 4.202333267467690027e-16 5.553544063479364079e-15 7.040161706821527720e-14 8.532714535699990256e-13 9.850274276372225827e-12 1.078440663696500915e-10 1.114237041102874036e-09 1.080169718228671711e-08 9.759071242061115494e-08 8.151891188945462671e-07 6.235738995453183345e-06 4.317854196100957072e-05 2.668281062310015757e-04 1.445905069508918953e-03 6.721621130119257922e-03 2.609071825971378059e-02 8.192323703138841562e-02 2.017933888672773790e-01 3.858779135972675856e-01 5.931494297724896336e-01 7.522100436219867348e-01 8.255886300183098436e-01 8.255886305159428895e-01 7.522100453395473840e-01 5.931494334011750968e-01 3.858779175561777852e-01 2.017933925879596968e-01 8.192324090925989788e-02 2.609072265576702770e-02 6.721625142285300898e-03 1.445907274966902727e-03 2.668293477423855625e-04 4.317904669448293037e-05 6.235932450355570517e-06 8.152520284446767288e-07 9.760940394608605560e-08 1.080671602285243033e-08 1.115477553490521863e-09 1.081279745595463246e-10 9.910898191477375060e-12 8.654199796850749031e-13 7.269795703473310767e-14 5.964788919662658460e-15 4.902810942984962215e-16 4.197482920334943254e-17 3.885709390088141848e-18 0.000000000000000000e+00
0.000000000000000000e+00 8.075908937325598839e-19 1.144676951664102858e-17 1.558002440428638891e-16 2.040255388556677395e-15 2.563240739200772437e-14 3.079465388268781143e-13 3.524924800639721850e-12 3.828253078067145451e-11 3.926007742783299532e-10 3.780994354002305050e-09 3.397653633627131055e-08 2.827529842410630744e-07 2.159889948976753737e-06 1.498516142749383551e-05 9.323798602951474017e-05 5.124161165684262657e-04 2.442762713589353638e-03 9.891472334496382093e-03 3.326798497194354692e-02 9.115294074088729770e-02 2.017933886563953449e-01 3.619426455334439074e-01 5.186642990580078161e-01 5.997644015425424024e-01 5.997644022858737989e-01 5.186643011542870774e-01 3.619426492058665512e-01 2.017933925879596413e-01 9.115294465586167016e-02 3.326798936436489718e-02 9.891476978155828645e-03 2.442766612288380882e-03 5.124182885874533581e-04 9.323915642498442201e-05 1.498564030506018352e-05 2.160071152816935579e-06 2.828120142113280262e-07 3.399405401245024335e-08 3.785708399823030143e-09 3.937690422898954014e-10 3.855088005533118656e-11 3.582468450543442814e-12 3.195320423150697087e-13 2.783342436108305097e-14 2.436538489359918876e-15 2.236756813820150407e-16 2.253963034905766379e-17 2.519737625619426920e-18 0.000000000000000000e+00
0.000000000000000000e+00 2.521371456111859578e-19 3.538426004316399587e-18 4.768309484786851597e-17 6.183078683691765817e-16 7.693382983200637310e-15 9.156599302189180222e-14 1.038754978110610508e-12 1.118685984440181183e-11 1.138494781857876693e-10 1.089194490306484255e-09 9.736594486842350222e-09 8.076054897297918197e-08 6.165103035458703235e-07 4.290398560739122116e-06 2.691728689560030769e-05 1.502851905995616346e-04 7.357103400271277531e-04 3.106598917251520309e-03 1.112538472661141371e-02 3.326798459465694913e-02 8.192323623321139114e-02 1.629675106165361098e-01 2.525073149153083674e-01 3.014164666645915425e-01 3.014164678076076687e-01 2.525073178749128178e-01 1.629675149143487989e-01 8.192324090925995339e-02 3.326798936436490411e-02 1.112538953456366705e-02 3.106603246880263944e-03 7.357135619322905567e-04 1.502869507769791918e-04 2.691818460176611630e-05 4.290763163672245959e-06 6.166457872242122912e-07 8.080449926362900957e-08 9.749580481849958235e-09 1.092687211518981183e-09 1.147158003130897468e-10 1.138630944120418411e-11 1.081664413446384670e-12 1.002401799860588617e-13 9.348981245764016998e-15 9.179180448143828938e-16 9.928220913327527383e-17 1.201995260358623610e-17 1.568798650262424025e-18 0.000000000000000000e+00
0.000000000000000000e+00 6.701505172414434905e-20 9.308587163867648109e-19 1.241574959127243377e-17 1.593774416350263487e-16 1.963634739967325238e-15 2.315001589753498774e-14 2.602618303787200592e-13 2.779483192816929579e-12 2.807481583211192456e-11 2.668807185655678653e-10 2.374135586844403398e-09 1.963680921046350170e-08 1.498909539556339434e-07 1.046907137308439464e-06 6.625228145245021679e-06 3.756669702359704952e-05 1.884773869234236850e-04 8.252310960920946226e-04 3.106598931555920855e-03 9.891472142731148193e-03 2.609071789582579487e-02 5.520889244228160270e-02 8.943102745113648555e-02 1.087135804513656850e-01 1.087135816425599949e-01 8.943103058270501782e-02 5.520889670432246182e-02 2.609072265576702770e-02 9.891476978155825175e-03 3.106603246880263510e-03 8.252344972303140994e-04 1.884796562372108894e-04 3.756789372244283455e-05 6.625806366378290588e-06 1.047138367597849457e-06 1.499751638685405434e-07 1.966391308139296951e-08 2.382094141251671327e-09 2.690163209563926483e-10 2.860431244543188852e-11 2.901547975655338619e-12 2.865899125938808026e-13 2.849101376378375633e-14 2.987401997310651318e-15 3.455478173812317278e-16 4.464919781959688704e-17 6.259382739566465900e-18 8.989838967267952718e-19 0.000000000000000000e+00
0.000000000000000000e+00 1.552069923621407087e-20 2.133720658517770555e-19 2.816653048509679438e-18 3.579286989419125702e-17 4.366802685199413673e-16 5.099903514382352734e-15 5.682734443430869767e-14 6.019336631649776179e-13 6.035772748099363732e-12 5.702681103293430918e-11 5.049898563647905276e-10 4.166190994165189938e-09 3.180335782021983636e-08 2.229055468299867452e-07 1.421818900517431929e-06 8.171777707671843633e-06 4.184448169768267866e-05 1.884774335983690607e-04 7.357104794048556452e-04 2.442762851118275482e-03 6.721621409294237064e-03 1.474320257806361646e-02 2.449171193363838123e-02 3.010147299840032833e-02 3.010147389613781338e-02 2.449171436921983649e-02 1.474320584700477242e-02 6.721625142285300031e-03 2.442766612288381316e-03 7.357135619322903398e-04 1.884796562372108894e-04 4.184584663117315759e-05 8.172471261213857117e-06 1.422138598137187095e-06 2.230310266996554303e-07 3.184815464526012823e-08 4.180471105384758512e-09 5.091529486525344185e-10 5.814015608069968749e-11 6.311473834821491594e-12 6.655298256117741704e-13 7.057156195653513251e-14 7.896630630498227759e-15 9.748547999687474786e-16 1.341073085105389947e-16 1.992592012485744886e-17 3.057394920674423566e-18 4.620904804188983149e-19 0.000000000000000000e+00
0.000000000000000000e+00 3.190488837592587846e-21 4.341688110203341367e-20 5.672580102279475146e-19 7.136789060481858919e-18 8.622976214715039716e-17 9.977762570597871149e-16 1.102158226275011022e-14 1.158137833471210581e-13 1.153093480731766779e-12 1.083019340315544995e-11 9.547847886244669840e-11 7.856762144143144706e-10 5.996259376404474862e-09 4.214183797952606462e-08 2.705121464595488391e-07 1.571361890456437399e-06 8.171764883793076139e-06 3.756667369753466119e-05 1.502851598909829968e-04 5.124159799816321989e-04 1.445904968569007359e-03 3.236882666247394881e-03 5.454320861034448083e-03 6.750764065688545125e-03 6.750764593273944972e-03 5.454322334023246725e-03 3.236884649678807915e-03 1.445907274966902944e-03 5.124182885874533581e-04 1.502869507769791105e-04 3.756789372244284133e-05 8.172471261213858811e-06 1.571709425138724848e-06 2.706663386302416192e-07 4.220124991741099426e-08 6.017087561073289839e-09 7.922496663276311757e-10 9.738085185586657459e-11 1.133698334668268257e-11 1.278380558754549787e-12 1.447184156943122297e-13 1.727818613979568654e-14 2.274326096089684663e-15 3.327590511841675170e-16 5.236729811025374970e-17 8.477079537198570486e-18 1.365292561006107216e-18 2.118993923242194756e-19 0.000000000000000000e+00
0.000000000000000000e+00 5.907034601449651818e-22 7.959736460178143110e-21 1.029370771064941333e-19 1.282426656108769579e-18 1.534748535212877784e-17 1.759815496808822399e-16 1.927372799249902820e-15 2.009438596133935827e-14 1.986780837873009959e-13 1.855098511756720454e-12 1.628039135398411767e-11 1.335843737335643723e-10 1.018624740258160552e-09 7.169996556889109615e-09 4.622436066802099075e-08 2.705137610269623717e-07 1.421820448465349465e-06 6.625234058884211120e-06 2.691731351532116332e-05 9.323799348385811646e-05 2.668281807658995234e-04 6.038991610690158445e-04 1.025481599058349113e-03 1.275131823266945378e-03 1.275132077815651493e-03 1.025482326244407877e-03 6.039001494194021864e-04 2.668293477423857793e-04 9.323915642498447622e-05 2.691818460176611630e-05 6.625806366378294823e-06 1.422138598137186883e-06 2.706663386302415133e-07 4.629008014620642182e-08 7.194907476574287604e-09 1.027222355995867287e-09 1.362725137385584025e-10 1.705302620026528659e-11 2.060135735298598657e-12 2.492761164658809463e-13 3.176719001107776641e-14 4.457402855410685416e-15 6.934543533515241329e-16 1.156180071118296833e-16 1.975424180080193514e-17 3.348423613201197777e-18 5.531525612771225199e-19 8.713348342124375570e-20 0.000000000000000000e+00
0.000000000000000000e+00 9.965612638867580957e-23 1.330716784009700325e-21 1.703303779678980525e-20 2.101834961467465193e-19 2.491738094605752147e-18 2.831760488007059525e-17 3.075343184641630068e-16 3.181504860269143997e-15 3.123813241712130120e-14 2.899397707636398260e-13 2.532331505282089465e-12 2.070828496978791712e-11 1.576308391376961060e-10 1.109710058747922500e-09 7.169876627115529117e-09 4.214183335235412963e-08 2.229047328989569971e-07 1.046904804686646988e-06 4.290399310091541255e-06 1.498514367954697539e-05 4.317854702191197859e-05 9.820357467020266796e-05 1.673668495808561696e-04 2.087644478271459536e-04 2.087645522699620572e-04 1.673671532819830522e-04 9.820399223698678289e-05 4.317904669448295070e-05 1.498564030506019876e-05 4.290763163672246806e-06 1.047138367597850092e-06 2.230310266996554833e-07 4.220124991741098102e-08 7.194907476574287604e-09 1.119070639992251904e-09 1.608204657170549270e-10 2.169748230507737745e-11 2.814956491993934888e-12 3.646821786589701899e-13 4.965296533089426806e-14 7.429635399863040146e-15 1.229462873322757015e-15 2.173209202773117314e-16 3.923238882636490938e-17 7.005180155042974261e-18 1.216333842398029557e-18 2.038107887781708636e-19 3.240975995546618093e-20 0.000000000000000000e+00
0.000000000000000000e+00 1.545929821221492170e-23 2.049037289060159960e-22 2.595038045422441955e-21 3.172929265293505540e-20 3.726251112171149085e-19 4.197736766865323631e-18 4.520766094905255471e-17 4.640742199578285756e-16 4.524614223858677623e-15 4.173698910156047097e-14 3.626419059836285037e-13 2.953634327437434976e-12 2.242109800945520019e-11 1.576366086192374793e-10 1.018618560748947669e-09 5.996332621939210175e-09 3.180342541092049494e-08 1.498908970793923441e-07 6.165125510914385257e-07 2.159886817082616412e-06 6.235746744726807226e-06 1.419564993661996540e-05 2.421730011296453820e-05 3.027129801363507953e-05 3.027133538647600245e-05 2.421741026691382761e-05 1.419580326864231704e-05 6.235932450355574752e-06 2.160071152816936850e-06 6.166457872242125029e-07 1.499751638685405964e-07 3.184815464526013485e-08 6.017087561073289012e-09 1.027222355995867908e-09 1.608204657170550045e-10 2.349524477414328836e-11 3.284570217315316553e-12 4.567372006261572756e-13 6.655155955363917581e-14 1.063091547872184538e-14 1.872985994465801955e-15 3.513796357557790065e-16 6.711156308631467732e-17 1.264113076643990412e-17 2.309468418533213319e-18 4.063978479582761951e-19 6.871646857620630318e-20 1.100440138268244093e-20 0.000000000000000000e+00
0.000000000000000000e+00 2.219046204776703733e-24 2.930978913308349288e-23 3.668855128355009367e-22 4.448041559119054348e-21 5.173820766453660763e-20 5.778555633631211537e-19 6.171077403944783718e-18 6.285714797057872314e-17 6.084429353744341564e-16 5.576375898484236166e-15 4.817765246308163717e-14 3.905482848384950417e-13 2.953446635214069595e-12 2.070875409287699601e-11 1.335800021093844581e-10 7.856807871563988545e-10 4.166179656944008436e-09 1.963666377721501335e-08 8.076101537857344063e-08 2.827513879636280543e-07 8.151909374758732677e-07 1.852567620213995377e-06 3.157924602622198178e-06 3.952877311133669690e-06 3.952889195339469384e-06 3.157959994315939498e-06 1.852617505667880110e-06 8.152520284446771523e-07 2.828120142113283438e-07 8.080449926362906251e-08 1.966391308139298937e-08 4.180471105384759339e-09 7.922496663276316927e-10 1.362725137385584800e-10 2.169748230507737745e-11 3.284570217315315745e-12 4.920593980721317704e-13 7.693647786297907776e-14 1.314545334235620214e-14 2.469758367016004273e-15 4.925392134781962554e-16 9.968924612246613826e-17 1.984100418407033437e-17 3.820114491090682787e-18 7.067615392312756710e-19 1.254234685495816395e-19 2.135093719866171378e-20 3.439610770673040113e-21 0.000000000000000000e+00
0.000000000000000000e+00 2.954326885874921225e-25 3.925657357459271472e-24 4.843166818167428612e-23 5.831445177884313870e-22 6.714000721064334237e-21 7.436824774002585908e-20 7.874232867148231283e-19 7.957746861650810705e-18 7.645888796927488044e-17 6.959975124330548215e-16 5.976016460325717781e-15 4.818185398986105186e-14 3.626232640323511143e-13 2.532509835283772696e-12 1.627983912697883991e-11 9.548033919125273769e-11 5.049930044115008817e-10 2.374104226687857908e-09 9.736761813841471213e-09 3.397611744591976737e-08 9.759134067712488058e-08 2.209911001842128466e-07 3.759501726604032300e-07 4.709983768578362775e-07 4.710017843556091890e-07 3.759604011675655749e-07 2.210056985972358407e-07 9.760940394608617471e-08 3.399405401245026982e-08 9.749580481849974779e-09 2.382094141251674636e-09 5.091529486525348321e-10 9.738085185586665214e-11 1.705302620026528982e-11 2.814956491993934080e-12 4.567372006261567707e-13 7.693647786297906513e-14 1.410318206771775850e-14 2.832605353594782881e-15 6.018464844487995644e-16 1.293567891304081118e-16 2.725747966798898207e-17 5.540933619737824245e-18 1.079636240433198226e-18 2.013225232163416209e-19 3.595119794563322757e-20 6.155183821149338280e-21 9.970630510662235074e-22 0.000000000000000000e+00
0.000000000000000000e+00 3.628575456992409707e-26 4.964814353030164619e-25 5.995004513775885038e-24 7.195503412812771330e-23 8.186892002364218012e-22 8.999667539560919417e-21 9.444312632138937389e-20 9.469362945749326621e-19 9.028362527726455790e-18 8.159877472848363725e-17 6.959316436508678436e-16 5.576838539617320796e-15 4.173190705593733780e-14 2.899669886184669875e-13 1.854970757854873321e-12 1.083040375678845977e-11 5.702757206214561076e-11 2.668711087054487569e-10 1.089236528267931675e-09 3.780876820348552586e-09 1.080185644746837017e-08 2.434171341063413319e-08 4.129180296503836123e-08 5.175567665834778169e-08 5.175656786017189315e-08 4.129449466146819619e-08 2.434560276446745180e-08 1.080671602285244191e-08 3.785708399823031797e-09 1.092687211518982838e-09 2.690163209563930619e-10 5.814015608069976504e-11 1.133698334668269387e-11 2.060135735298599464e-12 3.646821786589700889e-13 6.655155955363917581e-14 1.314545334235620371e-14 2.832605353594783275e-15 6.431936455501774694e-16 1.472084067434226560e-16 3.292113351026510901e-17 7.081281883399759730e-18 1.456017814443920118e-18 2.858066009403260863e-19 5.360566310999914815e-20 9.623831763585957043e-21 1.656511918491985456e-21 2.697778796068784536e-22 0.000000000000000000e+00
0.000000000000000000e+00 4.011879406889591598e-27 5.994841491141889041e-26 6.967647996680580518e-25 8.411199069833130150e-24 9.419374938670927536e-23 1.029360657858060295e-21 1.069770619744242492e-20 1.064249290265389633e-19 1.006542583816427897e-18 9.029299417448698039e-18 7.645178188979842855e-17 6.085459034279577375e-16 4.523802126608264413e-15 3.124338274023101118e-14 1.986575827516958149e-13 1.153125555772588968e-12 6.036028875791381056e-12 2.807251615133781259e-11 1.138598623271888673e-10 3.925723504316682294e-10 1.114276096787980340e-09 2.496538342670876234e-09 4.220301021679272172e-09 5.290663405676203791e-09 5.290878031115610578e-09 4.220952408374256506e-09 2.497491070065768961e-09 1.115477553490522690e-09 3.937690422898960217e-10 1.147158003130899924e-10 2.860431244543194345e-11 6.311473834821498056e-12 1.278380558754551201e-12 2.492761164658810473e-13 4.965296533089426806e-14 1.063091547872184695e-14 2.469758367016004667e-15 6.018464844487994658e-16 1.472084067434226560e-16 3.504913712110921242e-17 7.998985810892508371e-18 1.739749658705250365e-18 3.602490700166317598e-19 7.110187928137381605e-20 1.340256087828760575e-20 2.418272138459124398e-21 4.184433184479498455e-22 6.851755707439426428e-23 0.000000000000000000e+00
0.000000000000000000e+00 3.658961729287435367e-28 7.034055825330194923e-27 7.569166562000906041e-26 9.389834999249973355e-25 1.025094443746770140e-23 1.118244474290395324e-22 1.148877265462606735e-21 1.134498542792028756e-20 1.063894327073571435e-19 9.469705771795484602e-19 7.956120003318609794e-18 6.287259362683236164e-17 4.639313256934748867e-16 3.182364617257545437e-15 2.009100194316492151e-14 1.158166339664401839e-13 6.019970450369086235e-13 2.778960966856542440e-12 1.118918004841661537e-11 3.827611736530325368e-11 1.078527389101350520e-10 2.400957626668926549e-10 4.042836377289034112e-10 5.067850112353243130e-10 5.068329783365770475e-10 4.044297884261643563e-10 2.403120967282405475e-10 1.081279745595464021e-10 3.855088005533124472e-11 1.138630944120420996e-11 2.901547975655344274e-12 6.655298256117750792e-13 1.447184156943124569e-13 3.176719001107781690e-14 7.429635399863044880e-15 1.872985994465804321e-15 4.925392134781964526e-16 1.293567891304080872e-16 3.292113351026510284e-17 7.998985810892512993e-18 1.845687383326087823e-18 4.041965502162759850e-19 8.413654380072900231e-20 1.668492199291370469e-20 3.160088741590120653e-21 5.730511047389090627e-22 9.969108232046707888e-23 1.641574424966260142e-23 0.000000000000000000e+00
0.000000000000000000e+00 1.667812661226041466e-29 8.268831152694643995e-28 7.543081278216523682e-27 1.013416703599719515e-25 1.054730694577574907e-24 1.159917129252548900e-23 1.173438045151041914e-22 1.151512831470807648e-21 1.070013692177320317e-20 9.447944611709657460e-20 7.872804705672342074e-19 6.173807843210862308e-18 4.518584091373995702e-17 3.076733109734014774e-16 1.926866953468965193e-15 1.102161349727827506e-14 5.684156004277431397e-14 2.601527902032587563e-13 1.039238334026481979e-12 3.523585500189126043e-12 9.852068954921012821e-12 2.178103078502560288e-11 3.651889756623242959e-11 4.576688568560236186e-11 4.577690000762904454e-11 3.654950954530167427e-11 2.182687942204089511e-11 9.910898191477373445e-12 3.582468450543445642e-12 1.081664413446386083e-12 2.865899125938813075e-13 7.057156195653519562e-14 1.727818613979570547e-14 4.457402855410692516e-15 1.229462873322758790e-15 3.513796357557793023e-16 9.968924612246619989e-17 2.725747966798898515e-17 7.081281883399762811e-18 1.739749658705251135e-18 4.041965502162759369e-19 8.897534800487542023e-20 1.860659515114394512e-20 3.706837049373941121e-21 7.054638556358844195e-22 1.285936508134024694e-22 2.249677899811007226e-23 3.726574556346177674e-24 0.000000000000000000e+00
0.000000000000000000e+00 -3.808734938163052175e-30 1.021466640412424399e-28 6.486133892987087940e-28 1.080230920679985991e-26 1.019133887291419205e-25 1.156648827019992549e-24 1.142109172325460244e-23 1.116847555720012033e-22 1.027329997137537062e-21 8.996564873005445111e-21 7.432413410785791297e-20 5.781729031760300708e-19 4.194244127919963847e-18 2.833798669640798064e-17 1.759087365910363909e-16 9.976998282699752324e-16 5.102794402650175283e-15 2.312875042903808284e-14 9.166010134100884102e-14 3.076850213390671150e-13 8.536186850122690514e-13 1.873464000272116434e-12 3.126537478759886346e-12 3.916943723624691263e-12 3.918907790183736046e-12 3.132558133967441858e-12 1.882586415187280707e-12 8.654199796850744992e-13 3.195320423150695572e-13 1.002401799860589753e-13 2.849101376378378788e-14 7.896630630498229337e-15 2.274326096089685057e-15 6.934543533515249217e-16 2.173209202773120519e-16 6.711156308631478826e-17 1.984100418407034977e-17 5.540933619737829638e-18 1.456017814443921273e-18 3.602490700166320968e-19 8.413654380072903842e-20 1.860659515114394813e-20 3.908738999139654530e-21 7.823972286059522064e-22 1.496563660123338870e-22 2.742971436790217627e-23 4.827514859450061491e-24 8.048496233526135198e-25 0.000000000000000000e+00
0.000000000000000000e+00 -1.647360638459656363e-30 1.398556303646419740e-29 3.682350174229982016e-29 1.179461905397875315e-27 9.044888832349771627e-27 1.120523044632557527e-25 1.059515689442740434e-24 1.038676355633358600e-23 9.444100503025480298e-23 8.199243250005294485e-22 6.715033161728980802e-21 5.179720678361616829e-20 3.721834582114906119e-19 2.494765850752662859e-18 1.533812403663328979e-17 8.620580424628775687e-17 4.372260203493866268e-16 1.959743367926094496e-15 7.710616693993302702e-15 2.558439547322965235e-14 7.046483602118119034e-14 1.534708302867920516e-13 2.548042742119630733e-13 3.191046368124436526e-13 3.194682628006574916e-13 2.559217462164177014e-13 1.551834380967040735e-13 7.269795703473306980e-14 2.783342436108303204e-14 9.348981245764023309e-15 2.987401997310650530e-15 9.748547999687468869e-16 3.327590511841674184e-16 1.156180071118297080e-16 3.923238882636494636e-17 1.264113076643992877e-17 3.820114491090688179e-18 1.079636240433199575e-18 2.858066009403263270e-19 7.110187928137384013e-20 1.668492199291371372e-20 3.706837049373942626e-21 7.823972286059523004e-22 1.573968339785123557e-22 3.027005655822862306e-23 5.580915748502642144e-24 9.886420315527361593e-25 1.660111647598168522e-25 0.000000000000000000e+00
0.000000000000000000e+00 -4.346516773105959618e-31 2.173358057729047919e-30 -2.181461027735497667e-30 1.387888256638395469e-28 6.880714809548547423e-28 1.073267293107762467e-26 9.342115661375486904e-26 9.292330788922712017e-25 8.339462974858617216e-24 7.166759212223364472e-23 5.824053448642528029e-22 4.450931161930229646e-21 3.166205983594932235e-20 2.105640877352266428e-19 1.281227495672635352e-18 7.131180592982097095e-18 3.588881635193240900e-17 1.587047789222344643e-16 6.212898353949918398e-16 2.031925211186298042e-15 5.564429412976704784e-15 1.202119477990232159e-14 1.983829334007186695e-14 2.483875438878349440e-14 2.490257413071731943e-14 2.003488377102293208e-14 1.232589115926616154e-14 5.964788919662656883e-15 2.436538489359916115e-15 9.179180448143828938e-16 3.455478173812315799e-16 1.341073085105388961e-16 5.236729811025375586e-17 1.975424180080194130e-17 7.005180155042978883e-18 2.309468418533216015e-18 7.067615392312765377e-19 2.013225232163419098e-19 5.360566310999919630e-20 1.340256087828761328e-20 3.160088741590121781e-21 7.054638556358840433e-22 1.496563660123338870e-22 3.027005655822862894e-23 5.855750664275717951e-24 1.086647758688401760e-24 1.938952742254529940e-25 3.282421035391434359e-26 0.000000000000000000e+00
0.000000000000000000e+00 -9.791714763203782447e-32 3.733237116901761817e-31 -1.345152380953811089e-30 1.836737497765913371e-29 3.292455167462737184e-29 1.045048370532518971e-27 7.768950503563787101e-27 8.011382427480590521e-26 7.108810751101960202e-25 6.009459649078006336e-24 4.867311203712715748e-23 3.675742069986270831e-22 2.589241791353656766e-21 1.708505427350260232e-20 1.028149380893729575e-19 5.661961594230369120e-19 2.832620890099523675e-18 1.230559679268963301e-17 4.817290478532382086e-17 1.544285371386935642e-16 4.220135506605609917e-16 9.036630469381922145e-16 1.479615321241543830e-15 1.852874255832260181e-15 1.863532137590328262e-15 1.512521512241393544e-15 9.552332224676803240e-16 4.902810942984964187e-16 2.236756813820147942e-16 9.928220913327523685e-17 4.464919781959687472e-17 1.992592012485744269e-17 8.477079537198575108e-18 3.348423613201197392e-18 1.216333842398029942e-18 4.063978479582763877e-19 1.254234685495816876e-19 3.595119794563324562e-20 9.623831763585963062e-21 2.418272138459126655e-21 5.730511047389090627e-22 1.285936508134024224e-22 2.742971436790218214e-23 5.580915748502643613e-24 1.086647758688402495e-24 2.031130064891074201e-25 3.654135292634045226e-26 6.244742677635714181e-27 0.000000000000000000e+00
0.000000000000000000e+00 -2.026853125152500110e-32 6.733619576692190343e-32 -3.408777397488539284e-31 2.733308961139341629e-30 -2.391014905029959510e-30 1.071101641335103545e-28 6.007869953325673847e-28 6.625219198883973428e-27 5.916917247342166793e-26 4.809927746476876558e-25 3.944352871330646553e-24 2.918261296380645025e-23 2.041529975088239399e-22 1.335742109530866874e-21 7.946895765056894828e-21 4.322725159221732167e-20 2.158774334196371962e-19 9.136736457650053126e-19 3.615028295923070081e-18 1.123161938160495284e-17 3.086972343299187903e-17 6.542959581355807843e-17 1.058800988625925159e-16 1.327326337364213948e-16 1.344311901132327048e-16 1.111365463067953702e-16 7.375800265804898907e-17 4.197482920334948184e-17 2.253963034905763914e-17 1.201995260358622378e-17 6.259382739566465129e-18 3.057394920674423181e-18 1.365292561006107601e-18 5.531525612771227125e-19 2.038107887781709358e-19 6.871646857620633929e-20 2.135093719866171679e-20 6.155183821149341290e-21 1.656511918491986397e-21 4.184433184479501746e-22 9.969108232046706713e-23 2.249677899811006932e-23 4.827514859450062226e-24 9.886420315527365266e-25 1.938952742254531088e-25 3.654135292634044078e-26 6.636741547910611097e-27 1.146934802082243756e-27 0.000000000000000000e+00
0.000000000000000000e+00 -3.888457277798828178e-33 1.215655399081157978e-32 -6.980611149037382159e-32 4.350455922480382196e-31 -1.104468609599524735e-30 1.175156961740533773e-29 4.251962133641484647e-29 5.068989557801019849e-28 4.934024705654679455e-27 3.575753220882514986e-26 3.127380614343287487e-25 2.205975866151761154e-24 1.551251300424506014e-23 1.002538968456037310e-22 5.903276841242952497e-22 3.161039717585430670e-21 1.589284852669526489e-20 6.449002995030248956e-20 2.634471669000303481e-19 7.757417011550448616e-19 2.179575646240958961e-18 4.561338162797189268e-18 7.236077804081810006e-18 9.098065830076347886e-18 9.353971381544385047e-18 8.029849149728148849e-18 5.832225971713873917e-18 3.885709390088147241e-18 2.519737625619425765e-18 1.568798650262422099e-18 8.989838967267948867e-19 4.620904804188985075e-19 2.118993923242196682e-19 8.713348342124377978e-20 3.240975995546621103e-20 1.100440138268244545e-20 3.439610770673039360e-21 9.970630510662238835e-22 2.697778796068785947e-22 6.851755707439431130e-23 1.641574424966261024e-23 3.726574556346179878e-24 8.048496233526138871e-25 1.660111647598169211e-25 3.282421035391434933e-26 6.244742677635714899e-27 1.146934802082243577e-27 2.009705341080254328e-28 0.000000000000000000e+00
0.000000000000000000e+00 0.000000000000000000e+00 0.000000000000000000e+00 0.000000000000000000e+00 0.000000000000000000e+00 0.000000000000000000e+00 0.000000000000000000e+00 0.000000000000000000e+00 0.000000000000000000e+00 0.000000000000000000e+00 0.000000000000000000e+00 0.000000000000000000e+00 0.000000000000000000e+00 0.000000000000000000e+00 0.000000000000000000e+00 0.000000000000000000e+00 0.000000000000000000e+00 0.000000000000000000e+00 0.000000000000000000e+00 0.000000000000000000e+00 0.000000000000000000e+00 0.000000000000000000e+00 0.000000000000000000e+00 0.000000000000000000e+00 0.000000000000000000e+00 0.000000000000000000e+00 0.000000000000000000e+00 0.000000000000000000e+00 0.000000000000000000e+00 0.000000000000000000e+00 0.000000000000000000e+00 0.000000000000000000e+00 0.000000000000000000e+00 0.000000000000000000e+00 0.000000000000000000e+00 0.000000000000000000e+00 0.000000000000000000e+00 0.000000000000000000e+00 0.000000000000000000e+00 0.000000000000000000e+00 0.000000000000000000e+00 0.000000000000000000e+00 0.000000000000000000e+00 0.000000000000000000e+00 0.000000000000000000e+00 0.000000000000000000e+00 0.000000000000000000e+00 0.000000000000000000e+00 0.000000000000000000e+00 0.000000000000000000e+00
