0.000000000000000000e+00 0.000000000000000000e+00 0.000000000000000000e+00 0.000000000000000000e+00 0.000000000000000000e+00 0.000000000000000000e+00 0.000000000000000000e+00 0.000000000000000000e+00 0.000000000000000000e+00 0.000000000000000000e+00 0.000000000000000000e+00 0.000000000000000000e+00 0.000000000000000000e+00 0.000000000000000000e+00 0.000000000000000000e+00 0.000000000000000000e+00 0.000000000000000000e+00 0.000000000000000000e+00 0.000000000000000000e+00 0.000000000000000000e+00 0.000000000000000000e+00 0.000000000000000000e+00 0.000000000000000000e+00 0.000000000000000000e+00 0.000000000000000000e+00 0.000000000000000000e+00 0.000000000000000000e+00 0.000000000000000000e+00 0.000000000000000000e+00 0.000000000000000000e+00 0.000000000000000000e+00 0.000000000000000000e+00 0.000000000000000000e+00 0.000000000000000000e+00 0.000000000000000000e+00 0.000000000000000000e+00 0.000000000000000000e+00 0.000000000000000000e+00 0.000000000000000000e+00 0.000000000000000000e+00 0.000000000000000000e+00 0.000000000000000000e+00 0.000000000000000000e+00 0.000000000000000000e+00 0.000000000000000000e+00 0.000000000000000000e+00 0.000000000000000000e+00 0.000000000000000000e+00 0.000000000000000000e+00 0.000000000000000000e+00
0.000000000000000000e+00 -1.389174357972651488e-33 6.230290969494991087e-33 -3.137542282330051816e-32 1.706280866544364878e-31 -9.963249195928859686e-31 5.975725367974459215e-30 -3.504855951218582114e-29 1.939383900909833983e-28 -9.899936317744559376e-28 4.594988791829743618e-27 -1.917691084966251679e-26 7.119521618023329100e-26 -2.322347009614898949e-25 6.550031461020407286e-25 -1.561390866258454147e-24 3.035425511837075017e-24 -4.510438778244921431e-24 4.415094647243647558e-24 -1.530239144998283317e-24 -8.179974493530794977e-25 -4.696076182115823529e-24 1.155949941067053376e-23 1.993440887626324169e-23 -2.686755090182794531e-23 -6.221095845443185707e-23 -1.180641532402456733e-22 -1.330724320900202242e-22 -1.014909687300358291e-22 -6.143363455636105159e-23 -3.312911877719337433e-23 -1.687095215737938428e-23 -8.149807117849100225e-24 -3.664138081881250952e-24 -1.508803580632585950e-24 -5.655704485920078359e-25 -1.932031578323471828e-25 -6.042149486292052888e-26 -1.739695310170356784e-26 -4.637602796447430745e-27 -1.150415358915182696e-27 -2.667164817236033003e-28 -5.800159893094725853e-29 -1.186428556855475537e-29 -2.287192436562057793e-30 -4.159535302464368920e-31 -7.134134171885246943e-32 -1.151325660355501729e-32 -1.746870997052251875e-33 0.000000000000000000e+00
0.000000000000000000e+00 6.230290969494995192e-33 -3.105903118801909624e-32 1.789481574379927899e-31 -1.104816169000186485e-30 7.010634430556119163e-30 -4.358045562475203129e-29 2.564149160401430058e-28 -1.398033289778615728e-27 6.970215328961020778e-27 -3.146957241752935240e-26 1.275201479826288045e-25 -4.592678105436014630e-25 1.452519218539563354e-24 -3.969739777992871216e-24 9.161707028695132578e-24 -1.722724369761801779e-23 2.489196773672063418e-23 -2.548312261482176897e-23 2.414734793576509485e-23 -6.706352688745853670e-23 2.185644891148027907e-22 -2.014627235427774736e-22 -3.375836743730610643e-22 4.924923253187299945e-22 1.048851776470161609e-21 2.106635319112486793e-21 2.404481422249451544e-21 1.767422913620144376e-21 9.639774476270950419e-22 4.324744963764898761e-22 1.730351545922367267e-22 6.554253331419417743e-23 2.420486322519305468e-23 8.705712478017302040e-24 2.999639066215629309e-24 9.742804152980667645e-25 2.954493520981739696e-25 8.334870388096155570e-26 2.187465270740953125e-26 5.349981481341679424e-27 1.222017817026216178e-27 2.611879805955627696e-28 5.229962380810992392e-29 9.811181427322289568e-30 1.721249779724027895e-30 2.810626610319831488e-31 4.228527474196672363e-32 5.734253582994376595e-33 0.000000000000000000e+00
0.000000000000000000e+00 -3.137542282330051268e-32 1.789481574379926586e-31 -1.162461622112892673e-30 7.761311292817913769e-30 -5.091285922751715611e-29 3.172439296973285399e-28 -1.839590268274633772e-27 9.803066663461345466e-27 -4.758696340818636818e-26 2.088253337852274623e-25 -8.218362030479051806e-25 2.873486259288360331e-24 -8.819626849314332089e-24 2.338314021620055615e-23 -5.234991785027243843e-23 9.603212834665960703e-23 -1.417845159613867318e-22 2.038144694092669372e-22 -5.163820737302716370e-22 1.912644830799723499e-21 -4.334908611270399420e-21 4.079414621591697451e-21 8.451047488658430402e-21 -4.631236363308030589e-21 -1.289521156957252150e-20 -3.183000655411436066e-20 -3.903878199820017510e-20 -2.922434773472615703e-20 -1.567723247463777603e-20 -6.643016071041426751e-21 -2.380063436599710218e-21 -7.622713476905162118e-22 -2.290869937592741904e-22 -6.704789935641815359e-23 -1.944887417310602191e-23 -5.573240833878905438e-24 -1.554120634783118156e-24 -4.150253973617077934e-25 -1.049168018833657136e-25 -2.493585280240042082e-26 -5.551217880106933785e-27 -1.154699589085025771e-27 -2.237993682442388792e-28 -4.022422414803906616e-29 -6.642442380112100519e-30 -9.886114027358984244e-31 -1.268397265149005347e-31 -1.193487501966152298e-32 0.000000000000000000e+00
0.000000000000000000e+00 1.706280866544362688e-31 -1.104816169000186485e-30 7.761311292817916571e-30 -5.359464567502065949e-29 3.525342024726041710e-28 -2.165404036001242980e-27 1.227364677888148870e-26 -6.368113908477464619e-26 3.004411718651207416e-25 -1.280347597244822117e-24 4.891362814378284138e-24 -1.659712534860260988e-23 4.942609693796192257e-23 -1.271784677484209374e-22 2.777997501766602532e-22 -5.150105020679216376e-22 9.386752766613778894e-22 -2.559900553728146857e-21 1.062276648965461337e-20 -3.513050233348719615e-20 7.927739302254362455e-20 -3.216022255083265444e-20 -8.593269204972833423e-20 1.182456445358430453e-19 2.244901389018326947e-19 4.962857352192049257e-19 5.902330063730683137e-19 4.371496920073290361e-19 2.324033758831397990e-19 9.677696764779987497e-20 3.344768575769340499e-20 1.002017346407384295e-20 2.700319684952724545e-21 6.778514426407207653e-22 1.637167239834388708e-22 3.900126927441501039e-23 9.263721129985025132e-24 2.183682220860196737e-24 5.035368646627960544e-25 1.117125752579349666e-25 2.349856984235097286e-26 4.627700462546985200e-27 8.419985382230884897e-28 1.388316881701136861e-28 1.996482446573641465e-29 2.254607740514220000e-30 1.112322709127964370e-31 -3.968052645302246897e-32 0.000000000000000000e+00
0.000000000000000000e+00 -9.963249195928847424e-31 7.010634430556121965e-30 -5.091285922751716733e-29 3.525342024726039917e-28 -2.285992536580687202e-27 1.372580755000118722e-26 -7.574833786006534018e-26 3.819630614321990942e-25 -1.749923553913615350e-24 7.238644609121434039e-24 -2.683579931193634705e-23 8.834931014278882165e-23 -2.553763753674859815e-22 6.409484518728763205e-22 -1.406259708120539121e-21 3.050764472031675831e-21 -9.186373240271342487e-21 4.235946835158607754e-20 -1.784250808270627748e-19 5.972117342180514565e-19 -9.729566437203621661e-19 8.655712020630048319e-19 2.526737894801811573e-18 2.319641494301358596e-19 -9.383753744750496937e-19 -4.891864742618143961e-18 -7.032282945971751446e-18 -5.536778151087982742e-18 -3.009336053315926170e-18 -1.260182109307270234e-18 -4.330706429609444829e-19 -1.273294859668401442e-19 -3.303790466200259063e-20 -7.764735561627216412e-21 -1.693709365515473991e-21 -3.511409347632925977e-22 -7.071430816949682808e-23 -1.404887627701526111e-23 -2.765741323232032572e-24 -5.351452990647219523e-25 -9.992163684219399147e-26 -1.754005155687656150e-26 -2.786565592140498829e-27 -3.717921062384141637e-28 -3.214559267291159243e-29 2.148796486589866833e-30 1.982215113937630844e-30 6.659173679951847168e-31 0.000000000000000000e+00
0.000000000000000000e+00 5.975725367974466222e-30 -4.358045562475195282e-29 3.172439296973283605e-28 -2.165404036001241904e-27 1.372580755000118435e-26 -8.024209881267550517e-26 4.303683168257457024e-25 -2.107255657673932588e-24 9.370279496511734311e-24 -3.761024504244177237e-23 1.352724735480658086e-22 -4.322303773578185254e-22 1.218126338851176206e-21 -3.058838048822738241e-21 7.632927354289851654e-21 -2.539929465198928681e-20 1.292015336488210041e-19 -6.513613895388262165e-19 2.825549365599725526e-18 -7.445409946488551301e-18 1.583923785289039381e-17 4.581182247968611267e-18 4.674524646369268717e-19 3.527986426978804028e-17 4.612197986947138816e-17 8.384104494417657288e-17 9.277264511543430598e-17 6.728607960020415489e-17 3.556516094820573013e-17 1.473843565813830081e-17 5.035502710162962340e-18 1.470216243830189482e-18 3.768072527898052089e-19 8.659558590315988500e-20 1.817054894907906278e-20 3.539211299608551258e-21 6.500084281299671372e-22 1.141840997853992310e-22 1.938617441730785814e-23 3.187886716749226892e-24 5.015944479402215367e-25 7.282625013280186846e-26 8.887975002154414499e-27 6.150358731004930490e-28 -1.052508625082171327e-28 -6.282762179273677157e-29 -1.947129421904083587e-29 -5.018607806688983057e-30 0.000000000000000000e+00
0.000000000000000000e+00 -3.504855951218578751e-29 2.564149160401430955e-28 -1.839590268274633054e-27 1.227364677888149588e-26 -7.574833786006536314e-26 4.303683168257455187e-25 -2.241296282699741177e-24 1.065109742897489933e-23 -4.595286485754603942e-23 1.789234271692175724e-22 -6.244900948094313287e-22 1.944672037603026898e-21 -5.468874854282948893e-21 1.535653395818700369e-20 -5.620459702285296486e-20 3.133960053258531656e-19 -1.824940648108294913e-18 9.610856932201227424e-18 -3.407660056679638107e-17 1.071382429592593104e-16 -8.681960115734843114e-17 2.467388951105609204e-16 7.556180023681851928e-16 6.004754279997179250e-16 5.191296663145092756e-16 -6.974023192980397446e-17 -6.185420058698552489e-16 -5.982261223907649199e-16 -3.457790966117458105e-16 -1.479655700491573252e-16 -5.115523592156193749e-17 -1.498523423797029032e-17 -3.834047711082816012e-18 -8.753733450489043956e-19 -1.813033956950845163e-19 -3.452353751884322555e-20 -6.113289215471100019e-21 -1.016371125880364241e-21 -1.597289311676428733e-22 -2.374740601006540080e-23 -3.298649530988303973e-24 -4.092883200509845650e-25 -3.871338964943285567e-26 -2.969435691764166701e-28 1.208128519979206977e-27 4.483765655238658190e-28 1.205154171086053692e-28 2.872532997998188353e-29 0.000000000000000000e+00
0.000000000000000000e+00 1.939383900909832638e-28 -1.398033289778616266e-27 9.803066663461344032e-27 -6.368113908477462323e-26 3.819630614321990024e-25 -2.107255657673932588e-24 1.065109742897489346e-23 -4.910888714059579842e-23 2.055187098259867018e-22 -7.764438115972398910e-22 2.640215012496089754e-21 -8.189874768311184491e-21 2.548704107319186947e-20 -1.020484697203366803e-19 6.205003691293461594e-19 -4.078931870718955442e-18 2.508077202197454446e-17 -1.102288840088738739e-16 4.487872699572340162e-16 -7.463423215432391139e-16 2.694031749883266530e-15 4.983131127894985389e-15 1.042034792345718468e-14 1.642028879770407028e-14 1.686831328335207427e-14 1.759818557690628367e-14 1.241800188616278087e-14 7.163004164911671912e-15 3.452808425727142084e-15 1.383522412795134959e-15 4.667471687486804905e-16 1.353714584722922443e-16 3.444973759412276819e-17 7.827065788723083245e-18 1.610450225988073836e-18 3.035887437054133187e-19 5.293625056336281623e-20 8.602490815534831113e-21 1.309288936600886766e-21 1.866565167870209361e-22 2.466701805287770421e-23 2.910379800509473207e-24 2.684100742882271884e-25 5.794353149960543221e-27 -6.044097966088507647e-27 -2.257399662519066440e-27 -5.923180464337775775e-28 -1.375974966544177895e-28 0.000000000000000000e+00
0.000000000000000000e+00 -9.899936317744573725e-28 6.970215328961016473e-27 -4.758696340818639113e-26 3.004411718651207416e-25 -1.749923553913614983e-24 9.370279496511738720e-24 -4.595286485754600415e-23 2.055187098259865607e-22 -8.345020742053449047e-22 3.070991500153287492e-21 -1.039173492630173374e-20 3.545200846437359892e-20 -1.545895886999749701e-19 1.021083460567002187e-18 -7.459088806484149066e-18 5.217802203754078042e-17 -2.711373367921042678e-16 1.339748083604336121e-15 -3.228421975871334092e-15 1.455909040700703767e-14 1.765131461505671912e-14 1.135877499070390530e-13 3.074796761214873574e-13 3.612969052637083054e-13 3.601788533690429996e-13 2.528670651123022930e-13 5.792198435391492591e-14 -1.652980867818778744e-14 -1.957117100268079182e-14 -9.705437117527433739e-15 -3.511022487412629268e-15 -1.043266674901902284e-15 -2.674787172043930559e-16 -6.078456105241003101e-17 -1.245739386316369232e-17 -2.331058038015060994e-18 -4.019778571848562122e-19 -6.432607549433541558e-20 -9.594909822072497790e-21 -1.334825154377135503e-21 -1.719395998347933467e-22 -1.996401780778979924e-23 -1.910077293810526834e-24 -9.156487688533211738e-26 2.109717791985486660e-26 9.380721392529227899e-27 2.501349247167701674e-27 5.763711776431915141e-28 0.000000000000000000e+00
0.000000000000000000e+00 4.594988791829743618e-27 -3.146957241752932370e-26 2.088253337852273705e-25 -1.280347597244821382e-24 7.238644609121425223e-24 -3.761024504244164895e-23 1.789234271692170317e-22 -7.764438115972365996e-22 3.070991500153283731e-21 -1.124259608582854883e-20 4.171966252945946919e-20 -1.975224357099886938e-19 1.413969702556239310e-18 -1.135251866656192472e-17 8.871152236043026700e-17 -5.285154063006662641e-16 3.047351185389747666e-15 -9.409430123376783314e-15 5.089430076071738395e-14 3.827275834119873037e-14 6.851426557093479716e-13 2.476600120771851194e-12 6.254152147743280433e-12 8.034061484733737839e-12 8.023630448605968497e-12 6.615593431418532645e-12 2.837190790676422828e-12 9.125823190914422850e-13 2.800172905483849236e-13 8.768792846591168621e-14 2.655406385049243845e-14 7.364607421396910202e-15 1.834435949577871285e-15 4.105353978294765347e-16 8.312415723367233563e-17 1.534890858762980913e-17 2.602683232242763093e-18 4.074312969416256238e-19 5.905833201293657810e-20 7.921502790761430451e-21 9.752146485427031973e-22 1.072731861252444354e-22 9.644161535989405909e-24 4.271398230131447150e-25 -9.633046480155784407e-26 -4.009762349476825734e-26 -1.017462731370368134e-26 -2.251194961739974043e-27 0.000000000000000000e+00
0.000000000000000000e+00 -1.917691084966254262e-26 1.275201479826287126e-25 -8.218362030479044459e-25 4.891362814378274587e-24 -2.683579931193627652e-23 1.352724735480652913e-22 -6.244900948094283194e-22 2.640215012496069065e-21 -1.039173492630159983e-20 4.171966252945922845e-20 -2.141920840758961967e-19 1.660718070918192885e-18 -1.454323407686648655e-17 1.253014830102194702e-16 -8.377645201257628719e-16 5.490846338037901316e-15 -2.037793282931816432e-14 1.281437919529530133e-13 4.970825099809029683e-14 2.627933804594102420e-12 1.158127745913009269e-11 5.033002061556639003e-11 1.350006444181746536e-10 1.676653521093623305e-10 1.678467336386736878e-10 1.329360099880512136e-10 4.832882456986846255e-11 1.027558907247572559e-11 1.147841213719291463e-12 -1.112842340250683728e-13 -1.057321178160657756e-13 -3.747631526937065071e-14 -1.006626775372274327e-14 -2.297309416325979293e-15 -4.633882573068104692e-16 -8.408832161160566262e-17 -1.384747631133014758e-17 -2.076097282065575191e-18 -2.827259248722393376e-19 -3.458112497126126666e-20 -3.679369834998850753e-21 -3.075790296515805966e-22 -1.064199965477451655e-23 3.223568163282089054e-24 1.121078854281214024e-24 2.540375922343449767e-25 5.025458225758284312e-26 9.508004894882349419e-27 0.000000000000000000e+00
0.000000000000000000e+00 7.119521618023322212e-26 -4.592678105436010038e-25 2.873486259288353719e-24 -1.659712534860256286e-23 8.834931014278844549e-23 -4.322303773578154221e-22 1.944672037602998687e-21 -8.189874768311038542e-21 3.545200846437275633e-20 -1.975224357099844808e-19 1.660718070918184604e-18 -1.578372521232821309e-17 1.485477296944285234e-16 -1.097715225259958155e-15 8.031221778909544207e-15 -3.444271270169605433e-14 2.462368419355329433e-13 2.374736560541175696e-14 7.062158213314854539e-12 3.629969608467650730e-11 2.297556991434742660e-10 9.807152985620245202e-10 2.664515139502719777e-09 3.322195825060784000e-09 3.320584922071762891e-09 2.674588505695522642e-09 9.901014857877030261e-10 2.361496229486265026e-10 4.404742339291469205e-11 7.509747907283436753e-12 1.348286889786654495e-12 2.696671068271759723e-13 5.673938691090213319e-14 1.158102453542533227e-14 2.185817665621772784e-15 3.732427369247438695e-16 5.686108046655120180e-17 7.569613373647725600e-18 8.371978423997684616e-19 6.444896207208156692e-20 -4.850004877460587894e-22 -1.518520084774503250e-21 -4.075004445696368254e-22 -8.058590034478465087e-23 -1.388412424756188791e-23 -2.216506820939031892e-24 -3.394420838553074830e-25 -5.146168274422237683e-26 0.000000000000000000e+00
0.000000000000000000e+00 -2.322347009614896194e-25 1.452519218539560783e-24 -8.819626849314302702e-24 4.942609693796162870e-23 -2.553763753674834895e-22 1.218126338851153260e-21 -5.468874854282806705e-21 2.548704107319064771e-20 -1.545895886999705405e-19 1.413969702556205414e-18 -1.454323407686641260e-17 1.485477296944281536e-16 -1.199987133595779984e-15 9.678387432323234359e-15 -4.672171078903045043e-14 3.739970475138556426e-13 -4.812772830464618987e-14 1.414416299852429838e-11 8.260620648268041849e-11 6.859822628470683799e-10 4.001263477551915641e-09 1.778771618095579997e-08 4.974959551835012895e-08 6.157886518808084527e-08 6.158923155393325042e-08 4.970820271716784997e-08 1.775122938679831482e-08 3.974974559855681821e-09 6.518244374577061489e-10 8.272994727729279375e-11 7.673320723961575996e-12 2.559220914879003144e-13 -1.007223029009724171e-13 -3.360465214824694309e-14 -6.938101817800493428e-15 -1.111308705309735726e-15 -1.359233950837101011e-16 -9.301199415379359570e-18 1.060803241732276571e-18 5.915948856914877902e-19 1.529498617613285234e-19 3.103905694527338594e-20 5.491137525146927857e-21 8.833938071581746807e-22 1.322874188938787022e-22 1.874091541148408248e-23 2.545693740178342708e-24 3.363081870932771497e-25 0.000000000000000000e+00
0.000000000000000000e+00 6.550031461020400858e-25 -3.969739777992856522e-24 2.338314021620042391e-23 -1.271784677484192917e-22 6.409484518728632490e-22 -3.058838048822621256e-21 1.535653395818617915e-20 -1.020484697203322025e-19 1.021083460566962705e-18 -1.135251866656184768e-17 1.253014830102191497e-16 -1.097715225259960522e-15 9.678387432323240670e-15 -5.163717574158376944e-14 4.585843862648381565e-13 -1.311081827374928785e-13 2.199055498953952920e-11 1.436148403643182183e-10 1.459854360928853583e-09 1.065880369057545646e-08 6.564505902631021196e-08 2.992599934257450922e-07 8.574380565005314846e-07 1.055832947802549843e-06 1.055781180154178460e-06 8.575785729701970849e-07 2.993741211203368922e-07 6.573375985119989685e-08 1.078297428996836853e-08 1.449873511567397867e-09 1.705424290167063986e-10 1.870601445988057621e-11 2.051401123601382751e-12 2.336885292889736263e-13 2.574743566560652452e-14 1.975045627869545850e-15 -1.461582878849148724e-16 -1.160098649305906537e-16 -3.470910955562201279e-17 -7.957317354650130220e-18 -1.569437089463601637e-18 -2.781867098138312591e-19 -4.532974137324528324e-20 -6.887147689555553229e-21 -9.855855592584225932e-22 -1.339178572384669452e-22 -1.739823344296839239e-23 -2.173264772091193245e-24 0.000000000000000000e+00
0.000000000000000000e+00 -1.561390866258449739e-24 9.161707028695081150e-24 -5.234991785027167436e-23 2.777997501766537174e-22 -1.406259708120465206e-21 7.632927354289404778e-21 -5.620459702284876393e-20 6.205003691293236260e-19 -7.459088806484019644e-18 8.871152236043020537e-17 -8.377645201257582373e-16 8.031221778909575762e-15 -4.672171078903046305e-14 4.585843862648380555e-13 -1.681112551614323796e-13 2.724157220819494686e-11 1.973759538860750492e-10 2.342085931584139785e-09 2.025200594727744358e-08 1.567689726037314914e-07 9.799691618316131164e-07 4.583854545912283314e-06 1.345491452913798950e-05 1.645998931520396664e-05 1.646019254824376935e-05 1.345453099266453660e-05 4.583581179237892652e-06 9.797320350999229638e-07 1.564083871462605483e-07 2.031770889740996701e-08 2.248225768641331211e-09 2.169899660010307041e-10 1.848350042656531086e-11 1.436378979612892642e-12 1.258133156225187779e-13 1.991826122173211070e-14 4.969262688789526981e-15 1.253063069073954539e-15 2.830637843819981010e-16 5.725963738351028695e-17 1.053412879980679889e-17 1.786974518562643911e-18 2.825090343912103346e-19 4.196907501985650464e-20 5.897780096215188266e-21 7.883423584970943563e-22 1.007101800048576763e-22 1.232513209175577817e-23 0.000000000000000000e+00
0.000000000000000000e+00 3.035425511837057017e-24 -1.722724369761775037e-23 9.603212834665687988e-23 -5.150105020678915450e-22 3.050764472031439228e-21 -2.539929465198703588e-20 3.133960053258398766e-19 -4.078931870718869160e-18 5.217802203754057704e-17 -5.285154063006620240e-16 5.490846338037909994e-15 -3.444271270169602278e-14 3.739970475138551882e-13 -1.311081827374932319e-13 2.724157220819496948e-11 2.189275768970088316e-10 2.938516072219490162e-09 2.906903348459881304e-08 2.660792247758842461e-07 2.063964360812802600e-06 1.312157609748937824e-05 6.262195819676594634e-05 1.876653557925297424e-04 2.279080114231049213e-04 2.279073918293169428e-04 1.876661649368543104e-04 6.262241164163680413e-05 1.312204909381139742e-05 2.064758648911421467e-06 2.658161091911728491e-07 2.933687426010133479e-08 2.855208845244201327e-09 2.490103348006097622e-10 1.928386645774583020e-11 1.165985017367361462e-12 -3.110072976976363918e-15 -2.275140593312438636e-14 -6.701837174801242324e-15 -1.507041547741706437e-15 -2.975360392516617180e-16 -5.355408805958647638e-17 -8.931996960712481907e-18 -1.393941651859059498e-18 -2.049995666416079976e-19 -2.857066978314412328e-20 -3.791340680692565853e-21 -4.809496009897029735e-22 -5.840174885002400374e-23 0.000000000000000000e+00
0.000000000000000000e+00 -4.510438778244858248e-24 2.489196773671985248e-23 -1.417845159613779391e-22 9.386752766612751982e-22 -9.186373240270641328e-21 1.292015336488144560e-19 -1.824940648108258320e-18 2.508077202197429795e-17 -2.711373367921019013e-16 3.047351185389750033e-15 -2.037793282931805072e-14 2.462368419355320851e-13 -4.812772830464258004e-14 2.199055498953954213e-11 1.973759538860747908e-10 2.938516072219492643e-09 3.265594914848469534e-08 3.410651008935087278e-07 3.092349020009861546e-06 2.405436804635537940e-05 1.534667282429607780e-04 7.400048685911876341e-04 2.248470247467073985e-03 2.707490634945509695e-03 2.707492051147104926e-03 2.248469003266193641e-03 7.400044913392248925e-04 1.534661073845341507e-04 2.405316706234398485e-05 3.093061754568939372e-06 3.404595096144962362e-07 3.291899144526047008e-08 2.852684255838547469e-09 2.271013942076796546e-10 1.759268123054874695e-11 1.549231288887294968e-12 1.938859345977942827e-13 3.368217364346409150e-14 6.484472028557930576e-15 1.215728325898128831e-15 2.141753442531397616e-16 3.531204708798378754e-17 5.469195267567284240e-18 7.997654339430910769e-19 1.109494755822507241e-19 1.466437526119091036e-20 1.853391884920162843e-21 2.242346760427466817e-22 0.000000000000000000e+00
0.000000000000000000e+00 4.415094647243521192e-24 -2.548312261481968835e-23 2.038144694092394776e-22 -2.559900553728001284e-21 4.235946835158309837e-20 -6.513613895388199572e-19 9.610856932201027128e-18 -1.102288840088727152e-16 1.339748083604328233e-15 -9.409430123376669718e-15 1.281437919529521550e-13 2.374736560541868632e-14 1.414416299852428384e-11 1.436148403643180115e-10 2.342085931584143507e-09 2.906903348459878988e-08 3.410651008935087807e-07 3.511365017668888371e-06 3.156140829538086755e-05 2.412412724647162922e-04 1.512827921079830905e-03 7.227311515095087395e-03 2.192289917261810994e-02 2.612849511396839533e-02 2.612849285778550551e-02 2.192290046169131576e-02 7.227311279306820012e-03 1.512828266897034120e-03 2.412422144761097969e-04 3.156016173154863427e-05 3.512395332130856466e-06 3.404533819503204529e-07 2.926330533082277631e-08 2.257902160353519969e-09 1.558587911043430944e-10 8.986324545688904914e-12 2.379347188923937854e-13 -5.681671898640162378e-14 -1.753836137291502428e-14 -3.622359128239628604e-15 -6.515059670347063166e-16 -1.076405846701881423e-16 -1.663013251569529919e-17 -2.423537232446373221e-18 -3.350612687429006156e-19 -4.414232107204200098e-20 -5.561948266387588024e-21 -6.709956551733697195e-22 0.000000000000000000e+00
0.000000000000000000e+00 -1.530239144997856098e-24 2.414734793576277325e-23 -5.163820737302213258e-22 1.062276648965419357e-20 -1.784250808270587785e-19 2.825549365599674296e-18 -3.407660056679589419e-17 4.487872699572278039e-16 -3.228421975871265067e-15 5.089430076071677811e-14 4.970825099809629217e-14 7.062158213314824651e-12 8.260620648268050896e-11 1.459854360928855858e-09 2.025200594727743034e-08 2.660792247758842990e-07 3.092349020009863240e-06 3.156140829538086077e-05 2.758769175978058297e-04 2.014959075713336836e-03 1.193805525044175017e-02 5.419865954861913943e-02 1.581321766584890265e-01 1.859180214263111142e-01 1.859180235241289780e-01 1.581321757437839648e-01 5.419866043200950029e-02 1.193805551125668232e-02 2.014959274101443994e-03 2.758780237895330236e-04 3.156021563620105703e-05 3.093347368851884305e-06 2.657567172541373808e-07 2.042641434998006756e-08 1.433913093723983844e-09 9.489257706056213460e-11 6.392246685838757239e-12 5.213469020931850058e-13 6.079228130216806904e-14 9.253017160402354901e-15 1.516002880502057168e-15 2.429615109548930338e-16 3.707162714522030388e-17 5.363958555366857025e-18 7.375526099184511393e-19 9.670262240377162740e-20 1.212985872170728495e-20 1.457247147270644742e-21 0.000000000000000000e+00
0.000000000000000000e+00 -8.179974493530469880e-25 -6.706352688745207148e-23 1.912644830799684002e-21 -3.513050233348633550e-20 5.972117342180399009e-19 -7.445409946488355627e-18 1.071382429592567713e-16 -7.463423215432090385e-16 1.455909040700671266e-14 3.827275834120165862e-14 2.627933804594081417e-12 3.629969608467660424e-11 6.859822628470686901e-10 1.065880369057544323e-08 1.567689726037314914e-07 2.063964360812803023e-06 2.405436804635536924e-05 2.412412724647164278e-04 2.014959075713336836e-03 1.349385220300434139e-02 7.002691755138161500e-02 2.736880009387981372e-01 6.883118503066044669e-01 7.907771685763604896e-01 7.907771681633712912e-01 6.883118511319538113e-01 2.736880005151441919e-01 7.002691730818681737e-02 1.349385148639683889e-02 2.014959243800382854e-03 2.412419491121453792e-04 2.405336521221348320e-05 2.064293206657509326e-06 1.565323501888476507e-07 1.069564028956750194e-08 6.665426273906900734e-10 3.773034406177006772e-11 1.819831491000331066e-12 4.558615441002780045e-14 -6.683411287110404114e-15 -1.839762401626558713e-15 -3.267695971057023287e-16 -5.083257671503958943e-17 -7.339800846092216964e-18 -1.001301546925570500e-18 -1.300465761756716613e-19 -1.615218095609143771e-20 -1.921730771155531158e-21 0.000000000000000000e+00
0.000000000000000000e+00 -4.696076182115842631e-24 2.185644891148027436e-22 -4.334908611270311399e-21 7.927739302254167454e-20 -9.729566437203228771e-19 1.583923785288976210e-17 -8.681960115733961808e-17 2.694031749883162005e-15 1.765131461505767838e-14 6.851426557093401965e-13 1.158127745913012177e-11 2.297556991434744211e-10 4.001263477551909850e-09 6.564505902631025167e-08 9.799691618316131164e-07 1.312157609748936638e-05 1.534667282429608322e-04 1.512827921079830905e-03 1.193805525044174323e-02 7.002691755138162888e-02 2.783199500328928933e-01 7.207025913969437036e-01 9.243259414255492468e-01 9.660034684368862257e-01 9.660034674828165135e-01 9.243259407477285583e-01 7.207025909510418327e-01 2.783199495738242768e-01 7.002691711747111025e-02 1.193805435494833637e-02 1.512828248803333537e-03 1.534670131284922030e-04 1.312150330027818867e-05 9.800977602729568657e-07 6.562117761149477258e-08 4.014897004168408920e-09 2.280367040161727306e-10 1.222351822047691359e-11 6.356923522378061170e-13 3.422478325724545407e-14 2.180953080541553314e-15 1.873393576382006608e-16 2.065338816753123891e-17 2.507407951308530702e-18 3.042847688138702428e-19 3.558143607939831725e-20 3.962784405706386450e-21 4.188452073642759916e-22 0.000000000000000000e+00
0.000000000000000000e+00 1.155949941067169750e-23 -2.014627235427787902e-22 4.079414621591549997e-21 -3.216022255082756276e-20 8.655712020629092095e-19 4.581182247970108099e-18 2.467388951105419878e-16 4.983131127895173927e-15 1.135877499070375637e-13 2.476600120771856040e-12 5.033002061556640295e-11 9.807152985620226591e-10 1.778771618095581321e-08 2.992599934257448804e-07 4.583854545912285855e-06 6.262195819676593278e-05 7.400048685911875257e-04 7.227311515095086528e-03 5.419865954861914636e-02 2.736880009387979706e-01 7.207025913969437036e-01 9.292651215386268371e-01 9.858353573442372175e-01 9.956346019173890616e-01 9.956346022201474355e-01 9.858353562359223332e-01 9.292651214242013680e-01 7.207025912856356298e-01 2.736880012023520936e-01 5.419865920105530060e-02 7.227310735701220241e-03 7.400056606227445105e-04 6.262171496806323752e-05 4.584029925096007472e-06 2.992443241376530052e-07 1.780089092966451492e-08 9.809964100497788575e-10 5.085590488174308730e-11 2.537593264048832850e-12 1.290740916880761633e-13 7.737523886856592467e-15 6.610520584627984118e-16 7.849348607221468441e-17 1.064030682832232585e-17 1.456603107959267111e-18 1.934019482059152606e-19 2.467525225005008027e-20 3.017727369439815995e-21 0.000000000000000000e+00
0.000000000000000000e+00 1.993440887626082311e-23 -3.375836743730543875e-22 8.451047488658549268e-21 -8.593269204973246295e-20 2.526737894801900551e-18 4.674524646357378026e-19 7.556180023681990965e-16 1.042034792345705688e-14 3.074796761214880138e-13 6.254152147743275586e-12 1.350006444181744985e-10 2.664515139502723085e-09 4.974959551835004292e-08 8.574380565005325434e-07 1.345491452913798950e-05 1.876653557925296340e-04 2.248470247467074853e-03 2.192289917261810647e-02 1.581321766584889710e-01 6.883118503066042448e-01 9.243259414255495798e-01 9.858353573442373285e-01 9.977434727430398720e-01 9.995029342015441243e-01 9.995029339117129652e-01 9.977434744916091613e-01 9.858353571546668581e-01 9.243259421041619683e-01 6.883118513244764758e-01 1.581321767302178993e-01 2.192289932893428522e-02 2.248469020804539416e-03 1.876655492888308911e-04 1.345459603931517040e-05 8.574709024802790674e-07 4.972006264876796955e-08 2.666179625303218226e-09 1.336206299498864144e-10 6.268279593527766692e-12 2.681738069593101353e-13 8.945229756688113875e-15 -5.459528378520104519e-17 -6.607454647811834856e-17 -1.157976870444905594e-17 -1.642831483819347976e-18 -2.141284217600658907e-19 -2.643203723207953834e-20 -3.116587955669417453e-21 0.000000000000000000e+00
0.000000000000000000e+00 -2.686755090182474209e-23 4.924923253186889933e-22 -4.631236363307619072e-21 1.182456445358385193e-19 2.319641494301697078e-19 3.527986426978808342e-17 6.004754279997109239e-16 1.642028879770423752e-14 3.612969052637054276e-13 8.034061484733776613e-12 1.676653521093618911e-10 3.322195825060788963e-09 6.157886518808083204e-08 1.055832947802549843e-06 1.645998931520394970e-05 2.279080114231047587e-04 2.707490634945509261e-03 2.612849511396838839e-02 1.859180214263109754e-01 7.907771685763601566e-01 9.660034684368854485e-01 9.956346019173883954e-01 9.995029342015439022e-01 9.999307212080517093e-01 9.999307230084079068e-01 9.995029342838986919e-01 9.956346029130211939e-01 9.660034691871547397e-01 7.907771693694373161e-01 1.859180229316818034e-01 2.612849461786922664e-02 2.707491176617631348e-03 2.279078721508735327e-04 1.646004672086425315e-05 1.055819737665206988e-06 6.158138995716345199e-08 3.321394843216481779e-09 1.677130935672388501e-10 7.996002891913485074e-12 3.606416700103475133e-13 1.507831292438942850e-14 5.128677837978041762e-16 2.224392329867063530e-19 -3.278349052603500497e-18 -6.185101175179991415e-19 -9.301187509211808232e-20 -1.281817002961105321e-20 -1.666763111220800708e-21 0.000000000000000000e+00
0.000000000000000000e+00 -6.221095845443045823e-23 1.048851776470156530e-21 -1.289521156957264488e-20 2.244901389018368836e-19 -9.383753744751373235e-19 4.612197986947310147e-17 5.191296663144791017e-16 1.686831328335254127e-14 3.601788533690366382e-13 8.023630448606039583e-12 1.678467336386731708e-10 3.320584922071766613e-09 6.158923155393322395e-08 1.055781180154178460e-06 1.646019254824376596e-05 2.279073918293169699e-04 2.707492051147104926e-03 2.612849285778550204e-02 1.859180235241290058e-01 7.907771681633709582e-01 9.660034674828144041e-01 9.956346022201479906e-01 9.995029339117129652e-01 9.999307230084074627e-01 9.999307209917698280e-01 9.995029367898086159e-01 9.956346032182802341e-01 9.660034687591291247e-01 7.907771699119384712e-01 1.859180237884020537e-01 2.612849518331388649e-02 2.707491429654841457e-03 2.279079612652050880e-04 1.646007340650053512e-05 1.055826864502878966e-06 6.158313844161850798e-08 3.321795391259411211e-09 1.677993790311939002e-10 8.013514614497785863e-12 3.639899955177982554e-13 1.568149041104783828e-14 6.153199430865363434e-16 1.665656005966509927e-17 -7.833505878965524206e-19 -2.591002930035985251e-19 -4.375556286895975297e-20 -6.379818631200448114e-21 -8.632873591370553770e-22 0.000000000000000000e+00
0.000000000000000000e+00 -1.180641532402496700e-22 2.106635319112527042e-21 -3.183000655411480001e-20 4.962857352192104146e-19 -4.891864742618190953e-18 8.384104494417725081e-17 -6.974023192981535131e-17 1.759818557690645091e-14 2.528670651122998191e-13 6.615593431418559302e-12 1.329360099880510585e-10 2.674588505695520987e-09 4.970820271716784335e-08 8.575785729701972967e-07 1.345453099266452644e-05 1.876661649368542291e-04 2.248469003266193641e-03 2.192290046169132270e-02 1.581321757437839370e-01 6.883118511319539223e-01 9.243259407477271150e-01 9.858353562359216671e-01 9.977434744916094944e-01 9.995029342838985809e-01 9.995029367898083938e-01 9.977434742100386167e-01 9.858353574552277676e-01 9.243259415912388199e-01 6.883118512990639148e-01 1.581321779610302958e-01 2.192290086680298913e-02 2.248470081565783884e-03 1.876660697730511489e-04 1.345479706850965323e-05 8.575354959341141326e-07 4.973794485575067696e-08 2.670549804370438115e-09 1.345803894248567910e-10 6.460294446655184399e-12 3.035487094781908483e-13 1.499905472450243523e-14 9.147145780799863064e-16 8.001272256765312576e-17 9.250911869177821332e-18 1.179748346388405975e-18 1.507070874855933191e-19 1.869663191821291489e-20 2.234450597487390234e-21 0.000000000000000000e+00
0.000000000000000000e+00 -1.330724320900246910e-22 2.404481422249516619e-21 -3.903878199820066862e-20 5.902330063730728396e-19 -7.032282945971789964e-18 9.277264511543478669e-17 -6.185420058698585030e-16 1.241800188616282820e-14 5.792198435391439579e-14 2.837190790676424040e-12 4.832882456986858534e-11 9.901014857877007513e-10 1.775122938679834460e-08 2.993741211203367864e-07 4.583581179237890958e-06 6.262241164163681768e-05 7.400044913392246756e-04 7.227311279306820012e-03 5.419866043200951417e-02 2.736880005151441364e-01 7.207025909510413886e-01 9.292651214242008129e-01 9.858353571546661920e-01 9.956346029130219710e-01 9.956346032182801231e-01 9.858353574552277676e-01 9.292651239922560258e-01 7.207025930410062564e-01 2.736880027413412519e-01 5.419866103414858194e-02 7.227312333767135950e-03 7.400066484179211113e-04 6.262218124009453102e-05 4.584208201332787047e-06 2.993018451585156607e-07 1.781701412194819483e-08 9.850072515110385825e-10 5.175587639351175858e-11 2.722073308985537603e-12 1.639739278686596138e-13 1.388182240849989420e-14 1.674752504439457519e-15 2.361379468207623636e-16 3.386512242533318670e-17 4.712015216216023232e-18 6.291889521430664635e-19 8.056535177244719450e-20 9.895654506709770061e-21 0.000000000000000000e+00
0.000000000000000000e+00 -1.014909687300380861e-22 1.767422913620191020e-21 -2.922434773472639176e-20 4.371496920073331768e-19 -5.536778151088016638e-18 6.728607960020453700e-17 -5.982261223907687656e-16 7.163004164911701889e-15 -1.652980867818800201e-14 9.125823190914430928e-13 1.027558907247574821e-11 2.361496229486261408e-10 3.974974559855683475e-09 6.573375985119991009e-08 9.797320350999225403e-07 1.312204909381139742e-05 1.534661073845341236e-04 1.512828266897033687e-03 1.193805551125668579e-02 7.002691730818680349e-02 2.783199495738243323e-01 7.207025912856356298e-01 9.243259421041620794e-01 9.660034691871559609e-01 9.660034687591281255e-01 9.243259415912392640e-01 7.207025930410064785e-01 2.783199505349233105e-01 7.002691789921798582e-02 1.193805597552454953e-02 1.512830052615825056e-03 1.534682777929129421e-04 1.312215120546530256e-05 9.803611433575001441e-07 6.571049584546698822e-08 4.041017821020185815e-09 2.347811177287495651e-10 1.378815689296218813e-11 9.662642379798673320e-13 9.851792252109051619e-14 1.379286732342924947e-14 2.149013109010876123e-15 3.325269912206136011e-16 4.941189106600328734e-17 7.007418533256902424e-18 9.494027046212948256e-19 1.231960202570847721e-19 1.532553495793373834e-20 0.000000000000000000e+00
0.000000000000000000e+00 -6.143363455636295589e-23 9.639774476271162949e-22 -1.567723247463794154e-20 2.324033758831420620e-19 -3.009336053315946200e-18 3.556516094820601979e-17 -3.457790966117475361e-16 3.452808425727162989e-15 -1.957117100268089279e-14 2.800172905483854789e-13 1.147841213719294088e-12 4.404742339291464035e-11 6.518244374577062523e-10 1.078297428996838342e-08 1.564083871462602836e-07 2.064758648911422738e-06 2.405316706234398146e-05 2.412422144761098240e-04 2.014959274101444861e-03 1.349385148639684409e-02 7.002691711747105474e-02 2.736880012023522601e-01 6.883118513244763648e-01 7.907771693694374271e-01 7.907771699119375830e-01 6.883118512990642479e-01 2.736880027413412519e-01 7.002691789921799970e-02 1.349385182497159219e-02 2.014960907612864741e-03 2.412440511497896409e-04 2.405488058716256919e-05 2.065071743688876251e-06 1.568470672830721704e-07 1.080145057727889865e-08 6.971948800813402607e-10 4.557124807735608323e-11 3.623036988715708474e-12 4.235654267491066420e-13 6.632006050325235383e-14 1.126653657657727382e-14 1.876253497359334889e-15 2.979817170601319469e-16 4.495328103723297542e-17 6.454485766550224984e-18 8.848305609413914156e-19 1.161651876740219787e-19 1.461864740039832491e-20 0.000000000000000000e+00
0.000000000000000000e+00 -3.312911877719416191e-23 4.324744963764996562e-22 -6.643016071041509506e-21 9.677696764780112682e-20 -1.260182109307278515e-18 1.473843565813843639e-17 -1.479655700491582373e-16 1.383522412795145609e-15 -9.705437117527493692e-15 8.768792846591197651e-14 -1.112842340250687263e-13 7.509747907283433522e-12 8.272994727729270327e-11 1.449873511567401589e-09 2.031770889740991076e-08 2.658161091911730609e-07 3.093061754568937678e-06 3.156016173154864104e-05 2.758780237895330778e-04 2.014959243800383288e-03 1.193805435494833464e-02 5.419865920105530060e-02 1.581321767302178716e-01 1.859180229316818034e-01 1.859180237884019982e-01 1.581321779610303790e-01 5.419866103414856806e-02 1.193805597552455473e-02 2.014960907612865174e-03 2.758800379414657190e-04 3.156172193527567130e-05 3.094175256478541408e-06 2.661214859696020991e-07 2.056156652810462420e-08 1.477307560687637753e-09 1.072202601290672405e-10 9.539127381356561168e-12 1.251965480022840587e-12 2.165983938661652716e-13 4.002248475657783640e-14 7.182509472433796948e-15 1.221922149455653190e-15 1.965577237333513851e-16 2.997679139978652425e-17 4.350169370851994771e-18 6.028163405418240758e-19 8.001307795748290501e-20 1.018025587528861486e-20 0.000000000000000000e+00
0.000000000000000000e+00 -1.687095215737972518e-23 1.730351545922400181e-22 -2.380063436599751595e-21 3.344768575769380823e-20 -4.330706429609486236e-19 5.035502710163011644e-18 -5.115523592156239355e-17 4.667471687486844348e-16 -3.511022487412655695e-15 2.655406385049257414e-14 -1.057321178160663688e-13 1.348286889786655100e-12 7.673320723961561455e-12 1.705424290167068380e-10 2.248225768641324180e-09 2.933687426010135795e-08 3.404595096144960244e-07 3.512395332130856889e-06 3.156021563620107058e-05 2.412419491121454334e-04 1.512828248803332887e-03 7.227310735701220241e-03 2.192289932893428175e-02 2.612849461786922317e-02 2.612849518331386914e-02 2.192290086680299954e-02 7.227312333767137685e-03 1.512830052615825706e-03 2.412440511497897764e-04 3.156172193527567808e-05 3.513481063587748040e-06 3.410596440896026826e-07 2.953896548739406650e-08 2.362717758547459506e-09 1.900567761339126192e-10 1.877011893055734850e-11 2.735837600106953495e-12 5.204343540613073877e-13 1.046089686389208302e-13 2.026961186733109787e-14 3.702568806050885739e-15 6.365777716799440723e-16 1.033528706271879367e-16 1.591068814994546300e-17 2.331531900717620395e-18 3.263676510864599555e-19 4.377204155187846596e-20 5.627952707874063085e-21 0.000000000000000000e+00
0.000000000000000000e+00 -8.149807117849220713e-24 6.554253331419501203e-23 -7.622713476905306939e-22 1.002017346407393323e-20 -1.273294859668416368e-19 1.470216243830201423e-18 -1.498523423797045364e-17 1.353714584722932550e-16 -1.043266674901911158e-15 7.364607421396967000e-15 -3.747631526937090315e-14 2.696671068271769316e-13 2.559220914878975880e-13 1.870601445988059883e-11 2.169899660010302129e-10 2.855208845244202981e-09 3.291899144526046346e-08 3.404533819503203470e-07 3.093347368851885576e-06 2.405336521221348320e-05 1.534670131284921759e-04 7.400056606227441852e-04 2.248469020804538549e-03 2.707491176617628746e-03 2.707491429654839288e-03 2.248470081565785185e-03 7.400066484179215450e-04 1.534682777929130505e-04 2.405488058716257936e-05 3.094175256478543526e-06 3.410596440896027885e-07 3.319183952706663060e-08 2.959481304158793426e-09 2.637558091415968610e-10 2.879145222391920668e-11 4.632494314398836969e-12 9.666355128147469117e-13 2.114955192833814430e-13 4.432720067858208683e-14 8.712683749269290294e-15 1.604560538636008699e-15 2.779288100970669966e-16 4.548154286436128847e-17 7.061620877126156421e-18 1.044243357807374965e-18 1.475737800144382346e-19 1.998921433040413536e-20 2.596059810649069987e-21 0.000000000000000000e+00
0.000000000000000000e+00 -3.664138081881284747e-24 2.420486322519332210e-23 -2.290869937592781871e-22 2.700319684952747867e-21 -3.303790466200302396e-20 3.768072527898078570e-19 -3.834047711082857612e-18 3.444973759412305169e-17 -2.674787172043955211e-16 1.834435949577888640e-15 -1.006626775372282215e-14 5.673938691090248660e-14 -1.007223029009730482e-13 2.051401123601377904e-12 1.848350042656536256e-11 2.490103348006091935e-10 2.852684255838551604e-09 2.926330533082276308e-08 2.657567172541377514e-07 2.064293206657508479e-06 1.312150330027818867e-05 6.262171496806319686e-05 1.876655492888307556e-04 2.279078721508733430e-04 2.279079612652048440e-04 1.876660697730512574e-04 6.262218124009459879e-05 1.312215120546530933e-05 2.065071743688875404e-06 2.661214859696021520e-07 2.953896548739405658e-08 2.959481304158790944e-09 2.934051699958283876e-10 3.540237126013943682e-11 6.273277042593371094e-12 1.434562192417499631e-12 3.419448359817785175e-13 7.764786306211170388e-14 1.645416532018905185e-14 3.252479552199597459e-15 6.022468335125419738e-16 1.049698694953119689e-16 1.730098023363366906e-17 2.707580665223245418e-18 4.038255342686628025e-19 5.758844422308846424e-20 7.874640611421336782e-21 1.032640006132342607e-21 0.000000000000000000e+00
0.000000000000000000e+00 -1.508803580632596787e-24 8.705712478017390202e-24 -6.704789935641901170e-23 6.778514426407276302e-22 -7.764735561627311204e-21 8.659558590316043870e-20 -8.753733450489122919e-19 7.827065788723135630e-18 -6.078456105241056103e-17 4.105353978294804790e-16 -2.297309416326000987e-15 1.158102453542542851e-14 -3.360465214824715766e-14 2.336885292889724651e-13 1.436378979612911827e-12 1.928386645774565895e-11 2.271013942076806369e-10 2.257902160353517902e-09 2.042641434998010726e-08 1.565323501888475713e-07 9.800977602729568657e-07 4.584029925096004931e-06 1.345459603931516363e-05 1.646004672086424299e-05 1.646007340650051140e-05 1.345479706850965832e-05 4.584208201332792976e-06 9.803611433575007794e-07 1.568470672830720116e-07 2.056156652810459773e-08 2.362717758547455784e-09 2.637558091415960856e-10 3.540237126013937219e-11 6.925375130160006515e-12 1.738130989921048753e-12 4.521392697132601153e-13 1.114537137670581417e-13 2.551428991125898641e-14 5.424236384789990851e-15 1.075846135618556509e-15 2.001125888884132277e-16 3.507779620960897560e-17 5.820179420505381906e-18 9.176912182512626635e-19 1.379884814884999729e-19 1.984948749188503075e-20 2.739041639997474429e-21 3.625610608089368867e-22 0.000000000000000000e+00
0.000000000000000000e+00 -5.655704485920107746e-25 2.999639066215650615e-24 -1.944887417310618647e-23 1.637167239834405635e-22 -1.693709365515490730e-21 1.817054894907920421e-20 -1.813033956950858885e-19 1.610450225988086740e-18 -1.245739386316380017e-17 8.312415723367307519e-17 -4.633882573068150052e-16 2.185817665621794083e-15 -6.938101817800551804e-15 2.574743566560639199e-14 1.258133156225221857e-13 1.165985017367332987e-12 1.759268123054890528e-11 1.558587911043426291e-10 1.433913093723987566e-09 1.069564028956749201e-08 6.562117761149478582e-08 2.992443241376528464e-07 8.574709024802789615e-07 1.055819737665206141e-06 1.055826864502877695e-06 8.575354959341144503e-07 2.993018451585161901e-07 6.571049584546697498e-08 1.080145057727887880e-08 1.477307560687632583e-09 1.900567761339116886e-10 2.879145222391904512e-11 6.273277042593350899e-12 1.738130989921047339e-12 4.955185082189521272e-13 1.330373571739001548e-13 3.299284244776275680e-14 7.562533436344904124e-15 1.610330773330480948e-15 3.203249182445635044e-16 5.983600346504044746e-17 1.054565111802930556e-17 1.760960903075113710e-18 2.796575670822421045e-19 4.238118673137258881e-20 6.147749256930050609e-21 8.558588860180115492e-22 1.143280743996787387e-22 0.000000000000000000e+00
0.000000000000000000e+00 -1.932031578323479175e-25 9.742804152980719073e-25 -5.573240833878937029e-24 3.900126927441535128e-23 -3.511409347632951837e-22 3.539211299608582103e-21 -3.452353751884339407e-20 3.035887437054157261e-19 -2.331058038015078713e-18 1.534890858762992931e-17 -8.408832161160652544e-17 3.732427369247480603e-16 -1.111308705309748151e-15 1.975045627869542300e-15 1.991826122173257770e-14 -3.110072976980327155e-15 1.549231288887317586e-12 8.986324545688819288e-12 9.489257706056254819e-11 6.665426273906887293e-10 4.014897004168411402e-09 1.780089092966450169e-08 4.972006264876800264e-08 6.158138995716339905e-08 6.158313844161846827e-08 4.973794485575067034e-08 1.781701412194821469e-08 4.041017821020179197e-09 6.971948800813371587e-10 1.072202601290664262e-10 1.877011893055719341e-11 4.632494314398807889e-12 1.434562192417496198e-12 4.521392697132595094e-13 1.330373571739000538e-13 3.590761358899257165e-14 8.906554589881857332e-15 2.042237044465880395e-15 4.355784316063845355e-16 8.690806904550078087e-17 1.630393665208144311e-17 2.888858627434651694e-18 4.854160920383801489e-19 7.762984615655405117e-20 1.185465451375702443e-20 1.733738212724104458e-21 2.434624231434599879e-22 3.281731698654038546e-23 0.000000000000000000e+00
0.000000000000000000e+00 -6.042149486292074698e-26 2.954493520981751634e-25 -1.554120634783125503e-24 9.263721129985086846e-24 -7.071430816949720424e-23 6.500084281299728736e-22 -6.113289215471123341e-21 5.293625056336312920e-20 -4.019778571848591493e-19 2.602683232242781967e-18 -1.384747631133028317e-17 5.686108046655186740e-17 -1.359233950837122212e-16 -1.461582878849122100e-16 4.969262688789582990e-15 -2.275140593312488807e-14 1.938859345977970595e-13 2.379347188923809112e-13 6.392246685838810553e-12 3.773034406176986092e-11 2.280367040161732217e-10 9.809964100497780303e-10 2.666179625303221121e-09 3.321394843216476402e-09 3.321795391259413279e-09 2.670549804370436874e-09 9.850072515110387893e-10 2.347811177287488413e-10 4.557124807735571488e-11 9.539127381356462618e-12 2.735837600106930473e-12 9.666355128147420649e-13 3.419448359817776592e-13 1.114537137670580534e-13 3.299284244776274418e-14 8.906554589881855755e-15 2.208949948114676612e-15 5.069774562552642373e-16 1.083695590012720474e-16 2.169623452070200535e-17 4.088527685881321856e-18 7.283775167260253901e-19 1.231544049674668797e-19 1.983227708397582984e-20 3.051449751941850393e-21 4.498978421933268810e-22 6.372363012123771935e-23 8.667738466179498573e-24 0.000000000000000000e+00
0.000000000000000000e+00 -1.739695310170362524e-26 8.334870388096178529e-26 -4.150253973617094465e-25 2.183682220860207022e-24 -1.404887627701532282e-23 1.141840997853998188e-22 -1.016371125880367439e-21 8.602490815534868728e-21 -6.432607549433581280e-20 4.074312969416282238e-19 -2.076097282065592910e-18 7.569613373647816504e-18 -9.301199415379670800e-18 -1.160098649305900127e-16 1.253063069073960653e-15 -6.701837174801299122e-15 3.368217364346443860e-14 -5.681671898640332772e-14 5.213469020931920740e-13 1.819831491000303601e-12 1.222351822047698629e-11 5.085590488174295159e-11 1.336206299498865953e-10 1.677130935672384365e-10 1.677993790311944689e-10 1.345803894248568169e-10 5.175587639351177151e-11 1.378815689296212189e-11 3.623036988715673739e-12 1.251965480022828470e-12 5.204343540613042575e-13 2.114955192833807866e-13 7.764786306211153979e-14 2.551428991125895486e-14 7.562533436344900969e-15 2.042237044465880789e-15 5.069774562552639415e-16 1.165794750779361383e-16 2.499300928186618873e-17 5.023399906230268728e-18 9.511947705803892148e-19 1.704099776242375693e-19 2.899572546928275223e-20 4.701978490160718778e-21 7.289447203763805535e-22 1.083498787474327986e-22 1.548066550690169967e-23 2.125316922236557431e-24 0.000000000000000000e+00
0.000000000000000000e+00 -4.637602796447444376e-27 2.187465270740959152e-26 -1.049168018833660580e-25 5.035368646627977074e-25 -2.765741323232043224e-24 1.938617441730790810e-23 -1.597289311676431319e-22 1.309288936600890528e-21 -9.594909822072541424e-21 5.905833201293684292e-20 -2.827259248722414561e-19 8.371978423997787654e-19 1.060803241732237667e-18 -3.470910955562189569e-17 2.830637843819989884e-16 -1.507041547741712748e-15 6.484472028557970808e-15 -1.753836137291523254e-14 6.079228130216895257e-14 4.558615441002427267e-14 6.356923522378159115e-13 2.537593264048815483e-12 6.268279593527779617e-12 7.996002891913454377e-12 8.013514614497865027e-12 6.460294446655213480e-12 2.722073308985544065e-12 9.662642379798616774e-13 4.235654267491029059e-13 2.165983938661639337e-13 1.046089686389204136e-13 4.432720067858200479e-14 1.645416532018902977e-14 5.424236384789985329e-15 1.610330773330480159e-15 4.355784316063844369e-16 1.083695590012720104e-16 2.499300928186617024e-17 5.378113640956525648e-18 1.085812927257097758e-18 2.066741380347756372e-19 3.724463936224671779e-20 6.378635468862086954e-21 1.041737104685532531e-21 1.627456492133838751e-22 2.439175441958995949e-23 3.516351477849418365e-24 4.874826759777663689e-25 0.000000000000000000e+00
0.000000000000000000e+00 -1.150415358915186821e-27 5.349981481341696643e-27 -2.493585280240050978e-26 1.117125752579352880e-25 -5.351452990647230543e-25 3.187886716749228361e-24 -2.374740601006538904e-23 1.866565167870211242e-22 -1.334825154377138324e-21 7.921502790761451516e-21 -3.458112497126142916e-20 6.444896207208257804e-20 5.915948856914847087e-19 -7.957317354650116353e-18 5.725963738351034858e-17 -2.975360392516622604e-16 1.215728325898131987e-15 -3.622359128239653059e-15 9.253017160402455875e-15 -6.683411287110815111e-15 3.422478325724663421e-14 1.290740916880741691e-13 2.681738069593112460e-13 3.606416700103457463e-13 3.639899955178072926e-13 3.035487094781956950e-13 1.639739278686607497e-13 9.851792252109006181e-14 6.632006050325194993e-14 4.002248475657765969e-14 2.026961186733104423e-14 8.712683749269280827e-15 3.252479552199594303e-15 1.075846135618556115e-15 3.203249182445633565e-16 8.690806904550073156e-17 2.169623452070198686e-17 5.023399906230261795e-18 1.085812927257097180e-18 2.203321803143681625e-19 4.217530845917098439e-20 7.647724094229362034e-21 1.318672259200198919e-21 2.169480797102768729e-22 3.416323569939909319e-23 5.164661983232822382e-24 7.516137809112452752e-25 1.053051116579804696e-25 0.000000000000000000e+00
0.000000000000000000e+00 -2.667164817236041523e-28 1.222017817026219406e-27 -5.551217880106950287e-27 2.349856984235104461e-26 -9.992163684219410627e-26 5.015944479402213531e-25 -3.298649530988290382e-24 2.466701805287765425e-23 -1.719395998347930645e-22 9.752146485427030093e-22 -3.679369834998851506e-21 -4.850004877459951246e-22 1.529498617613286197e-19 -1.569437089463600288e-18 1.053412879980680659e-17 -5.355408805958651336e-17 2.141753442531400820e-16 -6.515059670347086832e-16 1.516002880502066240e-15 -1.839762401626601311e-15 2.180953080541678743e-15 7.737523886856381052e-15 8.945229756688208538e-15 1.507831292438934330e-14 1.568149041104874705e-14 1.499905472450304107e-14 1.388182240850004250e-14 1.379286732342920529e-14 1.126653657657722491e-14 7.182509472433774860e-15 3.702568806050878639e-15 1.604560538636007121e-15 6.022468335125415794e-16 2.001125888884131784e-16 5.983600346504039815e-17 1.630393665208143078e-17 4.088527685881318774e-18 9.511947705803888296e-19 2.066741380347755409e-19 4.217530845917097837e-20 8.122511181978267051e-21 1.482618690454424680e-21 2.574704364925454757e-22 4.268661050365128386e-23 6.778495044055587910e-24 1.034224659704943889e-24 1.520639082798201346e-25 2.155920386316765644e-26 0.000000000000000000e+00
0.000000000000000000e+00 -5.800159893094746032e-29 2.611879805955636664e-28 -1.154699589085029538e-27 4.627700462547000984e-27 -1.754005155687657585e-26 7.282625013280174219e-26 -4.092883200509814885e-25 2.910379800509454106e-24 -1.996401780778966700e-23 1.072731861252438711e-22 -3.075790296515775403e-22 -1.518520084774507952e-21 3.103905694527346418e-20 -2.781867098138313073e-19 1.786974518562644682e-18 -8.931996960712492692e-18 3.531204708798385533e-17 -1.076405846701883025e-16 2.429615109548939706e-16 -3.267695971057064702e-16 1.873393576382123951e-16 6.610520584627780000e-16 -5.459528378519251563e-17 5.128677837978002319e-16 6.153199430866219348e-16 9.147145780800515846e-16 1.674752504439473888e-15 2.149013109010871785e-15 1.876253497359328578e-15 1.221922149455650429e-15 6.365777716799433820e-16 2.779288100970667994e-16 1.049698694953118949e-16 3.507779620960896328e-17 1.054565111802930402e-17 2.888858627434650153e-18 7.283775167260248124e-19 1.704099776242375452e-19 3.724463936224671177e-20 7.647724094229362034e-21 1.482618690454424492e-21 2.725392107279148695e-22 4.768879740232664362e-23 7.971655087031984822e-24 1.277351773319792732e-24 1.968688024765137093e-25 2.928150203224885496e-26 4.209220420927297222e-27 0.000000000000000000e+00
0.000000000000000000e+00 -1.186428556855479600e-29 5.229962380811010329e-29 -2.237993682442396863e-28 8.419985382230920771e-28 -2.786565592140501699e-27 8.887975002154385800e-27 -3.871338964943227022e-26 2.684100742882227344e-25 -1.910077293810498182e-24 9.644161535989254564e-24 -1.064199965477363787e-23 -4.075004445696391294e-22 5.491137525146951179e-21 -4.532974137324533139e-20 2.825090343912104309e-19 -1.393941651859059498e-18 5.469195267567291174e-18 -1.663013251569531768e-17 3.707162714522037784e-17 -5.083257671503992223e-17 2.065338816753223423e-17 7.849348607221289715e-17 -6.607454647811758435e-17 2.224392329864359525e-19 1.665656005967272595e-17 8.001272256765943665e-17 2.361379468207639414e-16 3.325269912206128122e-16 2.979817170601313059e-16 1.965577237333510646e-16 1.033528706271878258e-16 4.548154286436126382e-17 1.730098023363365057e-17 5.820179420505377284e-18 1.760960903075112940e-18 4.854160920383798600e-19 1.231544049674668556e-19 2.899572546928274019e-20 6.378635468862085449e-21 1.318672259200198919e-21 2.574704364925455227e-22 4.768879740232665538e-23 8.412930658241996784e-24 1.418923498923344034e-24 2.296439982402784585e-25 3.579985156817372513e-26 5.396490831344692048e-27 7.887679059749033547e-28 0.000000000000000000e+00
0.000000000000000000e+00 -2.287192436562065850e-30 9.811181427322330206e-30 -4.022422414803923432e-29 1.388316881701143812e-28 -3.717921062384150605e-28 6.150358731004887442e-28 -2.969435691763181980e-28 5.794353149959755445e-27 -9.156487688532667613e-26 4.271398230131155113e-25 3.223568163282262440e-24 -8.058590034478519160e-23 8.833938071581790066e-22 -6.887147689555568275e-21 4.196907501985651667e-20 -2.049995666416080939e-19 7.997654339430912695e-19 -2.423537232446373606e-18 5.363958555366861647e-18 -7.339800846092238534e-18 2.507407951308602346e-18 1.064030682832219181e-17 -1.157976870444898660e-17 -3.278349052603535934e-18 -7.833505878958989526e-19 9.250911869178396029e-18 3.386512242533328530e-17 4.941189106600319490e-17 4.495328103723291996e-17 2.997679139978649960e-17 1.591068814994545683e-17 7.061620877126153339e-18 2.707580665223243107e-18 9.176912182512622783e-19 2.796575670822420082e-19 7.762984615655401505e-20 1.983227708397582984e-20 4.701978490160715769e-21 1.041737104685532343e-21 2.169480797102768729e-22 4.268661050365129562e-23 7.971655087031986291e-24 1.418923498923343851e-24 2.417060013788537006e-25 3.956534889950690940e-26 6.250780890605465901e-27 9.574864382900232596e-28 1.428554692744149205e-28 0.000000000000000000e+00
0.000000000000000000e+00 -4.159535302464385560e-31 1.721249779724036653e-30 -6.642442380112134150e-30 1.996482446573654638e-29 -3.214559267291188951e-29 -1.052508625082175138e-28 1.208128519979221326e-27 -6.044097966088633921e-27 2.109717791985575052e-26 -9.633046480156259656e-26 1.121078854281242126e-24 -1.388412424756199370e-23 1.322874188938793370e-22 -9.855855592584259786e-22 5.897780096215192780e-21 -2.857066978314414134e-20 1.109494755822507722e-19 -3.350612687429004712e-19 7.375526099184508504e-19 -1.001301546925571848e-18 3.042847688138740947e-19 1.456603107959259408e-18 -1.642831483819342198e-18 -6.185101175180043415e-19 -2.591002930035441658e-19 1.179748346388454508e-18 4.712015216216027084e-18 7.007418533256888557e-18 6.454485766550218051e-18 4.350169370851992460e-18 2.331531900717620010e-18 1.044243357807374965e-18 4.038255342686626580e-19 1.379884814884998767e-19 4.238118673137258881e-20 1.185465451375701841e-20 3.051449751941850017e-21 7.289447203763802714e-22 1.627456492133838516e-22 3.416323569939909906e-23 6.778495044055592318e-24 1.277351773319793467e-24 2.296439982402786422e-25 3.956534889950690940e-26 6.563328873597499135e-27 1.053688033420261706e-27 1.646123915639311748e-28 2.519840171333621279e-29 0.000000000000000000e+00
0.000000000000000000e+00 -7.134134171885281976e-32 2.810626610319847252e-31 -9.886114027359054309e-31 2.254607740514246975e-30 2.148796486589787309e-30 -6.282762179273672673e-29 4.483765655238673436e-28 -2.257399662519083659e-27 9.380721392529362782e-27 -4.009762349476896907e-26 2.540375922343492012e-25 -2.216506820939049525e-24 1.874091541148416770e-23 -1.339178572384674154e-22 7.883423584970957669e-22 -3.791340680692568110e-21 1.466437526119093143e-20 -4.414232107204200700e-20 9.670262240377153110e-20 -1.300465761756716613e-19 3.558143607939838947e-20 1.934019482059150680e-19 -2.141284217600655536e-19 -9.301187509211881659e-20 -4.375556286895532935e-20 1.507070874855971709e-19 6.291889521430664635e-19 9.494027046212940552e-19 8.848305609413904526e-19 6.028163405418237869e-19 3.263676510864600518e-19 1.475737800144382587e-19 5.758844422308844017e-20 1.984948749188503075e-20 6.147749256930049104e-21 1.733738212724103330e-21 4.498978421933268810e-22 1.083498787474327281e-22 2.439175441958995361e-23 5.164661983232823116e-24 1.034224659704944440e-24 1.968688024765137552e-25 3.579985156817373661e-26 6.250780890605468054e-27 1.053688033420261706e-27 1.725324541426553627e-28 2.762095677393280986e-29 4.365074878853440989e-30 0.000000000000000000e+00
0.000000000000000000e+00 -1.151325660355508571e-32 4.228527474196706301e-32 -1.268397265149019141e-31 1.112322709128020203e-31 1.982215113937610175e-30 -1.947129421904079103e-29 1.205154171086055261e-28 -5.923180464337800887e-28 2.501349247167720328e-27 -1.017462731370378466e-26 5.025458225758342857e-26 -3.394420838553103759e-25 2.545693740178354095e-24 -1.739823344296846292e-23 1.007101800048578761e-22 -4.809496009897037258e-22 1.853391884920165100e-21 -5.561948266387588776e-21 1.212985872170726991e-20 -1.615218095609141966e-20 3.962784405706367642e-21 2.467525225005011638e-20 -2.643203723207952329e-20 -1.281817002961114950e-20 -6.379818631200088507e-21 1.869663191821320979e-20 8.056535177244718246e-20 1.231960202570846277e-19 1.161651876740218102e-19 8.001307795748289297e-20 4.377204155187848402e-20 1.998921433040413536e-20 7.874640611421333773e-21 2.739041639997474429e-21 8.558588860180113611e-22 2.434624231434598939e-22 6.372363012123769584e-23 1.548066550690168792e-23 3.516351477849415426e-24 7.516137809112451833e-25 1.520639082798201805e-25 2.928150203224886644e-26 5.396490831344692766e-27 9.574864382900232596e-28 1.646123915639311748e-28 2.762095677393281547e-29 4.557064833316334452e-30 7.484493362139827658e-31 0.000000000000000000e+00
0.000000000000000000e+00 -1.746870997052264875e-33 5.734253582994435439e-33 -1.193487501966178573e-32 -3.968052645302137421e-32 6.659173679951807756e-31 -5.018607806688969745e-30 2.872532997998188913e-29 -1.375974966544181258e-28 5.763711776431938458e-28 -2.251194961739988392e-27 9.508004894882435514e-27 -5.146168274422280730e-26 3.363081870932785272e-25 -2.173264772091202428e-24 1.232513209175580609e-23 -5.840174885002409778e-23 2.242346760427467757e-22 -6.709956551733701897e-22 1.457247147270642862e-21 -1.921730771155528525e-21 4.188452073642716658e-22 3.017727369439823894e-21 -3.116587955669418958e-21 -1.666763111220810676e-21 -8.632873591370260366e-22 2.234450597487410923e-21 9.895654506709770061e-21 1.532553495793372329e-20 1.461864740039831287e-20 1.018025587528861185e-20 5.627952707874063838e-21 2.596059810649068859e-21 1.032640006132342419e-21 3.625610608089370277e-22 1.143280743996786916e-22 3.281731698654037958e-23 8.667738466179500043e-24 2.125316922236556696e-24 4.874826759777660016e-25 1.053051116579804466e-25 2.155920386316765357e-26 4.209220420927297940e-27 7.887679059749031753e-28 1.428554692744149205e-28 2.519840171333621279e-29 4.365074878853442390e-30 7.484493362139825906e-31 1.289470884034739019e-31 0.000000000000000000e+00
0.000000000000000000e+00 0.000000000000000000e+00 0.000000000000000000e+00 0.000000000000000000e+00 0.000000000000000000e+00 0.000000000000000000e+00 0.000000000000000000e+00 0.000000000000000000e+00 0.000000000000000000e+00 0.000000000000000000e+00 0.000000000000000000e+00 0.000000000000000000e+00 0.000000000000000000e+00 0.000000000000000000e+00 0.000000000000000000e+00 0.000000000000000000e+00 0.000000000000000000e+00 0.000000000000000000e+00 0.000000000000000000e+00 0.000000000000000000e+00 0.000000000000000000e+00 0.000000000000000000e+00 0.000000000000000000e+00 0.000000000000000000e+00 0.000000000000000000e+00 0.000000000000000000e+00 0.000000000000000000e+00 0.000000000000000000e+00 0.000000000000000000e+00 0.000000000000000000e+00 0.000000000000000000e+00 0.000000000000000000e+00 0.000000000000000000e+00 0.000000000000000000e+00 0.000000000000000000e+00 0.000000000000000000e+00 0.000000000000000000e+00 0.000000000000000000e+00 0.000000000000000000e+00 0.000000000000000000e+00 0.000000000000000000e+00 0.000000000000000000e+00 0.000000000000000000e+00 0.000000000000000000e+00 0.000000000000000000e+00 0.000000000000000000e+00 0.000000000000000000e+00 0.000000000000000000e+00 0.000000000000000000e+00 0.000000000000000000e+00
