0.000000000000000000e+00 0.000000000000000000e+00 0.000000000000000000e+00 0.000000000000000000e+00 0.000000000000000000e+00 0.000000000000000000e+00 0.000000000000000000e+00 0.000000000000000000e+00 0.000000000000000000e+00 0.000000000000000000e+00 0.000000000000000000e+00 0.000000000000000000e+00 0.000000000000000000e+00 0.000000000000000000e+00 0.000000000000000000e+00 0.000000000000000000e+00 0.000000000000000000e+00 0.000000000000000000e+00 0.000000000000000000e+00 0.000000000000000000e+00 0.000000000000000000e+00 0.000000000000000000e+00 0.000000000000000000e+00 0.000000000000000000e+00 0.000000000000000000e+00 0.000000000000000000e+00 0.000000000000000000e+00 0.000000000000000000e+00 0.000000000000000000e+00 0.000000000000000000e+00 0.000000000000000000e+00 0.000000000000000000e+00 0.000000000000000000e+00 0.000000000000000000e+00 0.000000000000000000e+00 0.000000000000000000e+00 0.000000000000000000e+00 0.000000000000000000e+00 0.000000000000000000e+00 0.000000000000000000e+00 0.000000000000000000e+00 0.000000000000000000e+00 0.000000000000000000e+00 0.000000000000000000e+00 0.000000000000000000e+00 0.000000000000000000e+00 0.000000000000000000e+00 0.000000000000000000e+00 0.000000000000000000e+00 0.000000000000000000e+00
0.000000000000000000e+00 2.136788235494205466e-30 2.009059264893631904e-29 1.803505842612791018e-28 1.558529239722532268e-27 1.293934436249561190e-26 1.029669454187356185e-25 7.833404276349400999e-25 5.680962530226319739e-24 3.914832641684445212e-23 2.554154157910596620e-22 1.571204806718413764e-21 9.070308309389068379e-21 4.887133912296418508e-20 2.442233371671837126e-19 1.123595373578862149e-18 4.717742109330057333e-18 1.789207020252707025e-17 6.053731704171152425e-17 1.800652686370214851e-16 4.627683082511794188e-16 1.007675975717154013e-15 1.822315584988914536e-15 2.695745499049711425e-15 3.257148287352818273e-15 3.257148286876858257e-15 2.695745497785796511e-15 1.822315583363887103e-15 1.007675974151211079e-15 4.627683069871635301e-16 1.800652677269370888e-16 6.053731644129684286e-17 1.789206984709634772e-17 4.717741912434643251e-18 1.123595274480477365e-18 2.442232908848975111e-19 4.887131924497720633e-20 9.070300390597176109e-21 1.571201877730364238e-21 2.554144044814050540e-22 3.914799945596827528e-23 5.680863088193800723e-24 7.833118932730277150e-25 1.029591889962470812e-25 1.293734216193050299e-26 1.558036754990779911e-27 1.802349247916132878e-28 2.006462490400405972e-29 2.131400179231166333e-30 0.000000000000000000e+00
0.000000000000000000e+00 2.009059264893640312e-29 1.901102783771973747e-28 1.717702760789485756e-27 1.493969854274954504e-26 1.248284614370824274e-25 9.996608170510603704e-25 7.653143890319117873e-24 5.585083041625287763e-23 3.872817732605161644e-22 2.542492762493839196e-21 1.573774218309760498e-20 9.141826489263833539e-20 4.956516588464372040e-19 2.492501983771363381e-18 1.153986026635338651e-17 4.876177423901882305e-17 1.861058995092334390e-16 6.336493338400689565e-16 1.896285262851306937e-15 4.901420628035676947e-15 1.072673488116878872e-14 1.947496300720550351e-14 2.887806035720986332e-14 3.492074986370518987e-14 3.492074986316890960e-14 2.887806035580272480e-14 1.947496300546704340e-14 1.072673487962608760e-14 4.901420626918869209e-15 1.896285262156895953e-15 6.336493334580754877e-16 1.861058993166784578e-16 4.876177414661086159e-17 1.153986022404207844e-17 2.492501964972207890e-18 4.956516508674528299e-19 9.141826167030613235e-20 1.573774095454766684e-20 2.542492322628839095e-21 3.872816251110387990e-22 5.585078360304816138e-23 7.653129936415079398e-24 9.996568985799834962e-25 1.248274187282737623e-25 1.493943577758155621e-26 1.717639748642832083e-27 1.900959270987965934e-28 2.008763765852364027e-29 0.000000000000000000e+00
0.000000000000000000e+00 1.803505842612780032e-28 1.717702760789488626e-27 1.562195862638731124e-26 1.367552766019961908e-25 1.150002552047737038e-24 9.268071691419023745e-24 7.139999163643376516e-23 5.243027532592984146e-22 3.658055675370704961e-21 2.416214264755607913e-20 1.504730523259580797e-19 8.793976741790108618e-19 4.796981440285469478e-18 2.427035671441318941e-17 1.130589495979607116e-16 4.806863323098423146e-16 1.845971818597423420e-15 6.323786539775651889e-15 1.903830226544209238e-14 4.948715437756660106e-14 1.088428142554502555e-13 1.983794367179962901e-13 2.948535132002431831e-13 3.568291209602718346e-13 3.568291209601190606e-13 2.948535131997544680e-13 1.983794367169749361e-13 1.088428142537152285e-13 4.948715437544777116e-14 1.903830226329345300e-14 6.323786537925238219e-15 1.845971817316428483e-15 4.806863315186789217e-16 1.130589491768543358e-16 2.427035651228730705e-17 4.796981352964524556e-18 8.793976396437760928e-19 1.504730397549193798e-19 2.416213839649184792e-20 3.658054334135587544e-21 5.243023555307400511e-22 7.139988051339533636e-23 9.268042250666519729e-24 1.149995146473419296e-24 1.367534981893406286e-25 1.562155063881749140e-26 1.717613042184863170e-27 1.803320125631407235e-28 0.000000000000000000e+00
0.000000000000000000e+00 1.558529239722540518e-27 1.493969854274952208e-26 1.367552766019962138e-25 1.204836126560385571e-24 1.019567520373319622e-23 8.267940992191791468e-23 6.408480380652896028e-22 4.734215379584349789e-21 3.322681502387777913e-20 2.207573185575633235e-19 1.382787033500398965e-18 8.127984528638856440e-18 4.459233025110110100e-17 2.269164742825173406e-16 1.063172422916184708e-15 4.546574374959342938e-15 1.756230884572971508e-14 6.051441525627118957e-14 1.832243468069451953e-13 4.788390170182169580e-13 1.058220117738135944e-12 1.935971383549790778e-12 2.883911302576613002e-12 3.492567115441144348e-12 3.492567115439933062e-12 2.883911302573846309e-12 1.935971383548753167e-12 1.058220117742200761e-12 4.788390170264161637e-13 1.832243468173834785e-13 6.051441526638534563e-14 1.756230885309231168e-14 4.546574379693257788e-15 1.063172425479220018e-15 2.269164755304453973e-16 4.459233079367626046e-17 8.127984744096099829e-18 1.382787112025775135e-18 2.207573450936343060e-19 3.322682338015645760e-20 4.734217848876439940e-21 6.408487250274580725e-22 8.267959089067107464e-23 1.019572043272185133e-23 1.204846903697205415e-24 1.367577275819487230e-25 1.494023220328376253e-26 1.558638899331470768e-27 0.000000000000000000e+00
0.000000000000000000e+00 1.293934436249557459e-26 1.248284614370824963e-25 1.150002552047738324e-24 1.019567520373318741e-23 8.681283004596128172e-23 7.082556311334281581e-22 5.522258055272973692e-21 4.103209838365053595e-20 2.896184994901651335e-19 1.934938394579221781e-18 1.218656820395436000e-17 7.201982909125478465e-17 3.972398312250282657e-16 2.032239009106361648e-15 9.572673744974301594e-15 4.115741011742980039e-14 1.598431909834881096e-13 5.537604686842491611e-13 1.685629389036692367e-12 4.427672404276983428e-12 9.829518797636774089e-12 1.804675085134256755e-11 2.693995033453110047e-11 3.264619048332711467e-11 3.264619048333245903e-11 2.693995033454343710e-11 1.804675085134461289e-11 9.829518797609280027e-12 4.427672404225868675e-12 1.685629388971621970e-12 5.537604686209436920e-13 1.598431909374888350e-13 4.115741008755059551e-14 9.572673728787642592e-15 2.032239001171360870e-15 3.972398277655702244e-16 7.201982771168473864e-17 1.218656769962212182e-17 1.934938223674171824e-18 2.896184455416155548e-19 4.103208241528631002e-20 5.522253606702247864e-21 7.082544587180590929e-22 8.681253701383661930e-23 1.019560545081309556e-23 1.149986713762258629e-24 1.248250222579014484e-25 1.293864021668689325e-26 0.000000000000000000e+00
0.000000000000000000e+00 1.029669454187357563e-25 9.996608170510614725e-25 9.268071691419003173e-24 8.267940992191811452e-23 7.082556311334274058e-22 5.812344958294657482e-21 4.557864995982683180e-20 3.405488218716885392e-19 2.416693947852538848e-18 1.623060930933084753e-17 1.027450184716726683e-16 6.102282436969633810e-16 3.382330052679474010e-15 1.738755127677140497e-14 8.229835515623507586e-14 3.555565183296004598e-13 1.387632183109400904e-12 4.830966226937562951e-12 1.477712517712446972e-11 3.899749318850553203e-11 8.694046930598659873e-11 1.601492537594271397e-10 2.395311934417017900e-10 2.904201068640493064e-10 2.904201068640039149e-10 2.395311934415887248e-10 1.601492537593590782e-10 8.694046930609118538e-11 3.899749318875652319e-11 1.477712517747156569e-11 4.830966227285116133e-12 1.387632183363383520e-12 3.555565184970672744e-13 8.229835524694660787e-14 1.738755132157842356e-14 3.382330072236593689e-15 6.102282515241118857e-16 1.027450213375346213e-16 1.623061028207767646e-17 2.416694255189387159e-18 3.405489128616813347e-19 4.557867530031254743e-20 5.812351628385757063e-21 7.082572950618873943e-22 8.267980480795817554e-23 9.268161008563485308e-24 9.996801126492691091e-25 1.029708726198564224e-25 0.000000000000000000e+00
0.000000000000000000e+00 7.833404276349408346e-25 7.653143890319106118e-24 7.139999163643395324e-23 6.408480380652881922e-22 5.522258055272983472e-21 4.557864995982682578e-20 3.593890637793834031e-19 2.699498326718098003e-18 1.925448013789145568e-17 1.299450330740276079e-16 8.264454521226482669e-16 4.930577555866879435e-15 2.744802458986512039e-14 1.417029405760125690e-13 6.735250590093500550e-13 2.922077862680637165e-12 1.145232758978000194e-11 4.004157070003941729e-11 1.230067757805712370e-10 3.259763179242443202e-10 7.294840843828679940e-10 1.347765782418947849e-09 2.019267357426828495e-09 2.449250810039033500e-09 2.449250810039571995e-09 2.019267357428254554e-09 1.347765782420407823e-09 7.294840843833887042e-10 3.259763179237967638e-10 1.230067757793268213e-10 4.004157069854961977e-11 1.145232758862381670e-11 2.922077861878836214e-12 6.735250585690012839e-13 1.417029403543425032e-13 2.744802449261761072e-14 4.930577516672585683e-15 8.264454377400953207e-16 1.299450281830743663e-16 1.925447859255373508e-17 2.699497869683066175e-18 3.593889367813910953e-19 4.557861665201269277e-20 5.522249786922676488e-21 6.408460886719149584e-22 7.139955433482647214e-23 7.653050389847254186e-24 7.833216296773938272e-25 0.000000000000000000e+00
0.000000000000000000e+00 5.680962530226309454e-24 5.585083041625301869e-23 5.243027532592972861e-22 4.734215379584361826e-21 4.103209838365048780e-20 3.405488218716888762e-19 2.699498326718097618e-18 2.037909696539189206e-17 1.460484373257444343e-16 9.900722512578423839e-16 6.323327400321922912e-15 3.787425701717175142e-14 2.116299483370726031e-13 1.096452699372817949e-12 5.229511414911252899e-12 2.276544517643057427e-11 8.952905482246023850e-11 3.141196809565965021e-10 9.683947126530477028e-10 2.575329570919309493e-09 5.781867101987297200e-09 1.070974308435997217e-08 1.606849598451931944e-08 1.949496686173127435e-08 1.949496686173345811e-08 1.606849598452409062e-08 1.070974308436484592e-08 5.781867101991488524e-09 2.575329570922877123e-09 9.683947126580924706e-10 3.141196809623546614e-10 8.952905482693582845e-11 2.276544517968313568e-11 5.229511416718742703e-12 1.096452700309530926e-12 2.116299487517256123e-13 3.787425718653845228e-14 6.323327462768496112e-15 9.900722725806966429e-16 1.460484440640762287e-16 2.037909895442168935e-17 2.699498876876290384e-18 3.405489651212378745e-19 4.103213358741939756e-20 4.734223568749200753e-21 5.243045589183692144e-22 5.585120811920406775e-23 5.681036426195507859e-24 0.000000000000000000e+00
0.000000000000000000e+00 3.914832641684454616e-23 3.872817732605153181e-22 3.658055675370713988e-21 3.322681502387773098e-20 2.896184994901656150e-19 2.416693947852537307e-18 1.925448013789146184e-17 1.460484373257444589e-16 1.051286065955886117e-15 7.155611500127974593e-15 4.586958382252729604e-14 2.756585239347680915e-13 1.544950228836732802e-12 8.026400461198842951e-12 3.837952231792117790e-11 1.674842607705221817e-10 6.602588861291195781e-10 2.322345723390992086e-09 7.178141929624829652e-09 1.914016071609850432e-08 4.307994045062519403e-08 7.995736779207713242e-08 1.200904838855098329e-07 1.457067942260301757e-07 1.457067942259227349e-07 1.200904838852283268e-07 7.995736779173874276e-08 4.307994045033644844e-08 1.914016071589500796e-08 7.178141929495389948e-09 2.322345723316421754e-09 6.602588860910553113e-10 1.674842607506435323e-10 3.837952230882520908e-11 8.026400456996733128e-12 1.544950227113402768e-12 2.756585232565980281e-13 4.586958357942439060e-14 7.155611418390560529e-15 1.051286040490841772e-15 1.460484299040489631e-16 1.925447811552958576e-17 2.416693430797845492e-18 2.896183753676599477e-19 3.322678702029168703e-20 3.658049745282478565e-21 3.872805981290719044e-22 3.914811280590037729e-23 0.000000000000000000e+00
0.000000000000000000e+00 2.554154157910589097e-22 2.542492762493845214e-21 2.416214264755604904e-20 2.207573185575635643e-19 1.934938394579221396e-18 1.623060930933085986e-17 1.299450330740276079e-16 9.900722512578423839e-16 7.155611500127977749e-15 4.888002602007239922e-14 3.143148766224714411e-13 1.893930133075989150e-12 1.063813864733110153e-11 5.536782638697916005e-11 2.651442291780423098e-10 1.158535960367132335e-09 4.572626412302758009e-09 1.610329845044146167e-08 4.984262869888868364e-08 1.331089045893071590e-07 3.000702646335290990e-07 5.576516967116103572e-07 8.380193885247237679e-07 1.016582975903477006e-06 1.016582975903189438e-06 8.380193885241630321e-07 5.576516967113586825e-07 3.000702646340037022e-07 1.331089045902689384e-07 4.984262869978172768e-08 1.610329845103500347e-08 4.572626412620456576e-09 1.158535960520637204e-09 2.651442292415704530e-10 5.536782641233572903e-11 1.063813865640278646e-11 1.893930136237451237e-12 3.143148776422760843e-13 4.888002633580196061e-14 7.155611591743424449e-15 9.900722764038055099e-16 1.299450395413733555e-16 1.623061086602051382e-17 1.934938742644167843e-18 2.207573901736202693e-19 2.416215593876191893e-20 2.542494894959658445e-21 2.554156735057031139e-22 0.000000000000000000e+00
0.000000000000000000e+00 1.571204806718418843e-21 1.573774218309757489e-20 1.504730523259583446e-19 1.382787033500398002e-18 1.218656820395437387e-17 1.027450184716726683e-16 8.264454521226478724e-16 6.323327400321922912e-15 4.586958382252730866e-14 3.143148766224714411e-13 2.026260470084805723e-12 1.223275778549016801e-11 6.880048104136536116e-11 3.583439827856665485e-10 1.716432893912734787e-09 7.498857272398687635e-09 2.958718125862415649e-08 1.041598564694264218e-07 3.223359532253973170e-07 8.609133008162428272e-07 1.941434493461511653e-06 3.609110731865788752e-06 5.423138509856807329e-06 6.575369275317288596e-06 6.575369275346099575e-06 5.423138509931957787e-06 3.609110731953532472e-06 1.941434493530571096e-06 8.609133008592808889e-07 3.223359532476613663e-07 1.041598564788743861e-07 2.958718126194393338e-08 7.498857273337496271e-09 1.716432894123477866e-09 3.583439828093818684e-10 6.880048103623176196e-11 1.223275778017422556e-11 2.026260467745264301e-12 3.143148757887583030e-13 4.586958357139449971e-14 6.323327332376623170e-15 8.264454357038684223e-16 1.027450149355372607e-16 1.218656755248306779e-17 1.382786942579187051e-18 1.504730485770522187e-19 1.573774560549398726e-20 1.571206509572281519e-21 0.000000000000000000e+00
0.000000000000000000e+00 9.070308309389050323e-21 9.141826489263851595e-20 8.793976741790098989e-19 8.127984528638865684e-18 7.201982909125476000e-17 6.102282436969633810e-16 4.930577555866881801e-15 3.787425701717175773e-14 2.756585239347681420e-13 1.893930133075989150e-12 1.223275778549016801e-11 7.393338901723370878e-11 4.159504910880546182e-10 2.165393936784507298e-09 1.035932651334641542e-08 4.517581858709823113e-08 1.778474050513132603e-07 6.246250321293765337e-07 1.928727684408448925e-06 5.142067024703436395e-06 1.158054733664452611e-05 2.150704961297082856e-05 3.228597303547208814e-05 3.910973071372486712e-05 3.910973071353548411e-05 3.228597303493337519e-05 2.150704961225548891e-05 1.158054733594035035e-05 5.142067024127915624e-06 1.928727684040456732e-06 6.246250319385993030e-07 1.778474049674444783e-07 4.517581855515571210e-08 1.035932650259120299e-08 2.165393933566256486e-09 4.159504902153609774e-10 7.393338880390331181e-11 1.223275773759145069e-11 1.893930123297311980e-12 2.756585220808386889e-13 3.787425668905282028e-14 4.930577498269983266e-15 6.102282327059889181e-16 7.201982654415537636e-17 8.127983823827242677e-18 8.793974650924142017e-19 9.141820400629198650e-20 9.070291727119800882e-21 0.000000000000000000e+00
0.000000000000000000e+00 4.887133912296423925e-20 4.956516588464366262e-19 4.796981440285474100e-18 4.459233025110108251e-17 3.972398312250283643e-16 3.382330052679475193e-15 2.744802458986513616e-14 2.116299483370725526e-13 1.544950228836732196e-12 1.063813864733110799e-11 6.880048104136534823e-11 4.159504910880546182e-10 2.338383972952169192e-09 1.215096900859137325e-08 5.796237663470574970e-08 2.517992637702311380e-07 9.867852495944822206e-07 3.448766114703836121e-06 1.059773962986786388e-05 2.813151407339068002e-05 6.313057303959244883e-05 1.169226372520510305e-04 1.751464498579507968e-04 2.118528704232240613e-04 2.118528704193157022e-04 1.751464498481014977e-04 1.169226372412874779e-04 6.313057303233055755e-05 2.813151406997980032e-05 1.059773962863814822e-05 3.448766114434201394e-06 9.867852496147066145e-07 2.517992638244269000e-07 5.796237666735871100e-08 1.215096902251981760e-08 2.338383977861865390e-09 4.159504925854764684e-10 6.880048145133259050e-11 1.063813874927265927e-11 1.544950252358821373e-12 2.116299534221899050e-13 2.744802564185472048e-14 3.382330264917474727e-15 3.972398741641639512e-16 4.459233917532917780e-17 4.796983374516806712e-18 4.956520938279521356e-19 4.887143752986437586e-20 0.000000000000000000e+00
0.000000000000000000e+00 2.442233371671838089e-19 2.492501983771364922e-18 2.427035671441317708e-17 2.269164742825175379e-16 2.032239009106361648e-15 1.738755127677140497e-14 1.417029405760127204e-13 1.096452699372818353e-12 8.026400461198842951e-12 5.536782638697917298e-11 3.583439827856667036e-10 2.165393936784508125e-09 1.215096900859137491e-08 6.293273025140516082e-08 2.987713097195950982e-07 1.289920380696088660e-06 5.018045117649589713e-06 1.739593393923224727e-05 5.301485750996327585e-05 1.396390217856601044e-04 3.112966247997325363e-04 5.735580137667189386e-04 8.559301599367231256e-04 1.033013030537382245e-03 1.033013030628445687e-03 8.559301601795123128e-04 5.735580140571761585e-04 3.112966250397650853e-04 1.396390219472781378e-04 5.301485759957980212e-05 1.739593398059793134e-05 5.018045134036148503e-06 1.289920386380750809e-06 2.987713114704439110e-07 6.293273073576590364e-08 1.215096912996107652e-08 2.165393964535609934e-09 3.583439885934523312e-10 5.536782750269859408e-11 8.026400657025657100e-12 1.096452730478908129e-12 1.417029448939375485e-13 1.738755174856458512e-14 2.032239028823731321e-15 2.269164647013348876e-16 2.427035238835164632e-17 2.492500691976023719e-18 2.442230081311256256e-19 0.000000000000000000e+00
0.000000000000000000e+00 1.123595373578861379e-18 1.153986026635338805e-17 1.130589495979607609e-16 1.063172422916184510e-15 9.572673744974298439e-15 8.229835515623510111e-14 6.735250590093499541e-13 5.229511414911255322e-12 3.837952231792117144e-11 2.651442291780423098e-10 1.716432893912734787e-09 1.035932651334641046e-08 5.796237663470569676e-08 2.987713097195950982e-07 1.408808239192962885e-06 6.028890345207813621e-06 2.320351892283813538e-05 7.946769557674274610e-05 2.391014827200957751e-04 6.220253166730541072e-04 1.371635075087436874e-03 2.505439272890951953e-03 3.716154959931376733e-03 4.470283037122391341e-03 4.470283036229102426e-03 3.716154957471292514e-03 2.505439269827693972e-03 1.371635072362498977e-03 6.220253146675307557e-04 2.391014815429522687e-04 7.946769500140807145e-05 2.320351868083565884e-05 6.028890255925856041e-06 1.408808209839795675e-06 2.987713010051741296e-07 5.796237427375811033e-08 1.035932592449300486e-08 1.716432757745100405e-09 2.651441998031586951e-10 3.837951637783902962e-11 5.229510284164853575e-12 6.735248558152897472e-13 8.229832061979165516e-14 9.572668194221369569e-15 1.063171581923635335e-15 1.130588306029900862e-16 1.153984489089348060e-17 1.123593685064186878e-18 0.000000000000000000e+00
0.000000000000000000e+00 4.717742109330058874e-18 4.876177423901883538e-17 4.806863323098425119e-16 4.546574374959344516e-15 4.115741011742981301e-14 3.555565183296000054e-13 2.922077862680637973e-12 2.276544517643056781e-11 1.674842607705221817e-10 1.158535960367132335e-09 7.498857272398689289e-09 4.517581858709821790e-08 2.517992637702309262e-07 1.289920380696088024e-06 6.028890345207811927e-06 2.549972531668296004e-05 9.671984269041044658e-05 3.256366349100794509e-04 9.616697726941276060e-04 2.455426074835750146e-03 5.323493327248450015e-03 9.592229539504339500e-03 1.409323708489643862e-02 1.687165294585163400e-02 1.687165295084582656e-02 1.409323709918147184e-02 9.592229557955472483e-03 5.323493344680146726e-03 2.455426088446495490e-03 9.616697808628377805e-04 3.256366390121406438e-04 9.671984445963749118e-05 2.549972598480904036e-05 6.028890570092018574e-06 1.289920449094424149e-06 2.517992827746349312e-07 4.517582345478859271e-08 7.498858430439602375e-09 1.158536217907564881e-09 1.674843145994029072e-10 2.276545579975859232e-11 2.922079849924991843e-12 3.555568718597626033e-13 4.115747008193364263e-14 4.546584090878068321e-15 4.806878374770832180e-16 4.876199705231044799e-17 4.717773104485254491e-18 0.000000000000000000e+00
0.000000000000000000e+00 1.789207020252705793e-17 1.861058995092334883e-16 1.845971818597423420e-15 1.756230884572971824e-14 1.598431909834879834e-13 1.387632183109401510e-12 1.145232758978000033e-11 8.952905482246018680e-11 6.602588861291193713e-10 4.572626412302757182e-09 2.958718125862413995e-08 1.778474050513132603e-07 9.867852495944815853e-07 5.018045117649586325e-06 2.320351892283813877e-05 9.671984269041043302e-05 3.600263832818475021e-04 1.184717504606617186e-03 3.408710283884531893e-03 8.469475281386244780e-03 1.789912119311687366e-02 3.158313034602681924e-02 4.573409649062596533e-02 5.436162576243173949e-02 5.436162574709701295e-02 4.573409644375815708e-02 3.158313028258145916e-02 1.789912112905312977e-02 8.469475228765604297e-03 3.408710252352269415e-03 1.184717488521358627e-03 3.600263762872140598e-04 9.671984003156761480e-05 2.320351802168082973e-05 5.018044841588214822e-06 9.867851722876115395e-07 1.778473850729646204e-07 2.958717645602932909e-08 4.572625331084886083e-09 6.602586568340790947e-10 8.952900878375984320e-11 1.145231879989735279e-11 1.387630581267810180e-12 1.598429114652157527e-13 1.756226201614034613e-14 1.845964270049228218e-15 1.861047273487479205e-16 1.789189733111004166e-17 0.000000000000000000e+00
0.000000000000000000e+00 6.053731704171154890e-17 6.336493338400686607e-16 6.323786539775649523e-15 6.051441525627121482e-14 5.537604686842489592e-13 4.830966226937561335e-12 4.004157070003942376e-11 3.141196809565964504e-10 2.322345723390992499e-09 1.610329845044145505e-08 1.041598564694264482e-07 6.246250321293760043e-07 3.448766114703835274e-06 1.739593393923225066e-05 7.946769557674275965e-05 3.256366349100793967e-04 1.184717504606617186e-03 3.786419653274196960e-03 1.052025190242364579e-02 2.515274294381058748e-02 5.119117536236298532e-02 8.750338447849304035e-02 1.239329419001288096e-01 1.457491848085862851e-01 1.457491848239538812e-01 1.239329419613913880e-01 8.750338457115250379e-02 5.119117546762484011e-02 2.515274303520401850e-02 1.052025195361219398e-02 3.786419679594562986e-03 1.184717515689840935e-03 3.256366389924321252e-04 7.946769691212596611e-05 1.739593433105423879e-05 3.448766218941205623e-06 6.246250574829362234e-07 1.041598621472146207e-07 1.610329962890174177e-08 2.322345951614737516e-09 3.141197225085558924e-10 4.004157787688834863e-11 4.830967416414541052e-12 5.537606605105899685e-13 6.051444583208471502e-14 6.323791425501431442e-15 6.336501227793714701e-16 6.053744366901652343e-17 0.000000000000000000e+00
0.000000000000000000e+00 1.800652686370213865e-16 1.896285262851305754e-15 1.903830226544209238e-14 1.832243468069451953e-13 1.685629389036693175e-12 1.477712517712446326e-11 1.230067757805712628e-10 9.683947126530481164e-10 7.178141929624831306e-09 4.984262869888867040e-08 3.223359532253973170e-07 1.928727684408448925e-06 1.059773962986785879e-05 5.301485750996325552e-05 2.391014827200956666e-04 9.616697726941269555e-04 3.408710283884532760e-03 1.052025190242364579e-02 2.795963042498458145e-02 6.345621273979028254e-02 1.223564539930814404e-01 1.994824475343439374e-01 2.731931416750710828e-01 3.161431308983367883e-01 3.161431309394438505e-01 2.731931417536927476e-01 1.994824476194028695e-01 1.223564540598354039e-01 6.345621279421752303e-02 2.795963047655295255e-02 1.052025192840663065e-02 3.408710297943523711e-03 9.616697789708725718e-04 2.391014852813705622e-04 5.301485847324741580e-05 1.059773996476986645e-05 1.928727792369864848e-06 3.223359855318448478e-07 4.984263768429549004e-08 7.178144257244842679e-09 9.683952757617353533e-10 1.230069034046708171e-10 1.477715236410296621e-11 1.685634850441641070e-12 1.832253846660989677e-13 1.903848940143808472e-14 1.896317355021262661e-15 1.800704274744779164e-16 0.000000000000000000e+00
0.000000000000000000e+00 4.627683082511791230e-16 4.901420628035676158e-15 4.948715437756658213e-14 4.788390170182168570e-13 4.427672404276982621e-12 3.899749318850555142e-11 3.259763179242444753e-10 2.575329570919310733e-09 1.914016071609851093e-08 1.331089045893070266e-07 8.609133008162424037e-07 5.142067024703434701e-06 2.813151407339067663e-05 1.396390217856601044e-04 6.220253166730545409e-04 2.455426074835750146e-03 8.469475281386246515e-03 2.515274294381057013e-02 6.345621273979024091e-02 1.348720426632966929e-01 2.417559315356684058e-01 3.685144779771650780e-01 4.804775069953951538e-01 5.428867788212411449e-01 5.428867787498347086e-01 4.804775067975755598e-01 3.685144776867601557e-01 2.417559311991311355e-01 1.348720423520891609e-01 6.345621253960308239e-02 2.515274284926584392e-02 8.469475234279483580e-03 2.455426054637184670e-03 6.220253080105918667e-04 1.396390182277830482e-04 2.813151269936759233e-05 5.142066533386937259e-06 8.609131393893572254e-07 1.331088558795126451e-07 1.914014717447953450e-08 2.575326085898792400e-09 3.259754833281296809e-10 3.899730625240223773e-11 4.427633056790545298e-12 4.788312002388243462e-13 4.948568301905911312e-14 4.901157417922724744e-15 4.627242149374881804e-16 0.000000000000000000e+00
0.000000000000000000e+00 1.007675975717153816e-15 1.072673488116879818e-14 1.088428142554502555e-13 1.058220117738135944e-12 9.829518797636777320e-12 8.694046930598659873e-11 7.294840843828680974e-10 5.781867101987299681e-09 4.307994045062517418e-08 3.000702646335290461e-07 1.941434493461512500e-06 1.158054733664453119e-05 6.313057303959248949e-05 3.112966247997325906e-04 1.371635075087436874e-03 5.323493327248446545e-03 1.789912119311688754e-02 5.119117536236299920e-02 1.223564539930814404e-01 2.417559315356684335e-01 3.971633745639353563e-01 5.564939331439550108e-01 6.810911394909966443e-01 7.457457122010934247e-01 7.457457120402599671e-01 6.810911391151863725e-01 5.564939327097436772e-01 3.971633741714598598e-01 2.417559311916237519e-01 1.223564537015599807e-01 5.119117519288152174e-02 1.789912112792586135e-02 5.323493309313268897e-03 1.371635075347311461e-03 3.112966280708234540e-04 6.313057531298888576e-05 1.158054841684720214e-05 1.941434910834280824e-06 3.000704040089196236e-07 4.307998192870213343e-08 5.781878311213699792e-09 7.294868708735972795e-10 8.694111259940823142e-11 9.829657747413649628e-12 1.058248367256977492e-12 1.088482471085774437e-13 1.072772684798274960e-14 1.007845458960046273e-15 0.000000000000000000e+00
0.000000000000000000e+00 1.822315584988914930e-15 1.947496300720550667e-14 1.983794367179962648e-13 1.935971383549790374e-12 1.804675085134257725e-11 1.601492537594270880e-10 1.347765782418947642e-09 1.070974308435996059e-08 7.995736779207715889e-08 5.576516967116103572e-07 3.609110731865787058e-06 2.150704961297082179e-05 1.169226372520509763e-04 5.735580137667190470e-04 2.505439272890951519e-03 9.592229539504348174e-03 3.158313034602681924e-02 8.750338447849298484e-02 1.994824475343439374e-01 3.685144779771648560e-01 5.564939331439546777e-01 7.182133481801167285e-01 8.270643909865477150e-01 8.785068606389410117e-01 8.785068606910960698e-01 8.270643911596404774e-01 7.182133484976463977e-01 5.564939336301174544e-01 3.685144784743633606e-01 1.994824478030220172e-01 8.750338454078789019e-02 3.158313033152754246e-02 9.592229509624914177e-03 2.505439250947601604e-03 5.735580024820761220e-04 1.169226324574274429e-04 2.150704785499859195e-05 3.609110158686868857e-06 5.576515274258873198e-07 7.995732191025187892e-08 1.070973155992985251e-08 1.347763078999215246e-09 1.601486577600945113e-10 1.804662672090604924e-11 1.935946852052111350e-12 1.983748190540303722e-13 1.947413294008221374e-14 1.822175067971107792e-15 0.000000000000000000e+00
0.000000000000000000e+00 2.695745499049711031e-15 2.887806035720986332e-14 2.948535132002432335e-13 2.883911302576614213e-12 2.693995033453109724e-11 2.395311934417017900e-10 2.019267357426826840e-09 1.606849598451930290e-08 1.200904838855097800e-07 8.380193885247234503e-07 5.423138509856807329e-06 3.228597303547207459e-05 1.751464498579506613e-04 8.559301599367230172e-04 3.716154959931376733e-03 1.409323708489643341e-02 4.573409649062598614e-02 1.239329419001288374e-01 2.731931416750709718e-01 4.804775069953952094e-01 6.810911394909966443e-01 8.270643909865477150e-01 9.110093749435131949e-01 9.465567632545204280e-01 9.465567637694861647e-01 9.110093762958764163e-01 8.270643927942582518e-01 6.810911415528635438e-01 4.804775090017853190e-01 2.731931431719826775e-01 1.239329427212349372e-01 4.573409680624062473e-02 1.409323716900102996e-02 3.716154959818613636e-03 8.559301457038073898e-04 1.751464398662244920e-04 3.228596826680238966e-05 5.423136658268044848e-06 8.380187663519911649e-07 1.200902973275236631e-07 1.606844512848458639e-08 2.019254592266591517e-09 2.395282153020492490e-10 2.693929979756821745e-11 2.883777467825153116e-12 2.948274542089283676e-13 2.887324109640959225e-14 2.694911555492792690e-15 0.000000000000000000e+00
0.000000000000000000e+00 3.257148287352819851e-15 3.492074986370518987e-14 3.568291209602720365e-13 3.492567115441144752e-12 3.264619048332714052e-11 2.904201068640493064e-10 2.449250810039033500e-09 1.949496686173127435e-08 1.457067942260301757e-07 1.016582975903477430e-06 6.575369275317286055e-06 3.910973071372489423e-05 2.118528704232238715e-04 1.033013030537382245e-03 4.470283037122391341e-03 1.687165294585162706e-02 5.436162576243169092e-02 1.457491848085862018e-01 3.161431308983367883e-01 5.428867788212407008e-01 7.457457122010926476e-01 8.785068606389407897e-01 9.465567632545193177e-01 9.727997511679508102e-01 9.727997520999660530e-01 9.465567657212795583e-01 8.785068639433748494e-01 7.457457158538111086e-01 5.428867824042584722e-01 3.161431339039132427e-01 1.457491868930572421e-01 5.436162694221062519e-02 1.687165352489296277e-02 4.470283284243184788e-03 1.033013123400297519e-03 2.118529017602494024e-04 3.910974028135678470e-05 6.575371946566141001e-06 1.016583663292312831e-06 1.457069583881077722e-07 1.949500346754401653e-08 2.449258471924277586e-09 2.904216192990526760e-10 3.264647324292161172e-11 3.492617377469016004e-12 3.568376461583667720e-13 3.492213331952311024e-14 3.257361295331371185e-15 0.000000000000000000e+00
0.000000000000000000e+00 3.257148286876855891e-15 3.492074986316889698e-14 3.568291209601190101e-13 3.492567115439935081e-12 3.264619048333245903e-11 2.904201068640038115e-10 2.449250810039572408e-09 1.949496686173347135e-08 1.457067942259226555e-07 1.016582975903189650e-06 6.575369275346092799e-06 3.910973071353549766e-05 2.118528704193157564e-04 1.033013030628445903e-03 4.470283036229101559e-03 1.687165295084582656e-02 5.436162574709699907e-02 1.457491848239537424e-01 3.161431309394436839e-01 5.428867787498343755e-01 7.457457120402595230e-01 8.785068606910959588e-01 9.465567637694854985e-01 9.727997520999654979e-01 9.727997532630883182e-01 9.465567669348112778e-01 8.785068650703364845e-01 7.457457168914775059e-01 5.428867835584496593e-01 3.161431352703876207e-01 1.457491882787983750e-01 5.436162807404853331e-02 1.687165427861968270e-02 4.470283704385377525e-03 1.033013324318703781e-03 2.118529858831194493e-04 3.910977162899838960e-05 6.575382482226596935e-06 1.016586891856564739e-06 1.457078686526846466e-07 1.949524138710221713e-08 2.449316494562868728e-09 2.904348955752975897e-10 3.264933712099487817e-11 3.493202246953687054e-12 3.569511463241477593e-13 3.494311869608138468e-14 3.261001378266575275e-15 0.000000000000000000e+00
0.000000000000000000e+00 2.695745497785795328e-15 2.887806035580271217e-14 2.948535131997543165e-13 2.883911302573845501e-12 2.693995033454342417e-11 2.395311934415886214e-10 2.019267357428254968e-09 1.606849598452410054e-08 1.200904838852283003e-07 8.380193885241628203e-07 5.423138509931958634e-06 3.228597303493337519e-05 1.751464498481014706e-04 8.559301601795123128e-04 3.716154957471291646e-03 1.409323709918147531e-02 4.573409644375816402e-02 1.239329419613912769e-01 2.731931417536924700e-01 4.804775067975751712e-01 6.810911391151861505e-01 8.270643911596401443e-01 9.110093762958757502e-01 9.465567657212793362e-01 9.465567669348111668e-01 9.110093796516395281e-01 8.270643960675100326e-01 6.810911446640915967e-01 4.804775123491951683e-01 2.731931469834726900e-01 1.239329465321912654e-01 4.573409991858064239e-02 1.409323925175144827e-02 3.716156127952636307e-03 8.559307077472161655e-04 1.751466765244895796e-04 3.228605690894621277e-05 5.423166588606079543e-06 8.380279770236631501e-07 1.200929042687543274e-07 1.606912896798883284e-08 2.019421926684403427e-09 2.395666259346927307e-10 2.694761087232357576e-11 2.885479792923145354e-12 2.951587567981733749e-13 2.893466830119873250e-14 2.705594604069686681e-15 0.000000000000000000e+00
0.000000000000000000e+00 1.822315583363885131e-15 1.947496300546703078e-14 1.983794367169747594e-13 1.935971383548751552e-12 1.804675085134459350e-11 1.601492537593589748e-10 1.347765782420406789e-09 1.070974308436484592e-08 7.995736779173865011e-08 5.576516967113586825e-07 3.609110731953532048e-06 2.150704961225548891e-05 1.169226372412875457e-04 5.735580140571765921e-04 2.505439269827693972e-03 9.592229557955470748e-03 3.158313028258146610e-02 8.750338457115247603e-02 1.994824476194028140e-01 3.685144776867599337e-01 5.564939327097436772e-01 7.182133484976466198e-01 8.270643927942582518e-01 8.785068639433745163e-01 8.785068650703360404e-01 8.270643960675102546e-01 7.182133536149583053e-01 5.564939386326535065e-01 3.685144836514270827e-01 1.994824534055642529e-01 8.750339000260148881e-02 3.158313476133890740e-02 9.592232478317171476e-03 2.505440924117799915e-03 5.735588125402919400e-04 1.169229758283338311e-04 2.150717733742241866e-05 3.609154171075172465e-06 5.576651601755626222e-07 7.996120501498270222e-08 1.071075646532717868e-08 1.348015383766598104e-09 1.602069130446132917e-10 1.805930389521733119e-11 1.938557999488968613e-12 1.988857750562846660e-13 1.956937662658018928e-14 1.838821937801105659e-15 0.000000000000000000e+00
0.000000000000000000e+00 1.007675974151210685e-15 1.072673487962608286e-14 1.088428142537151402e-13 1.058220117742200155e-12 9.829518797609273565e-12 8.694046930609114661e-11 7.294840843833876703e-10 5.781867101991491833e-09 4.307994045033644182e-08 3.000702646340038080e-07 1.941434493530571096e-06 1.158054733594035204e-05 6.313057303233057110e-05 3.112966250397648685e-04 1.371635072362500062e-03 5.323493344680148461e-03 1.789912112905311589e-02 5.119117546762484705e-02 1.223564540598352790e-01 2.417559311991308302e-01 3.971633741714602484e-01 5.564939336301181205e-01 6.810911415528644319e-01 7.457457158538113307e-01 7.457457168914773948e-01 6.810911446640920408e-01 5.564939386326535065e-01 3.971633800322587060e-01 2.417559372233427928e-01 1.223564601582646238e-01 5.119118145593789387e-02 1.789912620899973550e-02 5.323496724633267931e-03 1.371637008356157766e-03 3.112975683773279347e-04 6.313097587608111627e-05 1.158070022760531771e-05 1.941486772872775383e-06 3.000865484897793389e-07 4.308460319612903056e-08 5.783103996494098836e-09 7.297900534618347552e-10 8.701144702173029992e-11 9.845035025142003019e-12 1.061430249830339920e-12 1.094737136426215740e-13 1.084483736141716752e-14 1.028399701036105455e-15 0.000000000000000000e+00
0.000000000000000000e+00 4.627683069871630371e-16 4.901420626918866842e-15 4.948715437544771436e-14 4.788390170264157598e-13 4.427672404225863828e-12 3.899749318875649087e-11 3.259763179237967121e-10 2.575329570922877950e-09 1.914016071589500134e-08 1.331089045902689120e-07 8.609133008592806772e-07 5.142067024127912236e-06 2.813151406997981387e-05 1.396390219472781649e-04 6.220253146675308641e-04 2.455426088446496357e-03 8.469475228765604297e-03 2.515274303520402197e-02 6.345621279421752303e-02 1.348720423520892719e-01 2.417559311916240294e-01 3.685144784743634716e-01 4.804775090017854300e-01 5.428867824042585832e-01 5.428867835584494372e-01 4.804775123491948907e-01 3.685144836514268052e-01 2.417559372233427373e-01 1.348720486487287040e-01 6.345621922240118895e-02 2.515274921434639335e-02 8.469480317298863983e-03 2.455429433729302332e-03 6.220272069052743122e-04 1.396399379537385994e-04 2.813190358273780258e-05 5.142214541425982816e-06 8.609637091824149600e-07 1.331246124677387582e-07 1.914466420383001750e-08 2.576526480228678660e-09 3.262731014962055917e-10 3.906653056548146979e-11 4.442810787815908454e-12 4.819813451865313092e-13 5.010689068844093027e-14 5.017856881918090464e-15 4.832723938304862206e-16 0.000000000000000000e+00
0.000000000000000000e+00 1.800652677269369901e-16 1.896285262156895953e-15 1.903830226329343722e-14 1.832243468173833523e-13 1.685629388971620960e-12 1.477712517747156892e-11 1.230067757793268213e-10 9.683947126580926774e-10 7.178141929495391603e-09 4.984262869978172106e-08 3.223359532476613663e-07 1.928727684040456732e-06 1.059773962863815161e-05 5.301485759957982245e-05 2.391014815429524855e-04 9.616697808628379973e-04 3.408710252352270716e-03 1.052025195361218877e-02 2.795963047655292827e-02 6.345621253960311015e-02 1.223564537015601333e-01 1.994824478030221004e-01 2.731931431719826220e-01 3.161431339039131316e-01 3.161431352703875097e-01 2.731931469834725235e-01 1.994824534055642251e-01 1.223564601582646377e-01 6.345621922240121671e-02 2.795963699267156599e-02 1.052025777317513490e-02 3.408714740937176819e-03 9.616726300081686850e-04 2.391030489374104976e-04 5.301560345756123089e-05 1.059805313072135722e-05 1.928845537692350729e-06 3.223760445628821943e-07 4.985509196430914341e-08 7.181712274219775855e-09 9.693439671343460797e-10 1.232424517148384012e-10 1.483205645739241144e-11 1.697705184377330676e-12 1.857384306284634371e-13 1.953578722143831981e-14 1.990090328649330798e-15 1.966439153039072700e-16 0.000000000000000000e+00
0.000000000000000000e+00 6.053731644129680588e-17 6.336493334580752905e-16 6.323786537925238219e-15 6.051441526638534563e-14 5.537604686209438939e-13 4.830966227285116133e-12 4.004157069854965209e-11 3.141196809623546614e-10 2.322345723316422167e-09 1.610329845103500347e-08 1.041598564788743728e-07 6.246250319385995148e-07 3.448766114434203935e-06 1.739593398059794828e-05 7.946769500140813921e-05 3.256366390121409691e-04 1.184717488521358194e-03 3.786419679594559516e-03 1.052025192840662544e-02 2.515274284926583698e-02 5.119117519288155643e-02 8.750338454078789019e-02 1.239329427212350204e-01 1.457491868930570200e-01 1.457491882787982085e-01 1.239329465321913903e-01 8.750339000260155820e-02 5.119118145593791469e-02 2.515274921434639335e-02 1.052025777317513490e-02 3.786424496556088388e-03 1.184720947363059312e-03 3.256387397641317353e-04 7.946881169050704953e-05 1.739645346346784983e-05 3.448981052356288966e-06 6.247049811789418429e-07 1.041868661265856416e-07 1.611165966479669330e-08 2.324735686760831868e-09 3.147546768585198590e-10 4.019930336828675412e-11 4.867782767526871966e-12 5.618713956963847638e-13 6.220764837445705121e-14 6.659911319467247068e-15 6.972541716977137452e-16 7.181950568156297047e-17 0.000000000000000000e+00
0.000000000000000000e+00 1.789206984709634772e-17 1.861058993166784085e-16 1.845971817316428089e-15 1.756230885309231484e-14 1.598431909374887845e-13 1.387632183363383722e-12 1.145232758862381832e-11 8.952905482693584137e-11 6.602588860910553113e-10 4.572626412620457403e-09 2.958718126194393669e-08 1.778474049674446371e-07 9.867852496147068263e-07 5.018045134036155279e-06 2.320351868083566561e-05 9.671984445963750473e-05 3.600263762872140598e-04 1.184717515689840068e-03 3.408710297943519808e-03 8.469475234279485315e-03 1.789912112792587870e-02 3.158313033152751470e-02 4.573409680624063167e-02 5.436162694221056968e-02 5.436162807404850555e-02 4.573409991858062851e-02 3.158313476133891434e-02 1.789912620899973550e-02 8.469480317298867453e-03 3.408714740937176819e-03 1.184720947363058878e-03 3.600286939185511222e-04 9.672119328878852338e-05 2.320421155084118278e-05 5.018359802734754252e-06 9.869132112911656587e-07 1.778944299403192127e-07 2.960293776794222540e-08 4.577478191704743760e-09 6.616414210579315574e-10 8.989587259162908388e-11 1.154343914475474701e-11 1.408919569061621284e-12 1.645414779076851973e-13 1.854556378485562274e-14 2.041750395105698707e-15 2.232814906592835786e-16 2.451004385412049477e-17 0.000000000000000000e+00
0.000000000000000000e+00 4.717741912434646332e-18 4.876177414661083077e-17 4.806863315186788231e-16 4.546574379693259365e-15 4.115741008755058920e-14 3.555565184970676278e-13 2.922077861878834195e-12 2.276544517968312599e-11 1.674842607506435323e-10 1.158535960520637204e-09 7.498857273337501234e-09 4.517581855515572534e-08 2.517992638244270588e-07 1.289920386380752079e-06 6.028890255925854347e-06 2.549972598480904713e-05 9.671984003156757414e-05 3.256366389924318541e-04 9.616697789708714876e-04 2.455426054637184236e-03 5.323493309313269764e-03 9.592229509624912442e-03 1.409323716900102823e-02 1.687165352489295930e-02 1.687165427861965147e-02 1.409323925175144307e-02 9.592232478317161068e-03 5.323496724633269665e-03 2.455429433729303633e-03 9.616726300081683597e-04 3.256387397641316811e-04 9.672119328878852338e-05 2.550048543706244798e-05 6.029268668219164139e-06 1.290088391821604244e-06 2.518664356484862836e-07 4.520020238954209390e-08 7.506957187385899564e-09 1.161015673615662844e-09 1.681883400114308746e-10 2.295191156042591589e-11 2.968372517260928932e-12 3.663800326534074487e-13 4.354996313498579654e-14 5.048429540500647377e-15 5.808992819972661075e-16 6.785457859184301219e-17 8.128635553383803296e-18 0.000000000000000000e+00
0.000000000000000000e+00 1.123595274480477172e-18 1.153986022404207998e-17 1.130589491768543358e-16 1.063172425479220413e-15 9.572673728787637859e-15 8.229835524694667098e-14 6.735250585690007791e-13 5.229511416718740280e-12 3.837952230882521554e-11 2.651442292415705047e-10 1.716432894123476419e-09 1.035932650259119638e-08 5.796237666735869777e-08 2.987713114704439639e-07 1.408808209839796098e-06 6.028890570092021116e-06 2.320351802168084667e-05 7.946769691212591190e-05 2.391014852813706435e-04 6.220253080105918667e-04 1.371635075347311461e-03 2.505439250947602038e-03 3.716154959818613202e-03 4.470283284243183920e-03 4.470283704385369719e-03 3.716156127952635006e-03 2.505440924117799048e-03 1.371637008356158200e-03 6.220272069052746374e-04 2.391030489374102266e-04 7.946881169050698177e-05 2.320421155084117940e-05 6.029268668219162445e-06 1.408991890119608033e-06 2.988512576818522180e-07 5.799385183372110833e-08 1.037062105788196400e-08 1.720153504055041380e-09 2.662766897925233268e-10 3.869988186782257640e-11 5.314184162889654838e-12 6.945335168284895090e-13 8.721234430657940197e-14 1.066041113590348851e-14 1.291817015722291005e-15 1.588407775291625523e-16 2.029056903412890864e-17 2.692279019253344624e-18 0.000000000000000000e+00
0.000000000000000000e+00 2.442232908848975111e-19 2.492501964972207890e-18 2.427035651228728856e-17 2.269164755304455452e-16 2.032239001171360475e-15 1.738755132157842987e-14 1.417029403543424779e-13 1.096452700309530926e-12 8.026400456996734743e-12 5.536782641233575488e-11 3.583439828093817133e-10 2.165393933566256900e-09 1.215096902251981595e-08 6.293273073576590364e-08 2.987713010051742884e-07 1.289920449094424361e-06 5.018044841588213975e-06 1.739593433105424895e-05 5.301485847324743613e-05 1.396390182277831567e-04 3.112966280708234540e-04 5.735580024820761220e-04 8.559301457038072814e-04 1.033013123400297086e-03 1.033013324318702913e-03 8.559307077472161655e-04 5.735588125402920484e-04 3.112975683773280431e-04 1.396399379537386265e-04 5.301560345756119701e-05 1.739645346346784305e-05 5.018359802734753405e-06 1.290088391821603397e-06 2.988512576818521122e-07 6.296696120179314708e-08 1.216426802071100608e-08 2.170117514862746482e-09 3.598882041572639992e-10 5.583532482922179695e-11 8.158185847281120762e-12 1.131215914387312899e-12 1.503223252100374990e-13 1.940445782082963255e-14 2.479262463861790395e-15 3.210713186909238023e-16 4.317281359606686542e-17 6.116874010892789901e-18 8.961289141917968701e-19 0.000000000000000000e+00
0.000000000000000000e+00 4.887131924497717022e-20 4.956516508674532151e-19 4.796981352964521475e-18 4.459233079367630360e-17 3.972398277655700272e-16 3.382330072236595661e-15 2.744802449261760441e-14 2.116299487517256375e-13 1.544950227113403979e-12 1.063813865640279292e-11 6.880048103623174903e-11 4.159504902153612359e-10 2.338383977861863322e-09 1.215096912996107818e-08 5.796237427375814342e-08 2.517992827746348253e-07 9.867851722876119630e-07 3.448766218941207741e-06 1.059773996476986645e-05 2.813151269936759572e-05 6.313057531298889931e-05 1.169226324574276326e-04 1.751464398662246275e-04 2.118529017602494024e-04 2.118529858831194222e-04 1.751466765244895796e-04 1.169229758283338175e-04 6.313097587608114338e-05 2.813190358273781952e-05 1.059805313072136569e-05 3.448981052356286849e-06 9.869132112911654470e-07 2.518664356484862307e-07 5.799385183372109510e-08 1.216426802071100608e-08 2.343494554496012775e-09 4.177500230323609588e-10 6.938492459520647845e-11 1.081423977306292076e-11 1.594437826489748018e-12 2.246614497801964451e-13 3.067729937389438566e-14 4.138291817986569119e-15 5.650021513597752387e-16 7.999740644300414320e-17 1.192323653918271013e-17 1.866263913857606424e-18 2.962155150464604384e-19 0.000000000000000000e+00
0.000000000000000000e+00 9.070300390597168585e-21 9.141826167030624068e-20 8.793976396437751298e-19 8.127984744096109074e-18 7.201982771168472632e-17 6.102282515241123787e-16 4.930577516672585683e-15 3.787425718653846490e-14 2.756585232565982300e-13 1.893930136237452044e-12 1.223275778017423203e-11 7.393338880390337644e-11 4.159504925854762616e-10 2.165393964535609934e-09 1.035932592449300486e-08 4.517582345478859933e-08 1.778473850729646734e-07 6.246250574829363293e-07 1.928727792369864848e-06 5.142066533386943189e-06 1.158054841684720214e-05 2.150704785499864277e-05 3.228596826680240321e-05 3.910974028135676437e-05 3.910977162899838960e-05 3.228605690894621277e-05 2.150717733742242544e-05 1.158070022760531432e-05 5.142214541425982816e-06 1.928845537692351152e-06 6.247049811789415253e-07 1.778944299403191068e-07 4.520020238954206743e-08 1.037062105788196566e-08 2.170117514862746068e-09 4.177500230323609071e-10 7.456261418683875744e-11 1.243601468084642079e-11 1.954935632286827934e-12 2.927583139311959756e-13 4.237093652315521841e-14 6.044501688316549527e-15 8.711399356021734253e-16 1.299984222312503543e-16 2.038847985808746024e-17 3.353526709819551936e-18 5.687334501588442572e-19 9.549054413983499963e-20 0.000000000000000000e+00
0.000000000000000000e+00 1.571201877730361041e-21 1.573774095454769693e-20 1.504730397549191872e-19 1.382787112025776290e-18 1.218656769962211719e-17 1.027450213375347446e-16 8.264454377400944333e-16 6.323327462768496901e-15 4.586958357942440953e-14 3.143148776422760338e-13 2.026260467745264705e-12 1.223275773759145554e-11 6.880048145133253880e-11 3.583439885934525380e-10 1.716432757745100405e-09 7.498858430439602375e-09 2.958717645602935225e-08 1.041598621472146075e-07 3.223359855318449537e-07 8.609131393893584960e-07 1.941434910834280824e-06 3.609110158686873516e-06 5.423136658268049083e-06 6.575371946566141001e-06 6.575382482226594394e-06 5.423166588606077001e-06 3.609154171075174582e-06 1.941486772872775807e-06 8.609637091824151718e-07 3.223760445628821943e-07 1.041868661265856548e-07 2.960293776794220886e-08 7.506957187385892946e-09 1.720153504055041380e-09 3.598882041572639476e-10 6.938492459520646553e-11 1.243601468084642241e-11 2.091643672197115319e-12 3.338799273663871228e-13 5.134314187823932672e-14 7.761369503714171147e-15 1.182670858640722442e-15 1.862470962516909967e-16 3.076929851668077508e-17 5.320592696659465156e-18 9.471937092635834102e-19 1.699173252082370913e-19 2.957793866879229432e-20 0.000000000000000000e+00
0.000000000000000000e+00 2.554144044814042547e-22 2.542492322628845113e-21 2.416213839649181482e-20 2.207573450936344986e-19 1.934938223674171054e-18 1.623061028207767338e-17 1.299450281830743416e-16 9.900722725806966429e-16 7.155611418390565262e-15 4.888002633580195430e-14 3.143148757887584039e-13 1.893930123297313191e-12 1.063813874927266089e-11 5.536782750269858116e-11 2.651441998031587985e-10 1.158536217907565915e-09 4.572625331084888565e-09 1.610329962890174177e-08 4.984263768429549666e-08 1.331088558795128039e-07 3.000704040089198883e-07 5.576515274258878492e-07 8.380187663519919060e-07 1.016583663292313043e-06 1.016586891856563680e-06 8.380279770236627266e-07 5.576651601755630457e-07 3.000865484897793389e-07 1.331246124677387317e-07 4.985509196430915003e-08 1.611165966479669992e-08 4.577478191704743760e-09 1.161015673615662017e-09 2.662766897925231717e-10 5.583532482922180341e-11 1.081423977306292561e-11 1.954935632286827934e-12 3.338799273663870723e-13 5.472226558195149521e-14 8.788032596232657942e-15 1.418774746586913925e-15 2.361783784365173456e-16 4.115841784833374891e-17 7.491631053378642691e-18 1.400865693007690571e-18 2.635758778023595793e-19 4.901893349093583981e-20 8.725957651306824405e-21 0.000000000000000000e+00
0.000000000000000000e+00 3.914799945596810483e-23 3.872816251110399745e-22 3.658054334135583782e-21 3.322682338015647566e-20 2.896184455416154585e-19 2.416694255189387545e-18 1.925447859255373817e-17 1.460484440640762041e-16 1.051286040490842363e-15 7.155611591743429182e-15 4.586958357139453758e-14 2.756585220808387899e-13 1.544950252358822181e-12 8.026400657025653869e-12 3.837951637783905547e-11 1.674843145994030881e-10 6.602586568340795083e-10 2.322345951614737516e-09 7.178144257244843506e-09 1.914014717447955435e-08 4.307998192870214004e-08 7.995732191025195833e-08 1.200902973275237690e-07 1.457069583881078517e-07 1.457078686526845937e-07 1.200929042687542480e-07 7.996120501498276840e-08 4.308460319612904379e-08 1.914466420383002412e-08 7.181712274219779991e-09 2.324735686760834763e-09 6.616414210579322811e-10 1.681883400114307970e-10 3.869988186782254409e-11 8.158185847281120762e-12 1.594437826489749230e-12 2.927583139311959756e-13 5.134314187823935196e-14 8.788032596232656365e-15 1.507163685970500021e-15 2.657847106659450282e-16 4.894782913488237167e-17 9.393663597140390076e-18 1.847802571363335200e-18 3.649369595074099443e-19 7.114439921938135209e-20 1.353056429904966854e-20 2.442723485024557479e-21 0.000000000000000000e+00
0.000000000000000000e+00 5.680863088193775009e-24 5.585078360304832595e-23 5.243023555307393928e-22 4.734217848876439940e-21 4.103208241528632205e-20 3.405489128616813347e-19 2.699497869683067331e-18 2.037909895442168319e-17 1.460484299040489631e-16 9.900722764038055099e-16 6.323327332376626325e-15 3.787425668905280135e-14 2.116299534221901574e-13 1.096452730478907927e-12 5.229510284164858422e-12 2.276545579975861494e-11 8.952900878375992075e-11 3.141197225085557890e-10 9.683952757617353533e-10 2.575326085898794881e-09 5.781878311213695656e-09 1.070973155992986244e-08 1.606844512848461286e-08 1.949500346754403639e-08 1.949524138710223367e-08 1.606912896798882953e-08 1.071075646532719192e-08 5.783103996494102971e-09 2.576526480228680314e-09 9.693439671343467001e-10 3.147546768585204277e-10 8.989587259162917435e-11 2.295191156042590942e-11 5.314184162889651607e-12 1.131215914387312091e-12 2.246614497801964199e-13 4.237093652315520579e-14 7.761369503714174303e-15 1.418774746586913727e-15 2.657847106659449296e-16 5.184855654014822576e-17 1.051281066892527708e-17 2.179504788552760098e-18 4.526129654627697870e-19 9.257924399482760660e-20 1.844989216698396936e-20 3.558702899251965128e-21 6.485163195126020288e-22 0.000000000000000000e+00
0.000000000000000000e+00 7.833118932730236742e-25 7.653129936415107316e-24 7.139988051339524232e-23 6.408487250274576023e-22 5.522253606702254635e-21 4.557867530031249326e-20 3.593889367813914324e-19 2.699498876876288458e-18 1.925447811552958576e-17 1.299450395413733062e-16 8.264454357038689153e-16 4.930577498269981688e-15 2.744802564185472048e-14 1.417029448939375232e-13 6.735248558152898482e-13 2.922079849924995478e-12 1.145231879989736087e-11 4.004157787688834216e-11 1.230069034046708429e-10 3.259754833281298877e-10 7.294868708735967625e-10 1.347763078999216073e-09 2.019254592266595653e-09 2.449258471924279240e-09 2.449316494562870796e-09 2.019421926684402600e-09 1.348015383766598931e-09 7.297900534618355824e-10 3.262731014962057985e-10 1.232424517148384270e-10 4.019930336828681228e-11 1.154343914475475348e-11 2.968372517260927720e-12 6.945335168284891051e-13 1.503223252100373981e-13 3.067729937389437935e-14 6.044501688316547160e-15 1.182670858640722639e-15 2.361783784365173456e-16 4.894782913488237783e-17 1.051281066892527708e-17 2.302412541301391085e-18 5.038176961870324896e-19 1.083306810118549700e-19 2.264533182040239501e-20 4.575920036322126762e-21 8.909937784018857056e-22 1.634863571764882034e-22 0.000000000000000000e+00
0.000000000000000000e+00 1.029591889962462661e-25 9.996568985799880880e-25 9.268042250666503566e-24 8.267959089067099235e-23 7.082544587180606915e-22 5.812351628385748036e-21 4.557861665201277101e-20 3.405489651212375374e-19 2.416693430797846648e-18 1.623061086602050150e-17 1.027450149355373593e-16 6.102282327059885237e-16 3.382330264917474727e-15 1.738755174856458197e-14 8.229832061979164254e-14 3.555568718597630072e-13 1.387630581267811997e-12 4.830967416414537821e-12 1.477715236410298560e-11 3.899730625240227004e-11 8.694111259940820557e-11 1.601486577600945372e-10 2.395282153020495592e-10 2.904216192990527794e-10 2.904348955752978482e-10 2.395666259346926273e-10 1.602069130446133176e-10 8.701144702173031284e-11 3.906653056548150210e-11 1.483205645739242113e-11 4.867782767526880044e-12 1.408919569061622294e-12 3.663800326534073982e-13 8.721234430657936411e-14 1.940445782082963255e-14 4.138291817986566752e-15 8.711399356021732281e-16 1.862470962516910706e-16 4.115841784833377972e-17 9.393663597140399320e-18 2.179504788552760483e-18 5.038176961870322971e-19 1.141389264775498269e-19 2.507799280961974728e-20 5.314600430540907141e-21 1.083934065659408901e-21 2.125289239227149942e-22 3.921507952067099158e-23 0.000000000000000000e+00
0.000000000000000000e+00 1.293734216193037097e-26 1.248274187282746118e-25 1.149995146473417092e-24 1.019572043272184839e-23 8.681253701383674861e-23 7.082572950618864539e-22 5.522249786922684763e-21 4.103213358741935543e-20 2.896183753676601403e-19 1.934938742644166687e-18 1.218656755248307703e-17 7.201982654415533939e-17 3.972398741641639019e-16 2.032239028823731321e-15 9.572668194221369569e-15 4.115747008193371836e-14 1.598429114652159294e-13 5.537606605105891607e-13 1.685634850441642887e-12 4.427633056790549337e-12 9.829657747413651244e-12 1.804662672090604600e-11 2.693929979756824330e-11 3.264647324292161172e-11 3.264933712099489109e-11 2.694761087232357253e-11 1.805930389521733119e-11 9.845035025141990095e-12 4.442810787815909262e-12 1.697705184377331686e-12 5.618713956963853696e-13 1.645414779076852730e-13 4.354996313498576499e-14 1.066041113590348851e-14 2.479262463861792367e-15 5.650021513597755345e-16 1.299984222312504036e-16 3.076929851668078124e-17 7.491631053378650395e-18 1.847802571363335970e-18 4.526129654627701722e-19 1.083306810118549700e-19 2.507799280961974126e-20 5.585717196589208092e-21 1.194681092897800687e-21 2.453372861917384006e-22 4.837953710352469877e-23 8.971945493940979894e-24 0.000000000000000000e+00
0.000000000000000000e+00 1.558036754990759284e-27 1.493943577758167674e-26 1.367534981893402842e-25 1.204846903697205599e-24 1.019560545081310732e-23 8.267980480795810501e-23 6.408460886719153345e-22 4.734223568749196992e-21 3.322678702029172916e-20 2.207573901736198841e-19 1.382786942579188399e-18 8.127983823827236514e-18 4.459233917532916547e-17 2.269164647013351341e-16 1.063171581923634743e-15 4.546584090878076210e-15 1.756226201614036190e-14 6.051444583208466453e-14 1.832253846660990687e-13 4.788312002388247501e-13 1.058248367256977291e-12 1.935946852052111350e-12 2.883777467825154328e-12 3.492617377469013984e-12 3.493202246953685842e-12 2.885479792923143334e-12 1.938557999488968209e-12 1.061430249830338506e-12 4.819813451865311073e-13 1.857384306284635633e-13 6.220764837445711432e-14 1.854556378485562274e-14 5.048429540500645799e-15 1.291817015722291399e-15 3.210713186909240489e-16 7.999740644300419250e-17 2.038847985808748489e-17 5.320592696659468238e-18 1.400865693007692112e-18 3.649369595074102332e-19 9.257924399482766678e-20 2.264533182040240102e-20 5.314600430540907893e-21 1.194681092897801439e-21 2.572698276301003510e-22 5.313288553157828355e-23 1.053219668673081774e-23 1.962817204844597029e-24 0.000000000000000000e+00
0.000000000000000000e+00 1.802349247916105524e-28 1.717639748642847150e-27 1.562155063881743687e-26 1.367577275819488149e-25 1.149986713762259547e-24 9.268161008563485308e-24 7.139955433482650740e-23 5.243045589183692144e-22 3.658049745282483079e-21 2.416215593876187981e-20 1.504730485770524595e-19 8.793974650924138165e-19 4.796983374516809793e-18 2.427035238835167405e-17 1.130588306029901108e-16 4.806878374770841055e-16 1.845964270049230979e-15 6.323791425501431442e-15 1.903848940143809734e-14 4.948568301905913205e-14 1.088482471085774185e-13 1.983748190540304227e-13 2.948274542089286201e-13 3.568376461583665701e-13 3.569511463241476583e-13 2.951587567981731225e-13 1.988857750562845650e-13 1.094737136426214099e-13 5.010689068844089872e-14 1.953578722143832612e-14 6.659911319467251801e-15 2.041750395105697524e-15 5.808992819972662061e-16 1.588407775291626262e-16 4.317281359606691473e-17 1.192323653918272091e-17 3.353526709819555017e-18 9.471937092635836028e-19 2.635758778023598681e-19 7.114439921938138821e-20 1.844989216698397838e-20 4.575920036322128267e-21 1.083934065659408901e-21 2.453372861917384477e-22 5.313288553157831881e-23 1.103038046206921391e-23 2.197661853309752597e-24 4.116458911371821201e-25 0.000000000000000000e+00
0.000000000000000000e+00 2.006462490400377105e-29 1.900959270987982301e-28 1.717613042184857789e-27 1.494023220328377975e-26 1.248250222579014713e-25 9.996801126492692927e-25 7.653050389847258595e-24 5.585120811920406775e-23 3.872805981290725157e-22 2.542494894959653555e-21 1.573774560549402036e-20 9.141820400629195039e-20 4.956520938279528096e-19 2.492500691976025645e-18 1.153984489089348214e-17 4.876199705231050962e-17 1.861047273487479698e-16 6.336501227793713715e-16 1.896317355021263055e-15 4.901157417922722378e-15 1.072772684798274802e-14 1.947413294008221689e-14 2.887324109640961119e-14 3.492213331952309762e-14 3.494311869608139099e-14 2.893466830119870094e-14 1.956937662658017666e-14 1.084483736141714859e-14 5.017856881918090464e-15 1.990090328649330403e-15 6.972541716977142382e-16 2.232814906592836279e-16 6.785457859184302452e-17 2.029056903412892404e-17 6.116874010892795294e-18 1.866263913857607195e-18 5.687334501588449313e-19 1.699173252082373320e-19 4.901893349093588194e-20 1.353056429904967756e-20 3.558702899251968138e-21 8.909937784018858937e-22 2.125289239227150412e-22 4.837953710352468114e-23 1.053219668673082068e-23 2.197661853309752230e-24 4.401627887093028432e-25 8.289465083812449288e-26 0.000000000000000000e+00
0.000000000000000000e+00 2.131400179231151970e-30 2.008763765852374117e-29 1.803320125631405890e-28 1.558638899331472382e-27 1.293864021668689038e-26 1.029708726198565602e-25 7.833216296773940108e-25 5.681036426195513736e-24 3.914811280590043607e-23 2.554156735057025497e-22 1.571206509572285845e-21 9.070291727119791854e-21 4.887143752986446012e-20 2.442230081311257219e-19 1.123593685064186878e-18 4.717773104485259883e-18 1.789189733111002934e-17 6.053744366901652343e-17 1.800704274744778917e-16 4.627242149374877860e-16 1.007845458960046470e-15 1.822175067971107792e-15 2.694911555492794267e-15 3.257361295331373157e-15 3.261001378266576064e-15 2.705594604069684709e-15 1.838821937801103687e-15 1.028399701036104469e-15 4.832723938304861220e-16 1.966439153039071960e-16 7.181950568156303210e-17 2.451004385412049786e-17 8.128635553383804837e-18 2.692279019253345779e-18 8.961289141917974479e-19 2.962155150464608236e-19 9.549054413983505982e-20 2.957793866879232441e-20 8.725957651306831928e-21 2.442723485024560112e-21 6.485163195126025930e-22 1.634863571764882974e-22 3.921507952067102684e-23 8.971945493940976955e-24 1.962817204844597396e-24 4.116458911371820742e-25 8.289465083812455028e-26 1.570612679179867313e-26 0.000000000000000000e+00
0.000000000000000000e+00 0.000000000000000000e+00 0.000000000000000000e+00 0.000000000000000000e+00 0.000000000000000000e+00 0.000000000000000000e+00 0.000000000000000000e+00 0.000000000000000000e+00 0.000000000000000000e+00 0.000000000000000000e+00 0.000000000000000000e+00 0.000000000000000000e+00 0.000000000000000000e+00 0.000000000000000000e+00 0.000000000000000000e+00 0.000000000000000000e+00 0.000000000000000000e+00 0.000000000000000000e+00 0.000000000000000000e+00 0.000000000000000000e+00 0.000000000000000000e+00 0.000000000000000000e+00 0.000000000000000000e+00 0.000000000000000000e+00 0.000000000000000000e+00 0.000000000000000000e+00 0.000000000000000000e+00 0.000000000000000000e+00 0.000000000000000000e+00 0.000000000000000000e+00 0.000000000000000000e+00 0.000000000000000000e+00 0.000000000000000000e+00 0.000000000000000000e+00 0.000000000000000000e+00 0.000000000000000000e+00 0.000000000000000000e+00 0.000000000000000000e+00 0.000000000000000000e+00 0.000000000000000000e+00 0.000000000000000000e+00 0.000000000000000000e+00 0.000000000000000000e+00 0.000000000000000000e+00 0.000000000000000000e+00 0.000000000000000000e+00 0.000000000000000000e+00 0.000000000000000000e+00 0.000000000000000000e+00 0.000000000000000000e+00
