0.000000000000000000e+00 0.000000000000000000e+00 0.000000000000000000e+00 0.000000000000000000e+00 0.000000000000000000e+00 0.000000000000000000e+00 0.000000000000000000e+00 0.000000000000000000e+00 0.000000000000000000e+00 0.000000000000000000e+00 0.000000000000000000e+00 0.000000000000000000e+00 0.000000000000000000e+00 0.000000000000000000e+00 0.000000000000000000e+00 0.000000000000000000e+00 0.000000000000000000e+00 0.000000000000000000e+00 0.000000000000000000e+00 0.000000000000000000e+00 0.000000000000000000e+00 0.000000000000000000e+00 0.000000000000000000e+00 0.000000000000000000e+00 0.000000000000000000e+00 0.000000000000000000e+00 0.000000000000000000e+00 0.000000000000000000e+00 0.000000000000000000e+00 0.000000000000000000e+00 0.000000000000000000e+00 0.000000000000000000e+00 0.000000000000000000e+00 0.000000000000000000e+00 0.000000000000000000e+00 0.000000000000000000e+00 0.000000000000000000e+00 0.000000000000000000e+00 0.000000000000000000e+00 0.000000000000000000e+00 0.000000000000000000e+00 0.000000000000000000e+00 0.000000000000000000e+00 0.000000000000000000e+00 0.000000000000000000e+00 0.000000000000000000e+00 0.000000000000000000e+00 0.000000000000000000e+00 0.000000000000000000e+00 0.000000000000000000e+00
0.000000000000000000e+00 7.675833830556167585e-30 7.016633219847546999e-29 6.118855100495215922e-28 5.135478738987673363e-27 4.139957594726933640e-26 3.198204832255981767e-25 2.361538446449770003e-24 1.661954419450587547e-23 1.111187103177804096e-22 7.032861027117196699e-22 4.196394982115405995e-21 2.349580539659682491e-20 1.227830794554142414e-19 5.951322477978430391e-19 2.656152601541842006e-18 1.082275705620497758e-17 3.985370777254459668e-17 1.310467804815451438e-16 3.793478815284307522e-16 9.508523716945286677e-16 2.025958005449860014e-15 3.602127159867579974e-15 5.271816896925501700e-15 6.342610839854568541e-15 6.342610839418327672e-15 5.271816895767031850e-15 3.602127158373097188e-15 2.025958004004831708e-15 9.508523705243690829e-16 3.793478806852821158e-16 1.310467799260918609e-16 3.985370744227334780e-17 1.082275687297559261e-17 2.656152508622750293e-18 5.951322040853471661e-19 1.227830604848255629e-19 2.349579775529377968e-20 4.196392120468049739e-21 7.032851018416868623e-22 1.111183823265788616e-22 1.661944306615728844e-23 2.361509018671493949e-24 3.198123715204763809e-25 4.139745220717021969e-26 5.134948995987448492e-27 6.117593373046774694e-28 7.013761012197200393e-29 7.669800696861852352e-30 0.000000000000000000e+00
0.000000000000000000e+00 7.016633219847549241e-29 6.453322654179265856e-28 5.662523427797059844e-27 4.781700318261633615e-26 3.878235731087747711e-25 3.014100537447084482e-24 2.238915595711015220e-23 1.585016970700368841e-22 1.066003753752811596e-21 6.786559160496381204e-21 4.073191450936136638e-20 2.293983731240452724e-19 1.205830747023499518e-18 5.879221168811952024e-18 2.639550166230411559e-17 1.081916246103410634e-16 4.007733402367809812e-16 1.325560241658667364e-15 3.858991698659608282e-15 9.724150143373974684e-15 2.081549271393331298e-14 3.714333082275597380e-14 5.447964598397658708e-14 6.559687234567425526e-14 6.559687234517420580e-14 5.447964598265912626e-14 3.714333082109740321e-14 2.081549271240520105e-14 9.724150142212397512e-15 3.858991697888757860e-15 1.325560241197656065e-15 4.007733399845381215e-16 1.081916244798650598e-16 2.639550159910873657e-17 5.879221139816407258e-18 1.205830734538013660e-18 2.293983680760802361e-19 4.073191259655858457e-20 6.786558481217698493e-21 1.066003527121311616e-21 1.585016259623512907e-22 2.238913489672180518e-23 3.014094641142175179e-24 3.878220069260352334e-25 4.781660792274194860e-26 5.662428369753102655e-27 6.453104879690716478e-28 7.016178005536044132e-29 0.000000000000000000e+00
0.000000000000000000e+00 6.118855100495206056e-28 5.662523427797066301e-27 4.999739687184986204e-26 4.248127852267631650e-25 3.466511445965458214e-24 2.710348200966494668e-23 2.025261239018101063e-22 1.442190974540671755e-21 9.755879394478365173e-21 6.246755571956376677e-20 3.770695691647904286e-19 2.135750630931433458e-18 1.129066033466883162e-17 5.536452084031130190e-17 2.499946889965331234e-16 1.030607845895735180e-15 3.839707703424714041e-15 1.277248592886819064e-14 3.739018609876600714e-14 9.470985742065872877e-14 2.036653840007599596e-13 3.647157134909191405e-13 5.360927762027471438e-13 6.459692140149449138e-13 6.459692140147245881e-13 5.360927762021038372e-13 3.647157134898472489e-13 2.036653839992822275e-13 9.470985741903173156e-14 3.739018609722853616e-14 1.277248592760358823e-14 3.839707702560150888e-15 1.030607845368329600e-15 2.499946887151306120e-16 5.536452070484619674e-17 1.129066027567098609e-17 2.135750607380446037e-18 3.770695604955673995e-19 6.246755275238383036e-20 9.755878445978917374e-21 1.442190689446838190e-21 2.025260430987363508e-22 2.710346028993616709e-23 3.466505898696857198e-24 4.248114326104340711e-25 4.999708156470927665e-26 5.662452978262549064e-27 6.118707244189621378e-28 0.000000000000000000e+00
0.000000000000000000e+00 5.135478738987686995e-27 4.781700318261623858e-26 4.248127852267638079e-25 3.631478183990197750e-24 2.981050580565837076e-23 2.344483647025739889e-22 1.761990913709575733e-21 1.261835670123099802e-20 8.583494856168763917e-20 5.526310448605897388e-19 3.353956100138645350e-18 1.909949662565584333e-17 1.015116504912336776e-16 5.004403576619165973e-16 2.271865795784221164e-15 9.416444506111764950e-15 3.527274561656012972e-14 1.179645527150366992e-13 3.471482255739740590e-13 8.836995521999621695e-13 1.908654662747380536e-12 3.429592015805058784e-12 5.051412971025459641e-12 6.090856725092419952e-12 6.090856725091567729e-12 5.051412971023555671e-12 3.429592015804243317e-12 1.908654662749730003e-12 8.836995522049891698e-13 3.471482255804167175e-13 1.179645527212879359e-13 3.527274562117998948e-14 9.416444509089290460e-15 2.271865797416869782e-15 5.004403584626006539e-16 1.015116508431132318e-16 1.909949676672308119e-17 3.353956152090192680e-18 5.526310625989019943e-19 8.583495420751482291e-20 1.261835838758431221e-20 1.761991388083211031e-21 2.344484910637886621e-22 2.981053775352006094e-23 3.631485885139224255e-24 4.248145579992590329e-25 4.781739389903730302e-26 5.135559997348148573e-27 0.000000000000000000e+00
0.000000000000000000e+00 4.139957594726918143e-26 3.878235731087758732e-25 3.466511445965452337e-24 2.981050580565839427e-23 2.461443238291583779e-22 1.946902115003755339e-21 1.471357325505022846e-20 1.059441068071548861e-19 7.245063068851163729e-19 4.688851416479906650e-18 2.860209342580228763e-17 1.636955573823904421e-16 8.743428830994759101e-16 4.331693851164494463e-15 1.976186845062113850e-14 8.231541118496987969e-14 3.098793254290659674e-13 1.041506520551488991e-12 3.079964030461562620e-12 7.876781093680363663e-12 1.708282003647698814e-11 3.079405739339093098e-11 4.544243929326310140e-11 5.482579755493349127e-11 5.482579755493692924e-11 4.544243929327062357e-11 3.079405739339155136e-11 1.708282003645911652e-11 7.876781093647166578e-12 3.079964030419599360e-12 1.041506520510695820e-12 3.098793253989330459e-13 8.231541116536070347e-14 1.976186843983857113e-14 4.331693845839831659e-15 8.743428807494198304e-16 1.636955564356682392e-16 2.860209307571207948e-17 4.688851296507823201e-18 7.245062685717536319e-19 1.059440953333143709e-19 1.471357001991596283e-20 1.946901251978448441e-21 2.461441054028615570e-22 2.981045314907979417e-23 3.466499331231783349e-24 3.878209072911141266e-25 4.139902307865402733e-26 0.000000000000000000e+00
0.000000000000000000e+00 3.198204832255997839e-25 3.014100537447077135e-24 2.710348200966498782e-23 2.344483647025739889e-22 1.946902115003755339e-21 1.548468236825690014e-20 1.176536275036147191e-19 8.515638894452565802e-19 5.852768908977743484e-18 3.806218009465183134e-17 2.332753151530595966e-16 1.341211046333039803e-15 7.195972515485645256e-15 3.580851746852753550e-14 1.640842857776455481e-13 6.864905580598226663e-13 2.595810437872895154e-12 8.763501443051722434e-12 2.603024910300320964e-11 6.685252881195027165e-11 1.455363375137605029e-10 2.631238033579876615e-10 3.889571226286754632e-10 4.695037628203580990e-10 4.695037628203460015e-10 3.889571226286497172e-10 2.631238033580028610e-10 1.455363375138776782e-10 6.685252881215004869e-11 2.603024910325195836e-11 8.763501443291671051e-12 2.595810438048689613e-12 6.864905581748000646e-13 1.640842858407252138e-13 3.580851749981869411e-14 7.195972529314012470e-15 1.341211051920913937e-15 2.332753172237972861e-16 3.806218080572793901e-17 5.852769136431137652e-18 8.515639576320029559e-19 1.176536467407671241e-19 1.548468749909020310e-20 1.946903412592934148e-21 2.344486769930968085e-22 2.710355368666397751e-23 3.014116256448458326e-24 3.198237301781741380e-25 0.000000000000000000e+00
0.000000000000000000e+00 2.361538446449761921e-24 2.238915595711021098e-23 2.025261239018099182e-22 1.761990913709576862e-21 1.471357325505022846e-20 1.176536275036147672e-19 8.985538622578188438e-19 6.535751931927935869e-18 4.513174500213843510e-17 2.948232330456911155e-16 1.814656657543050504e-15 1.047611631387092172e-14 5.642920590203785500e-14 2.818796662855802730e-13 1.296522324287997161e-12 5.444740487865749904e-12 2.066600635005215905e-11 7.003574369733639434e-11 2.088241884196937843e-10 5.383077992264752819e-10 1.175817634630207139e-09 2.131407991727268226e-09 3.155411824044317425e-09 3.810250700909026376e-09 3.810250700909388681e-09 3.155411824045226496e-09 2.131407991728107401e-09 1.175817634630329768e-09 5.383077992258932569e-10 2.088241884186278587e-10 7.003574369618439025e-11 2.066600634917611985e-11 5.444740487275821493e-12 1.296522323962379007e-12 2.818796661224815517e-13 5.642920582983296827e-14 1.047611628459957204e-14 1.814656646686217795e-15 2.948232293146990155e-16 4.513174380882174601e-17 6.535751574471346893e-18 8.985537615621473048e-19 1.176536007126631826e-19 1.471356650248504592e-20 1.761989296032997434e-21 2.025257547664885420e-22 2.238907559558745140e-23 2.361521988929905548e-24 0.000000000000000000e+00
0.000000000000000000e+00 1.661954419450591955e-23 1.585016970700366490e-22 1.442190974540673823e-21 1.261835670123099953e-20 1.059441068071548861e-19 8.515638894452562913e-19 6.535751931927935098e-18 4.776026633924103613e-17 3.312450310880461815e-16 2.172703906897029109e-15 1.342405377094671532e-14 7.777266468764542476e-14 4.203095543939324684e-13 2.106149578993491909e-12 9.716567982957036547e-12 4.092550006911865102e-11 1.557980059445892066e-10 5.295874060657046027e-10 1.583924022960503985e-09 4.095485576209387815e-09 8.970754273009740976e-09 1.629700382308888217e-08 2.415561326918541009e-08 2.917486752764448258e-08 2.917486752764124004e-08 2.415561326917652286e-08 1.629700382307818176e-08 8.970754273001656113e-09 4.095485576205296580e-09 1.583924022960709746e-09 5.295874060683817728e-10 1.557980059473709116e-10 4.092550007134761197e-11 9.716567984275434812e-12 2.106149579690279695e-12 4.203095547101938483e-13 7.777266481836020687e-14 1.342405381989499017e-14 2.172703923820516145e-15 3.312450365120322931e-16 4.776026796318551037e-17 6.535752388071816030e-18 8.515640101811510369e-19 1.059441370136048611e-19 1.261836386609327312e-20 1.442192588867574140e-21 1.585020429552790288e-22 1.661961367396409992e-23 0.000000000000000000e+00
0.000000000000000000e+00 1.111187103177802451e-22 1.066003753752813477e-21 9.755879394478359154e-21 8.583494856168772342e-20 7.245063068851168544e-19 5.852768908977745025e-18 4.513174500213842894e-17 3.312450310880461815e-16 2.306607357279671452e-15 1.518473344073954241e-14 9.412669231462450091e-14 5.469204938798996056e-13 2.963419239724263497e-12 1.488399943796024853e-11 6.881137069838991783e-11 2.904063995692877511e-10 1.107714790771261477e-09 3.772966099289496571e-09 1.130844168405479958e-08 2.930377126062285155e-08 6.432037069235287434e-08 1.170409961407281658e-07 1.736221780105469118e-07 2.097034570200148313e-07 2.097034570199556978e-07 1.736221780103994222e-07 1.170409961405644105e-07 6.432037069223297947e-08 2.930377126055610469e-08 1.130844168401734484e-08 3.772966099266414096e-09 1.107714790757556335e-09 2.904063995603395698e-10 6.881137069350948759e-11 1.488399943538863448e-11 2.963419238557381860e-12 5.469204933904344613e-13 9.412669212975728280e-14 1.518473337629100747e-14 2.306607336557233821e-15 3.312450248863195889e-16 4.513174326874635117e-17 5.852768454520812324e-18 7.245061948389107436e-19 8.583492252630056807e-20 9.755873688963968809e-21 1.066002575409227412e-21 1.111184847177273518e-22 0.000000000000000000e+00
0.000000000000000000e+00 7.032861027117205162e-22 6.786559160496379699e-21 6.246755571956382695e-20 5.526310448605898351e-19 4.688851416479909731e-18 3.806218009465183134e-17 2.948232330456912634e-16 2.172703906897028320e-15 1.518473344073955187e-14 1.002819887455416482e-13 6.233105495816602827e-13 3.629825638749728541e-12 1.970279453413842371e-11 9.909492372824318951e-11 4.586129784521217042e-10 1.937092267704190358e-09 7.394173330227468116e-09 2.520456970449398279e-08 7.561290604257278251e-08 1.961490914502778750e-07 4.310274386713765645e-07 7.850347621416566239e-07 1.164929378731243447e-06 1.406705894671774217e-06 1.406705894672573180e-06 1.164929378733404652e-06 7.850347621444041870e-07 4.310274386739228514e-07 1.961490914522364005e-07 7.561290604382751624e-08 2.520456970516773463e-08 7.394173330538614585e-09 1.937092267837071133e-09 4.586129785032574410e-10 9.909492374751825554e-11 1.970279454093159925e-11 3.629825641109264873e-12 6.233105503591966289e-13 1.002819889924037914e-13 1.518473351485291401e-14 2.172703927957871107e-15 2.948232386731043386e-16 3.806218150592079836e-17 4.688851747378503323e-18 5.526311170715451628e-19 6.246757025849096156e-20 6.786561817606880832e-21 7.032865229482233181e-22 0.000000000000000000e+00
0.000000000000000000e+00 4.196394982115405243e-21 4.073191450936138444e-20 3.770695691647904767e-19 3.353956100138646890e-18 2.860209342580227531e-17 2.332753151530596952e-16 1.814656657543049715e-15 1.342405377094671374e-14 9.412669231462452615e-14 6.233105495816602827e-13 3.882403504279694455e-12 2.264265771554141979e-11 1.230121204376601307e-10 6.188695345693297073e-10 2.863549074494442322e-09 1.208803641105020701e-08 4.610532256846527623e-08 1.570324511179438266e-07 4.707901460965098182e-07 1.220849890507009307e-06 2.682489635281952632e-06 4.885385310023623035e-06 7.247235429565738730e-06 8.746668641466509011e-06 8.746668641476664936e-06 7.247235429590736367e-06 4.885385310049963218e-06 2.682489635298122914e-06 1.220849890512488551e-06 4.707901460967293586e-07 1.570324511166907208e-07 4.610532256734780155e-08 1.208803641038881655e-08 2.863549074190342605e-09 6.188695344465434308e-10 1.230121203943846260e-10 2.264265770138480845e-11 3.882403500035918639e-12 6.233105483794850336e-13 9.412669199545324668e-14 1.342405369086779138e-14 1.814656638730347701e-15 2.332753110510664594e-16 2.860209261458839236e-17 3.353955961380252748e-18 3.770695513966118145e-19 4.073191405696867987e-20 4.196395693473553731e-21 0.000000000000000000e+00
0.000000000000000000e+00 2.349580539659683394e-20 2.293983731240451761e-19 2.135750630931434613e-18 1.909949662565584333e-17 1.636955573823904175e-16 1.341211046333039408e-15 1.047611631387092961e-14 7.777266468764541214e-14 5.469204938798995047e-13 3.629825638749729753e-12 2.264265771554141979e-11 1.321462469090383753e-10 7.178296981475500070e-10 3.608031810142090187e-09 1.666687143606573809e-08 7.019740273101740438e-08 2.670287417247103934e-07 9.069406060036435865e-07 2.711853643714610682e-06 7.016566087757974411e-06 1.539020843705343471e-05 2.799134119735967923e-05 4.147495392344050625e-05 5.000850437090012692e-05 5.000850437066899534e-05 4.147495392282562809e-05 2.799134119661009234e-05 1.539020843641023177e-05 7.016566087307408787e-06 2.711853643453513623e-06 9.069406058782355941e-07 2.670287416734751703e-07 7.019740271289043609e-08 1.666687143041985322e-08 3.608031808597562004e-09 7.178296977721731703e-10 1.321462468299827079e-10 2.264265770128495224e-11 3.629825636781420366e-12 5.469204937397840754e-13 7.777266471600169264e-14 1.047611632805518353e-14 1.341211049518579453e-15 1.636955576453080197e-16 1.909949648847157606e-17 2.135750539752815420e-18 2.293983372703185264e-19 2.349579411906828087e-20 0.000000000000000000e+00
0.000000000000000000e+00 1.227830794554142896e-19 1.205830747023500096e-18 1.129066033466882854e-17 1.015116504912337022e-16 8.743428830994759101e-16 7.195972515485646833e-15 5.642920590203786131e-14 4.203095543939325189e-13 2.963419239724262285e-12 1.970279453413843017e-11 1.230121204376602341e-10 7.178296981475499036e-10 3.894692624965838608e-09 1.953145576375861773e-08 8.992347448942126455e-08 3.771288520597184242e-07 1.427484191853270740e-06 4.822594049837921530e-06 1.434452444044565048e-05 3.693848939641602248e-05 8.070181156779212119e-05 1.463267777521094412e-04 2.163055939755413018e-04 2.604200862605613874e-04 2.604200862606195007e-04 2.163055939760386525e-04 1.463267777534062012e-04 8.070181156998261615e-05 3.693848939890434778e-05 1.434452444233004637e-05 4.822594050942299180e-06 1.427484192392088515e-06 3.771288522852220470e-07 8.992347457217646291e-08 1.953145579079071141e-08 3.894692632946807203e-09 7.178297002937257342e-10 1.230121209694106025e-10 1.970279465615006499e-11 2.963419265926772884e-12 4.203095597014013110e-13 5.642920693189416380e-14 7.195972710735487724e-15 8.743429203782293114e-16 1.015116578978817749e-16 1.129066190131324153e-17 1.205831098425092823e-18 1.227831598722933705e-19 0.000000000000000000e+00
0.000000000000000000e+00 5.951322477978432317e-19 5.879221168811952794e-18 5.536452084031131423e-17 5.004403576619165973e-16 4.331693851164493674e-15 3.580851746852753550e-14 2.818796662855805760e-13 2.106149578993491909e-12 1.488399943796024853e-11 9.909492372824321536e-11 6.188695345693300175e-10 3.608031810142091015e-09 1.953145576375861443e-08 9.758484215631006306e-08 4.469596143944234357e-07 1.862203614081722076e-06 6.994318943864120033e-06 2.342969166456327241e-05 6.909024795717596840e-05 1.764763682194232775e-04 3.828819549983369301e-04 6.904351410571106388e-04 1.016596687229025893e-03 1.221175091357685864e-03 1.221175091396628455e-03 1.016596687330065078e-03 6.904351411743785963e-04 3.828819550897282886e-04 1.764763682755571403e-04 6.909024798602489414e-05 2.342969167682371857e-05 6.994318948234501721e-06 1.862203615402677369e-06 4.469596147301653790e-07 9.758484222541265202e-08 1.953145577369939640e-08 3.608031810300800504e-09 6.188695340293081531e-10 9.909492347810039893e-11 1.488399935772917687e-11 2.106149557440202045e-12 2.818796611013597766e-13 3.580851631430140431e-14 4.331693607066187765e-15 5.004403075524549573e-16 5.536451065125356476e-17 5.879219086966024006e-18 5.951318235399005490e-19 0.000000000000000000e+00
0.000000000000000000e+00 2.656152601541842006e-18 2.639550166230410635e-17 2.499946889965332220e-16 2.271865795784220770e-15 1.976186845062113219e-14 1.640842857776455229e-13 1.296522324287997161e-12 9.716567982957038162e-12 6.881137069838991783e-11 4.586129784521217042e-10 2.863549074494442322e-09 1.666687143606572155e-08 8.992347448942119838e-08 4.469596143944234887e-07 2.032519158896236517e-06 8.390682207622618684e-06 3.116861834515170359e-05 1.031181232205977447e-04 3.001322958035039707e-04 7.569942493340260647e-04 1.624169072284713114e-03 2.902957295746281478e-03 4.247769255106750158e-03 5.085753883991473052e-03 5.085753883459726531e-03 4.247769253671374902e-03 2.902957293977412572e-03 1.624169070736898937e-03 7.569942482207338806e-04 3.001322951510314828e-04 1.031181229017482108e-04 3.116861821103234409e-05 8.390682158101794570e-06 2.032519142607424482e-06 4.469596095614985489e-07 8.992347318290240428e-08 1.666687111156437859e-08 2.863548999960388588e-09 4.586129625314015800e-10 6.881136752305106517e-11 9.716567389730855395e-12 1.296522220350455829e-12 1.640842687132394696e-13 1.976186583964243869e-14 2.271865428748571186e-15 2.499946433417301145e-16 2.639549719178707845e-17 2.656152449519148484e-18 0.000000000000000000e+00
0.000000000000000000e+00 1.082275705620497758e-17 1.081916246103411004e-16 1.030607845895735377e-15 9.416444506111766528e-15 8.231541118496984182e-14 6.864905580598221614e-13 5.444740487865752327e-12 4.092550006911863163e-11 2.904063995692877511e-10 1.937092267704189944e-09 1.208803641105020535e-08 7.019740273101740438e-08 3.771288520597183713e-07 1.862203614081720382e-06 8.390682207622615296e-06 3.422447497371871808e-05 1.252602143208908178e-04 4.073202364965220965e-04 1.163507814351751870e-03 2.880039441093636046e-03 6.075117913916042341e-03 1.071068945403422581e-02 1.552409401954893235e-02 1.849720653470677753e-02 1.849720653826740502e-02 1.552409402950059511e-02 1.071068946681424244e-02 6.075117925893025114e-03 2.880039450353616415e-03 1.163507819991664019e-03 4.073202393615592970e-04 1.252602155734412900e-04 3.422447545389973754e-05 8.390682371730791739e-06 1.862203664757769534e-06 3.771288663510053234e-07 7.019740644442208742e-08 1.208803730660943689e-08 1.937092469422369872e-09 2.904064422256672108e-10 4.092550857570073563e-11 5.444742093543730194e-12 6.864908458241270308e-13 8.231546026484200597e-14 9.416452484969210510e-15 1.030609082802024829e-15 1.081918072069651762e-16 1.082278226245649166e-17 0.000000000000000000e+00
0.000000000000000000e+00 3.985370777254455970e-17 4.007733402367813264e-16 3.839707703424710097e-15 3.527274561656012341e-14 3.098793254290659169e-13 2.595810437872895154e-12 2.066600635005215582e-11 1.557980059445891549e-10 1.107714790771261270e-09 7.394173330227470598e-09 4.610532256846527623e-08 2.670287417247101816e-07 1.427484191853270105e-06 6.994318943864120880e-06 3.116861834515169681e-05 1.252602143208907364e-04 4.498515354993893787e-04 1.429738108405526585e-03 3.979588594021993102e-03 9.588436573739042915e-03 1.972138009837395151e-02 3.405680725712663393e-02 4.865820622735810702e-02 5.756810671125979495e-02 5.756810669862719859e-02 4.865820619011673731e-02 3.405680720698327918e-02 1.972138004808719411e-02 9.588436532633920137e-03 3.979588568717063943e-03 1.429738095303990453e-03 4.498515296833614893e-04 1.252602120616050146e-04 3.116861756254518683e-05 6.994318698747590387e-06 1.427484121662121620e-06 2.670287231765436389e-07 4.610531801021827167e-08 7.394172281589302373e-09 1.107714563677719594e-09 1.557979594269918331e-10 2.066599730038718298e-11 2.595808759953630018e-12 3.098790280524649670e-13 3.527269511489666151e-14 3.839699469417567970e-15 4.007720498626264583e-16 3.985351622293031660e-17 0.000000000000000000e+00
0.000000000000000000e+00 1.310467804815451192e-16 1.325560241658666970e-15 1.277248592886819064e-14 1.179645527150367497e-13 1.041506520551488991e-12 8.763501443051724050e-12 7.003574369733638142e-11 5.295874060657046027e-10 3.772966099289495744e-09 2.520456970449397948e-08 1.570324511179438795e-07 9.069406060036432689e-07 4.822594049837918142e-06 2.342969166456328935e-05 1.031181232205977447e-04 4.073202364965219880e-04 1.429738108405527019e-03 4.414540993100003925e-03 1.187206504315062132e-02 2.754759628983897632e-02 5.461515185265224115e-02 9.144055251235240489e-02 1.278513969173664389e-01 1.496823740003163927e-01 1.496823740164086591e-01 1.278513969740460998e-01 9.144055259664636559e-02 5.461515194687666802e-02 2.754759637145074228e-02 1.187206509148622073e-02 4.414541018215596690e-03 1.429738119384283768e-03 4.073202406863872397e-04 1.031181246468256278e-04 2.342969210321520836e-05 4.822594173194671184e-06 9.069406380525109392e-07 1.570324588800963688e-07 2.520457147142536050e-08 3.772966480159794425e-09 5.295874843402683433e-10 7.003575912729961859e-11 8.763504375431024178e-12 1.041507059937684251e-12 1.179646490103302146e-13 1.277250264066171654e-14 1.325563061360739336e-15 1.310472349907728019e-16 0.000000000000000000e+00
0.000000000000000000e+00 3.793478815284306043e-16 3.858991698659609071e-15 3.739018609876599451e-14 3.471482255739741600e-13 3.079964030461562217e-12 2.603024910300321610e-11 2.088241884196939135e-10 1.583924022960504812e-09 1.130844168405480123e-08 7.561290604257275604e-08 4.707901460965096065e-07 2.711853643714610259e-06 1.434452444044564879e-05 6.909024795717592774e-05 3.001322958035037539e-04 1.163507814351751653e-03 3.979588594021996571e-03 1.187206504315062132e-02 3.057376840834745771e-02 6.745701456836596110e-02 1.269704909124351189e-01 2.031486007633701851e-01 2.750220471891845486e-01 3.169765454654495662e-01 3.169765454967573004e-01 2.750220472497022506e-01 2.031486008262413379e-01 1.269704909584138397e-01 6.745701460419790962e-02 3.057376844418180709e-02 1.187206506265184140e-02 3.979588604625329887e-03 1.163507819211634766e-03 3.001322977898900697e-04 6.909024869657119422e-05 1.434452469303728231e-05 2.711853723421574842e-06 4.707901694280717374e-07 7.561291239692837601e-08 1.130844329860788988e-08 1.583924406714561077e-09 2.088242739769207378e-10 2.603026704388565886e-11 3.079967578296819678e-12 3.471488888593882895e-13 3.739030360162194329e-14 3.859011457244317263e-15 3.793509879564835441e-16 0.000000000000000000e+00
0.000000000000000000e+00 9.508523716945278788e-16 9.724150143373973106e-15 9.470985742065865304e-14 8.836995521999625734e-13 7.876781093680360432e-12 6.685252881195032335e-11 5.383077992264755921e-10 4.095485576209390297e-09 2.930377126062285155e-08 1.961490914502776368e-07 1.220849890507009095e-06 7.016566087757973564e-06 3.693848939641604959e-05 1.764763682194233588e-04 7.569942493340257395e-04 2.880039441093636046e-03 9.588436573739039445e-03 2.754759628983895897e-02 6.745701456836590559e-02 1.397843614352365926e-01 2.455401965479828696e-01 3.687361102631831478e-01 4.766043703640383544e-01 5.369339699641371144e-01 5.369339698926979265e-01 4.766043701675230504e-01 3.687361099796145902e-01 2.455401962252444503e-01 1.397843611386198615e-01 6.745701437074641538e-02 2.754759619101810469e-02 9.588436525706225608e-03 2.880039420666722413e-03 7.569942410124401314e-04 1.764763649790806858e-04 3.693848820015182476e-05 7.016565673281734352e-06 1.220849756831625304e-06 1.961490514591620467e-07 2.930376016016912786e-08 4.095482710359707225e-09 5.383071085926439264e-10 6.685237284041115295e-11 7.876747952021002129e-12 8.836929012125438871e-13 9.470859235132891875e-14 9.723921449626363311e-15 9.508136875412312834e-16 0.000000000000000000e+00
0.000000000000000000e+00 2.025958005449861198e-15 2.081549271393333191e-14 2.036653840007599596e-13 1.908654662747381344e-12 1.708282003647698168e-11 1.455363375137605287e-10 1.175817634630207139e-09 8.970754273009744285e-09 6.432037069235282140e-08 4.310274386713766704e-07 2.682489635281952632e-06 1.539020843705344487e-05 8.070181156779213474e-05 3.828819549983368759e-04 1.624169072284713114e-03 6.075117913916043208e-03 1.972138009837396538e-02 5.461515185265224809e-02 1.269704909124351466e-01 2.455401965479828141e-01 3.975959450226054237e-01 5.522163995745608123e-01 6.731221552398970465e-01 7.363307085149464193e-01 7.363307083743438897e-01 6.731221549078453270e-01 5.522163991903566993e-01 3.975959446787055707e-01 2.455401962499696444e-01 1.269704906581746728e-01 5.461515169729724839e-02 1.972138003269217205e-02 6.075117892878187723e-03 1.624169069671210818e-03 3.828819567323712330e-04 8.070181319311648088e-05 1.539020929030924503e-05 2.682489984600872284e-06 4.310275603143757014e-07 6.432040814801844564e-08 8.970764698900504082e-09 1.175820296448147115e-09 1.455369673705708490e-10 1.708295927483917853e-11 1.908683601518959634e-12 2.036710680629277894e-13 2.081655180164715643e-14 2.026142365699863780e-15 0.000000000000000000e+00
0.000000000000000000e+00 3.602127159867579185e-15 3.714333082275594224e-14 3.647157134909192415e-13 3.429592015805058784e-12 3.079405739339093744e-11 2.631238033579875581e-10 2.131407991727267399e-09 1.629700382308887886e-08 1.170409961407281791e-07 7.850347621416564121e-07 4.885385310023620494e-06 2.799134119735965890e-05 1.463267777521094412e-04 6.904351410571110724e-04 2.902957295746281911e-03 1.071068945403422928e-02 3.405680725712663393e-02 9.144055251235236326e-02 2.031486007633702684e-01 3.687361102631829812e-01 5.522163995745604792e-01 7.108005852139381853e-01 8.186124827824478034e-01 8.702045991458963181e-01 8.702045992190520218e-01 8.186124830096332960e-01 7.108005856010968238e-01 5.522164001241960385e-01 3.687361108170792434e-01 2.031486010946132181e-01 9.144055262519291960e-02 3.405680726838319905e-02 1.071068943487086741e-02 2.902957276993776287e-03 6.904351301920401852e-04 1.463267727763116455e-04 2.799133926173704741e-05 4.885384646315872404e-06 7.850345570953006258e-07 1.170409382230642431e-07 1.629698870477515650e-08 2.131404314576982928e-09 2.631229644754649640e-10 3.079387691246992532e-11 3.429555229603824605e-12 3.647085824217709663e-13 3.714201253926562154e-14 3.601898257373828338e-15 0.000000000000000000e+00
0.000000000000000000e+00 5.271816896925501700e-15 5.447964598397659340e-14 5.360927762027476487e-13 5.051412971025460449e-12 4.544243929326310140e-11 3.889571226286754632e-10 3.155411824044314116e-09 2.415561326918539023e-08 1.736221780105468854e-07 1.164929378731243235e-06 7.247235429565740424e-06 4.147495392344047237e-05 2.163055939755412205e-04 1.016596687229025893e-03 4.247769255106750158e-03 1.552409401954893582e-02 4.865820622735812784e-02 1.278513969173664944e-01 2.750220471891845486e-01 4.766043703640384654e-01 6.731221552398968244e-01 8.186124827824478034e-01 9.040212003269325614e-01 9.408776523436369610e-01 9.408776528675374395e-01 9.040212017148919754e-01 8.186124846640511210e-01 6.731221573820077575e-01 4.766043724429387951e-01 2.750220487682916159e-01 1.278513978265063133e-01 4.865820661589577434e-02 1.552409414651610350e-02 4.247769276904794430e-03 1.016596682084399197e-03 2.163055872099055614e-04 4.147495013625353191e-05 7.247233833389343835e-06 1.164928812217431844e-06 1.736220008658103884e-07 2.415556326427078326e-08 3.155398882917648472e-09 3.889540186730339200e-10 4.544174365841916411e-11 5.051266363109981142e-12 5.360635675265220028e-13 5.447412435446861083e-14 5.270841961182978885e-15 0.000000000000000000e+00
0.000000000000000000e+00 6.342610839854571697e-15 6.559687234567428050e-14 6.459692140149454186e-13 6.090856725092420759e-12 5.482579755493353650e-11 4.695037628203578922e-10 3.810250700909026376e-09 2.917486752764448589e-08 2.097034570200148048e-07 1.406705894671774640e-06 8.746668641466509011e-06 5.000850437090014725e-05 2.604200862605612790e-04 1.221175091357685647e-03 5.085753883991473052e-03 1.849720653470676365e-02 5.756810671125975332e-02 1.496823740003163372e-01 3.169765454654496217e-01 5.369339699641366703e-01 7.363307085149457532e-01 8.702045991458957630e-01 9.408776523436360728e-01 9.688519289113918243e-01 9.688519298527220602e-01 9.408776548519965921e-01 8.702046025449736710e-01 7.363307122867529531e-01 5.369339736611948855e-01 3.169765485812272576e-01 1.496823761957556953e-01 5.756810799079967178e-02 1.849720718088598490e-02 5.085754169667248623e-03 1.221175203088084452e-03 2.604201256071047720e-04 5.000851695986022725e-05 8.746672337323290841e-06 1.406706898330877167e-06 2.097037109006997536e-07 2.917492771308306243e-08 3.810264143748686448e-09 4.695066051525806380e-10 5.482636884705211783e-11 6.090966286491523978e-12 6.459893288295646909e-13 6.560041562877917969e-14 6.343201813172369300e-15 0.000000000000000000e+00
0.000000000000000000e+00 6.342610839418326094e-15 6.559687234517420580e-14 6.459692140147246890e-13 6.090856725091570153e-12 5.482579755493695509e-11 4.695037628203457947e-10 3.810250700909390336e-09 2.917486752764124665e-08 2.097034570199556978e-07 1.406705894672571910e-06 8.746668641476661548e-06 5.000850437066900212e-05 2.604200862606194464e-04 1.221175091396628672e-03 5.085753883459727398e-03 1.849720653826741196e-02 5.756810669862716390e-02 1.496823740164085481e-01 3.169765454967571894e-01 5.369339698926978155e-01 7.363307083743437786e-01 8.702045992190520218e-01 9.408776528675367734e-01 9.688519298527217272e-01 9.688519310360887982e-01 9.408776560952862855e-01 8.702046037187741723e-01 7.363307133877978750e-01 5.369339748695762804e-01 3.169765499806602715e-01 1.496823776053275989e-01 5.756810914854823547e-02 1.849720796144869658e-02 5.085754611749304481e-03 1.221175418306490916e-03 2.604202174397024505e-04 5.000855185593749990e-05 8.746684301134493751e-06 1.406710638815855001e-06 2.097047869332717295e-07 2.917521467583126031e-08 3.810335545401786649e-09 4.695232724852083530e-10 5.483003640495805721e-11 6.091730228612479148e-12 6.461405169571127884e-13 6.562891741339216300e-14 6.348237288811786626e-15 0.000000000000000000e+00
0.000000000000000000e+00 5.271816895767027117e-15 5.447964598265911995e-14 5.360927762021034333e-13 5.051412971023554864e-12 4.544243929327061711e-11 3.889571226286497172e-10 3.155411824045227737e-09 2.415561326917653278e-08 1.736221780103994487e-07 1.164929378733404652e-06 7.247235429590743143e-06 4.147495392282562132e-05 2.163055939760385711e-04 1.016596687330065295e-03 4.247769253671374902e-03 1.552409402950060552e-02 4.865820619011675119e-02 1.278513969740460443e-01 2.750220472497020285e-01 4.766043701675226063e-01 6.731221549078447719e-01 8.186124830096328520e-01 9.040212017148910872e-01 9.408776548519954819e-01 9.408776560952862855e-01 9.040212051710782015e-01 8.186124880675912374e-01 6.731221606563404514e-01 4.766043759411437986e-01 2.750220526857110048e-01 1.278514017184578244e-01 4.865820980852027244e-02 1.552409630682784723e-02 4.247770506685033878e-03 1.016597283948500940e-03 2.163058453140338550e-04 4.147504867029220763e-05 7.247267758719373420e-06 1.164939460492027305e-06 1.736250751811830229e-07 2.415638591797443319e-08 3.155604228090192751e-09 3.890020981183510992e-10 4.545235409539032342e-11 5.053482703436753221e-12 5.365033914620955964e-13 5.455726040746228110e-14 5.285566363603005712e-15 0.000000000000000000e+00
0.000000000000000000e+00 3.602127158373095611e-15 3.714333082109737166e-14 3.647157134898470975e-13 3.429592015804240489e-12 3.079405739339153844e-11 2.631238033580024474e-10 2.131407991728107815e-09 1.629700382307817184e-08 1.170409961405643841e-07 7.850347621444041870e-07 4.885385310049962371e-06 2.799134119661009573e-05 1.463267777534062555e-04 6.904351411743789215e-04 2.902957293977412572e-03 1.071068946681424244e-02 3.405680720698327224e-02 9.144055259664636559e-02 2.031486008262413656e-01 3.687361099796144237e-01 5.522163991903565883e-01 7.108005856010972678e-01 8.186124846640511210e-01 8.702046025449727829e-01 8.702046037187740612e-01 8.186124880675912374e-01 7.108005908732433209e-01 5.522164053185356636e-01 3.687361161945465482e-01 2.031486068631063457e-01 9.144055822829220970e-02 3.405681183425494918e-02 1.071069252744294951e-02 2.902959044935256132e-03 6.904360002425010074e-04 1.463271481391879522e-04 2.799148343963165297e-05 4.885434588630666381e-06 7.850503260528885487e-07 1.170455174019552197e-07 1.629822097480360447e-08 2.131713599611220752e-09 2.631957690653183301e-10 3.081002796069239485e-11 3.432946162335523571e-12 3.653848638846243462e-13 3.727046873438854463e-14 3.624752847917346331e-15 0.000000000000000000e+00
0.000000000000000000e+00 2.025958004004829736e-15 2.081549271240517896e-14 2.036653839992821013e-13 1.908654662749728792e-12 1.708282003645910036e-11 1.455363375138775231e-10 1.175817634630329148e-09 8.970754273001657767e-09 6.432037069223297947e-08 4.310274386739227455e-07 2.682489635298123761e-06 1.539020843641023854e-05 8.070181156998254839e-05 3.828819550897282343e-04 1.624169070736900238e-03 6.075117925893020777e-03 1.972138004808718023e-02 5.461515194687668884e-02 1.269704909584137842e-01 2.455401962252442838e-01 3.975959446787057372e-01 5.522164001241967046e-01 6.731221573820085347e-01 7.363307122867532861e-01 7.363307133877979860e-01 6.731221606563407844e-01 5.522164053185356636e-01 3.975959507917798952e-01 2.455402025493100826e-01 1.269704973395115455e-01 5.461515814448980599e-02 1.972138527944375733e-02 6.075121452607106474e-03 1.624171111159837186e-03 3.828829653450282772e-04 8.070225019916794386e-05 1.539037789271173798e-05 2.682548651393219508e-06 4.310461679657433485e-07 6.432583608038300691e-08 8.972231924844894471e-09 1.176190189596319801e-09 1.456244218734796399e-10 1.710244465317727044e-11 1.912792167683537010e-12 2.044939539465711729e-13 2.097351023746239564e-14 2.054177153981373399e-15 0.000000000000000000e+00
0.000000000000000000e+00 9.508523705243677024e-16 9.724150142212392778e-15 9.470985741903159272e-14 8.836995522049887659e-13 7.876781093647158500e-12 6.685252881215000992e-11 5.383077992258937739e-10 4.095485576205295753e-09 2.930377126055610138e-08 1.961490914522363740e-07 1.220849890512488763e-06 7.016566087307407940e-06 3.693848939890434101e-05 1.764763682755572758e-04 7.569942482207337722e-04 2.880039450353617282e-03 9.588436532633921872e-03 2.754759637145074921e-02 6.745701460419789575e-02 1.397843611386200002e-01 2.455401962499698387e-01 3.687361108170794655e-01 4.766043724429391837e-01 5.369339736611952185e-01 5.369339748695762804e-01 4.766043759411436875e-01 3.687361161945462706e-01 2.455402025493102214e-01 1.397843677373149518e-01 6.745702130018163545e-02 2.754760275350185555e-02 9.588441780715438109e-03 2.880042945625778394e-03 7.569962475996131358e-04 1.764773518387976233e-04 3.693891470197361307e-05 7.016730046441493928e-06 1.220906951242231037e-06 1.961672061881341621e-07 2.930906326254200932e-08 4.096918832061661146e-09 5.386699586356590403e-10 6.693837618259511502e-11 7.895962281683665709e-12 8.877561352628757329e-13 9.552489849037735287e-14 9.880122200320490223e-15 9.787995235410947784e-16 0.000000000000000000e+00
0.000000000000000000e+00 3.793478806852818693e-16 3.858991697888758649e-15 3.739018609722850461e-14 3.471482255804167175e-13 3.079964030419596937e-12 2.603024910325196805e-11 2.088241884186279362e-10 1.583924022960709953e-09 1.130844168401734319e-08 7.561290604382751624e-08 4.707901460967292527e-07 2.711853643453512776e-06 1.434452444233004807e-05 6.909024798602490770e-05 3.001322951510316996e-04 1.163507819991664452e-03 3.979588568717063075e-03 1.187206509148621032e-02 3.057376844418178280e-02 6.745701437074647089e-02 1.269704906581747839e-01 2.031486010946132459e-01 2.750220487682915049e-01 3.169765485812272021e-01 3.169765499806601050e-01 2.750220526857109493e-01 2.031486068631062625e-01 1.269704973395114900e-01 6.745702130018163545e-02 3.057377518641965497e-02 1.187207110409964697e-02 3.979593223706155182e-03 1.163510815156303764e-03 3.001339638445186370e-04 6.909105510833019135e-05 1.434486949355489621e-05 2.711985683795934292e-06 4.708358892150256293e-07 7.562739152202596375e-08 1.131266932688354751e-08 1.585069226244417905e-09 2.091138733088567510e-10 2.609903849754532515e-11 3.095369530053233937e-12 3.504152721889082087e-13 3.804863246944962862e-14 3.985422521497761610e-15 4.020786894624469640e-16 0.000000000000000000e+00
0.000000000000000000e+00 1.310467799260917869e-16 1.325560241197655473e-15 1.277248592760358507e-14 1.179645527212879612e-13 1.041506520510696022e-12 8.763501443291677513e-12 7.003574369618441609e-11 5.295874060683818762e-10 3.772966099266414923e-09 2.520456970516773463e-08 1.570324511166907472e-07 9.069406058782355941e-07 4.822594050942304263e-06 2.342969167682372534e-05 1.031181229017483192e-04 4.073202393615596223e-04 1.429738095303989803e-03 4.414541018215593221e-03 1.187206506265183273e-02 2.754759619101810469e-02 5.461515169729729696e-02 9.144055262519291960e-02 1.278513978265063411e-01 1.496823761957554733e-01 1.496823776053274047e-01 1.278514017184578244e-01 9.144055822829226521e-02 5.461515814448979905e-02 2.754760275350185209e-02 1.187207110409964350e-02 4.414546018877040651e-03 1.429741714793576540e-03 4.073224693678527994e-04 1.031193248655101573e-04 2.343026015688791906e-05 4.822833318305234847e-06 9.070311994438623620e-07 1.570636164435885797e-07 2.521439586434942100e-08 3.775827080057046509e-09 5.303617241673857916e-10 7.023166779366261966e-11 8.810081865436465146e-12 1.051958287267896587e-12 1.201865849585798986e-13 1.322164158962339674e-14 1.412090910250344288e-15 1.466570520386028877e-16 0.000000000000000000e+00
0.000000000000000000e+00 3.985370744227333547e-17 4.007733399845383187e-16 3.839707702560147732e-15 3.527274562117999580e-14 3.098793253989330459e-13 2.595810438048690825e-12 2.066600634917611662e-11 1.557980059473708857e-10 1.107714790757556955e-09 7.394173330538613758e-09 4.610532256734782801e-08 2.670287416734753292e-07 1.427484192392089362e-06 6.994318948234508497e-06 3.116861821103235087e-05 1.252602155734412628e-04 4.498515296833612725e-04 1.429738119384282901e-03 3.979588604625325550e-03 9.588436525706223873e-03 1.972138003269217899e-02 3.405680726838317129e-02 4.865820661589580903e-02 5.756810799079959545e-02 5.756810914854819383e-02 4.865820980852026550e-02 3.405681183425495612e-02 1.972138527944375733e-02 9.588441780715441579e-03 3.979593223706152580e-03 1.429741714793576323e-03 4.498539838514538152e-04 1.252616652402757538e-04 3.116937395650618188e-05 6.994667952761295347e-06 1.427628576630061437e-06 2.670827495843696180e-07 4.612374748805342137e-08 7.399950792985275262e-09 1.109391425058811581e-09 1.562510566111275431e-10 2.078060833392966966e-11 2.623077399281738516e-12 3.160072345278113212e-13 3.657847089989010969e-14 4.104381866660518587e-15 4.519280478075276477e-16 4.911323181206594846e-17 0.000000000000000000e+00
0.000000000000000000e+00 1.082275687297558799e-17 1.081916244798650351e-16 1.030607845368329205e-15 9.416444509089296771e-15 8.231541116536074134e-14 6.864905581747999636e-13 5.444740487275821493e-12 4.092550007134760550e-11 2.904063995603397249e-10 1.937092267837071133e-09 1.208803641038882813e-08 7.019740271289042285e-08 3.771288522852221529e-07 1.862203615402679063e-06 8.390682158101796264e-06 3.422447545389970366e-05 1.252602120616050417e-04 4.073202406863869144e-04 1.163507819211634115e-03 2.880039420666721545e-03 6.075117892878187723e-03 1.071068943487086048e-02 1.552409414651610177e-02 1.849720718088599183e-02 1.849720796144867577e-02 1.552409630682783856e-02 1.071069252744294431e-02 6.075121452607105607e-03 2.880042945625778828e-03 1.163510815156303547e-03 4.073224693678526910e-04 1.252616652402757267e-04 3.422530343774702081e-05 8.391101086765566939e-06 1.862392754442861992e-06 3.772057851604969515e-07 7.022582613812815130e-08 1.209764831443103160e-08 1.940088282797498214e-09 2.912725711140468909e-10 4.115907426393083007e-11 5.503785259408521522e-12 7.005450889648165746e-13 8.547818700837414074e-14 1.009174628026343125e-14 1.167855070837347559e-15 1.348007359329042018e-16 1.565518454249229037e-17 0.000000000000000000e+00
0.000000000000000000e+00 2.656152508622748367e-18 2.639550159910875814e-17 2.499946887151305626e-16 2.271865797416870176e-15 1.976186843983855851e-14 1.640842858407252895e-13 1.296522323962379007e-12 9.716567984275438043e-12 6.881137069350953929e-11 4.586129785032574410e-10 2.863549074190342192e-09 1.666687143041984329e-08 8.992347457217643644e-08 4.469596147301654320e-07 2.032519142607424482e-06 8.390682371730793433e-06 3.116861756254520716e-05 1.031181246468256007e-04 3.001322977898901781e-04 7.569942410124400230e-04 1.624169069671211251e-03 2.902957276993776287e-03 4.247769276904792696e-03 5.085754169667246888e-03 5.085754611749297542e-03 4.247770506685033878e-03 2.902959044935254831e-03 1.624171111159837403e-03 7.569962475996132442e-04 3.001339638445184744e-04 1.031193248655100895e-04 3.116937395650616155e-05 8.391101086765560162e-06 2.032725756503323787e-06 4.470510620488914404e-07 8.996010021899953304e-08 1.668024608293284380e-08 2.868033551120154714e-09 4.600024607648961997e-10 6.921151722180580847e-11 9.824232870024299879e-12 1.323715206609076153e-12 1.705586250435258068e-13 2.122050128756124258e-14 2.583896321655077424e-15 3.135703802437224380e-16 3.875850250034465075e-17 4.908604237702666968e-18 0.000000000000000000e+00
0.000000000000000000e+00 5.951322040853470699e-19 5.879221139816408798e-18 5.536452070484615360e-17 5.004403584626006539e-16 4.331693845839831659e-15 3.580851749981868780e-14 2.818796661224816022e-13 2.106149579690279291e-12 1.488399943538864417e-11 9.909492374751825554e-11 6.188695344465434308e-10 3.608031808597561590e-09 1.953145579079070810e-08 9.758484222541269173e-08 4.469596095614986547e-07 1.862203664757770169e-06 6.994318698747591234e-06 2.342969210321521175e-05 6.909024869657124843e-05 1.764763649790807129e-04 3.828819567323711788e-04 6.904351301920401852e-04 1.016596682084398981e-03 1.221175203088084235e-03 1.221175418306489182e-03 1.016597283948501157e-03 6.904360002425007905e-04 3.828829653450283857e-04 1.764773518387976504e-04 6.909105510833016424e-05 2.343026015688789873e-05 6.994667952761293653e-06 1.862392754442861357e-06 4.470510620488912816e-07 9.762465240652468558e-08 1.954718836217617067e-08 3.613717497106764826e-09 6.207611311590489931e-10 9.967776018676551538e-11 1.505122220952503990e-11 2.151045213337239128e-12 2.932087843989254568e-13 3.850631773252849811e-14 4.940134933756695229e-15 6.308316488188265720e-16 8.199565376285747854e-17 1.107308795715091193e-17 1.544396665764359884e-18 0.000000000000000000e+00
0.000000000000000000e+00 1.227830604848255148e-19 1.205830734538013852e-18 1.129066027567098147e-17 1.015116508431131825e-16 8.743428807494201262e-16 7.195972529314010893e-15 5.642920582983295565e-14 4.203095547101939997e-13 2.963419238557382264e-12 1.970279454093160249e-11 1.230121203943845484e-10 7.178296977721730669e-10 3.894692632946803894e-09 1.953145577369940302e-08 8.992347318290240428e-08 3.771288663510053764e-07 1.427484121662121408e-06 4.822594173194673725e-06 1.434452469303728909e-05 3.693848820015183831e-05 8.070181319311650798e-05 1.463267727763117811e-04 2.163055872099056698e-04 2.604201256071046636e-04 2.604202174397023963e-04 2.163058453140339363e-04 1.463271481391878708e-04 8.070225019916797097e-05 3.693891470197363340e-05 1.434486949355490468e-05 4.822833318305232306e-06 1.427628576630060589e-06 3.772057851604968986e-07 8.996010021899953304e-08 1.954718836217617398e-08 3.900841468849236338e-09 7.200323161722617711e-10 1.237399793427082414e-10 1.992595997294662514e-11 3.027235589449097038e-12 4.374094356893081818e-13 6.074087220894509188e-14 8.222922793818422247e-15 1.106196218733095893e-15 1.512862104986783286e-16 2.148066273937418162e-17 3.198889214184807626e-18 4.881745654803103623e-19 0.000000000000000000e+00
0.000000000000000000e+00 2.349579775529378570e-20 2.293983680760803805e-19 2.135750607380444881e-18 1.909949676672308119e-17 1.636955564356682885e-16 1.341211051920913739e-15 1.047611628459957519e-14 7.777266481836021949e-14 5.469204933904346632e-13 3.629825641109265681e-12 2.264265770138482137e-11 1.321462468299827079e-10 7.178297002937254240e-10 3.608031810300800918e-09 1.666687111156437859e-08 7.019740644442208742e-08 2.670287231765436389e-07 9.069406380525110450e-07 2.711853723421576536e-06 7.016565673281736893e-06 1.539020929030923826e-05 2.799133926173709146e-05 4.147495013625355901e-05 5.000851695986022048e-05 5.000855185593749313e-05 4.147504867029220763e-05 2.799148343963166991e-05 1.539037789271173459e-05 7.016730046441494775e-06 2.711985683795934716e-06 9.070311994438619384e-07 2.670827495843695121e-07 7.022582613812812483e-08 1.668024608293284380e-08 3.613717497106764826e-09 7.200323161722615643e-10 1.329296062692647817e-10 2.290007588405793703e-11 3.708427661290905944e-12 5.693352917797168550e-13 8.376928191447872697e-14 1.198730323105586741e-14 1.701268709506372032e-15 2.450763909558616148e-16 3.660168367517438432e-17 5.727324934908081172e-18 9.338767679116494966e-19 1.530457872358699911e-19 0.000000000000000000e+00
0.000000000000000000e+00 4.196392120468052748e-21 4.073191259655860263e-20 3.770695604955671587e-19 3.353956152090193836e-18 2.860209307571208564e-17 2.332753172237972861e-16 1.814656646686217795e-15 1.342405381989498544e-14 9.412669212975733328e-14 6.233105503591969318e-13 3.882403500035921871e-12 2.264265770128494577e-11 1.230121209694105767e-10 6.188695340293082565e-10 2.863548999960389415e-09 1.208803730660944351e-08 4.610531801021829152e-08 1.570324588800964217e-07 4.707901694280720021e-07 1.220849756831627210e-06 2.682489984600871437e-06 4.885384646315880874e-06 7.247233833389348918e-06 8.746672337323295923e-06 8.746684301134490362e-06 7.247267758719374267e-06 4.885434588630669769e-06 2.682548651393218237e-06 1.220906951242231673e-06 4.708358892150256822e-07 1.570636164435886062e-07 4.612374748805338828e-08 1.209764831443102664e-08 2.868033551120154301e-09 6.207611311590489931e-10 1.237399793427081897e-10 2.290007588405793703e-11 3.966622532967489850e-12 6.489438885638132185e-13 1.014209561832637131e-13 1.537327600385433527e-14 2.305757118702802202e-15 3.503508928279681329e-16 5.509700002445026500e-17 9.062761068878607054e-18 1.551382043737672986e-18 2.717324057033909774e-19 4.680692154749629714e-20 0.000000000000000000e+00
0.000000000000000000e+00 7.032851018416863921e-22 6.786558481217706016e-21 6.246755275238379425e-20 5.526310625989021869e-19 4.688851296507822431e-18 3.806218080572795133e-17 2.948232293146992127e-16 2.172703923820514962e-15 1.518473337629101378e-14 1.002819889924037914e-13 6.233105483794853366e-13 3.629825636781421577e-12 1.970279465615006176e-11 9.909492347810034723e-11 4.586129625314019419e-10 1.937092469422371113e-09 7.394172281589307336e-09 2.520457147142536381e-08 7.561291239692838925e-08 1.961490514591621526e-07 4.310275603143758603e-07 7.850345570953012610e-07 1.164928812217432902e-06 1.406706898330878014e-06 1.406710638815853730e-06 1.164939460492026882e-06 7.850503260528892898e-07 4.310461679657433485e-07 1.961672061881341356e-07 7.562739152202599022e-08 2.521439586434943423e-08 7.399950792985274435e-09 1.940088282797496974e-09 4.600024607648959412e-10 9.967776018676554123e-11 1.992595997294661867e-11 3.708427661290906752e-12 6.489438885638132185e-13 1.080657995223276944e-13 1.739650787035813924e-14 2.763381922974148395e-15 4.436632398634860953e-16 7.357418064720014039e-17 1.273707877845980785e-17 2.290244079290099054e-18 4.207918414980854601e-19 7.747974687912765247e-20 1.378405338865754005e-20 0.000000000000000000e+00
0.000000000000000000e+00 1.111183823265786971e-22 1.066003527121313121e-21 9.755878445978912860e-21 8.583495420751478680e-20 7.245062685717537282e-19 5.852769136431136111e-18 4.513174380882177682e-17 3.312450365120322931e-16 2.306607336557234610e-15 1.518473351485292032e-14 9.412669199545325930e-14 5.469204937397842773e-13 2.963419265926773288e-12 1.488399935772917364e-11 6.881136752305109102e-11 2.904064422256675726e-10 1.107714563677720007e-09 3.772966480159795252e-09 1.130844329860788988e-08 2.930376016016913779e-08 6.432040814801847211e-08 1.170409382230642960e-07 1.736220008658105737e-07 2.097037109006999653e-07 2.097047869332715442e-07 1.736250751811829170e-07 1.170455174019552992e-07 6.432583608038300691e-08 2.930906326254199939e-08 1.131266932688355578e-08 3.775827080057050645e-09 1.109391425058812615e-09 2.912725711140467875e-10 6.921151722180578262e-11 1.505122220952504313e-11 3.027235589449098653e-12 5.693352917797171580e-13 1.014209561832637383e-13 1.739650787035814555e-14 2.934609310604671250e-15 4.989451256153071103e-16 8.741222103899178122e-17 1.595202128742376969e-17 3.017188081789804025e-18 5.819027146934875523e-19 1.123219830303577474e-19 2.136236875729187879e-20 3.878654005963971520e-21 0.000000000000000000e+00
0.000000000000000000e+00 1.661944306615726493e-23 1.585016259623514083e-22 1.442190689446836685e-21 1.261835838758431371e-20 1.059440953333143950e-19 8.515639576320028596e-19 6.535751574471351515e-18 4.776026796318550420e-17 3.312450248863197369e-16 2.172703927957873079e-15 1.342405369086779769e-14 7.777266471600169264e-14 4.203095597014016139e-13 2.106149557440202449e-12 9.716567389730857011e-12 4.092550857570075501e-11 1.557979594269919623e-10 5.295874843402683433e-10 1.583924406714560870e-09 4.095482710359708052e-09 8.970764698900495810e-09 1.629698870477515981e-08 2.415556326427081965e-08 2.917492771308309551e-08 2.917521467583126031e-08 2.415638591797442988e-08 1.629822097480361770e-08 8.972231924844896126e-09 4.096918832061659492e-09 1.585069226244418732e-09 5.303617241673865154e-10 1.562510566111276206e-10 4.115907426393084300e-11 9.824232870024299879e-12 2.151045213337238724e-12 4.374094356893085857e-13 8.376928191447875221e-14 1.537327600385434474e-14 2.763381922974149578e-15 4.989451256153073076e-16 9.256263155146356604e-17 1.784229144574947444e-17 3.556255091050640488e-18 7.211414643826236371e-19 1.460453873577984650e-19 2.910620291215309179e-20 5.650088372726724698e-21 1.039362680250894983e-21 0.000000000000000000e+00
0.000000000000000000e+00 2.361509018671490643e-24 2.238913489672181693e-23 2.025260430987362097e-22 1.761991388083212159e-21 1.471357001991596885e-20 1.176536467407671001e-19 8.985537615621484604e-19 6.535752388071810637e-18 4.513174326874637582e-17 2.948232386731043386e-16 1.814656638730348884e-15 1.047611632805518511e-14 5.642920693189418904e-14 2.818796611013599281e-13 1.296522220350455627e-12 5.444742093543735849e-12 2.066599730038718944e-11 7.003575912729964444e-11 2.088242739769207637e-10 5.383071085926440298e-10 1.175820296448145874e-09 2.131404314576983755e-09 3.155398882917654676e-09 3.810264143748692238e-09 3.810335545401788303e-09 3.155604228090193992e-09 2.131713599611223647e-09 1.176190189596320008e-09 5.386699586356588335e-10 2.091138733088567768e-10 7.023166779366272306e-11 2.078060833392969551e-11 5.503785259408520714e-12 1.323715206609075345e-12 2.932087843989252043e-13 6.074087220894506664e-14 1.198730323105586110e-14 2.305757118702802991e-15 4.436632398634862432e-16 8.741222103899179355e-17 1.784229144574947444e-17 3.755918537548046140e-18 8.024193933440329576e-19 1.708132203396822801e-19 3.570586590722538242e-20 7.261181960331161264e-21 1.428247457435642108e-21 2.650863908989444445e-22 0.000000000000000000e+00
0.000000000000000000e+00 3.198123715204759677e-25 3.014094641142176649e-24 2.710346028993614946e-23 2.344484910637887562e-22 1.946901251978449569e-21 1.548468749909019708e-20 1.176536007126632789e-19 8.515640101811503629e-19 5.852768454520816176e-18 3.806218150592078604e-17 2.332753110510667059e-16 1.341211049518579256e-15 7.195972710735486147e-15 3.580851631430141693e-14 1.640842687132394443e-13 6.864908458241278386e-13 2.595808759953630018e-12 8.763504375431027409e-12 2.603026704388567824e-11 6.685237284041121758e-11 1.455369673705707714e-10 2.631229644754649123e-10 3.889540186730344370e-10 4.695066051525810516e-10 4.695232724852085598e-10 3.890020981183511509e-10 2.631957690653186403e-10 1.456244218734796657e-10 6.693837618259510209e-11 2.609903849754532515e-11 8.810081865436476456e-12 2.623077399281742555e-12 7.005450889648170794e-13 1.705586250435258068e-13 3.850631773252848549e-14 8.222922793818415936e-15 1.701268709506371046e-15 3.503508928279681329e-16 7.357418064720015272e-17 1.595202128742377894e-17 3.556255091050640488e-18 8.024193933440327650e-19 1.799437181937489056e-19 3.953121513549392387e-20 8.430454926399226276e-21 1.736896649932937013e-21 3.447431107007920867e-22 6.441268874824748749e-23 0.000000000000000000e+00
0.000000000000000000e+00 4.139745220717016229e-26 3.878220069260356926e-25 3.466505898696854259e-24 2.981053775352009033e-23 2.461441054028616980e-22 1.946903412592934148e-21 1.471356650248505495e-20 1.059441370136047287e-19 7.245061948389115139e-19 4.688851747378501782e-18 2.860209261458842318e-17 1.636955576453078964e-16 8.743429203782297059e-16 4.331693607066188554e-15 1.976186583964243869e-14 8.231546026484209432e-14 3.098790280524650680e-13 1.041507059937684251e-12 3.079967578296820890e-12 7.876747952021010207e-12 1.708295927483917207e-11 3.079387691246993179e-11 4.544174365841922228e-11 5.482636884705217600e-11 5.483003640495807014e-11 4.545235409539031049e-11 3.081002796069242070e-11 1.710244465317726075e-11 7.895962281683667325e-12 3.095369530053233937e-12 1.051958287267897597e-12 3.160072345278117756e-13 8.547818700837416599e-14 2.122050128756124258e-14 4.940134933756695229e-15 1.106196218733096091e-15 2.450763909558616148e-16 5.509700002445025267e-17 1.273707877845981555e-17 3.017188081789806336e-18 7.211414643826240223e-19 1.708132203396823282e-19 3.953121513549392387e-20 8.859520125385108239e-21 1.913971864352495904e-21 3.978710491725576850e-22 7.950939161912316976e-23 1.493799002982368594e-23 0.000000000000000000e+00
0.000000000000000000e+00 5.134948995987445622e-27 4.781660792274202896e-26 4.248114326104332445e-25 3.631485885139228663e-24 2.981045314907977653e-23 2.344486769930969025e-22 1.761989296032996682e-21 1.261836386609326710e-20 8.583492252630066436e-20 5.526311170715446814e-19 3.353955961380257370e-18 1.909949648847155449e-17 1.015116578978818242e-16 5.004403075524551545e-16 2.271865428748570397e-15 9.416452484969229443e-15 3.527269511489666782e-14 1.179646490103302146e-13 3.471488888593881886e-13 8.836929012125446949e-13 1.908683601518959634e-12 3.429555229603823797e-12 5.051266363109985989e-12 6.090966286491525594e-12 6.091730228612479956e-12 5.053482703436749182e-12 3.432946162335523571e-12 1.912792167683534990e-12 8.877561352628758339e-13 3.504152721889082592e-13 1.201865849585800248e-13 3.657847089989012231e-14 1.009174628026343441e-14 2.583896321655078607e-15 6.308316488188267693e-16 1.512862104986783533e-16 3.660168367517440281e-17 9.062761068878608595e-18 2.290244079290100980e-18 5.819027146934881301e-19 1.460453873577985613e-19 3.570586590722539446e-20 8.430454926399229285e-21 1.913971864352497785e-21 4.171845967266732432e-22 8.731099636735155756e-23 1.754751803678667175e-23 3.313436359158282862e-24 0.000000000000000000e+00
0.000000000000000000e+00 6.117593373046784559e-28 5.662428369753108394e-27 4.999708156470920777e-26 4.248145579992596757e-25 3.466499331231782614e-24 2.710355368666399514e-23 2.025257547664884245e-22 1.442192588867573952e-21 9.755873688963980846e-21 6.246757025849088934e-20 3.770695513966123922e-19 2.135750539752813880e-18 1.129066190131324769e-17 5.536451065125362639e-17 2.499946433417301145e-16 1.030609082802027393e-15 3.839699469417568759e-15 1.277250264066171812e-14 3.739030360162190543e-14 9.470859235132896924e-14 2.036710680629277642e-13 3.647085824217709158e-13 5.360635675265225077e-13 6.459893288295648928e-13 6.461405169571124855e-13 5.365033914620950916e-13 3.653848638846241442e-13 2.044939539465707943e-13 9.552489849037737811e-14 3.804863246944964124e-14 1.322164158962340463e-14 4.104381866660519376e-15 1.167855070837347559e-15 3.135703802437225366e-16 8.199565376285750320e-17 2.148066273937419394e-17 5.727324934908085794e-18 1.551382043737672023e-18 4.207918414980855564e-19 1.123219830303577714e-19 2.910620291215311587e-20 7.261181960331164274e-21 1.736896649932936637e-21 3.978710491725579671e-22 8.731099636735159283e-23 1.837702958422212690e-23 3.712734119727753816e-24 7.045495203430803032e-25 0.000000000000000000e+00
0.000000000000000000e+00 7.013761012197248598e-29 6.453104879690707509e-28 5.662452978262551216e-27 4.781739389903732024e-26 3.878209072911140807e-25 3.014116256448459428e-24 2.238907559558746022e-23 1.585020429552789818e-22 1.066002575409228729e-21 6.786561817606876318e-21 4.073191405696875209e-20 2.293983372703185264e-19 1.205831098425093786e-18 5.879219086966028628e-18 2.639549719178708461e-17 1.081918072069653611e-16 4.007720498626263104e-16 1.325563061360739336e-15 3.859011457244314107e-15 9.723921449626368044e-15 2.081655180164715959e-14 3.714201253926562154e-14 5.447412435446867394e-14 6.560041562877920493e-14 6.562891741339221348e-14 5.455726040746226216e-14 3.727046873438850045e-14 2.097351023746236093e-14 9.880122200320494956e-15 3.985422521497765554e-15 1.412090910250345077e-15 4.519280478075277463e-16 1.348007359329042265e-16 3.875850250034465692e-17 1.107308795715091963e-17 3.198889214184809937e-18 9.338767679116502670e-19 2.717324057033913144e-19 7.747974687912771266e-20 2.136236875729187579e-20 5.650088372726729964e-21 1.428247457435643048e-21 3.447431107007922278e-22 7.950939161912318152e-23 1.754751803678667469e-23 3.712734119727752347e-24 7.539638791851997220e-25 1.438126563712438702e-25 0.000000000000000000e+00
0.000000000000000000e+00 7.669800696862016304e-30 7.016178005535982475e-29 6.118707244189650076e-28 5.135559997348140681e-27 4.139902307865409047e-26 3.198237301781741839e-25 2.361521988929908487e-24 1.661961367396407935e-23 1.111184847177275634e-22 7.032865229482224718e-22 4.196395693473561254e-21 2.349579411906826883e-20 1.227831598722935149e-19 5.951318235399009342e-19 2.656152449519149254e-18 1.082278226245651015e-17 3.985351622293030427e-17 1.310472349907727279e-16 3.793509879564834455e-16 9.508136875412312834e-16 2.026142365699864963e-15 3.601898257373825971e-15 5.270841961182985196e-15 6.343201813172372455e-15 6.348237288811791359e-15 5.285566363603002556e-15 3.624752847917342387e-15 2.054177153981370638e-15 9.787995235410951729e-16 4.020786894624473091e-16 1.466570520386030356e-16 4.911323181206596695e-17 1.565518454249229037e-17 4.908604237702666968e-18 1.544396665764360847e-18 4.881745654803109400e-19 1.530457872358700633e-19 4.680692154749633325e-20 1.378405338865756111e-20 3.878654005963973024e-21 1.039362680250895923e-21 2.650863908989446326e-22 6.441268874824749924e-23 1.493799002982367712e-23 3.313436359158282862e-24 7.045495203430800277e-25 1.438126563712438473e-25 2.758569721067092848e-26 0.000000000000000000e+00
0.000000000000000000e+00 0.000000000000000000e+00 0.000000000000000000e+00 0.000000000000000000e+00 0.000000000000000000e+00 0.000000000000000000e+00 0.000000000000000000e+00 0.000000000000000000e+00 0.000000000000000000e+00 0.000000000000000000e+00 0.000000000000000000e+00 0.000000000000000000e+00 0.000000000000000000e+00 0.000000000000000000e+00 0.000000000000000000e+00 0.000000000000000000e+00 0.000000000000000000e+00 0.000000000000000000e+00 0.000000000000000000e+00 0.000000000000000000e+00 0.000000000000000000e+00 0.000000000000000000e+00 0.000000000000000000e+00 0.000000000000000000e+00 0.000000000000000000e+00 0.000000000000000000e+00 0.000000000000000000e+00 0.000000000000000000e+00 0.000000000000000000e+00 0.000000000000000000e+00 0.000000000000000000e+00 0.000000000000000000e+00 0.000000000000000000e+00 0.000000000000000000e+00 0.000000000000000000e+00 0.000000000000000000e+00 0.000000000000000000e+00 0.000000000000000000e+00 0.000000000000000000e+00 0.000000000000000000e+00 0.000000000000000000e+00 0.000000000000000000e+00 0.000000000000000000e+00 0.000000000000000000e+00 0.000000000000000000e+00 0.000000000000000000e+00 0.000000000000000000e+00 0.000000000000000000e+00 0.000000000000000000e+00 0.000000000000000000e+00
