0.000000000000000000e+00 0.000000000000000000e+00 0.000000000000000000e+00 0.000000000000000000e+00 0.000000000000000000e+00 0.000000000000000000e+00 0.000000000000000000e+00 0.000000000000000000e+00 0.000000000000000000e+00 0.000000000000000000e+00 0.000000000000000000e+00 0.000000000000000000e+00 0.000000000000000000e+00 0.000000000000000000e+00 0.000000000000000000e+00 0.000000000000000000e+00 0.000000000000000000e+00 0.000000000000000000e+00 0.000000000000000000e+00 0.000000000000000000e+00 0.000000000000000000e+00 0.000000000000000000e+00 0.000000000000000000e+00 0.000000000000000000e+00 0.000000000000000000e+00 0.000000000000000000e+00 0.000000000000000000e+00 0.000000000000000000e+00 0.000000000000000000e+00 0.000000000000000000e+00 0.000000000000000000e+00 0.000000000000000000e+00 0.000000000000000000e+00 0.000000000000000000e+00 0.000000000000000000e+00 0.000000000000000000e+00 0.000000000000000000e+00 0.000000000000000000e+00 0.000000000000000000e+00 0.000000000000000000e+00 0.000000000000000000e+00 0.000000000000000000e+00 0.000000000000000000e+00 0.000000000000000000e+00 0.000000000000000000e+00 0.000000000000000000e+00 0.000000000000000000e+00 0.000000000000000000e+00 0.000000000000000000e+00 0.000000000000000000e+00
0.000000000000000000e+00 -1.637805775052063461e-35 3.694337952225566197e-34 2.067845150980820971e-33 3.277943607268242899e-32 3.084347851501923576e-31 3.315175875368712688e-30 3.196709697262299165e-29 3.016073583745679886e-28 2.686268747183510492e-27 2.277842822768021005e-26 1.821699937044426252e-25 1.370727526537824760e-24 9.633620091969565108e-24 6.286754446477090793e-23 3.776372858466248299e-22 2.068319929545618588e-21 1.020374242638116767e-20 4.467678281831839692e-20 1.703980482297836612e-19 5.529137930548628172e-19 1.481620418589571418e-18 3.163366827590081141e-18 5.193209267821358492e-18 6.489259014072046531e-18 6.489258130437065519e-18 5.193206919706117747e-18 3.163363770287862393e-18 1.481617018107856668e-18 5.529108025425653594e-19 1.703955549155297833e-19 4.467484273833423048e-20 1.020264217513810655e-20 2.067648588668337371e-21 3.773346266215575942e-22 6.272689626286226227e-23 9.579946487003814656e-24 1.350778702499195550e-24 1.756047412790510885e-25 2.072336736841549512e-26 2.095889974143475180e-27 1.402971781495910247e-28 -9.028295562908099303e-30 -6.689657567046827734e-30 -1.971208641734875394e-30 -4.717688605588980776e-31 -1.022493171122939294e-31 -2.076519445947211112e-32 -3.942416140281212011e-33 0.000000000000000000e+00
0.000000000000000000e+00 3.694337952232192943e-34 2.312188377555115676e-33 3.544386015633635533e-32 3.577208692436284862e-31 4.003238602180772104e-30 4.079937809049299895e-29 4.062252536312836751e-28 3.837873009349980008e-27 3.462278368300819495e-26 2.960237000955429442e-25 2.392593035250607275e-24 1.817319279043070882e-23 1.290494925798051804e-22 8.505978952071681357e-22 5.162994844808544974e-21 2.857355732716101372e-20 1.424678803074874174e-19 6.304606996802463445e-19 2.430139148735086141e-18 7.966482177413598340e-18 2.154945011755632688e-17 4.636799464071955560e-17 7.648593822112450394e-17 9.566388806613575437e-17 9.566388665479860019e-17 7.648593403616873889e-17 4.636799066737119858e-17 2.154945067348402952e-17 7.966485311697478363e-18 2.430144324079665261e-18 6.304662351657956261e-19 1.424712594415883086e-19 2.857587046877403277e-20 5.164035953690803971e-21 8.511024239455528455e-22 1.292394845779070775e-22 1.824455200753536052e-23 2.415775475914272972e-24 3.032525805996746923e-25 3.667446088382908658e-26 4.392940016588994183e-27 5.455107472676964565e-28 7.438321472953000128e-29 1.154648650589711219e-29 2.006343307625071372e-30 3.706277325200788466e-31 6.938690257322519540e-32 1.272068245698365444e-32 0.000000000000000000e+00
0.000000000000000000e+00 2.067845150974714238e-33 3.544386015635371830e-32 3.739171156277157199e-31 4.392058201320248563e-30 4.700841908101702508e-29 4.932316523221950079e-28 4.923091285820948638e-27 4.708585423627047945e-26 4.283844165935801860e-25 3.700486654842924643e-24 3.019037135929757168e-23 2.316325553047255773e-22 1.661020329270591783e-21 1.106001991819960037e-20 6.781905811343529580e-20 3.792570384272096847e-19 1.910955259917615891e-18 8.546695067704845651e-18 3.329322176246160253e-17 1.102672850082532214e-16 3.011168632496850106e-16 6.530152686178212009e-16 1.082393429579429257e-15 1.354975280830883370e-15 1.354975283943286937e-15 1.082393441124600890e-15 6.530152773127444101e-16 3.011168477761704168e-16 1.102672588689376834e-16 3.329318568933925550e-17 8.546658698315964968e-18 1.910933762669228691e-18 3.792420911610398628e-19 6.781251468067449546e-20 1.105677132559286542e-20 1.659818322056915264e-21 2.311738714418088478e-22 3.004248029922664977e-23 3.654047690750109085e-24 4.152257411321149139e-25 4.352299648998465665e-26 4.028583658763663001e-27 2.783328231718499617e-28 -1.272553066530077520e-30 -6.080210373789691445e-30 -1.751583262346561558e-30 -3.849664615976327657e-31 -7.479468915336093263e-32 0.000000000000000000e+00
0.000000000000000000e+00 3.277943607272781245e-32 3.577208692435075805e-31 4.392058201320475573e-30 4.927770357489385118e-29 5.433019799757664312e-28 5.712478781524013652e-27 5.772408069835355979e-26 5.566538710998907647e-25 5.115921409837529452e-24 4.459654965413680615e-23 3.674207340743474721e-22 2.845733036811409445e-21 2.060746606576818056e-20 1.385623434447803014e-19 8.581889476703446296e-19 4.847946466966357009e-18 2.467997033417195385e-17 1.115339175848972546e-16 4.390137783269245470e-16 1.468840355926667368e-15 4.049073846264205846e-15 8.850014391185711987e-15 1.474006289198304033e-14 1.846669273865813006e-14 1.846669272012544290e-14 1.474006281984003817e-14 8.850014326548181752e-15 4.049073912146831536e-15 1.468840478385143285e-15 4.390139650919805745e-16 1.115341108360005798e-16 2.468008272580739602e-17 4.848028051352278952e-18 8.582234793183399245e-19 1.385801567163757692e-19 2.061388178721271138e-20 2.848238402077365944e-21 3.682159457656572092e-22 4.484855513212310434e-23 5.186749009772248488e-24 5.758294564463261598e-25 6.251200745889873640e-26 6.855675301804702860e-27 7.985041246036737589e-28 1.040163598871278630e-28 1.539308733293258385e-29 2.497862924032960347e-30 4.179666812835187905e-31 0.000000000000000000e+00
0.000000000000000000e+00 3.084347851500059849e-31 4.003238602181218418e-30 4.700841908101830867e-29 5.433019799757536065e-28 6.002109370353585521e-27 6.388937998379052447e-26 6.508522780446520130e-25 6.339484526904576244e-24 5.878372094826230976e-23 5.173514360588778421e-22 4.301422302199317100e-21 3.363124141412194737e-20 2.458264132675805479e-19 1.668746296915999901e-18 1.043532095665037918e-17 5.953054511418487077e-17 3.060942858048548901e-16 1.397361834029543074e-15 5.556330342043291780e-15 1.877630038449108627e-14 5.224351332006705809e-14 1.150787357964340276e-13 1.925868380235302860e-13 2.414445523141783504e-13 2.414445524640835308e-13 1.925868385704392213e-13 1.150787363679648642e-13 5.224351320298702359e-14 1.877629994914936994e-14 5.556329496017752245e-15 1.397360912107954002e-15 3.060937567246661601e-16 5.953013896737733036e-17 1.043515626103348464e-17 1.668656913940018254e-18 2.457954198654026704e-19 3.361873472466759586e-20 4.297549161181093277e-21 5.161060981214106964e-22 5.843872307170626693e-23 6.245969048351508205e-24 6.277470977749800656e-25 5.841658953630511615e-26 4.795128089825419208e-27 2.885414952997943852e-28 -3.253739282497788480e-30 -5.523271318267474933e-30 -1.353584129916812231e-30 0.000000000000000000e+00
0.000000000000000000e+00 3.315175875368934093e-30 4.079937809049643494e-29 4.932316523221559061e-28 5.712478781524312117e-27 6.388937998378926174e-26 6.855767169092162507e-25 7.053842857261132061e-24 6.931157066679783404e-23 6.487627865700672488e-22 5.760639310375645351e-21 4.833519105902390908e-20 3.813105163554565876e-19 2.812583869098656693e-18 1.926697299593883631e-17 1.216008536219289378e-16 7.002282298898173954e-16 3.634998219836424589e-15 1.675635781784466988e-14 6.728513412963627841e-14 2.295872975057844776e-13 6.446546362010411214e-13 1.430913702822660463e-12 2.405954925752455141e-12 3.018068537078351394e-12 3.018068536953333223e-12 2.405954924370075587e-12 1.430913701004059256e-12 6.446546366228780913e-13 2.295872986416987427e-13 6.728513737167861347e-14 1.675636164298343851e-14 3.635000386472509095e-15 7.002300382471114615e-16 1.216015472681779992e-16 1.926737814578033778e-17 2.812717024461206803e-18 3.813669707113766313e-19 4.835201629442447526e-20 5.766179379229406976e-21 6.502597084845295545e-22 6.971875886258741171e-23 7.152500426044377356e-24 7.086694933438335832e-25 6.886597378471466201e-26 6.734775912201969102e-27 6.875651575706565326e-28 7.582269413862821777e-29 9.000402691977688471e-30 0.000000000000000000e+00
0.000000000000000000e+00 3.196709697262882666e-29 4.062252536312194620e-28 4.923091285821468083e-27 5.772408069835015040e-26 6.508522780446700127e-25 7.053842857261070347e-24 7.321240638722947799e-23 7.261102821318056795e-22 6.855977998771870618e-21 6.142169089772554472e-20 5.198293311432076081e-19 4.136573277951731920e-18 3.077467047089416935e-17 2.126422019366678829e-16 1.353777037873137540e-15 7.864757302238556230e-15 4.119666412237342845e-14 1.916612491993874935e-13 7.768397179988926287e-13 2.675455709169285714e-12 7.578904959225827269e-12 1.694853459897346655e-11 2.862815896750796678e-11 3.592742500886285137e-11 3.592742493137047133e-11 2.862815876354748082e-11 1.694853437637856594e-11 7.578904805841731130e-12 2.675455628091390327e-12 7.768396724215675285e-13 1.916612226907068761e-13 4.119665255280849206e-14 7.864749068467581704e-15 1.353774244459024959e-15 2.126404974593575649e-16 3.077415922189178834e-17 4.136342362608071401e-18 5.197648427388408388e-19 6.139964425533308199e-20 6.850282551461837434e-21 7.245486447313535501e-22 7.284787488860500645e-23 6.970157095355783833e-24 6.336427917055235563e-25 5.437473177952673961e-26 4.339825507278547049e-27 3.141057046333953295e-28 2.035407052497370918e-29 0.000000000000000000e+00
0.000000000000000000e+00 3.016073583744881257e-28 3.837873009350590571e-27 4.708585423626600247e-26 5.566538710999184991e-25 6.339484526904420491e-24 6.931157066679856284e-23 7.261102821318031404e-22 7.264121699572894999e-21 6.919347687419536007e-20 6.251347634946761661e-19 5.335137098453601028e-18 4.280254803484849262e-17 3.210228156344094086e-16 2.236026369984567940e-15 1.435061195088300548e-14 8.405115304860467991e-14 4.439437205696900127e-13 2.083049908848529573e-12 8.516878699600531149e-12 2.959027083801922362e-11 8.452833485559332213e-11 1.903874666421944887e-10 3.229999155076794178e-10 4.054659427666944197e-10 4.054659455354522878e-10 3.229999232047178540e-10 1.903874753005977941e-10 8.452834095304751899e-11 2.959027437132141694e-11 8.516880385550182802e-12 2.083050593117622678e-12 4.439439562978183867e-13 8.405124027181594340e-14 1.435063591096945085e-14 2.236036138644352640e-15 3.210252258105095500e-16 4.280353604042542329e-17 5.335375554596144731e-18 6.252168366147151369e-19 6.921265214240487218e-20 7.269388627398365530e-21 7.272408889481430406e-22 6.956051665745635691e-23 6.385052821857703214e-24 5.642960931700577140e-25 4.803282997418200540e-26 3.888171735206155423e-27 2.784209592242396148e-28 0.000000000000000000e+00
0.000000000000000000e+00 2.686268747184107423e-27 3.462278368300379259e-26 4.283844165936086550e-25 5.115921409837350189e-24 5.878372094826334419e-23 6.487627865700613243e-22 6.855977998771899206e-21 6.919347687419526377e-20 6.646179130319780683e-19 6.054009040029557706e-18 5.207617316818437730e-17 4.210162341286356070e-16 3.181305233891030076e-15 2.232164270915211245e-14 1.443004512428284279e-13 8.513356671370769786e-13 4.530026125596252646e-12 2.141815222233075041e-11 8.826304797459159902e-11 3.091190460247346064e-10 8.899427242679706660e-10 2.017989324728756899e-09 3.437649836057322735e-09 4.315644497014749409e-09 4.315644439019871756e-09 3.437649669611496006e-09 2.017989134379048698e-09 8.899425852892389696e-10 3.091189595255944269e-10 8.826300601338351500e-11 2.141813526415633340e-11 4.530020254497637728e-12 8.513338300432666332e-13 1.442999573699517100e-13 2.232150781217597628e-14 3.181275350629578395e-15 4.210082946567469213e-16 5.207461092968068416e-17 6.053594410105487551e-18 6.645404340525656662e-19 6.917472175389321897e-20 6.852763269802140555e-21 6.481557499828921477e-22 5.871252473227268464e-23 5.112830117539748115e-24 4.311444943700432102e-25 3.588979487063755565e-26 3.093214265408138983e-27 0.000000000000000000e+00
0.000000000000000000e+00 2.277842822767659115e-26 2.960237000955660868e-25 3.700486654842782115e-24 4.459654965413764663e-23 5.173514360588727639e-22 5.760639310375679206e-21 6.142169089772536417e-20 6.251347634946762624e-19 6.054009040029560017e-18 5.557714100012244590e-17 4.816504067899047584e-16 3.921642181970195850e-15 2.983386276259604922e-14 2.106888878373377469e-13 1.370596002403786809e-12 8.136412647940947907e-12 4.356599296343256004e-11 2.073137906392006483e-10 8.601013469604364070e-10 3.033416254838739920e-09 8.793959712315076133e-09 2.006269464621308956e-08 3.430299478469826164e-08 4.305667923137874912e-08 4.305668009236478409e-08 3.430299733497258781e-08 2.006269760201075558e-08 8.793961942963574367e-09 3.033417723405873812e-09 8.601020704903075606e-10 2.073140898763683723e-10 4.356609888677887308e-11 8.136445628659992723e-12 1.370605081645997311e-12 2.106911990477697575e-13 2.983438469075625432e-14 3.921757817741375708e-15 4.816725760890459731e-16 5.558161349000165226e-17 6.054752577088775350e-18 6.252708841954001113e-19 6.144037281588225663e-20 5.763206598395663990e-21 5.174489350316390737e-22 4.454041808567463589e-23 3.670337857700153916e-24 2.864415029846885836e-25 2.016645522837448475e-26 0.000000000000000000e+00
0.000000000000000000e+00 1.821699937044595459e-25 2.392593035250512501e-24 3.019037135929813592e-23 3.674207340743444628e-22 4.301422302199338917e-21 4.833519105902381880e-20 5.198293311432076081e-19 5.335137098453609502e-18 5.207617316818431567e-17 4.816504067899052514e-16 4.203259266164055500e-15 3.444478306281722722e-14 2.636006364681130088e-13 1.871802488520336962e-12 1.223894645077224140e-11 7.300886981539628888e-11 3.927956342673762876e-10 1.878363550313516764e-09 7.833714541660533843e-09 2.778305255976638988e-08 8.100954648923004704e-08 1.857804682534896611e-07 3.186305457973426661e-07 3.997470319733276700e-07 3.997470223577862006e-07 3.186305162707901937e-07 1.857804336035577692e-07 8.100951948313164275e-08 2.778303388995733311e-08 7.833705286411642256e-09 1.878359633754722438e-09 3.927942250989235611e-10 7.300842586280365341e-11 1.223882205313703857e-11 1.871770831077673081e-12 2.635933333319493268e-13 3.444320534192344788e-14 4.202949216768531814e-15 4.815915901382133725e-16 5.206614938138060688e-17 5.333450761077310341e-18 5.195844820556504791e-19 4.830115656698617120e-20 4.298131359986302780e-21 3.673384622071251763e-22 3.029174485321048649e-23 2.432358066709302090e-24 1.935549790233753483e-25 0.000000000000000000e+00
0.000000000000000000e+00 1.370727526537763047e-24 1.817319279043107322e-23 2.316325553047241197e-22 2.845733036811421482e-21 3.363124141412191728e-20 3.813105163554565876e-19 4.136573277951740394e-18 4.280254803484841250e-17 4.210162341286364944e-16 3.921642181970193484e-15 3.444478306281724615e-14 2.838968062729607305e-13 2.183601664284837512e-12 1.557297487076761086e-11 1.022031329655194276e-10 6.116276704661263543e-10 3.300230060867773411e-09 1.582771232232168766e-08 6.622013221659177319e-08 2.357219072210740688e-07 6.901473377500522779e-07 1.588949333789928593e-06 2.731345701986502513e-06 3.423659681374497936e-06 3.423659763833318406e-06 2.731345966666021676e-06 1.588949648254681040e-06 6.901475911553891659e-07 2.357220904642689297e-07 6.622022278395255542e-08 1.582775153744346173e-08 3.300244309057187539e-09 6.116322091605377278e-10 1.022044199281835447e-10 1.557330489585620226e-11 2.183678804794936148e-12 2.839135084351444080e-13 3.444812041665063078e-14 3.922272102500705782e-15 4.211262634884105525e-16 4.282097500857401391e-17 4.139402025610609152e-18 3.817258114840457355e-19 3.368455437654293054e-20 2.851663531739777291e-21 2.319850303774233854e-22 1.811751490474377289e-23 1.339524073315737534e-24 0.000000000000000000e+00
0.000000000000000000e+00 9.633620091969782574e-24 1.290494925798042870e-22 1.661020329270598366e-21 2.060746606576815649e-20 2.458264132675804516e-19 2.812583869098662086e-18 3.077467047089410772e-17 3.210228156344101974e-16 3.181305233891026132e-15 2.983386276259606185e-14 2.636006364681131098e-13 2.183601664284838724e-12 1.686365203594418223e-11 1.206355352162039165e-10 7.933499880572395787e-10 4.753431156522437984e-09 2.566302126527252738e-08 1.231130612307126189e-07 5.153112845046425619e-07 1.836222083718097221e-06 5.385635355723336677e-06 1.242547284151748878e-05 2.138119908201303521e-05 2.676293953315546375e-05 2.676293899073803442e-05 2.138119723622095456e-05 1.242547062032572866e-05 5.385633500132576454e-06 1.836220683211135724e-06 5.153106013142121489e-07 1.231127577339088821e-07 2.566291072663729945e-08 4.753395620963617928e-09 7.933398383598960425e-10 1.206329170459601953e-10 1.686303563999063306e-11 2.183467685744468349e-12 2.635736505637712407e-13 2.982876157966041400e-14 3.180404286034650032e-15 3.208715869245215675e-16 3.075092621116877810e-17 2.809022036800565266e-18 2.453327178409075921e-19 2.054344105266070854e-20 1.653878519921234053e-21 1.284451994360462023e-22 9.635727566062567759e-24 0.000000000000000000e+00
0.000000000000000000e+00 6.286754446477036720e-23 8.505978952071711449e-22 1.106001991819958533e-20 1.385623434447803736e-19 1.668746296916002019e-18 1.926697299593880549e-17 2.126422019366682034e-16 2.236026369984565573e-15 2.232164270915213139e-14 2.106888878373377469e-13 1.871802488520338982e-12 1.557297487076761409e-11 1.206355352162039165e-10 8.644006626510806484e-10 5.685767254067226241e-09 3.402584269259651273e-08 1.832631904818186702e-07 8.764152073605117142e-07 3.656427964008705016e-06 1.299409559102065873e-05 3.805147360784107439e-05 8.773939259862710528e-05 1.508672402219219213e-04 1.884405352622339552e-04 1.884405379398107028e-04 1.508672501329142769e-04 8.773940469047025704e-05 3.805148412710651900e-05 1.299410386819036290e-05 3.656431896605940187e-06 8.764170120632274851e-07 1.832638424231779798e-07 3.402605406421248951e-08 5.685827727454448879e-09 8.644162856338461630e-10 1.206392162123991430e-10 1.557377372020032723e-11 1.871963144431432065e-12 2.107190987352115309e-13 2.232695992747424195e-14 2.236911521023508388e-15 2.127807672258165650e-16 1.928763889102597181e-17 1.671636351364384123e-18 1.389455855948640537e-19 1.110643420454868730e-20 8.556202056635551972e-22 6.326683213916503925e-23 0.000000000000000000e+00
0.000000000000000000e+00 3.776372858466253001e-22 5.162994844808538203e-21 6.781905811343534395e-20 8.581889476703454963e-19 1.043532095665036994e-17 1.216008536219291351e-16 1.353777037873135963e-15 1.435061195088301810e-14 1.443004512428283775e-13 1.370596002403787213e-12 1.223894645077224463e-11 1.022031329655194793e-10 7.933499880572396821e-10 5.685767254067225414e-09 3.732968555653735291e-08 2.225051411028239780e-07 1.191250222284399347e-06 5.653988744680723352e-06 2.339336465199507665e-05 8.247686843503353540e-05 2.399631644002740672e-04 5.507938604193283929e-04 9.438767199643602248e-04 1.175259428563949849e-03 1.175259419197399128e-03 9.438766801335978385e-04 5.507938110645608327e-04 2.399631193622375346e-04 8.247683149955160008e-05 2.339334792011202974e-05 5.653980689787798378e-06 1.191247392033677493e-06 2.225042134602749740e-07 3.732942262101620627e-08 5.685699818809554280e-09 7.933342948184648682e-10 1.021997878061278511e-10 1.223828951873663856e-11 1.370476406233977594e-12 1.442802438985377440e-13 1.434742465515923067e-14 1.353310471152677647e-15 1.215371118437315517e-16 1.042736449481968147e-17 8.572858347178899589e-19 6.773341837988443870e-20 5.157437634662345745e-21 3.778815295263945967e-22 0.000000000000000000e+00
0.000000000000000000e+00 2.068319929545623478e-21 2.857355732716099566e-20 3.792570384272096847e-19 4.847946466966356238e-18 5.953054511418489542e-17 7.002282298898167052e-16 7.864757302238562541e-15 8.405115304860464204e-14 8.513356671370769786e-13 8.136412647940949523e-12 7.300886981539628888e-11 6.116276704661262509e-10 4.753431156522437984e-09 3.402584269259652596e-08 2.225051411028239250e-07 1.316874121102628291e-06 6.978057976832809750e-06 3.268561073376803860e-05 1.332027533297914406e-04 4.624145345834142326e-04 1.326956316228890308e-03 3.013594582772837014e-03 5.125682778198564077e-03 6.352710866589986530e-03 6.352710886311722059e-03 5.125682891010539116e-03 3.013594725216186231e-03 1.326956454396166756e-03 4.624146527854489271e-04 1.332028022123290254e-04 3.268563639722470924e-05 6.978066343273302524e-06 1.316876926052853575e-06 2.225059027212383200e-07 3.402603146964768428e-08 4.753472457634224906e-09 6.116357053299071994e-10 7.301024113687281853e-11 8.136611302027215253e-12 8.513575985925992894e-13 8.405213130069578508e-14 7.864396492569422123e-15 7.000822961366441483e-16 5.949389992134704918e-17 4.840406789080174105e-18 3.778724340487537630e-19 2.834064606730850643e-20 2.031983125695308344e-21 0.000000000000000000e+00
0.000000000000000000e+00 1.020374242638114209e-20 1.424678803074875378e-19 1.910955259917616661e-18 2.467997033417196309e-17 3.060942858048547915e-16 3.634998219836425378e-15 4.119666412237340952e-14 4.439437205696900631e-13 4.530026125596253454e-12 4.356599296343256004e-11 3.927956342673762359e-10 3.300230060867774238e-09 2.566302126527253069e-08 1.832631904818186437e-07 1.191250222284399347e-06 6.978057976832807209e-06 3.642014563510603933e-05 1.671939423082229297e-04 6.649941809640259058e-04 2.248518000333421356e-03 6.293376551466321224e-03 1.400642461392000507e-02 2.348897830106406320e-02 2.890933666793817428e-02 2.890933666127547957e-02 2.348897810631530095e-02 1.400642436144568757e-02 6.293376282560745466e-03 2.248517759412712192e-03 6.649941015004965077e-04 1.671938900014410313e-04 3.642013241377122543e-05 6.978053148996494482e-06 1.191249189255445178e-06 1.832629895198262152e-07 2.566300189275654003e-08 3.300233835219850244e-09 3.927985273711152146e-10 4.356705250766645781e-11 4.530327743480545768e-12 4.440175190924222206e-13 4.121284396404913569e-14 3.638243789193095319e-15 3.066986785406066105e-16 2.478534399968185202e-17 1.928295107696323957e-18 1.451727763041465942e-19 1.060107811449763027e-20 0.000000000000000000e+00
0.000000000000000000e+00 4.467678281831844507e-20 6.304606996802461519e-19 8.546695067704851814e-18 1.115339175848971807e-16 1.397361834029544257e-15 1.675635781784465726e-14 1.916612491993875188e-13 2.083049908848529573e-12 2.141815222233074071e-11 2.073137906392006741e-10 1.878363550313518005e-09 1.582771232232168766e-08 1.231130612307125924e-07 8.764152073605115025e-07 5.653988744680721658e-06 3.268561073376803183e-05 1.671939423082230110e-04 7.462566753565140314e-04 2.862863735583411236e-03 9.283006495266652239e-03 2.490504781416137334e-02 5.347064341085394634e-02 8.743345793391507637e-02 1.064372336461330976e-01 1.064372335561204336e-01 8.743345803977534136e-02 5.347064355692832116e-02 2.490504802368663159e-02 9.283006696812092298e-03 2.862863733800694466e-03 7.462567244471744960e-04 1.671939371633674408e-04 3.268561125808297117e-05 5.653986950598544696e-06 8.764143837390805718e-07 1.231127007675641530e-07 1.582758753440506256e-08 1.878325759786997062e-09 2.073036064712525223e-10 2.141566583524350439e-11 2.082493111907845436e-12 1.915457727178822358e-13 1.673400961042815978e-14 1.393299772689886927e-15 1.108369037676367312e-16 8.433253394862681614e-18 6.128875591376029140e-19 4.210783750467824443e-20 0.000000000000000000e+00
0.000000000000000000e+00 1.703980482297839260e-19 2.430139148735086141e-18 3.329322176246159637e-17 4.390137783269251879e-16 5.556330342043287047e-15 6.728513412963632890e-14 7.768397179988924267e-13 8.516878699600532765e-12 8.826304797459161195e-11 8.601013469604367172e-10 7.833714541660533843e-09 6.622013221659175995e-08 5.153112845046424561e-07 3.656427964008703745e-06 2.339336465199507665e-05 1.332027533297914406e-04 6.649941809640259058e-04 2.862863735583411669e-03 1.044715892317029000e-02 3.180286822767057486e-02 7.960803276505654114e-02 1.605734245508613212e-01 2.510078884125118703e-01 3.000542355099345970e-01 3.000542357271289151e-01 2.510078886337595572e-01 1.605734248597706637e-01 7.960803303468712289e-02 3.180286847532894784e-02 1.044715916225540282e-02 2.862863750313315164e-03 6.649942465168237962e-04 1.332027692535055294e-04 2.339337675538076332e-05 3.656432491698832320e-06 5.153130493167405285e-07 6.622070544466225058e-08 7.833882736265210925e-09 8.601458101333376069e-10 8.827378372535063577e-11 8.519267804082311463e-12 7.773335919965981695e-13 6.738060654411154974e-14 5.573688285521109254e-15 4.419964715641771458e-16 3.377970524662457509e-17 2.505713352317763660e-18 1.814818784128535428e-19 0.000000000000000000e+00
0.000000000000000000e+00 5.529137930548628172e-19 7.966482177413599881e-18 1.102672850082531351e-16 1.468840355926668157e-15 1.877630038449108311e-14 2.295872975057846291e-13 2.675455709169286118e-12 2.959027083801922362e-11 3.091190460247346064e-10 3.033416254838741574e-09 2.778305255976639319e-08 2.357219072210740423e-07 1.836222083718096162e-06 1.299409559102065534e-05 8.247686843503358961e-05 4.624145345834142868e-04 2.248518000333422223e-03 9.283006495266652239e-03 3.180286822767056099e-02 8.861962244936825994e-02 1.990628957181576619e-01 3.612510601860526860e-01 5.212629667756382146e-01 6.034529064410604215e-01 6.034529064054278136e-01 5.212629666784869276e-01 3.612510599120154486e-01 1.990628953066830298e-01 8.861962201947225226e-02 3.180286809532004155e-02 9.283006505680620538e-03 2.248517904269908742e-03 4.624145065113102380e-04 8.247684071048706766e-05 1.299408466483812140e-05 1.836217555167284281e-06 2.357204142519551271e-07 2.778260774284659622e-08 3.033297881418230449e-09 3.090903288859951164e-10 2.958386015606520168e-11 2.674127329167550503e-12 2.293299758256503274e-13 1.872942618854777986e-14 1.460769950940331743e-15 1.089483005916566473e-16 7.761133282973192341e-18 5.227241074290036684e-19 0.000000000000000000e+00
0.000000000000000000e+00 1.481620418589571611e-18 2.154945011755632996e-17 3.011168632496851092e-16 4.049073846264205057e-15 5.224351332006708964e-14 6.446546362010414244e-13 7.578904959225828885e-12 8.452833485559336090e-11 8.899427242679712864e-10 8.793959712315074478e-09 8.100954648923008675e-08 6.901473377500521720e-07 5.385635355723335830e-06 3.805147360784107439e-05 2.399631644002738504e-04 1.326956316228890525e-03 6.293376551466322959e-03 2.490504781416136293e-02 7.960803276505655501e-02 1.990628957181576619e-01 3.847644749727607838e-01 5.953441467987538038e-01 7.564979555444278914e-01 8.300779225044115917e-01 8.300779221310187195e-01 7.564979548453074631e-01 5.953441460751769387e-01 3.847644743130665956e-01 1.990628950886005888e-01 7.960803221448023437e-02 2.490504766069709733e-02 6.293376584319301109e-03 1.326956345495744006e-03 2.399632001489114346e-04 3.805148825196554268e-05 5.385641619283329172e-06 6.901493658619236759e-07 8.101014777823583213e-08 8.794117443750274353e-09 8.899805383202611716e-10 8.453667598041267988e-11 7.580614344052072618e-12 6.449823951766380720e-13 5.230265975513734405e-14 4.059169680573696043e-15 3.027538463625478076e-16 2.180245564521890831e-17 1.518583172957396182e-18 0.000000000000000000e+00
0.000000000000000000e+00 3.163366827590079600e-18 4.636799464071954943e-17 6.530152686178212996e-16 8.850014391185707254e-15 1.150787357964340276e-13 1.430913702822660261e-12 1.694853459897346655e-11 1.903874666421943336e-10 2.017989324728757726e-09 2.006269464621308956e-08 1.857804682534896875e-07 1.588949333789927958e-06 1.242547284151748878e-05 8.773939259862699686e-05 5.507938604193288266e-04 3.013594582772837448e-03 1.400642461392000507e-02 5.347064341085389777e-02 1.605734245508611546e-01 3.612510601860526305e-01 5.953441467987538038e-01 7.848234803660397718e-01 8.962659232511047680e-01 9.405693279584772526e-01 9.405693278456651596e-01 8.962659229872169675e-01 7.848234801993561049e-01 5.953441469084471693e-01 3.612510603896006978e-01 1.605734243813274620e-01 5.347064314752188879e-02 1.400642456210830084e-02 3.013594543331130169e-03 5.507938581344719526e-04 8.773939454723062882e-05 1.242547448177163934e-05 1.588950138712205546e-06 1.857807532588763421e-07 2.006278235837283300e-08 2.018012846805697951e-09 1.903931709045553026e-10 1.694980048446601159e-11 1.431173878455781335e-12 1.151286774213360770e-13 8.859028248211667541e-15 6.545534458843826199e-16 4.661723418589813287e-17 3.201359720109283931e-18 0.000000000000000000e+00
0.000000000000000000e+00 5.193209267821346936e-18 7.648593822112461488e-17 1.082393429579428271e-15 1.474006289198303402e-14 1.925868380235303365e-13 2.405954925752453930e-12 2.862815896750796678e-11 3.229999155076795212e-10 3.437649836057323976e-09 3.430299478469826164e-08 3.186305457973424543e-07 2.731345701986501242e-06 2.138119908201302504e-05 1.508672402219219213e-04 9.438767199643593574e-04 5.125682778198561475e-03 2.348897830106407014e-02 8.743345793391510412e-02 2.510078884125117593e-01 5.212629667756381036e-01 7.564979555444276693e-01 8.962659232511042129e-01 9.599554002826128363e-01 9.815668780587439857e-01 9.815668785323335976e-01 9.599554014478719477e-01 8.962659244390821511e-01 7.564979570012819732e-01 5.212629683191514207e-01 2.510078893341124440e-01 8.743345811515625121e-02 2.348897807836691082e-02 5.125682626432088822e-03 9.438765988336288030e-04 1.508671903560705914e-04 2.138117887704819097e-05 2.731339177606891620e-06 3.186286232071833287e-07 3.430248928040350615e-08 3.437528099745229646e-09 3.229728779217649905e-10 2.862257196439079756e-11 2.404873593946831711e-12 1.923897119579674487e-13 1.470605154685903407e-14 1.076816512623128812e-15 7.561399047579681446e-17 5.064352466939742215e-18 0.000000000000000000e+00
0.000000000000000000e+00 6.489259014072055005e-18 9.566388806613571739e-17 1.354975280830883370e-15 1.846669273865813637e-14 2.414445523141782494e-13 3.018068537078350990e-12 3.592742500886283199e-11 4.054659427666944714e-10 4.315644497014750236e-09 4.305667923137872927e-08 3.997470319733275112e-07 3.423659681374497936e-06 2.676293953315544343e-05 1.884405352622339823e-04 1.175259428563948981e-03 6.352710866589982193e-03 2.890933666793818121e-02 1.064372336461330559e-01 3.000542355099343195e-01 6.034529064410601995e-01 8.300779225044110365e-01 9.405693279584765865e-01 9.815668780587432085e-01 9.933902772283843552e-01 9.933902780997079240e-01 9.815668801399338728e-01 9.405693303750868317e-01 8.300779251095000699e-01 6.034529091036213710e-01 3.000542376977594072e-01 1.064372348914836425e-01 2.890933714813139280e-02 6.352711058522224861e-03 1.175259468471538801e-03 1.884405413491262301e-04 2.676293838980121296e-05 3.423658502305425640e-06 3.997465196647098349e-07 4.305650505955981393e-08 4.315594878669634469e-09 4.054533649110230542e-10 3.592453544266183170e-11 3.017456912864994438e-12 2.413240548873467085e-13 1.844442134925345577e-14 1.351089560464460703e-15 9.502092617066956602e-17 6.389290902916396137e-18 0.000000000000000000e+00
0.000000000000000000e+00 6.489258130437063208e-18 9.566388665479863716e-17 1.354975283943286740e-15 1.846669272012546184e-14 2.414445524640836318e-13 3.018068536953330800e-12 3.592742493137045840e-11 4.054659455354519259e-10 4.315644439019870929e-09 4.305668009236474438e-08 3.997470223577861476e-07 3.423659763833317558e-06 2.676293899073804459e-05 1.884405379398105672e-04 1.175259419197399128e-03 6.352710886311719457e-03 2.890933666127547957e-02 1.064372335561204752e-01 3.000542357271286376e-01 6.034529064054272585e-01 8.300779221310186085e-01 9.405693278456650486e-01 9.815668785323334866e-01 9.933902780997091453e-01 9.933902789738781047e-01 9.815668811964902707e-01 9.405693311502866250e-01 8.300779255768395704e-01 6.034529098278952342e-01 3.000542388314184628e-01 1.064372360712431687e-01 2.890933803125198334e-02 6.352711573214172777e-03 1.175259714632268622e-03 1.884406414623951962e-04 2.676297390090254241e-05 3.423669697269295931e-06 3.997497023025065878e-07 4.305733049046145692e-08 4.315792025604167619e-09 4.054970672124441655e-10 3.593358607570725429e-11 3.019217882131461030e-12 2.416475201518244752e-13 1.850075159765329069e-14 1.360424387075349790e-15 9.649731927964322559e-17 6.610117799263300591e-18 0.000000000000000000e+00
0.000000000000000000e+00 5.193206919706119287e-18 7.648593403616871424e-17 1.082393441124600101e-15 1.474006281984004132e-14 1.925868385704391960e-13 2.405954924370077606e-12 2.862815876354748728e-11 3.229999232047178540e-10 3.437649669611496006e-09 3.430299733497256134e-08 3.186305162707899290e-07 2.731345966666019559e-06 2.138119723622096472e-05 1.508672501329142769e-04 9.438766801335977301e-04 5.125682891010533912e-03 2.348897810631531136e-02 8.743345803977541075e-02 2.510078886337594462e-01 5.212629666784869276e-01 7.564979548453071301e-01 8.962659229872168565e-01 9.599554014478713926e-01 9.815668801399347609e-01 9.815668811964898266e-01 9.599554038514804821e-01 8.962659265576847778e-01 7.564979586400281120e-01 5.212629703464548570e-01 2.510078922471104534e-01 8.743346120771366969e-02 2.348898047579181178e-02 5.125684067703498333e-03 9.438773052451885845e-04 1.508674830809046555e-04 2.138128418942312418e-05 2.731372734415628688e-06 3.186382407523484491e-07 3.430499912498213151e-08 3.438130436243922860e-09 3.231069076148847480e-10 2.865041508810800219e-11 2.410305190701588126e-12 1.933897378622447730e-13 1.488057882018057216e-14 1.105799400933235124e-15 8.020768322696921945e-17 5.752914599474133982e-18 0.000000000000000000e+00
0.000000000000000000e+00 3.163363770287865859e-18 4.636799066737112463e-17 6.530152773127443115e-16 8.850014326548180174e-15 1.150787363679648642e-13 1.430913701004059256e-12 1.694853437637856594e-11 1.903874753005976649e-10 2.017989134379048284e-09 2.006269760201072580e-08 1.857804336035577427e-07 1.588949648254679981e-06 1.242547062032572866e-05 8.773940469047025704e-05 5.507938110645608327e-04 3.013594725216187098e-03 1.400642436144568757e-02 5.347064355692831422e-02 1.605734248597706915e-01 3.612510599120152821e-01 5.953441460751763836e-01 7.848234801993555498e-01 8.962659244390822622e-01 9.405693303750862766e-01 9.405693311502865139e-01 8.962659265576843337e-01 7.848234842103389841e-01 5.953441504723449018e-01 3.612510639874273455e-01 1.605734286096451580e-01 5.347064734023087434e-02 1.400642776481660599e-02 3.013596474766664680e-03 5.507948137756018755e-04 8.773979524210413685e-05 1.242562046941189827e-05 1.588997258409241382e-06 1.857944325341612720e-07 2.006639785187024982e-08 2.018891480728869184e-09 1.905911129554764096e-10 1.699142444992046874e-11 1.439391842595376875e-12 1.166597140635415905e-13 9.129365274946031996e-15 6.999670268659571450e-16 5.389740670205181435e-17 4.304551611874391576e-18 0.000000000000000000e+00
0.000000000000000000e+00 1.481617018107858402e-18 2.154945067348399563e-17 3.011168477761707619e-16 4.049073912146826014e-15 5.224351320298702990e-14 6.446546366228782932e-13 7.578904805841726283e-12 8.452834095304751899e-11 8.899425852892387629e-10 8.793961942963572712e-09 8.100951948313165599e-08 6.901475911553892718e-07 5.385633500132572219e-06 3.805148412710651222e-05 2.399631193622377243e-04 1.326956454396165889e-03 6.293376282560744599e-03 2.490504802368662812e-02 7.960803303468712289e-02 1.990628953066829188e-01 3.847644743130664846e-01 5.953441469084478355e-01 7.564979570012826393e-01 8.300779251095002920e-01 8.300779255768394593e-01 7.564979586400270017e-01 5.953441504723445687e-01 3.847644781750650389e-01 1.990628989102623536e-01 7.960803679575365055e-02 2.490505233753302974e-02 6.293380243544758473e-03 1.326958595019951106e-03 2.399643311748919346e-04 3.805196915459883004e-05 5.385819039508685097e-06 6.902072928234674929e-07 8.102714537042484367e-08 8.798655438249618250e-09 8.910939398000725611e-10 8.478980409897399756e-11 7.634310357352818775e-12 6.556733751974516085e-13 5.431068138293304614e-14 4.416529782412570192e-15 3.632465746834998454e-16 3.157221279462836528e-17 3.009360426287099800e-18 0.000000000000000000e+00
0.000000000000000000e+00 5.529108025425660334e-19 7.966485311697470660e-18 1.102672588689377081e-16 1.468840478385142299e-15 1.877629994914936679e-14 2.295872986416987427e-13 2.675455628091388712e-12 2.959027437132142986e-11 3.091189595255942718e-10 3.033417723405873812e-09 2.778303388995731326e-08 2.357220904642691150e-07 1.836220683211135936e-06 1.299410386819036290e-05 8.247683149955166784e-05 4.624146527854488728e-04 2.248517759412712626e-03 9.283006696812095768e-03 3.180286847532893396e-02 8.861962201947223838e-02 1.990628950886006998e-01 3.612510603896009198e-01 5.212629683191515317e-01 6.034529091036214821e-01 6.034529098278951231e-01 5.212629703464545239e-01 3.612510639874272900e-01 1.990628989102623814e-01 8.861962580954620139e-02 3.180287276555324866e-02 9.283011260848589991e-03 2.248521596813415815e-03 4.624167623889216322e-04 8.247797009442125972e-05 1.299456362388402450e-05 1.836394032050728866e-06 2.357780186094832929e-07 2.779952016757274655e-08 3.037818649804323544e-09 3.102014591885012989e-10 2.983703164277405499e-11 2.727972123171500850e-12 2.400819573191334573e-13 2.075538798153641250e-14 1.822568919092174284e-15 1.704172600302433657e-16 1.772685805636163081e-17 2.049259370136293827e-18 0.000000000000000000e+00
0.000000000000000000e+00 1.703955549155297593e-19 2.430144324079665646e-18 3.329318568933923702e-17 4.390139650919806731e-16 5.556329496017747512e-15 6.728513737167871444e-14 7.768396724215666198e-13 8.516880385550187649e-12 8.826300601338345038e-11 8.601020704903078708e-10 7.833705286411635638e-09 6.622022278395259513e-08 5.153106013142121489e-07 3.656431896605940187e-06 2.339334792011202636e-05 1.332028022123290254e-04 6.649941015004960741e-04 2.862863733800694033e-03 1.044715916225539588e-02 3.180286809532004155e-02 7.960803221448019273e-02 1.605734243813274620e-01 2.510078893341124995e-01 3.000542376977593517e-01 3.000542388314182407e-01 2.510078922471103424e-01 1.605734286096451580e-01 7.960803679575369218e-02 3.180287276555325560e-02 1.044716388336133436e-02 2.862867984307168167e-03 6.649972576015296963e-04 1.332045079066495664e-04 2.339421656867680680e-05 3.656780715356355977e-06 5.154396070581430602e-07 6.626169776895514495e-08 7.845875605836488427e-09 8.633499007561847250e-10 8.906261457364976509e-11 8.699595623182116828e-12 8.158588252516549060e-13 7.511521024178516424e-14 7.040000526760644371e-15 7.055889177607477081e-16 7.887809772031887589e-17 9.870779020899359115e-18 1.317851944887783681e-18 0.000000000000000000e+00
0.000000000000000000e+00 4.467484273833412214e-20 6.304662351657968780e-19 8.546658698315949561e-18 1.115341108360007278e-16 1.397360912107952030e-15 1.675636164298345744e-14 1.916612226907068003e-13 2.083050593117624293e-12 2.141813526415633017e-11 2.073140898763682172e-10 1.878359633754722852e-09 1.582775153744346504e-08 1.231127577339088821e-07 8.764170120632278027e-07 5.653980689787800920e-06 3.268563639722470924e-05 1.671938900014409500e-04 7.462567244471741707e-04 2.862863750313312996e-03 9.283006505680617068e-03 2.490504766069709733e-02 5.347064314752186104e-02 8.743345811515625121e-02 1.064372348914836286e-01 1.064372360712431131e-01 8.743346120771364194e-02 5.347064734023085353e-02 2.490505233753302974e-02 9.283011260848588256e-03 2.862867984307167733e-03 7.462600515044412290e-04 1.671961000676947884e-04 3.268679113497344879e-05 5.654536672858857388e-06 8.766371337072396052e-07 1.231924798711748680e-07 1.585319499098623838e-08 1.885778510692761547e-09 2.092897478537121185e-10 2.190439007895081996e-11 2.194324225360147390e-12 2.154876510619546604e-13 2.155512872940227052e-14 2.310653075220573817e-15 2.764469759885153761e-16 3.690115946406971178e-17 5.285619068155721556e-18 7.668037828846739354e-19 0.000000000000000000e+00
0.000000000000000000e+00 1.020264217513805689e-20 1.424712594415887178e-19 1.910933762669223684e-18 2.468008272580742684e-17 3.060937567246659628e-16 3.635000386472512250e-15 4.119665255280842895e-14 4.439439562978188411e-13 4.530020254497634497e-12 4.356609888677886015e-11 3.927942250989233543e-10 3.300244309057187539e-09 2.566291072663730607e-08 1.832638424231780857e-07 1.191247392033678552e-06 6.978066343273303371e-06 3.642013241377121187e-05 1.671939371633674950e-04 6.649942465168233625e-04 2.248517904269908309e-03 6.293376584319298507e-03 1.400642456210828522e-02 2.348897807836691429e-02 2.890933714813140668e-02 2.890933803125195559e-02 2.348898047579180137e-02 1.400642776481660773e-02 6.293380243544755871e-03 2.248521596813416248e-03 6.649972576015294795e-04 1.671961000676948155e-04 3.642145310740957305e-05 6.978731914722681871e-06 1.191552714398311047e-06 1.833825985196994927e-07 2.570505169889565349e-08 3.313570075617134420e-09 3.966518689911861657e-10 4.459009401833622954e-11 4.781764951393281984e-12 5.015952938277061189e-13 5.356721729761070918e-14 6.134429262464162350e-15 7.836983591468916928e-16 1.113265959176843792e-16 1.688670250136032052e-17 2.615075661350458419e-18 3.959860248019548006e-19 0.000000000000000000e+00
0.000000000000000000e+00 2.067648588668323453e-21 2.857587046877414712e-20 3.792420911610389480e-19 4.848028051352282804e-18 5.953013896737734269e-17 7.002300382471112643e-16 7.864749068467572237e-15 8.405124027181603175e-14 8.513338300432661283e-13 8.136445628659994339e-12 7.300842586280367926e-11 6.116322091605377278e-10 4.753395620963621236e-09 3.402605406421250275e-08 2.225042134602751328e-07 1.316876926052853787e-06 6.978053148996495329e-06 3.268561125808299150e-05 1.332027692535054752e-04 4.624145065113102380e-04 1.326956345495744222e-03 3.013594543331129735e-03 5.125682626432092291e-03 6.352711058522222259e-03 6.352711573214169308e-03 5.125684067703495730e-03 3.013596474766664247e-03 1.326958595019950889e-03 4.624167623889216864e-04 1.332045079066495935e-04 3.268679113497345557e-05 6.978731914722681024e-06 1.317208361730316053e-06 2.226504401905046249e-07 3.408192618432421273e-08 4.772858779201865774e-09 6.177275169635688756e-10 7.476008494050542169e-11 8.599691092482244039e-12 9.650414187964423813e-13 1.100984219956192969e-13 1.346328846282125826e-14 1.834579273309628119e-15 2.770924232304817369e-16 4.449278578785200823e-17 7.265690888715226800e-18 1.171803874119406312e-18 1.814441624708303656e-19 0.000000000000000000e+00
0.000000000000000000e+00 3.773346266215547730e-22 5.164035953690818265e-21 6.781251468067433898e-20 8.582234793183402134e-19 1.043515626103348310e-17 1.216015472681779253e-16 1.353774244459024367e-15 1.435063591096945401e-14 1.442999573699517100e-13 1.370605081645997917e-12 1.223882205313704018e-11 1.022044199281834801e-10 7.933398383598968696e-10 5.685827727454447225e-09 3.732942262101621289e-08 2.225059027212382935e-07 1.191249189255445813e-06 5.653986950598545543e-06 2.339337675538076671e-05 8.247684071048708122e-05 2.399632001489115159e-04 5.507938581344721694e-04 9.438765988336290198e-04 1.175259468471537934e-03 1.175259714632267537e-03 9.438773052451880424e-04 5.507948137756016587e-04 2.399643311748920430e-04 8.247797009442131393e-05 2.339421656867682035e-05 5.654536672858861623e-06 1.191552714398310835e-06 2.226504401905046514e-07 3.739130249013295878e-08 5.709098815478452700e-09 8.013192476415149771e-10 1.046806761518592419e-10 1.294561092380995845e-11 1.556830636360456021e-12 1.899338265280933882e-13 2.480483446321071711e-14 3.604042978706770168e-15 5.787099576541545618e-16 9.841043697333874807e-17 1.695671127296227683e-17 2.877630641410184107e-18 4.740962145144332474e-19 7.435848825562915283e-20 0.000000000000000000e+00
0.000000000000000000e+00 6.272689626286196840e-23 8.511024239455530336e-22 1.105677132559283532e-20 1.385801567163759136e-19 1.668656913940016713e-18 1.926737814578033162e-17 2.126404974593575403e-16 2.236036138644351456e-15 2.232150781217599205e-14 2.106911990477696818e-13 1.871770831077674696e-12 1.557330489585619257e-11 1.206329170459602470e-10 8.644162856338463698e-10 5.685699818809556761e-09 3.402603146964768428e-08 1.832629895198263476e-07 8.764143837390812071e-07 3.656432491698835284e-06 1.299408466483811463e-05 3.805148825196560367e-05 8.773939454723072369e-05 1.508671903560706727e-04 1.884405413491261488e-04 1.884406414623951691e-04 1.508674830809046555e-04 8.773979524210413685e-05 3.805196915459883682e-05 1.299456362388403636e-05 3.656780715356357248e-06 8.766371337072401346e-07 1.833825985196995191e-07 3.408192618432421273e-08 5.709098815478450218e-09 8.731010416687662598e-10 1.235727770279125506e-10 1.647843934383122933e-11 2.128598385618332850e-12 2.781358003432363971e-13 3.882372816300498241e-14 6.016844000039324160e-15 1.027581671941086250e-15 1.852145890461789295e-16 3.371298633303836640e-17 6.026055159023310837e-18 1.043432732879932410e-18 1.740320120472582428e-19 2.753111660581420539e-20 0.000000000000000000e+00
0.000000000000000000e+00 9.579946487003869023e-24 1.292394845779063017e-22 1.659818322056913196e-21 2.061388178721272642e-20 2.457954198654020445e-19 2.812717024461208343e-18 3.077415922189179450e-17 3.210252258105091063e-16 3.181275350629580762e-15 2.983438469075624169e-14 2.635933333319493773e-13 2.183678804794935340e-12 1.686303563999062983e-11 1.206392162123991947e-10 7.933342948184645580e-10 4.753472457634226560e-09 2.566300189275655658e-08 1.231127007675642060e-07 5.153130493167408461e-07 1.836217555167283858e-06 5.385641619283335101e-06 1.242547448177165120e-05 2.138117887704819774e-05 2.676293838980119941e-05 2.676297390090252547e-05 2.138128418942312418e-05 1.242562046941189996e-05 5.385819039508688485e-06 1.836394032050729925e-06 5.154396070581435896e-07 1.231924798711749739e-07 2.570505169889565680e-08 4.772858779201866602e-09 8.013192476415154941e-10 1.235727770279126281e-10 1.784621039666849936e-11 2.484448306026492418e-12 3.485297719435973751e-13 5.207961050408358712e-14 8.618159407873196791e-15 1.567021525028892713e-15 2.997346873725828763e-16 5.771470007065686302e-17 1.088194005703502514e-17 1.982519614411676178e-18 3.472483451172062668e-19 5.839417908704853749e-20 9.299725257502866566e-21 0.000000000000000000e+00
0.000000000000000000e+00 1.350778702499237059e-24 1.824455200753499906e-23 2.311738714418101643e-22 2.848238402077363311e-21 3.361873472466752364e-20 3.813669707113767757e-19 4.136342362608075253e-18 4.280353604042535550e-17 4.210082946567473158e-16 3.921757817741374919e-15 3.444320534192346050e-14 2.839135084351442565e-13 2.183467685744467945e-12 1.557377372020033369e-11 1.021997878061277607e-10 6.116357053299076130e-10 3.300233835219851071e-09 1.582758753440506918e-08 6.622070544466226382e-08 2.357204142519551800e-07 6.901493658619237818e-07 1.588950138712205335e-06 2.731339177606893737e-06 3.423658502305424793e-06 3.423669697269292120e-06 2.731372734415628265e-06 1.588997258409241805e-06 6.902072928234679164e-07 2.357780186094834517e-07 6.626169776895521113e-08 1.585319499098625492e-08 3.313570075617137729e-09 6.177275169635691858e-10 1.046806761518593065e-10 1.647843934383123580e-11 2.484448306026492418e-12 3.755472043715539647e-13 6.022945721229374327e-14 1.066263567288185013e-14 2.067585983619194507e-15 4.203917027369074063e-16 8.577656366952455242e-17 1.708844302255756821e-17 3.280929509667001064e-18 6.041982591792352944e-19 1.066366119907845114e-19 1.804742540462559347e-20 2.891058833190933533e-21 0.000000000000000000e+00
0.000000000000000000e+00 1.756047412790656215e-25 2.415775475914158729e-24 3.004248029922729629e-23 3.682159457656545291e-22 4.297549161181096286e-21 4.835201629442448127e-20 5.197648427388412240e-19 5.335375554596137797e-18 5.207461092968070882e-17 4.816725760890462689e-16 4.202949216768533392e-15 3.444812041665061184e-14 2.635736505637709377e-13 1.871963144431433277e-12 1.223828951873663372e-11 7.301024113687284438e-11 3.927985273711154731e-10 1.878325759786997475e-09 7.833882736265210925e-09 2.778260774284661608e-08 8.101014777823581889e-08 1.857807532588763157e-07 3.186286232071835404e-07 3.997465196647096761e-07 3.997497023025061113e-07 3.186382407523486080e-07 1.857944325341614308e-07 8.102714537042489661e-08 2.779952016757275978e-08 7.845875605836501662e-09 1.885778510692764855e-09 3.966518689911866827e-10 7.476008494050546047e-11 1.294561092380996653e-11 2.128598385618332850e-12 3.485297719435972237e-13 6.022945721229375589e-14 1.144153958719268722e-14 2.372042372473204516e-15 5.138565691307618186e-16 1.113407940546178554e-16 2.348392925437122952e-17 4.760518039680815843e-18 9.232979258322941134e-19 1.712324797222782392e-19 3.040056925927773184e-20 5.174097264546536976e-21 8.334306935696400373e-22 0.000000000000000000e+00
0.000000000000000000e+00 2.072336736841931490e-26 3.032525805996456723e-25 3.654047690750305246e-24 4.484855513212212868e-23 5.161060981214148341e-22 5.766179379229397948e-21 6.139964425533311810e-20 6.252168366147148480e-19 6.053594410105488321e-18 5.558161349000171389e-17 4.815915901382129781e-16 3.922272102500705782e-15 2.982876157966037613e-14 2.107190987352116823e-13 1.370476406233977393e-12 8.136611302027215253e-12 4.356705250766647073e-11 2.073036064712525481e-10 8.601458101333372967e-10 3.033297881418230862e-09 8.794117443750272698e-09 2.006278235837282969e-08 3.430248928040352600e-08 4.305650505955978084e-08 4.305733049046141060e-08 3.430499912498215798e-08 2.006639785187027629e-08 8.798655438249624868e-09 3.037818649804324785e-09 8.633499007561860692e-10 2.092897478537125062e-10 4.459009401833630063e-11 8.599691092482248885e-12 1.556830636360457233e-12 2.781358003432364476e-13 5.207961050408360605e-14 1.066263567288185170e-14 2.372042372473204911e-15 5.492171748813025591e-16 1.267264816457150710e-16 2.836899098589099195e-17 6.085257961791790125e-18 1.245483938084621505e-18 2.431554213515308532e-19 4.534269414528605053e-20 8.092348058587316738e-21 1.384681227029495212e-21 2.242557382153374854e-22 0.000000000000000000e+00
0.000000000000000000e+00 2.095889974144297753e-27 3.667446088382281307e-26 4.152257411321599133e-25 5.186749009772002369e-24 5.843872307170745418e-23 6.502597084845254168e-22 6.850282551461844957e-21 6.921265214240488422e-20 6.645404340525653773e-19 6.054752577088784595e-18 5.206614938138052676e-17 4.211262634884110455e-16 3.180404286034647271e-15 2.232695992747427035e-14 1.442802438985377692e-13 8.513575985925990875e-13 4.530327743480548191e-12 2.141566583524350762e-11 8.827378372535059700e-11 3.090903288859953232e-10 8.899805383202612750e-10 2.018012846805697124e-09 3.437528099745230473e-09 4.315594878669630334e-09 4.315792025604161002e-09 3.438130436243922860e-09 2.018891480728871666e-09 8.910939398000730781e-10 3.102014591885017642e-10 8.906261457364992019e-11 2.190439007895085227e-11 4.781764951393286831e-12 9.650414187964429872e-13 1.899338265280934135e-13 3.882372816300498241e-14 8.618159407873198369e-15 2.067585983619194902e-15 5.138565691307617200e-16 1.267264816457150710e-16 3.020465367748748327e-17 6.874618920224531559e-18 1.488402104016477525e-18 3.065421096014323475e-19 6.015413223610743677e-20 1.127231407453304785e-20 2.021920617076404875e-21 3.478181519766862017e-22 5.664249885699964874e-23 0.000000000000000000e+00
0.000000000000000000e+00 1.402971781497422304e-28 4.392940016587823280e-27 4.352299648999335232e-26 5.758294564462761095e-25 6.245969048351763875e-24 6.971875886258635377e-23 7.245486447313561832e-22 7.269388627398374558e-21 6.917472175389312267e-20 6.252708841954021335e-19 5.333450761077293393e-18 4.282097500857413101e-17 3.208715869245212224e-16 2.236911521023512727e-15 1.434742465515923067e-14 8.405213130069578508e-14 4.440175190924224730e-13 2.082493111907845436e-12 8.519267804082306617e-12 2.958386015606522107e-11 8.453667598041269281e-11 1.903931709045551733e-10 3.229728779217648354e-10 4.054533649110225372e-10 4.054970672124435968e-10 3.231069076148846446e-10 1.905911129554765647e-10 8.478980409897402341e-11 2.983703164277410023e-11 8.699595623182134599e-12 2.194324225360152237e-12 5.015952938277068258e-13 1.100984219956194231e-13 2.480483446321074551e-14 6.016844000039327315e-15 1.567021525028894094e-15 4.203917027369075049e-16 1.113407940546178801e-16 2.836899098589098579e-17 6.874618920224534640e-18 1.579108619773021283e-18 3.439670088428623105e-19 7.119019557369755630e-20 1.403502445253417532e-20 2.642610333347542235e-21 4.764188006174589305e-22 8.240443372553510287e-23 1.349688958878803682e-23 0.000000000000000000e+00
0.000000000000000000e+00 -9.028295562884102067e-30 5.455107472675086601e-28 4.028583658765099365e-27 6.251200745889014978e-26 6.277470977750257997e-25 7.152500426044176053e-24 7.284787488860560595e-23 7.272408889481439810e-22 6.852763269802120995e-21 6.144037281588259367e-20 5.195844820556476865e-19 4.139402025610626100e-18 3.075092621116870415e-17 2.127807672258172059e-16 1.353310471152676858e-15 7.864396492569425278e-15 4.121284396404917356e-14 1.915457727178821096e-13 7.773335919965977656e-13 2.674127329167553331e-12 7.580614344052074233e-12 1.694980048446600512e-11 2.862257196439077494e-11 3.592453544266176062e-11 3.593358607570720259e-11 2.865041508810796988e-11 1.699142444992047520e-11 7.634310357352818775e-12 2.727972123171503273e-12 8.158588252516561177e-13 2.154876510619550642e-13 5.356721729761074704e-14 1.346328846282126931e-14 3.604042978706774113e-15 1.027581671941087039e-15 2.997346873725832214e-16 8.577656366952461405e-17 2.348392925437123260e-17 6.085257961791793977e-18 1.488402104016478680e-18 3.439670088428622142e-19 7.528735039633978492e-20 1.565262250405898511e-20 3.100139535175302090e-21 5.865776198051479051e-22 1.063099847143239095e-22 1.849380941053613568e-23 3.047616269149085750e-24 0.000000000000000000e+00
0.000000000000000000e+00 -6.689657567043601945e-30 7.438321472950493486e-29 2.783328231720508519e-28 6.855675301803457341e-27 5.841658953631215305e-26 7.086694933438007061e-25 6.970157095355896974e-24 6.956051665745641569e-23 6.481557499828886682e-22 5.763206598395715900e-21 4.830115656698576194e-20 3.817258114840484318e-19 2.809022036800553326e-18 1.928763889102604885e-17 1.215371118437314777e-16 7.000822961366441483e-16 3.638243789193099264e-15 1.673400961042814716e-14 6.738060654411154974e-14 2.293299758256504283e-13 6.449823951766381730e-13 1.431173878455781537e-12 2.404873593946831711e-12 3.017456912864987168e-12 3.019217882131456587e-12 2.410305190701586914e-12 1.439391842595376471e-12 6.556733751974514066e-13 2.400819573191335077e-13 7.511521024178526522e-14 2.155512872940228630e-14 6.134429262464161561e-15 1.834579273309628119e-15 5.787099576541547590e-16 1.852145890461791021e-16 5.771470007065693697e-17 1.708844302255757437e-17 4.760518039680820466e-18 1.245483938084622661e-18 3.065421096014326846e-19 7.119019557369758038e-20 1.565262250405898210e-20 3.269104978170313147e-21 6.505867219212936117e-22 1.237337638194840860e-22 2.255127005286636572e-23 3.947197555614569954e-24 6.547945649598276368e-25 0.000000000000000000e+00
0.000000000000000000e+00 -1.971208641734542585e-30 1.154648650589464871e-29 -1.272553066507585979e-30 7.985041246035280239e-28 4.795128089826342586e-27 6.886597378471001284e-26 6.336427917055434846e-25 6.385052821857698806e-24 5.871252473227222620e-23 5.174489350316469730e-22 4.298131359986247861e-21 3.368455437654333379e-20 2.453327178409058588e-19 1.671636351364392404e-18 1.042736449481967377e-17 5.949389992134702453e-17 3.066986785406072021e-16 1.393299772689885152e-15 5.573688285521113987e-15 1.872942618854777671e-14 5.230265975513734405e-14 1.151286774213361780e-13 1.923897119579674487e-13 2.413240548873461026e-13 2.416475201518239199e-13 1.933897378622446468e-13 1.166597140635415147e-13 5.431068138293302089e-14 2.075538798153641881e-14 7.040000526760649104e-15 2.310653075220573817e-15 7.836983591468911012e-16 2.770924232304816876e-16 9.841043697333873574e-17 3.371298633303839106e-17 1.088194005703504362e-17 3.280929509667005686e-18 9.232979258322948838e-19 2.431554213515310458e-19 6.015413223610744881e-20 1.403502445253417833e-20 3.100139535175302466e-21 6.505867219212935176e-22 1.301372900166668175e-22 2.488783156294321652e-23 4.563522194694451584e-24 8.041326786746848505e-25 1.343855258789712985e-25 0.000000000000000000e+00
0.000000000000000000e+00 -4.717688605588850280e-31 2.006343307625018823e-30 -6.080210373788181546e-30 1.040163598871169441e-28 2.885414952998930366e-28 6.734775912201400869e-27 5.437473177953001125e-26 5.642960931700540406e-25 5.112830117539709911e-24 4.454041808567570559e-23 3.673384622071177472e-22 2.851663531739830329e-21 2.054344105266047683e-20 1.389455855948650407e-19 8.572858347178888996e-19 4.840406789080171024e-18 2.478534399968191981e-17 1.108369037676364847e-16 4.419964715641780332e-16 1.460769950940331349e-15 4.059169680573694465e-15 8.859028248211678585e-15 1.470605154685903092e-14 1.844442134925342106e-14 1.850075159765325914e-14 1.488057882018055953e-14 9.129365274946028840e-15 4.416529782412570981e-15 1.822568919092173495e-15 7.055889177607478067e-16 2.764469759885152775e-16 1.113265959176842806e-16 4.449278578785200823e-17 1.695671127296227683e-17 6.026055159023310837e-18 1.982519614411677333e-18 6.041982591792359685e-19 1.712324797222784559e-19 4.534269414528609868e-20 1.127231407453305989e-20 2.642610333347543364e-21 5.865776198051476229e-22 1.237337638194841095e-22 2.488783156294321946e-23 4.788380722998580286e-24 8.838822151481376158e-25 1.569152052472993638e-25 2.644534022417923339e-26 0.000000000000000000e+00
0.000000000000000000e+00 -1.022493171122996878e-31 3.706277325201318332e-31 -1.751583262346697835e-30 1.539308733293306310e-29 -3.253739282491229002e-30 6.875651575706024537e-28 4.339825507279046405e-27 4.803282997418111574e-26 4.311444943700420163e-25 3.670337857700290567e-24 3.029174485320955197e-23 2.319850303774301093e-22 1.653878519921205465e-21 1.110643420454879864e-20 6.773341837988428222e-20 3.778724340487531370e-19 1.928295107696331276e-18 8.433253394862652340e-18 3.377970524662468602e-17 1.089483005916565733e-16 3.027538463625476104e-16 6.545534458843840004e-16 1.076816512623129600e-15 1.351089560464457942e-15 1.360424387075347621e-15 1.105799400933234729e-15 6.999670268659574408e-16 3.632465746835002399e-16 1.704172600302433164e-16 7.887809772031885124e-17 3.690115946406971178e-17 1.688670250136032052e-17 7.265690888715226800e-18 2.877630641410183337e-18 1.043432732879932410e-18 3.472483451172064113e-19 1.066366119907845716e-19 3.040056925927774990e-20 8.092348058587324261e-21 2.021920617076406756e-21 4.764188006174589305e-22 1.063099847143238860e-22 2.255127005286636572e-23 4.563522194694452319e-24 8.838822151481383505e-25 1.643771258489178957e-25 2.943108880336744625e-26 5.009144050326519867e-27 0.000000000000000000e+00
0.000000000000000000e+00 -2.076519445947443749e-32 6.938690257324357650e-32 -3.849664615977145665e-31 2.497862924033377584e-30 -5.523271318267898826e-30 7.582269413862563939e-29 3.141057046334647442e-28 3.888171735205991841e-27 3.588979487063795743e-26 2.864415029847047007e-25 2.432358066709185643e-24 1.811751490474460161e-23 1.284451994360426288e-22 8.556202056635683628e-22 5.157437634662322424e-21 2.834064606730844625e-20 1.451727763041474849e-19 6.128875591375993511e-19 2.505713352317774445e-18 7.761133282973184638e-18 2.180245564521888058e-17 4.661723418589826229e-17 7.561399047579688842e-17 9.502092617066939346e-17 9.649731927964313930e-17 8.020768322696924410e-17 5.389740670205186981e-17 3.157221279462840842e-17 1.772685805636162464e-17 9.870779020899352952e-18 5.285619068155720015e-18 2.615075661350458034e-18 1.171803874119406312e-18 4.740962145144333437e-19 1.740320120472582669e-19 5.839417908704854952e-20 1.804742540462560551e-20 5.174097264546541490e-21 1.384681227029496152e-21 3.478181519766864838e-22 8.240443372553511463e-23 1.849380941053613274e-23 3.947197555614569220e-24 8.041326786746848505e-25 1.569152052472993638e-25 2.943108880336744051e-26 5.321790326989581117e-27 9.164118152844520332e-28 0.000000000000000000e+00
0.000000000000000000e+00 -3.942416140281866133e-33 1.272068245698828530e-32 -7.479468915338390079e-32 4.179666812836378133e-31 -1.353584129917118940e-30 9.000402691978241984e-30 2.035407052498201328e-29 2.784209592242139206e-28 3.093214265408250190e-27 2.016645522837628128e-26 1.935549790233609072e-25 1.339524073315840206e-24 9.635727566062118132e-24 6.326683213916661442e-23 3.778815295263913524e-22 2.031983125695303454e-21 1.060107811449772055e-20 4.210783750467787128e-20 1.814818784128545540e-19 5.227241074290031869e-19 1.518583172957392908e-18 3.201359720109293561e-18 5.064352466939749149e-18 6.389290902916383811e-18 6.610117799263295198e-18 5.752914599474142456e-18 4.304551611874400050e-18 3.009360426287105193e-18 2.049259370136293442e-18 1.317851944887783103e-18 7.668037828846738391e-19 3.959860248019550413e-19 1.814441624708304619e-19 7.435848825562918894e-20 2.753111660581422345e-20 9.299725257502866566e-21 2.891058833190932405e-21 8.334306935696404135e-22 2.242557382153375795e-22 5.664249885699970752e-23 1.349688958878804563e-23 3.047616269149087587e-24 6.547945649598279123e-25 1.343855258789713444e-25 2.644534022417923913e-26 5.009144050326519867e-27 9.164118152844518538e-28 1.601161441948065689e-28 0.000000000000000000e+00
0.000000000000000000e+00 0.000000000000000000e+00 0.000000000000000000e+00 0.000000000000000000e+00 0.000000000000000000e+00 0.000000000000000000e+00 0.000000000000000000e+00 0.000000000000000000e+00 0.000000000000000000e+00 0.000000000000000000e+00 0.000000000000000000e+00 0.000000000000000000e+00 0.000000000000000000e+00 0.000000000000000000e+00 0.000000000000000000e+00 0.000000000000000000e+00 0.000000000000000000e+00 0.000000000000000000e+00 0.000000000000000000e+00 0.000000000000000000e+00 0.000000000000000000e+00 0.000000000000000000e+00 0.000000000000000000e+00 0.000000000000000000e+00 0.000000000000000000e+00 0.000000000000000000e+00 0.000000000000000000e+00 0.000000000000000000e+00 0.000000000000000000e+00 0.000000000000000000e+00 0.000000000000000000e+00 0.000000000000000000e+00 0.000000000000000000e+00 0.000000000000000000e+00 0.000000000000000000e+00 0.000000000000000000e+00 0.000000000000000000e+00 0.000000000000000000e+00 0.000000000000000000e+00 0.000000000000000000e+00 0.000000000000000000e+00 0.000000000000000000e+00 0.000000000000000000e+00 0.000000000000000000e+00 0.000000000000000000e+00 0.000000000000000000e+00 0.000000000000000000e+00 0.000000000000000000e+00 0.000000000000000000e+00 0.000000000000000000e+00
