0.000000000000000000e+00 0.000000000000000000e+00 0.000000000000000000e+00 0.000000000000000000e+00 0.000000000000000000e+00 0.000000000000000000e+00 0.000000000000000000e+00 0.000000000000000000e+00 0.000000000000000000e+00 0.000000000000000000e+00 0.000000000000000000e+00 0.000000000000000000e+00 0.000000000000000000e+00 0.000000000000000000e+00 0.000000000000000000e+00 0.000000000000000000e+00 0.000000000000000000e+00 0.000000000000000000e+00 0.000000000000000000e+00 0.000000000000000000e+00 0.000000000000000000e+00 0.000000000000000000e+00 0.000000000000000000e+00 0.000000000000000000e+00 0.000000000000000000e+00 0.000000000000000000e+00 0.000000000000000000e+00 0.000000000000000000e+00 0.000000000000000000e+00 0.000000000000000000e+00 0.000000000000000000e+00 0.000000000000000000e+00 0.000000000000000000e+00 0.000000000000000000e+00 0.000000000000000000e+00 0.000000000000000000e+00 0.000000000000000000e+00 0.000000000000000000e+00 0.000000000000000000e+00 0.000000000000000000e+00 0.000000000000000000e+00 0.000000000000000000e+00 0.000000000000000000e+00 0.000000000000000000e+00 0.000000000000000000e+00 0.000000000000000000e+00 0.000000000000000000e+00 0.000000000000000000e+00 0.000000000000000000e+00 0.000000000000000000e+00
0.000000000000000000e+00 3.161104317981378598e-32 3.253158389856859418e-31 3.203833361573843190e-30 3.040137751459227383e-29 2.773629083056640923e-28 2.427374640273697406e-27 2.032444009237865459e-26 1.623439437586110722e-25 1.233017917643726059e-24 8.871875267465499000e-24 6.022074158600194632e-23 3.837623100149940296e-22 2.283139331511621675e-21 1.259838221300395786e-20 6.398192355833143931e-20 2.963248863808492908e-19 1.237796573651174355e-18 4.601376669423033329e-18 1.497647889585408703e-17 4.184505924312286272e-17 9.805570154044648841e-17 1.878877394093418959e-16 2.882233085955926789e-16 3.529460048901324581e-16 3.529460042705080522e-16 2.882233069449409736e-16 1.878877372974991052e-16 9.805569949344278859e-17 4.184505758032282273e-17 1.497647767587138177e-17 4.601375841327296674e-18 1.237796087194331880e-18 2.963246140738977581e-19 6.398178989422065967e-20 1.259832087915481946e-20 2.283113894270106510e-21 3.837525170059961163e-22 6.021726451850126415e-23 8.870723158196960006e-24 1.232661534871894133e-24 1.622401831406045306e-25 2.029599503608032907e-26 2.419977221384422011e-27 2.755391258462997378e-28 2.997213779557175361e-29 3.107514889356571584e-30 3.046094236222348924e-31 2.747652920504900146e-32 0.000000000000000000e+00
0.000000000000000000e+00 3.253158389856916346e-31 3.372259521081160781e-30 3.346359439425341518e-29 3.199181938501652577e-28 2.940643460119046490e-27 2.592745598668295999e-26 2.187088701563610368e-25 1.759955851925685262e-24 1.346644808155287129e-23 9.761610637787214922e-23 6.675528081542346352e-22 4.286007170877347449e-21 2.569202007942976076e-20 1.428516543961417582e-19 7.310788314161374828e-19 3.412242505689250103e-18 1.436486030063855872e-17 5.381543174759105814e-17 1.764928758701014344e-16 4.967003614758835154e-16 1.171461594979159101e-15 2.256218801173558813e-15 3.471864026468366008e-15 4.255391163584676741e-15 4.255391162868626120e-15 3.471864024600129209e-15 2.256218799073368114e-15 1.171461593565317227e-15 4.967003608588679711e-16 1.764928758761289233e-16 5.381543206122656173e-17 1.436486059476728549e-17 3.412242721034031124e-18 7.310789487872822967e-19 1.428517112115626427e-19 2.569204386460797567e-20 4.286016222001524152e-21 6.675559327791648921e-22 9.761710564241583039e-23 1.346674372933341401e-23 1.760038197258053778e-24 2.187303122919700966e-25 2.593278066693494941e-26 2.941888980242929980e-27 3.201988706257811874e-28 3.352358351675624287e-29 3.384697922741818704e-30 3.278108102560882662e-31 0.000000000000000000e+00
0.000000000000000000e+00 3.203833361573775227e-30 3.346359439425363378e-29 3.345930113171430804e-28 3.223058384678912317e-27 2.984891096111609701e-26 2.651460165170957260e-25 2.253254928969816182e-24 1.826623741929750594e-23 1.407965307253500269e-22 1.028125624934508980e-21 7.082673725821691688e-21 4.581002706218444837e-20 2.766428410188547458e-19 1.549691271122645101e-18 7.990856337038138827e-18 3.758104242363657787e-17 1.594231837937675844e-16 6.018301796802890980e-16 1.988635623516787577e-15 5.636789341192043724e-15 1.338011328860860931e-14 2.590224219739435044e-14 3.998174977638455674e-14 4.904738302658959900e-14 4.904738302696033207e-14 3.998174977726459734e-14 2.590224219704114901e-14 1.338011328489186749e-14 5.636789335318183846e-15 1.988635616573579805e-15 6.018301731684313562e-16 1.594231793614959877e-16 3.758103961902470055e-17 7.990854897588404031e-18 1.549690588231615831e-18 2.766425563430514796e-19 4.580991764058692166e-20 7.082635309776278917e-21 1.028113083329452049e-21 1.407927218692924659e-22 1.826515010053552917e-23 2.252963177711414755e-24 2.650717386300942449e-25 2.983100849683376076e-26 3.218934457643037498e-27 3.336886556765023883e-28 3.327321773779203222e-29 3.166050378706747596e-30 0.000000000000000000e+00
0.000000000000000000e+00 3.040137751459287359e-29 3.199181938501630157e-28 3.223058384678918416e-27 3.128011192935076486e-26 2.918428558656457770e-25 2.611517897057007196e-24 2.235504385927431884e-23 1.825336914517460439e-22 1.417067141915631454e-21 1.042150729676633504e-20 7.230300970277541290e-20 4.709691410381214169e-19 2.864391248787521929e-18 1.616060686797179056e-17 8.393299997199636706e-17 3.976188017884210948e-16 1.699164690602259337e-15 6.461759040681753002e-15 2.150723023061477486e-14 6.138775468822640362e-14 1.466348979200341837e-13 2.852938426266600379e-13 4.416970802066703962e-13 5.422818553294178007e-13 5.422818553249809945e-13 4.416970801949094772e-13 2.852938426199950342e-13 1.466348979341151363e-13 6.138775471697101826e-14 2.150723026882102821e-14 6.461759078395531539e-15 1.699164716556843742e-15 3.976188186443586131e-16 8.393300861845400829e-17 1.616061102175079889e-17 2.864392980269637252e-18 4.709698098607962591e-19 7.230324464447404572e-20 1.042158408136723545e-20 1.417090460933912774e-21 1.825403408555247996e-22 2.235682579532963281e-23 2.611970225095901397e-24 2.919515548654920397e-25 3.130502909097101371e-26 3.228494871306407270e-27 3.210545946973419611e-28 3.062543171723897933e-29 0.000000000000000000e+00
0.000000000000000000e+00 2.773629083056600565e-28 2.940643460119057970e-27 2.984891096111610275e-26 2.918428558656454556e-25 2.742875747293001730e-24 2.472196027766195762e-23 2.131344482877398139e-22 1.752534087266085738e-21 1.369995855850526310e-20 1.014448956295190301e-19 7.085980184825323603e-19 4.646896501387436536e-18 2.845279877263179722e-17 1.616146735945428040e-16 8.450987143192708237e-16 4.031101305129459302e-15 1.734628017549236427e-14 6.642840441815145989e-14 2.226368266218542825e-13 6.397275806263882723e-13 1.537393359723023112e-12 3.005731501880018373e-12 4.667037435896634387e-12 5.733913874642639361e-12 5.733913874667047652e-12 4.667037435965606226e-12 3.005731501927618013e-12 1.537393359659244781e-12 6.397275804826526151e-13 2.226368264175265096e-13 6.642840421108272979e-14 1.734628003288209929e-14 4.031101210414954392e-15 8.450986660052882571e-16 1.616146500726917359e-16 2.845278899148429050e-17 4.646892700435864293e-18 7.085966835669156604e-19 1.014444585421561019e-19 1.369982582980612686e-20 1.752496263158442481e-21 2.131243245987794853e-22 2.471939734586415269e-23 2.742261760657805561e-24 2.917028059460298348e-25 2.981852483824510449e-26 2.934340261531280294e-27 2.761307664043989955e-28 0.000000000000000000e+00
0.000000000000000000e+00 2.427374640273714626e-27 2.592745598668296573e-26 2.651460165170946699e-25 2.611517897057016012e-24 2.472196027766191942e-23 2.244057508975092543e-22 1.948134757720089326e-21 1.612818775333154598e-20 1.269209833912151583e-19 9.459867418160880420e-19 6.650409048300298376e-18 4.389028134743444303e-17 2.704358867691108689e-16 1.545778490590322681e-15 8.134136241770346619e-15 3.904730171207546441e-14 1.691108845618849137e-13 6.518472907706519911e-13 2.198935517134653545e-12 6.358466001125930320e-12 1.536915533809213051e-11 3.018784427379568802e-11 4.700200867704225361e-11 5.778173560481143175e-11 5.778173560476952988e-11 4.700200867687944120e-11 3.018784427372488006e-11 1.536915533849129039e-11 6.358466001840552169e-12 2.198935518148672367e-12 6.518472918023587657e-13 1.691108852665886987e-13 3.904730219073628774e-14 8.134136483317092974e-15 1.545778610092313389e-15 2.704359361719454719e-16 4.389030068708507085e-17 6.650415824142963491e-18 9.459889639691344408e-19 1.269216568410497922e-19 1.612837928020395861e-20 1.948185836399881883e-21 2.244186158843163348e-22 2.472502245367825735e-23 2.612210303902785640e-24 2.652946748034882608e-25 2.595788056697781261e-26 2.433227889580899599e-27 0.000000000000000000e+00
0.000000000000000000e+00 2.032444009237865459e-26 2.187088701563599348e-25 2.253254928969830141e-24 2.235504385927421598e-23 2.131344482877403312e-22 1.948134757720088198e-21 1.702707173117983956e-20 1.418932338103697948e-19 1.123785603214887567e-18 8.428112627227596106e-18 5.960961042308290868e-17 3.957278496023814308e-16 2.452478973034455387e-15 1.409848085157572454e-14 7.461290502008891515e-14 3.602356713581237072e-13 1.569256577928704612e-12 6.084620165023702270e-12 2.064822558787740422e-11 6.005580629294635610e-11 1.459454653280406604e-10 2.879140440411781099e-10 4.494201298167378201e-10 5.527591828433005199e-10 5.527591828424111973e-10 4.494201298146267517e-10 2.879140440381767367e-10 1.459454653235406687e-10 6.005580628795021105e-11 2.064822558225403008e-11 6.084620159884759512e-12 1.569256574602165467e-12 3.602356691150001214e-13 7.461290392125535348e-14 1.409848030226551092e-14 2.452478749476585459e-15 3.957277615341930890e-16 5.960957980582198480e-17 8.428102584353132508e-18 1.123782577102119925e-18 1.418923773106801026e-19 1.702684508586037945e-20 1.948078229387746213e-21 2.131211623953105703e-22 2.235208852692274961e-23 2.252633370630749670e-24 2.185849842401153542e-25 2.030139137350013625e-26 0.000000000000000000e+00
0.000000000000000000e+00 1.623439437586102456e-25 1.759955851925698486e-24 1.826623741929740014e-23 1.825336914517468198e-22 1.752534087266083481e-21 1.612818775333154899e-20 1.418932338103697948e-19 1.189965120797147761e-18 9.481980917041549983e-18 7.152878962611676990e-17 5.087417975787270672e-16 3.395571634154926616e-15 2.115320492791239218e-14 1.222189235240173848e-13 6.500441744206466286e-13 3.154105509191540902e-12 1.380926634088388814e-11 5.381983631904921391e-11 1.835958986255634696e-10 5.367756282167802213e-10 1.310811055158023747e-09 2.596160843212479445e-09 4.061717621745558774e-09 4.997291720065902335e-09 4.997291720049526640e-09 4.061717621703974750e-09 2.596160843171105525e-09 1.310811055143056328e-09 5.367756282242466637e-10 1.835958986456486298e-10 5.381983634013053867e-11 1.380926635482125784e-11 3.154105518753044791e-12 6.500441789630146525e-13 1.222189258176702001e-13 2.115320583636376813e-14 3.395571993514958409e-15 5.087419203470203154e-16 7.152882975996593560e-17 9.481992847133348602e-18 1.189968461567562012e-18 1.418941034000380363e-19 1.612840043941523703e-20 1.752582795794982820e-21 1.825441656293785632e-22 1.826834299961835597e-23 1.760350425116660569e-24 1.624112104259856864e-25 0.000000000000000000e+00
0.000000000000000000e+00 1.233017917643733406e-24 1.346644808155280370e-23 1.407965307253505676e-22 1.417067141915628633e-21 1.369995855850527213e-20 1.269209833912152306e-19 1.123785603214887374e-18 9.481980917041556146e-18 7.599208502810622416e-17 5.763832470255926763e-16 4.120459630074884171e-15 2.763384985543419534e-14 1.729262275437918166e-13 1.003407926628010268e-12 5.358778388572890605e-12 2.610665889332583297e-11 1.147646139420168111e-10 4.491465827296075240e-10 1.538782488074050422e-09 4.518597043582132667e-09 1.108055359373130279e-08 2.202128169904799246e-08 3.451863723903102319e-08 4.247523379495335777e-08 4.247523379560284675e-08 3.451863724076278206e-08 2.202128170105352163e-08 1.108055359524753974e-08 4.518597044493665023e-09 1.538782488497442405e-09 4.491465828698593573e-10 1.147646139724715204e-10 2.610665888425263747e-11 5.358778379911613274e-12 1.003407920192664454e-12 1.729262247898723128e-13 2.763384866823560314e-14 4.120459221919767212e-15 5.763831113526335076e-16 7.599204525759041696e-17 9.481969926520999488e-18 1.123782825943747089e-18 1.269203298664250315e-19 1.369981725237691521e-20 1.417039178101428496e-21 1.407915913729812969e-22 1.346570595978373280e-23 1.232939414287626817e-24 0.000000000000000000e+00
0.000000000000000000e+00 8.871875267465468143e-24 9.761610637787241959e-23 1.028125624934507663e-21 1.042150729676634105e-20 1.014448956295190782e-19 9.459867418160878494e-19 8.428112627227608432e-18 7.152878962611674524e-17 5.763832470255925777e-16 4.393706648108713049e-15 3.155378235493636743e-14 2.124921958109224808e-13 1.334681445322193624e-12 7.770515432402924460e-12 4.162634325324201483e-11 2.033788976752208677e-10 8.965895988014250938e-10 3.519180677356738118e-09 1.209418106695385705e-08 3.563064591353166352e-08 8.765770975067878685e-08 1.746834912009525160e-07 2.742129826453472914e-07 3.373811795783718935e-07 3.373811795755509032e-07 2.742129826365843650e-07 1.746834911888627089e-07 8.765770973824196090e-08 3.563064590281028444e-08 1.209418106026626558e-08 3.519180674094367147e-09 8.965895974658719946e-10 2.033788972396753526e-10 4.162634312535412126e-11 7.770515407706922206e-12 1.334681441571225198e-12 2.124921965558193473e-13 3.155378290341111582e-14 4.393706910509039243e-15 5.763833318817472276e-16 7.152881439111894743e-17 8.428118725971488214e-18 9.459880756900784352e-19 1.014451387400590915e-19 1.042154028007888264e-20 1.028126618421639997e-21 9.761475396266242746e-23 8.871238027169545372e-24 0.000000000000000000e+00
0.000000000000000000e+00 6.022074158600206387e-23 6.675528081542336948e-22 7.082673725821696202e-21 7.230300970277541290e-20 7.085980184825322640e-19 6.650409048300304539e-18 5.960961042308283473e-17 5.087417975787274617e-16 4.120459630074883382e-15 3.155378235493636743e-14 2.275155690828299232e-13 1.537400400259205730e-12 9.683956301322526243e-12 5.650920378483774681e-11 3.032695563301442281e-10 1.483915091504065223e-09 6.550347404097218128e-09 2.574478127883930183e-08 8.861114502293064606e-08 2.615325658782585260e-07 6.447049044799745522e-07 1.287019329191143408e-06 2.021931781957928674e-06 2.486643762880565895e-06 2.486643762698592302e-06 2.021931781488184954e-06 1.287019328672691693e-06 6.447049041258605701e-07 2.615325656999422617e-07 8.861114494873468916e-08 2.574478125457821688e-08 6.550347398177066632e-09 1.483915090519374740e-09 3.032695563529363110e-10 5.650920384938085993e-11 9.683956335157948534e-12 1.537400408774153680e-12 2.275155712725334641e-13 3.155378265699040025e-14 4.120459672968268192e-15 5.087417980442935450e-16 5.960961109420486934e-17 6.650409774673354224e-18 7.085984806755361280e-19 7.230320843050564252e-20 7.082744227821352523e-21 6.675745549211236034e-22 6.022674103232906772e-23 0.000000000000000000e+00
0.000000000000000000e+00 3.837623100149940767e-22 4.286007170877345192e-21 4.581002706218450855e-20 4.709691410381209354e-19 4.646896501387442699e-18 4.389028134743440605e-17 3.957278496023819732e-16 3.395571634154924250e-15 2.763384985543419534e-14 2.124921958109224555e-13 1.537400400259206336e-12 1.041631893235160321e-11 6.573362241286918483e-11 3.839923947632505203e-10 2.061532876651084039e-09 1.008497985980254852e-08 4.449083857725176155e-08 1.747382754117683692e-07 6.011155730006217292e-07 1.773955453003677772e-06 4.374364130157411017e-06 8.736346055518022895e-06 1.372383322084051971e-05 1.686391724375138894e-05 1.686391724846785474e-05 1.372383323357875004e-05 8.736346070375465293e-06 4.374364141710256015e-06 1.773955460342118811e-06 6.011155768034138388e-07 1.747382770439685390e-07 4.449083917771777876e-08 1.008498005332279452e-08 2.061532931932584290e-09 3.839924090258794035e-10 6.573362573419586425e-11 1.041631964826874610e-11 1.537400540401483420e-12 2.124922216053588169e-13 2.763385410096535277e-14 3.395572268905532071e-15 3.957279203697875748e-16 4.389028291447105856e-17 4.646893739198829306e-18 4.709678763882078230e-19 4.580960909523788256e-20 4.285887724244352599e-21 3.837313864953435011e-22 0.000000000000000000e+00
0.000000000000000000e+00 2.283139331511620547e-21 2.569202007942981492e-20 2.766428410188542162e-19 2.864391248787527707e-18 2.845279877263177873e-17 2.704358867691111154e-16 2.452478973034454992e-15 2.115320492791240796e-14 1.729262275437918923e-13 1.334681445322193422e-12 9.683956301322524627e-12 6.573362241286915898e-11 4.151580804591882958e-10 2.424553688060924413e-09 1.299947123036985425e-08 6.344987066225872570e-08 2.790875881876548341e-07 1.092489715626533101e-06 3.746105057679859178e-06 1.102488849946358960e-05 2.713183176534489480e-05 5.411195717394146358e-05 8.489379453054568710e-05 1.041733761723160956e-04 1.041733761101094403e-04 8.489379435737852886e-05 5.411195696612231622e-05 2.713183159378705511e-05 1.102488838108848211e-05 3.746104993246484279e-06 1.092489686484086301e-06 2.790875768586289222e-07 6.344986680370741650e-08 1.299947006022396519e-08 2.424553367546615997e-09 4.151580004193405814e-10 6.573360398949995188e-11 9.683952377131454110e-12 1.334680664270673505e-12 1.729260824925500699e-13 2.115317961825407606e-14 2.452474866511961679e-15 2.704352718393736865e-16 2.845271766109520475e-17 2.864382939442127495e-18 2.766426359956046787e-19 2.569223715342144840e-20 2.283226385065012770e-21 0.000000000000000000e+00
0.000000000000000000e+00 1.259838221300397290e-20 1.428516543961415656e-19 1.549691271122647990e-18 1.616060686797177515e-17 1.616146735945428533e-16 1.545778490590322089e-15 1.409848085157573558e-14 1.222189235240174353e-13 1.003407926628009864e-12 7.770515432402926076e-12 5.650920378483774034e-11 3.839923947632505720e-10 2.424553688060924413e-09 1.413518618104405973e-08 7.554338091025721251e-08 3.670121483171681109e-07 1.604885498232484492e-06 6.240674219415853362e-06 2.125326123825566215e-05 6.215507238345589520e-05 1.521649648536681687e-04 3.022822414167076056e-04 4.728126757377712117e-04 5.789496457456727975e-04 5.789496462757733920e-04 4.728126772621574605e-04 3.022822432915856254e-04 1.521649664785796913e-04 6.215507357091985428e-05 2.125326189861307137e-05 6.240674526884384080e-06 1.604885621004281239e-06 3.670121912045702184e-07 7.554339425658343552e-08 1.413518993275813880e-08 2.424554650947774965e-09 3.839926225561418163e-10 5.650925379836893830e-11 7.770525697191543249e-12 1.003409903695245821e-12 1.222192828275779195e-13 1.409854252926275906e-14 1.545788514896044393e-15 1.616162099427544283e-16 1.616082738813975089e-17 1.549720254383941811e-18 1.428549582259046265e-19 1.259864559989396333e-20 0.000000000000000000e+00
0.000000000000000000e+00 6.398192355833136709e-20 7.310788314161381569e-19 7.990856337038134204e-18 8.393299997199640404e-17 8.450987143192707251e-16 8.134136241770346619e-15 7.461290502008892777e-14 6.500441744206470325e-13 5.358778388572893029e-12 4.162634325324199545e-11 3.032695563301442798e-10 2.061532876651084039e-09 1.299947123036985591e-08 7.554338091025719928e-08 4.016019765974264369e-07 1.936716923484245880e-06 8.390018333141504098e-06 3.227182218679315882e-05 1.086366436690410083e-04 3.141536920974981393e-04 7.616041317095719951e-04 1.501433187383051067e-03 2.335621348873637843e-03 2.850768774479369144e-03 2.850768771433387274e-03 2.335621339731550582e-03 1.501433175847577753e-03 7.616041212213143802e-04 3.141536840552883376e-04 1.086366391707432508e-04 3.227182004676183583e-05 8.390017466057160929e-06 1.936716616386972244e-06 4.016018796927428614e-07 7.554335329342972293e-08 1.299946404223764382e-08 2.061531151744092091e-09 3.032691718417516540e-10 4.162626309977831616e-11 5.358762681223993299e-12 6.500412659905166415e-13 7.461239450337102815e-14 8.134050989076192139e-15 8.450851527210720339e-16 8.393094297843740213e-17 7.990559603849723485e-18 7.310383616583874809e-19 6.397684999012906506e-20 0.000000000000000000e+00
0.000000000000000000e+00 2.963248863808495315e-19 3.412242505689249718e-18 3.758104242363658403e-17 3.976188017884208976e-16 4.031101305129460091e-15 3.904730171207545178e-14 3.602356713581237072e-13 3.154105509191541710e-12 2.610665889332583620e-11 2.033788976752208160e-10 1.483915091504065223e-09 1.008497985980255018e-08 6.344987066225872570e-08 3.670121483171679520e-07 1.936716923484244609e-06 9.243090197870823963e-06 3.950666000358659123e-05 1.495258826067933852e-04 4.944130652463029057e-04 1.404084112241752672e-03 3.348617124475278522e-03 6.515606002158258123e-03 1.004326650282474920e-02 1.220005569299898590e-02 1.220005570437009655e-02 1.004326653939185444e-02 6.515606049751043738e-03 3.348617170124685086e-03 1.404084148818082311e-03 4.944130854669111881e-04 1.495258924210093941e-04 3.950666399265770893e-05 9.243091618082311642e-06 1.936717373687271780e-06 3.670122770824031272e-07 6.344990428002766123e-08 1.008498794686403019e-08 1.483916897883799669e-09 2.033792748717717810e-10 2.610673293777049680e-11 3.154119245130406177e-12 3.602380892964642753e-13 3.904770724286185890e-14 4.031166289788456165e-15 3.976287783325581666e-16 3.758251131878040294e-17 3.412449914679076599e-18 2.963525378826301451e-19 0.000000000000000000e+00
0.000000000000000000e+00 1.237796573651174355e-18 1.436486030063856488e-17 1.594231837937676337e-16 1.699164690602258942e-15 1.734628017549237689e-14 1.691108845618849390e-13 1.569256577928704208e-12 1.380926634088389137e-11 1.147646139420167336e-10 8.965895988014250938e-10 6.550347404097215646e-09 4.449083857725176155e-08 2.790875881876546753e-07 1.604885498232483433e-06 8.390018333141507486e-06 3.950666000358659123e-05 1.658511766582621645e-04 6.137739750839550602e-04 1.977215766556345792e-03 5.462085696802274938e-03 1.269173906869404400e-02 2.417390970832593994e-02 3.671482212219762814e-02 4.428046384777060279e-02 4.428046382462221681e-02 3.671482203496198582e-02 2.417390958927638847e-02 1.269173894611440138e-02 5.462085594246606120e-03 1.977215712502440343e-03 6.137739481006563268e-04 1.658511659180046856e-04 3.950665621035603003e-05 8.390017149076971139e-06 1.604885166779584833e-06 2.790875040914879143e-07 4.449081909867558265e-08 6.550343261874761008e-09 8.965887865427046306e-10 1.147644666732859918e-10 1.380924161850748478e-11 1.569252739327318479e-12 1.691103352364808800e-13 1.734620842278241436e-14 1.699156306204996135e-15 1.594223515831806598e-16 1.436480124618274424e-17 1.237796658948699337e-18 0.000000000000000000e+00
0.000000000000000000e+00 4.601376669423035640e-18 5.381543174759102733e-17 6.018301796802889994e-16 6.461759040681756946e-15 6.642840441815145989e-14 6.518472907706519911e-13 6.084620165023704694e-12 5.381983631904916868e-11 4.491465827296075240e-10 3.519180677356738945e-09 2.574478127883929190e-08 1.747382754117682633e-07 1.092489715626533101e-06 6.240674219415848280e-06 3.227182218679316560e-05 1.495258826067933581e-04 6.137739750839547349e-04 2.205433242133192535e-03 6.852124986409536753e-03 1.817617586073094066e-02 4.056882828162112348e-02 7.468713963706684333e-02 1.107749757502790311e-01 1.321375786095828619e-01 1.321375786130172814e-01 1.107749758243370547e-01 7.468713975446535092e-02 4.056882842378607690e-02 1.817617598599997539e-02 6.852125038303044473e-03 2.205433271309658032e-03 6.137739846962979914e-04 1.495258856846464618e-04 3.227182293071383773e-05 6.240674342774797678e-06 1.092489716283055633e-06 1.747382655584790981e-07 2.574477622259819520e-08 3.519178881210459935e-09 4.491460540357818216e-10 5.381969956210333653e-11 6.084588184457311629e-12 6.518404165820829208e-13 6.642703097548405726e-14 6.461501915255343456e-15 6.017847905929311416e-16 5.380784161485603866e-17 4.600187699057749160e-18 0.000000000000000000e+00
0.000000000000000000e+00 1.497647889585407470e-17 1.764928758701016809e-16 1.988635623516786788e-15 2.150723023061477170e-14 2.226368266218542825e-13 2.198935517134652737e-12 2.064822558787739129e-11 1.835958986255635730e-10 1.538782488074050215e-09 1.209418106695386202e-08 8.861114502293063282e-08 6.011155730006218351e-07 3.746105057679857907e-06 2.125326123825565199e-05 1.086366436690410354e-04 4.944130652463027973e-04 1.977215766556345792e-03 6.852124986409536753e-03 2.030343569130224624e-02 5.086844071026058040e-02 1.068765339085658156e-01 1.865208906958049917e-01 2.663378420915328837e-01 3.122333623695921490e-01 3.122333624527590668e-01 2.663378422324567674e-01 1.865208908601536653e-01 1.068765340494634425e-01 5.086844083256901461e-02 2.030343580170958229e-02 6.852125027509162192e-03 1.977215792608688801e-03 4.944130759798542147e-04 1.086366484251251931e-04 2.125326314072897518e-05 3.746105760098675259e-06 6.011158099109953858e-07 8.861121793564595236e-08 1.209420161792221665e-08 1.538787820657266161e-09 1.835971798347306499e-10 2.064851223206573570e-11 2.198995552560813525e-12 2.226486546295644611e-13 2.150943185446753801e-14 1.989024305863866726e-15 1.765581619625083541e-16 1.498678408613561089e-17 0.000000000000000000e+00
0.000000000000000000e+00 4.184505924312289353e-17 4.967003614758831209e-16 5.636789341192044513e-15 6.138775468822635314e-14 6.397275806263880703e-13 6.358466001125927897e-12 6.005580629294634317e-11 5.367756282167800145e-10 4.518597043582133494e-09 3.563064591353166352e-08 2.615325658782585260e-07 1.773955453003678195e-06 1.102488849946358790e-05 6.215507238345586809e-05 3.141536920974982478e-04 1.404084112241753106e-03 5.462085696802273203e-03 1.817617586073093025e-02 5.086844071026054570e-02 1.182642085235349333e-01 2.279911370080847932e-01 3.670419974301339927e-01 4.939320851204535567e-01 5.634034145547875960e-01 5.634034144902128061e-01 4.939320849356685361e-01 3.670419971324189734e-01 2.279911366358545743e-01 1.182642081694415537e-01 5.086844051651954329e-02 1.817617579120357069e-02 5.462085648126533549e-03 1.404084090607844032e-03 3.141536801108270978e-04 6.215506684269968686e-05 1.102488620570261884e-05 1.773954615991923530e-06 2.615322935031343873e-07 3.563056595053590021e-08 4.518575641647412431e-09 5.367703576327561692e-10 6.005460257322434743e-11 6.358209332780328202e-12 6.396761880136420797e-13 6.137804354557233188e-14 5.635050118247833342e-15 4.964041367060090186e-16 4.179766376342583119e-17 0.000000000000000000e+00
0.000000000000000000e+00 9.805570154044646376e-17 1.171461594979158903e-15 1.338011328860861246e-14 1.466348979200341837e-13 1.537393359723022708e-12 1.536915533809212728e-11 1.459454653280406087e-10 1.310811055158024368e-09 1.108055359373130113e-08 8.765770975067872068e-08 6.447049044799742346e-07 4.374364130157411017e-06 2.713183176534490157e-05 1.521649648536681687e-04 7.616041317095722119e-04 3.348617124475280257e-03 1.269173906869405094e-02 4.056882828162110960e-02 1.068765339085658017e-01 2.279911370080848765e-01 3.944896396142366091e-01 5.704908490176944236e-01 7.078104733122103642e-01 7.767635373183717773e-01 7.767635370877955525e-01 7.078104728025557124e-01 5.704908484432064109e-01 3.944896390888891768e-01 2.279911365335070550e-01 1.068765335094354618e-01 4.056882808946673385e-02 1.269173902265651778e-02 3.348617122715094943e-03 7.616041438357662495e-04 1.521649733482784573e-04 2.713183598527155917e-05 4.374365803598514046e-06 6.447054735506871384e-07 8.765788100589132090e-08 1.108060012172244283e-08 1.310822627253306615e-09 1.459481273693396157e-10 1.536972631967123836e-11 1.537508297666369816e-12 1.466567296230538087e-13 1.338404407059206506e-14 1.172134807410723723e-15 9.816406255442257443e-17 0.000000000000000000e+00
0.000000000000000000e+00 1.878877394093419205e-16 2.256218801173558024e-15 2.590224219739435044e-14 2.852938426266599874e-13 3.005731501880018373e-12 3.018784427379570740e-11 2.879140440411780065e-10 2.596160843212479445e-09 2.202128169904797922e-08 1.746834912009524366e-07 1.287019329191142137e-06 8.736346055518021201e-06 5.411195717394140937e-05 3.022822414167074430e-04 1.501433187383051284e-03 6.515606002158255521e-03 2.417390970832595035e-02 7.468713963706681558e-02 1.865208906958049639e-01 3.670419974301339372e-01 5.704908490176946456e-01 7.424617082137748847e-01 8.538157675821524961e-01 9.038944378987763262e-01 9.038944378841169414e-01 8.538157675860225115e-01 7.424617083237116111e-01 5.704908493275376857e-01 3.670419977766647968e-01 1.865208907807753280e-01 7.468713955670727711e-02 2.417390964012183785e-02 6.515605954719129976e-03 1.501433164408472231e-03 3.022822326460523424e-04 5.411195423916464559e-05 8.736345212291665423e-06 1.287019113403569382e-06 1.746834418484786619e-07 2.202127155411903072e-08 2.596158970927135898e-09 2.879137368654519612e-10 3.018780070218490214e-11 3.005726573865835213e-12 2.852935386076722990e-13 2.590228690033980386e-14 2.256241463583398975e-15 1.878934022934367088e-16 0.000000000000000000e+00
0.000000000000000000e+00 2.882233085955926296e-16 3.471864026468367586e-15 3.998174977638456305e-14 4.416970802066704972e-13 4.667037435896631964e-12 4.700200867704226008e-11 4.494201298167378201e-10 4.061717621745556292e-09 3.451863723903103643e-08 2.742129826453472385e-07 2.021931781957926556e-06 1.372383322084052479e-05 8.489379453054561933e-05 4.728126757377710491e-04 2.335621348873635240e-03 1.004326650282475440e-02 3.671482212219766283e-02 1.107749757502789756e-01 2.663378420915328282e-01 4.939320851204530016e-01 7.078104733122099201e-01 8.538157675821520520e-01 9.317327119718501471e-01 9.625066649581417444e-01 9.625066654512703934e-01 9.317327132263969469e-01 8.538157691560074314e-01 7.078104751305577258e-01 4.939320869214524623e-01 2.663378433467247786e-01 1.107749763061809667e-01 3.671482222001446610e-02 1.004326647109460291e-02 2.335621291639236163e-03 4.728126403690653093e-04 8.489377784208883694e-05 1.372382674688955658e-05 2.021929601901812033e-06 2.742123285357578609e-07 3.451845931376103718e-08 4.061673192473339142e-09 4.494098481602681743e-10 4.699978695190137224e-11 4.666586382527405510e-12 4.416105999441026203e-13 3.996602210412954066e-14 3.469141846524886536e-15 2.877804598955801389e-16 0.000000000000000000e+00
0.000000000000000000e+00 3.529460048901323595e-16 4.255391163584674374e-15 4.904738302658966211e-14 5.422818553294180027e-13 5.733913874642640977e-12 5.778173560481146406e-11 5.527591828433007267e-10 4.997291720065900681e-09 4.247523379495338424e-08 3.373811795783717876e-07 2.486643762880565895e-06 1.686391724375139572e-05 1.041733761723160549e-04 5.789496457456729060e-04 2.850768774479368276e-03 1.220005569299898243e-02 4.428046384777054034e-02 1.321375786095828064e-01 3.122333623695921490e-01 5.634034145547873740e-01 7.767635373183712222e-01 9.038944378987763262e-01 9.625066649581406342e-01 9.830737796938116002e-01 9.830737805977293187e-01 9.625066672904692977e-01 9.038944408865130509e-01 7.767635405833747120e-01 5.634034177825070211e-01 3.122333650421178497e-01 1.321375803582010844e-01 4.428046473075906292e-02 1.220005608745601718e-02 2.850768920025834215e-03 5.789496919648348672e-04 1.041733889328978849e-04 1.686392023485037189e-05 2.486644347602878324e-06 3.373812647359466410e-07 4.247523841300288688e-08 4.997289205475481916e-09 5.527579045470357270e-10 5.778133248581856674e-11 5.733809827445320860e-12 5.422581710666232148e-13 4.904247107915677883e-14 4.254446748032624420e-15 3.527790085896092606e-16 0.000000000000000000e+00
0.000000000000000000e+00 3.529460042705084466e-16 4.255391162868620598e-15 4.904738302696036363e-14 5.422818553249803887e-13 5.733913874667043613e-12 5.778173560476956219e-11 5.527591828424105769e-10 4.997291720049526640e-09 4.247523379560285337e-08 3.373811795755507444e-07 2.486643762698593572e-06 1.686391724846785474e-05 1.041733761101094267e-04 5.789496462757730668e-04 2.850768771433387274e-03 1.220005570437009308e-02 4.428046382462222375e-02 1.321375786130171981e-01 3.122333624527587892e-01 5.634034144902123620e-01 7.767635370877951084e-01 9.038944378841170524e-01 9.625066654512703934e-01 9.830737805977296517e-01 9.830737816854436817e-01 9.625066684172476350e-01 9.038944418675515236e-01 7.767635414112032954e-01 5.634034187643340852e-01 3.122333663092250466e-01 1.321375816680276649e-01 4.428046577579645982e-02 1.220005675343801242e-02 2.850769271762641863e-03 5.789498505337776742e-04 1.041734513557990158e-04 1.686394207596632385e-05 2.486651235568124985e-06 3.373832448956627856e-07 4.247576217650622726e-08 4.997417663624788798e-09 5.527873099535080257e-10 5.778765034640592997e-11 5.735090091806349930e-12 5.425039007498992951e-13 4.908731074745862026e-14 4.262247406418027827e-15 3.540562482202805070e-16 0.000000000000000000e+00
0.000000000000000000e+00 2.882233069449408750e-16 3.471864024600131970e-15 3.998174977726459734e-14 4.416970801949094267e-13 4.667037435965604610e-12 4.700200867687943474e-11 4.494201298146264415e-10 4.061717621703973096e-09 3.451863724076274897e-08 2.742129826365843120e-07 2.021931781488184530e-06 1.372383323357874666e-05 8.489379435737859662e-05 4.728126772621575689e-04 2.335621339731552316e-03 1.004326653939185618e-02 3.671482203496198582e-02 1.107749758243370547e-01 2.663378422324568229e-01 4.939320849356682586e-01 7.078104728025551573e-01 8.538157675860224005e-01 9.317327132263961698e-01 9.625066672904701859e-01 9.625066684172470799e-01 9.317327162464386081e-01 8.538157720033988651e-01 7.078104777026712480e-01 4.939320897768732510e-01 2.663378468189896986e-01 1.107749798534799213e-01 3.671482506899333836e-02 1.004326830653472918e-02 2.335622271493629099e-03 4.728130863200310802e-04 8.489395483063002363e-05 1.372388910406580459e-05 2.021949384667436193e-06 2.742180452250854320e-07 3.451997834854740760e-08 4.062047288994378097e-09 4.494958067330173389e-10 4.701832061627646146e-11 4.670354634302782181e-12 4.423361887673234789e-13 4.009883812260929484e-14 3.492318473763581420e-15 2.915863697567326358e-16 0.000000000000000000e+00
0.000000000000000000e+00 1.878877372974990559e-16 2.256218799073368509e-15 2.590224219704114270e-14 2.852938426199949332e-13 3.005731501927617609e-12 3.018784427372486068e-11 2.879140440381766333e-10 2.596160843171105111e-09 2.202128170105350840e-08 1.746834911888626030e-07 1.287019328672691481e-06 8.736346070375466987e-06 5.411195696612232977e-05 3.022822432915856796e-04 1.501433175847578620e-03 6.515606049751045473e-03 2.417390958927638153e-02 7.468713975446540643e-02 1.865208908601536653e-01 3.670419971324188069e-01 5.704908484432062998e-01 7.424617083237116111e-01 8.538157691560076534e-01 9.038944408865132729e-01 9.038944418675514125e-01 8.538157720033991982e-01 7.424617129768761314e-01 5.704908537434663085e-01 3.670420023277382593e-01 1.865208958567753095e-01 7.468714455558661536e-02 2.417391362135730762e-02 6.515608526728122046e-03 1.501434547042506404e-03 3.022828672405839965e-04 5.411220834437449427e-05 8.736435541202769499e-06 1.287048022778955267e-06 1.746918678219999547e-07 2.202352928586425729e-08 2.596719533576529079e-09 2.880435674902973677e-10 3.021601142886420071e-11 3.011505957613260542e-12 2.864146535567451623e-13 2.610899725253428917e-14 2.292570163491846715e-15 1.938991405555570056e-16 0.000000000000000000e+00
0.000000000000000000e+00 9.805569949344268998e-17 1.171461593565316832e-15 1.338011328489186275e-14 1.466348979341151363e-13 1.537393359659243973e-12 1.536915533849129039e-11 1.459454653235405136e-10 1.310811055143056328e-09 1.108055359524753974e-08 8.765770973824193443e-08 6.447049041258609937e-07 4.374364141710251780e-06 2.713183159378704156e-05 1.521649664785796371e-04 7.616041212213145971e-04 3.348617170124687254e-03 1.269173894611438924e-02 4.056882842378609078e-02 1.068765340494633870e-01 2.279911366358544911e-01 3.944896390888893989e-01 5.704908493275384629e-01 7.078104751305583919e-01 7.767635405833749340e-01 7.767635414112034065e-01 7.078104777026714700e-01 5.704908537434664195e-01 3.944896441639951790e-01 2.279911417144216967e-01 1.068765392496908023e-01 4.056883375874666825e-02 1.269174356941062121e-02 3.348620083600716696e-03 7.616057482808492266e-04 1.521657154603043411e-04 2.713213535589117549e-05 4.374472984791346083e-06 6.447400128416999538e-07 8.766801492302784241e-08 1.108333301808175889e-08 1.311505420392176276e-09 1.461072327747476804e-10 1.540450396854448814e-11 1.544674460935862926e-12 1.480547724346041566e-13 1.364325163981529204e-14 1.217938720348663957e-15 1.057749046855412909e-16 0.000000000000000000e+00
0.000000000000000000e+00 4.184505758032282273e-17 4.967003608588682669e-16 5.636789335318187002e-15 6.138775471697101826e-14 6.397275804826524132e-13 6.358466001840549746e-12 6.005580628795018520e-11 5.367756282242466637e-10 4.518597044493663368e-09 3.563064590281028444e-08 2.615325656999422088e-07 1.773955460342119870e-06 1.102488838108848041e-05 6.215507357091985428e-05 3.141536840552885002e-04 1.404084148818083178e-03 5.462085594246602650e-03 1.817617598599996498e-02 5.086844083256900073e-02 1.182642081694415120e-01 2.279911365335072493e-01 3.670419977766648523e-01 4.939320869214526843e-01 5.634034177825072431e-01 5.634034187643341962e-01 4.939320897768729179e-01 3.670420023277383148e-01 2.279911417144217523e-01 1.182642135030656794e-01 5.086844641999368338e-02 1.817618153420420823e-02 5.462090190972130645e-03 1.404087020643584108e-03 3.141552581645223560e-04 6.215579414432940216e-05 1.102517908470103142e-05 1.774059425385417538e-06 2.615660858693214728e-07 3.564049311316383518e-08 4.521257652422522329e-09 5.374419578484355027e-10 6.021151125634153139e-11 6.392607027892776678e-12 6.467864723813066270e-13 6.276984777374156192e-14 5.894011304140302799e-15 5.423321825378827577e-16 4.945649759790810533e-17 0.000000000000000000e+00
0.000000000000000000e+00 1.497647767587139409e-17 1.764928758761288740e-16 1.988635616573580593e-15 2.150723026882102190e-14 2.226368264175264591e-13 2.198935518148671559e-12 2.064822558225403008e-11 1.835958986456486298e-10 1.538782488497443026e-09 1.209418106026626558e-08 8.861114494873472887e-08 6.011155768034139447e-07 3.746104993246485549e-06 2.125326189861308153e-05 1.086366391707432644e-04 4.944130854669112965e-04 1.977215712502441210e-03 6.852125038303041003e-03 2.030343580170957188e-02 5.086844051651953635e-02 1.068765335094355728e-01 1.865208907807753558e-01 2.663378433467247230e-01 3.122333650421179607e-01 3.122333663092247136e-01 2.663378468189895321e-01 1.865208958567752817e-01 1.068765392496908578e-01 5.086844641999368338e-02 2.030344161249111185e-02 6.852130253009552224e-03 1.977219682272708494e-03 4.944154821153742092e-04 1.086379087199010953e-04 2.125383342715495444e-05 3.746332701952929391e-06 6.011964292041448135e-07 8.863710420440073155e-08 1.210179275250393929e-08 1.540838643241302026e-09 1.841113814990343546e-10 2.076892128955854827e-11 2.225472403612623255e-12 2.281416564066190781e-13 2.258910212589361670e-14 2.190813831016809656e-15 2.125178976865553824e-16 2.101203683789326942e-17 0.000000000000000000e+00
0.000000000000000000e+00 4.601375841327299756e-18 5.381543206122653091e-17 6.018301731684314548e-16 6.461759078395529961e-15 6.642840421108266668e-14 6.518472918023591696e-13 6.084620159884762743e-12 5.381983634013051929e-11 4.491465828698594607e-10 3.519180674094367974e-09 2.574478125457823343e-08 1.747382770439685390e-07 1.092489686484086513e-06 6.240674526884384080e-06 3.227182004676184261e-05 1.495258924210095296e-04 6.137739481006562184e-04 2.205433271309656731e-03 6.852125027509153518e-03 1.817617579120356722e-02 4.056882808946676855e-02 7.468713955670727711e-02 1.107749763061809528e-01 1.321375803582009456e-01 1.321375816680276094e-01 1.107749798534799351e-01 7.468714455558662924e-02 4.056883375874668907e-02 1.817618153420420823e-02 6.852130253009550490e-03 2.205437511624836443e-03 6.137769108436252549e-04 1.495276035526828143e-04 3.227269148671895734e-05 6.241058145614550729e-06 1.092640047483763420e-06 1.747911184681217029e-07 2.576163698309013146e-08 3.524105062710247000e-09 4.504747591273649381e-10 5.415282629459835053e-11 6.162684510950143362e-12 6.690486910464270278e-13 7.000715656962067352e-14 7.167575683903640713e-15 7.342588120245976500e-16 7.751517458778904798e-17 8.589635467000510554e-18 0.000000000000000000e+00
0.000000000000000000e+00 1.237796087194331880e-18 1.436486059476727624e-17 1.594231793614960123e-16 1.699164716556843348e-15 1.734628003288208982e-14 1.691108852665887492e-13 1.569256574602166275e-12 1.380926635482124815e-11 1.147646139724715592e-10 8.965895974658720980e-10 6.550347398177069940e-09 4.449083917771779199e-08 2.790875768586292398e-07 1.604885621004281662e-06 8.390017466057162623e-06 3.950666399265772926e-05 1.658511659180046042e-04 6.137739846962979914e-04 1.977215792608687933e-03 5.462085648126532682e-03 1.269173902265652645e-02 2.417390964012184132e-02 3.671482222001447304e-02 4.428046473075903516e-02 4.428046577579641818e-02 3.671482506899332449e-02 2.417391362135731109e-02 1.269174356941062294e-02 5.462090190972131512e-03 1.977219682272708494e-03 6.137769108436251465e-04 1.658530725893306366e-04 3.950771895668518793e-05 8.390534878339024155e-06 1.605108045033691324e-06 2.791732360242270120e-07 4.452059181334177246e-08 6.559764918552178843e-09 8.993280133138994241e-10 1.155014219305421823e-10 1.399387071227640237e-11 1.612564330304660013e-12 1.786705176145057185e-13 1.934034710634116700e-14 2.093733927921425950e-15 2.337373850722110505e-16 2.772095756308682188e-17 3.495272733467513843e-18 0.000000000000000000e+00
0.000000000000000000e+00 2.963246140738976618e-19 3.412242721034031509e-18 3.758103961902468823e-17 3.976188186443587610e-16 4.031101210414952814e-15 3.904730219073628143e-14 3.602356691150003233e-13 3.154105518753044387e-12 2.610665888425264070e-11 2.033788972396754560e-10 1.483915090519374533e-09 1.008498005332279783e-08 6.344986680370744297e-08 3.670121912045704302e-07 1.936716616386973091e-06 9.243091618082311642e-06 3.950665621035600970e-05 1.495258856846464347e-04 4.944130759798539979e-04 1.404084090607844032e-03 3.348617122715096678e-03 6.515605954719132578e-03 1.004326647109461158e-02 1.220005608745601371e-02 1.220005675343800028e-02 1.004326830653472918e-02 6.515608526728116842e-03 3.348620083600714961e-03 1.404087020643584108e-03 4.944154821153737755e-04 1.495276035526827329e-04 3.950771895668516082e-05 9.243658675294123112e-06 1.936985824921185680e-06 3.671253666885310114e-07 6.349271918699191783e-08 1.009968942557074151e-08 1.488533487679625065e-09 2.047149242441398332e-10 2.646510192605329404e-11 3.243813697579125280e-12 3.812875647942301004e-13 4.370089433499003199e-14 5.004068629610211530e-15 5.907301824784838220e-16 7.408485770368797878e-17 9.999937553549261477e-18 1.414576345590444183e-18 0.000000000000000000e+00
0.000000000000000000e+00 6.398178989422062355e-20 7.310789487872829708e-19 7.990854897588397868e-18 8.393300861845404526e-17 8.450986660052876654e-16 8.134136483317089819e-15 7.461290392125539135e-14 6.500441789630145516e-13 5.358778379911611658e-12 4.162634312535413418e-11 3.032695563529363627e-10 2.061532931932584703e-09 1.299947006022397347e-08 7.554339425658343552e-08 4.016018796927430203e-07 1.936717373687272627e-06 8.390017149076969445e-06 3.227182293071385806e-05 1.086366484251252202e-04 3.141536801108270978e-04 7.616041438357660327e-04 1.501433164408472664e-03 2.335621291639239198e-03 2.850768920025833347e-03 2.850769271762638394e-03 2.335622271493629533e-03 1.501434547042505754e-03 7.616057482808491182e-04 3.141552581645226270e-04 1.086379087199010817e-04 3.227269148671893702e-05 8.390534878339024155e-06 1.936985824921186104e-06 4.017259988602077237e-07 7.559457304817282420e-08 1.301855582589741164e-08 2.068012533994345242e-09 3.052882618803510950e-10 4.220734295934055726e-11 5.514190137101855143e-12 6.888897457326411186e-13 8.372976815254674524e-14 1.015191102064261984e-14 1.267872030641785343e-15 1.680851535064589129e-16 2.395366208156899332e-17 3.623317286391191505e-18 5.569922608873637614e-19 0.000000000000000000e+00
0.000000000000000000e+00 1.259832087915480743e-20 1.428517112115626668e-19 1.549690588231614868e-18 1.616061102175081122e-17 1.616146500726917606e-16 1.545778610092312995e-15 1.409848030226552354e-14 1.222189258176702253e-13 1.003407920192664656e-12 7.770515407706925438e-12 5.650920384938084701e-11 3.839924090258796103e-10 2.424553367546615997e-09 1.413518993275813218e-08 7.554335329342980234e-08 3.670122770824032331e-07 1.604885166779583350e-06 6.240674342774798525e-06 2.125326314072898534e-05 6.215506684269970041e-05 1.521649733482785386e-04 3.022822326460526676e-04 4.728126403690656346e-04 5.789496919648344335e-04 5.789498505337766984e-04 4.728130863200310260e-04 3.022828672405839423e-04 1.521657154603043953e-04 6.215579414432945637e-05 2.125383342715495106e-05 6.241058145614546494e-06 1.605108045033690901e-06 3.671253666885309585e-07 7.559457304817282420e-08 1.415597553632390445e-08 2.432205498076582598e-09 3.865653623284376333e-10 5.730523045363546366e-11 7.998544719142119216e-12 1.064232795045401389e-12 1.374034920205605450e-13 1.766243871894079661e-14 2.335458200993277069e-15 3.274060843434127711e-16 4.925204257246886843e-17 7.847970305484215566e-18 1.288439874688092565e-18 2.086745106455599262e-19 0.000000000000000000e+00
0.000000000000000000e+00 2.283113894270104629e-21 2.569204386460798470e-20 2.766425563430513352e-19 2.864392980269638407e-18 2.845278899148428434e-17 2.704359361719454226e-16 2.452478749476588220e-15 2.115320583636376498e-14 1.729262247898724390e-13 1.334681441571225804e-12 9.683956335157946918e-12 6.573362573419590302e-11 4.151580004193406848e-10 2.424554650947775379e-09 1.299946404223765374e-08 6.344990428002763476e-08 2.790875040914878084e-07 1.092489716283055845e-06 3.746105760098677377e-06 1.102488620570263578e-05 2.713183598527157272e-05 5.411195423916474045e-05 8.489377784208895891e-05 1.041733889328978714e-04 1.041734513557989210e-04 8.489395483063005073e-05 5.411220834437451460e-05 2.713213535589119243e-05 1.102517908470103650e-05 3.746332701952928967e-06 1.092640047483762784e-06 2.791732360242270120e-07 6.349271918699194430e-08 1.301855582589741826e-08 2.432205498076582598e-09 4.179453714112352569e-10 6.666336456517828380e-11 9.969907424297233736e-12 1.416265861740478376e-12 1.946360164600999569e-13 2.656743621393419443e-14 3.723454594981910778e-15 5.523761186838715881e-16 8.776353360819729723e-17 1.473462514122031106e-17 2.543362424670212395e-18 4.395523490292758334e-19 7.340342898231264191e-20 0.000000000000000000e+00
0.000000000000000000e+00 3.837525170059965865e-22 4.286016222001518886e-21 4.580991764058696981e-20 4.709698098607960665e-19 4.646892700435865063e-18 4.389030068708506469e-17 3.957277615341931383e-16 3.395571993514959198e-15 2.763384866823562207e-14 2.124921965558192716e-13 1.537400408774154488e-12 1.041631964826874449e-11 6.573360398949999066e-11 3.839926225561417129e-10 2.061531151744093332e-09 1.008498794686403681e-08 4.449081909867557604e-08 1.747382655584791246e-07 6.011158099109955975e-07 1.773954615991926071e-06 4.374365803598513199e-06 8.736345212291677281e-06 1.372382674688957522e-05 1.686392023485037189e-05 1.686394207596631368e-05 1.372388910406581645e-05 8.736435541202779663e-06 4.374472984791349471e-06 1.774059425385418173e-06 6.011964292041447076e-07 1.747911184681216765e-07 4.452059181334177246e-08 1.009968942557074978e-08 2.068012533994346896e-09 3.865653623284378401e-10 6.666336456517832258e-11 1.072448792280755586e-11 1.631735696169755536e-12 2.393209420302264020e-13 3.475986349869325282e-14 5.171571061350097915e-15 8.127972214465453072e-16 1.365268010389802807e-16 2.417443620571217725e-17 4.389746288105364411e-18 7.965921521994814859e-19 1.418817816518592249e-19 2.412330436902636217e-20 0.000000000000000000e+00
0.000000000000000000e+00 6.021726451850146399e-23 6.675559327791631994e-22 7.082635309776293963e-21 7.230324464447396146e-20 7.085966835669162382e-19 6.650415824142961180e-18 5.960957980582200945e-17 5.087419203470203154e-16 4.120459221919768001e-15 3.155378290341112213e-14 2.275155712725333632e-13 1.537400540401483017e-12 9.683952377131462187e-12 5.650925379836889953e-11 3.032691718417516540e-10 1.483916897883800496e-09 6.550343261874761835e-09 2.574477622259819851e-08 8.861121793564600530e-08 2.615322935031348638e-07 6.447054735506874561e-07 1.287019113403571499e-06 2.021929601901815421e-06 2.486644347602877901e-06 2.486651235568125408e-06 2.021949384667437040e-06 1.287048022778957384e-06 6.447400128417004832e-07 2.615660858693216846e-07 8.863710420440078449e-08 2.576163698309014138e-08 6.559764918552179670e-09 1.488533487679625892e-09 3.052882618803511467e-10 5.730523045363551536e-11 9.969907424297241814e-12 1.631735696169755738e-12 2.562926271621183622e-13 3.971907554746728094e-14 6.286638381665496222e-15 1.048501245318176151e-15 1.864516900532276440e-16 3.486528755655074931e-17 6.669147510678841016e-18 1.271793734577069432e-18 2.376511322999943753e-19 4.308370674419034239e-20 7.407507357065087917e-21 0.000000000000000000e+00
0.000000000000000000e+00 8.870723158197018781e-24 9.761710564241541897e-23 1.028113083329455247e-21 1.042158408136721288e-20 1.014444585421562945e-19 9.459889639691330926e-19 8.428102584353138671e-18 7.152882975996587397e-17 5.763831113526337048e-16 4.393706910509040820e-15 3.155378265699038763e-14 2.124922216053588169e-13 1.334680664270674515e-12 7.770525697191540018e-12 4.162626309977832908e-11 2.033792748717720395e-10 8.965887865427047340e-10 3.519178881210462830e-09 1.209420161792221996e-08 3.563056595053593992e-08 8.765788100589136060e-08 1.746834418484788737e-07 2.742123285357583374e-07 3.373812647359465351e-07 3.373832448956627327e-07 2.742180452250854849e-07 1.746918678220000870e-07 8.766801492302792181e-08 3.564049311316388151e-08 1.210179275250394591e-08 3.524105062710248654e-09 8.993280133138999411e-10 2.047149242441399883e-10 4.220734295934053787e-11 7.998544719142122448e-12 1.416265861740478780e-12 2.393209420302263515e-13 3.971907554746728094e-14 6.707311304383794206e-15 1.189839175126876023e-15 2.244323060218442776e-16 4.439778849258898750e-17 8.961008649208612139e-18 1.798647586928520637e-18 3.529564312846404282e-19 6.709489003760323888e-20 1.229815491281633517e-20 2.130760278119860044e-21 0.000000000000000000e+00
0.000000000000000000e+00 1.232661534871910480e-24 1.346674372933330822e-23 1.407927218692931477e-22 1.417090460933908636e-21 1.369982582980617802e-20 1.269216568410494310e-19 1.123782577102121658e-18 9.481992847133342439e-18 7.599204525759044161e-17 5.763833318817474248e-16 4.120459672968267403e-15 2.763385410096534961e-14 1.729260824925501962e-13 1.003409903695246023e-12 5.358762681223989261e-12 2.610673293777054203e-11 1.147644666732860564e-10 4.491460540357822352e-10 1.538787820657266781e-09 4.518575641647417394e-09 1.108060012172243952e-08 2.202127155411904727e-08 3.451845931376107026e-08 4.247523841300288688e-08 4.247576217650620741e-08 3.451997834854742084e-08 2.202352928586427715e-08 1.108333301808176551e-08 4.521257652422525638e-09 1.540838643241302646e-09 4.504747591273653517e-10 1.155014219305422728e-10 2.646510192605330696e-11 5.514190137101853528e-12 1.064232795045401591e-12 1.946360164600999569e-13 3.475986349869324020e-14 6.286638381665496222e-15 1.189839175126876023e-15 2.386766760654091337e-16 5.006436429721797905e-17 1.068441318821264834e-17 2.261628351902430589e-18 4.668950127650384714e-19 9.316343159674961237e-20 1.789890661738373641e-20 3.305777223517631364e-21 5.761848584781255746e-22 0.000000000000000000e+00
0.000000000000000000e+00 1.622401831406087091e-25 1.760038197258028431e-24 1.826515010053571137e-23 1.825403408555236241e-22 1.752496263158451508e-21 1.612837928020388338e-20 1.418923773106804637e-19 1.189968461567560664e-18 9.481969926521001028e-18 7.152881439111895975e-17 5.087417980442934464e-16 3.395572268905531677e-15 2.115317961825409500e-14 1.222192828275778690e-13 6.500412659905164396e-13 3.154119245130411024e-12 1.380924161850748316e-11 5.381969956210336238e-11 1.835971798347307016e-10 5.367703576327565828e-10 1.310822627253306202e-09 2.596158970927136311e-09 4.061673192473343278e-09 4.997289205475482743e-09 4.997417663624787143e-09 4.062047288994378924e-09 2.596719533576530320e-09 1.311505420392177103e-09 5.374419578484353993e-10 1.841113814990344321e-10 5.415282629459839577e-11 1.399387071227642014e-11 3.243813697579128916e-12 6.888897457326413206e-13 1.374034920205605450e-13 2.656743621393419759e-14 5.171571061350097915e-15 1.048501245318176545e-15 2.244323060218442776e-16 5.006436429721799754e-17 1.132710712329155163e-17 2.534522693157818142e-18 5.516203214019144804e-19 1.157588248289871964e-19 2.333797518428291366e-20 4.516714619238029216e-21 8.391693455317431534e-22 1.470268418837201518e-22 0.000000000000000000e+00
0.000000000000000000e+00 2.029599503608129622e-26 2.187303122919639896e-25 2.252963177711455529e-24 2.235682579532937421e-23 2.131243245987811780e-22 1.948185836399870222e-21 1.702684508586043061e-20 1.418941034000378437e-19 1.123782825943746897e-18 8.428118725971483591e-18 5.960961109420488166e-17 3.957279203697875255e-16 2.452474866511963256e-15 1.409854252926275275e-14 7.461239450337096504e-14 3.602380892964645782e-13 1.569252739327318883e-12 6.084588184457310013e-12 2.064851223206572601e-11 6.005460257322438620e-11 1.459481273693395640e-10 2.879137368654519095e-10 4.494098481602684845e-10 5.527579045470354168e-10 5.527873099535075087e-10 4.494958067330173389e-10 2.880435674902972643e-10 1.461072327747476546e-10 6.021151125634154431e-11 2.076892128955856765e-11 6.162684510950148208e-12 1.612564330304661023e-12 3.812875647942305548e-13 8.372976815254684621e-14 1.766243871894080923e-14 3.723454594981912355e-15 8.127972214465458989e-16 1.864516900532277919e-16 4.439778849258903064e-17 1.068441318821265759e-17 2.534522693157819298e-18 5.830437337624898570e-19 1.289707987817324935e-19 2.734049569807779662e-20 5.551451807453526706e-21 1.080590876070387059e-21 2.018157987207011850e-22 3.553420077865376584e-23 0.000000000000000000e+00
0.000000000000000000e+00 2.419977221384633664e-27 2.593278066693360058e-26 2.650717386301030611e-25 2.611970225095846663e-24 2.471939734586448476e-23 2.244186158843144070e-22 1.948078229387755993e-21 1.612840043941520092e-20 1.269203298664251519e-19 9.459880756900768945e-19 6.650409774673354994e-18 4.389028291447106472e-17 2.704352718393737851e-16 1.545788514896044985e-15 8.134050989076188984e-15 3.904770724286186521e-14 1.691103352364809305e-13 6.518404165820827189e-13 2.198995552560813121e-12 6.358209332780333856e-12 1.536972631967124159e-11 3.018780070218490214e-11 4.699978695190140456e-11 5.778133248581851504e-11 5.778765034640587827e-11 4.701832061627644854e-11 3.021601142886416840e-11 1.540450396854448168e-11 6.392607027892775871e-12 2.225472403612626083e-12 6.690486910464274317e-13 1.786705176145058952e-13 4.370089433499010772e-14 1.015191102064262930e-14 2.335458200993279041e-15 5.523761186838718840e-16 1.365268010389804532e-16 3.486528755655077396e-17 8.961008649208618302e-18 2.261628351902432515e-18 5.516203214019149619e-19 1.289707987817325175e-19 2.881740774163931993e-20 6.151989563368353329e-21 1.256187603031440375e-21 2.457637149911217143e-22 4.613001486032275030e-23 8.162704881984773811e-24 0.000000000000000000e+00
0.000000000000000000e+00 2.755391258463439067e-28 2.941888980242644788e-27 2.983100849683554582e-26 2.919515548654813409e-25 2.742261760657866907e-24 2.472502245367792527e-23 2.131211623953119809e-22 1.752582795794978306e-21 1.369981725237693928e-20 1.014451387400589832e-19 7.085984806755360317e-19 4.646893739198832387e-18 2.845271766109521708e-17 1.616162099427546008e-16 8.450851527210715408e-16 4.031166289788456954e-15 1.734620842278242067e-14 6.642703097548401940e-14 2.226486546295645116e-13 6.396761880136424836e-13 1.537508297666370220e-12 3.005726573865834001e-12 4.666586382527407125e-12 5.733809827445312782e-12 5.735090091806348315e-12 4.670354634302778950e-12 3.011505957613257311e-12 1.544674460935861311e-12 6.467864723813066270e-13 2.281416564066192800e-13 7.000715656962069876e-14 1.934034710634117647e-14 5.004068629610217840e-15 1.267872030641786329e-15 3.274060843434131655e-16 8.776353360819742049e-17 2.417443620571220191e-17 6.669147510678847949e-18 1.798647586928522178e-18 4.668950127650385677e-19 1.157588248289871964e-19 2.734049569807779662e-20 6.151989563368354833e-21 1.320673924315793976e-21 2.710255059360598280e-22 5.328544071324114428e-23 1.005259236113382242e-23 1.788095040035612663e-24 0.000000000000000000e+00
0.000000000000000000e+00 2.997213779558060982e-29 3.201988706257250906e-28 3.218934457643384034e-27 3.130502909096902777e-26 2.917028059460406713e-25 2.612210303902732008e-24 2.235208852692297295e-23 1.825441656293779990e-22 1.417039178101430377e-21 1.042154028007888114e-20 7.230320843050558233e-20 4.709678763882084971e-19 2.864382939442128265e-18 1.616082738813976630e-17 8.393094297843737747e-17 3.976287783325584624e-16 1.699156306204996529e-15 6.461501915255341089e-15 2.150943185446755694e-14 6.137804354557233188e-14 1.466567296230538591e-13 2.852935386076722485e-13 4.416105999441027718e-13 5.422581710666227099e-13 5.425039007498989922e-13 4.423361887673233779e-13 2.864146535567448594e-13 1.480547724346040304e-13 6.276984777374154930e-14 2.258910212589362932e-14 7.167575683903640713e-15 2.093733927921425950e-15 5.907301824784843150e-16 1.680851535064589622e-16 4.925204257246890541e-17 1.473462514122032030e-17 4.389746288105369033e-18 1.271793734577070781e-18 3.529564312846403800e-19 9.316343159674962441e-20 2.333797518428292269e-20 5.551451807453531972e-21 1.256187603031441879e-21 2.710255059360599691e-22 5.589146654158827226e-23 1.104405745848268462e-23 2.094686044891452889e-24 3.746892080903512410e-25 0.000000000000000000e+00
0.000000000000000000e+00 3.107514889358279417e-30 3.352358351674565466e-29 3.336886556765663323e-28 3.228494871306056071e-27 2.981852483824695268e-26 2.652946748034799038e-25 2.252633370630783465e-24 1.826834299961826487e-23 1.407915913729814849e-22 1.028126618421641125e-21 7.082744227821341990e-21 4.580960909523799692e-20 2.766426359956046306e-19 1.549720254383944315e-18 7.990559603849717322e-18 3.758251131878040911e-17 1.594223515831806352e-16 6.017847905929309444e-16 1.989024305863868303e-15 5.635050118247830186e-15 1.338404407059208084e-14 2.590228690033979755e-14 3.996602210412953435e-14 4.904247107915672203e-14 4.908731074745856977e-14 4.009883812260930747e-14 2.610899725253426708e-14 1.364325163981529046e-14 5.894011304140298855e-15 2.190813831016810839e-15 7.342588120245980444e-16 2.337373850722111491e-16 7.408485770368801576e-17 2.395366208156900256e-17 7.847970305484221729e-18 2.543362424670213936e-18 7.965921521994820637e-19 2.376511322999945198e-19 6.709489003760323888e-20 1.789890661738374242e-20 4.516714619238032977e-21 1.080590876070387811e-21 2.457637149911218084e-22 5.328544071324114428e-23 1.104405745848268022e-23 2.193958459960804704e-24 4.185314227891215375e-25 7.533133100150381138e-26 0.000000000000000000e+00
0.000000000000000000e+00 3.046094236225524179e-31 3.384697922739912938e-30 3.327321773780327063e-29 3.210545946972833084e-28 2.934340261531574814e-27 2.595788056697659005e-26 2.185849842401202215e-25 1.760350425116650283e-24 1.346570595978375043e-23 9.761475396266272133e-23 6.675745549211216286e-22 4.285887724244367646e-21 2.569223715342140326e-20 1.428549582259049395e-19 7.310383616583870958e-19 3.412449914679075444e-18 1.436480124618273808e-17 5.380784161485600169e-17 1.765581619625085513e-16 4.964041367060083283e-16 1.172134807410724709e-15 2.256241463583398186e-15 3.469141846524885353e-15 4.254446748032622842e-15 4.262247406418022305e-15 3.492318473763583392e-15 2.292570163491846715e-15 1.217938720348663760e-15 5.423321825378825605e-16 2.125178976865553331e-16 7.751517458778904798e-17 2.772095756308683728e-17 9.999937553549266099e-18 3.623317286391193816e-18 1.288439874688093336e-18 4.395523490292760259e-19 1.418817816518592730e-19 4.308370674419037248e-20 1.229815491281633818e-20 3.305777223517631364e-21 8.391693455317435295e-22 2.018157987207012085e-22 4.613001486032274442e-23 1.005259236113382095e-23 2.094686044891452155e-24 4.185314227891214456e-25 8.035085392219235819e-26 1.456362843848796383e-26 0.000000000000000000e+00
0.000000000000000000e+00 2.747652920510712798e-32 3.278108102557518232e-31 3.166050378708668076e-30 3.062543171722940006e-29 2.761307664044448236e-28 2.433227889580723820e-27 2.030139137350078484e-26 1.624112104259846073e-25 1.232939414287626817e-24 8.871238027169587983e-24 6.022674103232872683e-23 3.837313864953454759e-22 2.283226385065005247e-21 1.259864559989399944e-20 6.397684999012899284e-20 2.963525378826301932e-19 1.237796658948699144e-18 4.600187699057743767e-18 1.498678408613563246e-17 4.179766376342576340e-17 9.816406255442259908e-17 1.878934022934366842e-16 2.877804598955800896e-16 3.527790085896092606e-16 3.540562482202800633e-16 2.915863697567328823e-16 1.938991405555572028e-16 1.057749046855413525e-16 4.945649759790809300e-17 2.101203683789326634e-17 8.589635467000513635e-18 3.495272733467515384e-18 1.414576345590444183e-18 5.569922608873642428e-19 2.086745106455601910e-19 7.340342898231271413e-20 2.412330436902637421e-20 7.407507357065090927e-21 2.130760278119860797e-21 5.761848584781253865e-22 1.470268418837202224e-22 3.553420077865378347e-23 8.162704881984776749e-24 1.788095040035612663e-24 3.746892080903511951e-25 7.533133100150379990e-26 1.456362843848796096e-26 2.661323277522207950e-27 0.000000000000000000e+00
0.000000000000000000e+00 0.000000000000000000e+00 0.000000000000000000e+00 0.000000000000000000e+00 0.000000000000000000e+00 0.000000000000000000e+00 0.000000000000000000e+00 0.000000000000000000e+00 0.000000000000000000e+00 0.000000000000000000e+00 0.000000000000000000e+00 0.000000000000000000e+00 0.000000000000000000e+00 0.000000000000000000e+00 0.000000000000000000e+00 0.000000000000000000e+00 0.000000000000000000e+00 0.000000000000000000e+00 0.000000000000000000e+00 0.000000000000000000e+00 0.000000000000000000e+00 0.000000000000000000e+00 0.000000000000000000e+00 0.000000000000000000e+00 0.000000000000000000e+00 0.000000000000000000e+00 0.000000000000000000e+00 0.000000000000000000e+00 0.000000000000000000e+00 0.000000000000000000e+00 0.000000000000000000e+00 0.000000000000000000e+00 0.000000000000000000e+00 0.000000000000000000e+00 0.000000000000000000e+00 0.000000000000000000e+00 0.000000000000000000e+00 0.000000000000000000e+00 0.000000000000000000e+00 0.000000000000000000e+00 0.000000000000000000e+00 0.000000000000000000e+00 0.000000000000000000e+00 0.000000000000000000e+00 0.000000000000000000e+00 0.000000000000000000e+00 0.000000000000000000e+00 0.000000000000000000e+00 0.000000000000000000e+00 0.000000000000000000e+00
