0.000000000000000000e+00 0.000000000000000000e+00 0.000000000000000000e+00 0.000000000000000000e+00 0.000000000000000000e+00 0.000000000000000000e+00 0.000000000000000000e+00 0.000000000000000000e+00 0.000000000000000000e+00 0.000000000000000000e+00 0.000000000000000000e+00 0.000000000000000000e+00 0.000000000000000000e+00 0.000000000000000000e+00 0.000000000000000000e+00 0.000000000000000000e+00 0.000000000000000000e+00 0.000000000000000000e+00 0.000000000000000000e+00 0.000000000000000000e+00 0.000000000000000000e+00 0.000000000000000000e+00 0.000000000000000000e+00 0.000000000000000000e+00 0.000000000000000000e+00 0.000000000000000000e+00 0.000000000000000000e+00 0.000000000000000000e+00 0.000000000000000000e+00 0.000000000000000000e+00 0.000000000000000000e+00 0.000000000000000000e+00 0.000000000000000000e+00 0.000000000000000000e+00 0.000000000000000000e+00 0.000000000000000000e+00 0.000000000000000000e+00 0.000000000000000000e+00 0.000000000000000000e+00 0.000000000000000000e+00 0.000000000000000000e+00 0.000000000000000000e+00 0.000000000000000000e+00 0.000000000000000000e+00 0.000000000000000000e+00 0.000000000000000000e+00 0.000000000000000000e+00 0.000000000000000000e+00 0.000000000000000000e+00 0.000000000000000000e+00
0.000000000000000000e+00 -8.662235940579350750e-34 3.539462066368539876e-33 -1.543853413501053780e-32 6.722446624399365209e-32 -3.089019045922851268e-31 1.552968436094708596e-30 -8.428002497917691752e-30 4.674636457104707655e-29 -2.503972419991794675e-28 1.245672600066120413e-27 -5.616913782916794867e-27 2.258370913991279877e-26 -7.970127876752604799e-26 2.434055259980255490e-25 -6.239317093225120731e-25 1.332327036288902306e-24 -1.995663315112021976e-24 2.986691858729576994e-24 3.407240466805332339e-24 1.597725865152517767e-23 7.058332002233272856e-23 1.869819319806177287e-22 3.669911970793990625e-22 4.652851123174422608e-22 4.608076631652264071e-22 3.559295771100051013e-22 1.758966716487116393e-22 5.422981578959092101e-23 4.519826185082108304e-24 -8.364956500117791334e-24 -8.378599814104190639e-24 -5.465292910597825526e-24 -2.893234622088257734e-24 -1.317350493110315033e-24 -5.297902167075990374e-25 -1.913523920574859675e-25 -6.283415560175203393e-26 -1.893840278960426070e-26 -5.279962325617494722e-27 -1.370286474012744078e-27 -3.327861697306548436e-28 -7.596033185523071013e-29 -1.635469032914693602e-29 -3.331220103962881204e-30 -6.433632525789100066e-31 -1.180001698655402269e-31 -2.056243836629214336e-32 -3.403894090994879612e-33 0.000000000000000000e+00
0.000000000000000000e+00 3.539462066368528244e-33 -1.476916780584031003e-32 6.812996807117317156e-32 -3.310014102579197121e-31 1.763156289388400984e-30 -1.015085139284316612e-29 5.986025629016927539e-29 -3.422416564819341539e-28 1.827290428607769137e-27 -8.905311960762815554e-27 3.904224961054085395e-26 -1.519587217040390340e-25 5.196371413901071815e-25 -1.524485323080113021e-24 3.844831340782724935e-24 -7.344407511949386854e-24 1.430306575790437110e-23 3.760429397093933393e-24 8.779016625571183192e-23 4.074814672578048422e-22 1.465511941620351906e-21 4.178822976374076831e-21 8.274937912821040069e-21 1.066014591921473055e-20 1.072090587574063004e-20 8.459280053855748661e-21 4.372115734943952908e-21 1.628329433466317139e-21 5.079643935099754536e-22 1.640874903376842712e-22 6.598676511564937786e-23 3.128426065369715063e-23 1.487274027302354370e-23 6.520748341657962351e-24 2.582664623116773734e-24 9.254965421405504129e-25 3.021951662551714417e-25 9.059455882218194055e-26 2.510599055958087937e-26 6.468898097476698185e-27 1.557226702314822057e-27 3.515949970301995358e-28 7.468598834486477667e-29 1.495945652399626221e-29 2.829137966172230179e-30 5.053085315806294183e-31 8.510843917299293803e-32 1.347521589272109706e-32 0.000000000000000000e+00
0.000000000000000000e+00 -1.543853413501038727e-32 6.812996807117279934e-32 -3.497400243945198820e-31 1.960790460969972687e-30 -1.190392119838333654e-29 7.425669156578050424e-29 -4.510456308883804480e-28 2.571826890486743327e-27 -1.346706553674561451e-26 6.389982985724889172e-26 -2.716088399990564850e-25 1.025905974934210161e-24 -3.378068566550479800e-24 9.751841476083415663e-24 -2.236145419502020488e-23 5.192308397203193547e-23 -1.826507987988312154e-23 3.769647166240212315e-22 1.739565899400621722e-21 8.279742095825374943e-21 3.136601363217849924e-20 9.134419752880834071e-20 1.824671007167168461e-19 2.320162135687838919e-19 2.307386876062027971e-19 1.780811781558545166e-19 8.658915301439807501e-20 2.821066580054560514e-20 6.331446891935115944e-21 7.694863597866020661e-22 -1.478603512082248169e-22 -1.585091433437225868e-22 -8.251909037110651719e-23 -3.541884623337614319e-23 -1.359348131032293695e-23 -4.757182325840373751e-24 -1.528392933491449011e-24 -4.528471960070979306e-25 -1.242613443452910820e-25 -3.170403771857813161e-26 -7.547471475099506537e-27 -1.681157651930176313e-27 -3.510458714685527047e-28 -6.877172916381169125e-29 -1.263076522005368532e-29 -2.168281705697018990e-30 -3.455019896730158061e-31 -5.024406150898909559e-32 0.000000000000000000e+00
0.000000000000000000e+00 6.722446624399257922e-32 -3.310014102579134938e-31 1.960790460969961127e-30 -1.253859770343765324e-29 8.256116862240679610e-29 -5.309888404699662106e-28 3.218710842283985166e-27 -1.800571086053517489e-26 9.180686860488884507e-26 -4.223451013062582417e-25 1.741867406003588818e-24 -6.337680025730067350e-24 2.050296673270483055e-23 -5.429543781976966424e-23 1.453470163540845901e-22 -1.181283876387431966e-22 1.282514677290428173e-21 5.792096357868238121e-21 3.542474683663615279e-20 1.669789181783424691e-19 6.596376518839195112e-19 1.911723857920712757e-18 3.875598202582446222e-18 4.986959642610757715e-18 5.009332207314056221e-18 3.958097089200649922e-18 2.002015913822048380e-18 7.168260099990779736e-19 2.038147881594585718e-19 5.092476791714981999e-20 1.229781564161371977e-20 3.113315763999985600e-21 8.623448910756015992e-22 2.589732270302416618e-22 8.088488446800964932e-23 2.514030837392977347e-23 7.535587283561485892e-24 2.139326897885607225e-24 5.701828997296968701e-25 1.421436142455215694e-25 3.310156169299598458e-26 7.195786717702823064e-27 1.458299370161654838e-27 2.746540256693964321e-28 4.774677690512585468e-29 7.553524733350130075e-30 1.053912086118513302e-30 1.174685317716863563e-31 0.000000000000000000e+00
0.000000000000000000e+00 -3.089019045922732595e-31 1.763156289388362448e-30 -1.190392119838314176e-29 8.256116862240605621e-29 -5.605876083989872437e-28 3.598912800880755464e-27 -2.140713847482759320e-26 1.166177704682423774e-25 -5.765254862985218524e-25 2.573256388449195941e-24 -1.022575956919658068e-23 3.651569316057275107e-23 -1.089610920431601893e-22 3.288393930158831054e-22 -3.924597009146454979e-22 3.520900606540617005e-21 1.558565216829207560e-20 1.190135076729540900e-19 6.675159581459705752e-19 3.363007396050458394e-18 1.301535827942817109e-17 3.932751335386876358e-17 8.061791532020949784e-17 1.026413271223228428e-16 1.023079436094322766e-16 7.930327111132036503e-17 3.788392740693010449e-17 1.210346654599833045e-17 2.747154791028612201e-18 4.246765911997937861e-19 2.370354961159102857e-20 -1.225004474882444786e-20 -6.275255606088823211e-21 -2.057918550811967788e-21 -5.848800490136677913e-22 -1.571257373868068169e-22 -4.109345647366175694e-23 -1.048197989453873446e-23 -2.581158721362842832e-24 -6.059373346123545221e-25 -1.341217588254631011e-25 -2.772441366992037324e-26 -5.296253737474383622e-27 -9.204426157328565450e-28 -1.411172459168660165e-28 -1.764225848298269821e-29 -1.286861976621000079e-30 1.770665716630312681e-31 0.000000000000000000e+00
0.000000000000000000e+00 1.552968436094653420e-30 -1.015085139284275133e-29 7.425669156577863210e-29 -5.309888404699577803e-28 3.598912800880730353e-27 -2.267345354035669409e-26 1.313415928707837366e-25 -6.937522355473846415e-25 3.327345359220608063e-24 -1.431119113612977119e-23 5.577208158848541942e-23 -1.843190383098310656e-22 6.172586472283452322e-22 -9.396891226328426765e-22 7.943960664470133418e-21 3.477070158732310209e-20 3.225655023117806793e-19 2.087457970119284694e-18 1.282426280664450521e-17 6.235987947993384733e-17 2.564995166320039854e-16 7.730546743635138455e-16 1.604937377073530635e-15 2.057162814727961287e-15 2.061391174135025003e-15 1.622931635238643073e-15 7.928318677613802513e-16 2.691094796413666684e-16 7.129275738225185268e-17 1.620386966683891917e-17 3.426454017413759690e-18 7.163228219273149201e-19 1.520300789800782204e-19 3.261709922897261360e-20 6.979209116423606459e-21 1.479888545386024984e-21 3.115438431450014656e-22 6.530687267755661786e-23 1.358806022295410305e-23 2.772786450595937013e-24 5.444153771282594404e-25 1.003230734402188663e-25 1.675468215099925890e-26 2.371705768548243203e-27 2.291667631485813908e-28 -8.067227271025879645e-30 -1.212839448319452043e-29 -4.343497565653879492e-30 0.000000000000000000e+00
0.000000000000000000e+00 -8.428002497917267159e-30 5.986025629016685395e-29 -4.510456308883667265e-28 3.218710842283922746e-27 -2.140713847482734639e-26 1.313415928707829789e-25 -7.377075894756512296e-25 3.780129506799633397e-24 -1.747152887878045094e-23 7.365637858198329291e-23 -2.661946774587246956e-22 9.776718495841607645e-22 -1.772387217366570842e-21 1.496071136085605854e-20 6.553991663811675823e-20 7.199516684715558219e-19 5.259518197017832441e-18 3.811126958715901063e-17 2.230040203205282283e-16 1.167952990775535694e-15 4.727788301244190399e-15 1.473225678527160233e-14 3.101529131018997713e-14 3.952066332283791028e-14 3.947517320870087455e-14 3.080282892083691262e-14 1.449888517878622715e-14 4.576865042998523276e-15 1.055752722557789732e-15 1.822983421681813652e-16 2.136190125643972127e-17 3.973539617780074398e-19 -6.672466057123375437e-19 -2.506868481234219520e-19 -6.498926032132790433e-20 -1.430595570442154605e-20 -2.859911807881262933e-21 -5.367241076682395848e-22 -9.629297323439761550e-23 -1.661063784997875177e-23 -2.728609030521040847e-24 -4.128232815681493987e-25 -5.269082592736104945e-26 -3.957032652109690586e-27 5.904157036226203406e-28 3.885233753835925742e-28 1.258720996328925614e-28 3.335062749488445975e-29 0.000000000000000000e+00
0.000000000000000000e+00 4.674636457104416185e-29 -3.422416564819194459e-28 2.571826890486657590e-27 -1.800571086053469562e-26 1.166177704682407932e-25 -6.937522355473773865e-25 3.780129506799617969e-24 -1.866653628804065842e-23 8.454257538186785304e-23 -3.308805659914816037e-22 1.321101148672434287e-21 -2.736883757856993898e-21 2.380510826799363390e-20 1.058581098403603945e-19 1.344354466796594720e-18 1.091194141121166849e-17 9.092142670525701074e-17 6.204009781500588617e-16 3.946067487992741359e-15 2.011361382615989765e-14 8.532426378717124604e-14 2.681885494532450376e-13 5.716764553343438963e-13 7.297339670435070401e-13 7.301456358074185068e-13 5.738416414232766928e-13 2.705617650700761821e-13 8.688632783465595441e-14 2.133331449737343902e-14 4.366791886641522278e-15 8.033397577578711341e-16 1.425017666484983379e-16 2.570469173787492500e-17 4.791621400813357057e-18 9.061158319668555858e-19 1.689144938126747147e-19 3.040687954177791869e-20 5.233521946941335337e-21 8.579424970453575694e-22 1.333860251384690059e-22 1.940858240439619473e-23 2.540715951025079951e-24 2.630499978903355489e-25 7.971643289132525140e-27 -6.421295362240169392e-27 -2.671821671173525849e-27 -7.577672576007593537e-28 -1.863688371209280063e-28 0.000000000000000000e+00
0.000000000000000000e+00 -2.503972419991670015e-28 1.827290428607678378e-27 -1.346706553674517829e-26 9.180686860488654918e-26 -5.765254862985108322e-25 3.327345359220586757e-24 -1.747152887878037747e-23 8.454257538186785304e-23 -3.555908326515065696e-22 1.533247215282799678e-21 -3.528956488009333597e-21 3.228845929349539752e-20 1.480340787796982668e-19 2.125565373961009552e-18 1.894736732536711376e-17 1.779804691343030556e-16 1.383330405606891070e-15 1.032414582659955699e-14 6.333206310902154359e-14 3.411520807127714915e-13 1.449174806106024450e-12 4.667547374017245957e-12 1.009561223590539138e-11 1.284677424319881945e-11 1.284369238259363508e-11 1.007660374967121332e-11 4.646795663597636635e-12 1.435224255701309502e-12 3.296996884756489000e-13 5.962490301267883443e-14 8.589695699239630298e-15 9.170848249494573105e-16 4.013125439893283243e-17 -1.297246620938161134e-17 -5.110544485754412852e-18 -1.235878083202197423e-18 -2.474712686434700626e-19 -4.423055266325049763e-20 -7.264782527626716800e-21 -1.108819133061694027e-21 -1.568805367196145790e-22 -2.008892730187274282e-23 -2.143298096981101994e-24 -1.254742424245432310e-25 2.298947333476304353e-26 1.201335608233542633e-26 3.481252991646999518e-27 8.492962955048677173e-28 0.000000000000000000e+00
0.000000000000000000e+00 1.245672600066048846e-27 -8.905311960762412339e-27 6.389982985724654992e-26 -4.223451013062478643e-25 2.573256388449158839e-24 -1.431119113612964777e-23 7.365637858198305781e-23 -3.308805659914807574e-22 1.533247215282804756e-21 -3.837119064811164574e-21 3.755002351903832007e-20 1.805193139423080215e-19 2.870841692590598514e-18 2.786760053960759832e-17 2.905549979048939485e-16 2.526860957780383282e-15 2.156655771048610512e-14 1.540929199814672033e-13 1.003902164612175836e-12 5.377726645575523623e-12 2.355353653050654198e-11 7.705384621002523385e-11 1.688914372116064946e-10 2.147004312527292834e-10 2.147188793732573046e-10 1.690345923980356124e-10 7.720911993516208755e-11 2.366058707656897036e-11 5.470223887329628574e-12 1.031492914413802653e-12 1.683149235517190634e-13 2.511952627098250382e-14 3.637142319553775453e-15 5.401414454556939556e-16 8.469617568371693767e-17 1.387003170600772993e-17 2.293831997848008881e-18 3.713055760437463068e-19 5.767147942542908328e-20 8.496442022834642294e-21 1.175423593790797427e-21 1.499754243649671788e-22 1.684247824805581598e-23 1.412944977498934843e-24 5.799280559456922931e-28 -3.929541323589701580e-26 -1.308396186617054316e-26 -3.292228422771244266e-27 0.000000000000000000e+00
0.000000000000000000e+00 -5.616913782916508598e-27 3.904224961053903446e-26 -2.716088399990484953e-25 1.741867406003550247e-24 -1.022575956919650869e-23 5.577208158848510204e-23 -2.661946774587266704e-22 1.321101148672429961e-21 -3.528956488009301999e-21 3.755002351903815155e-20 1.927711885870330216e-19 3.331543549744694213e-18 3.500967522987030616e-17 4.002532107616081369e-16 3.842492893959296155e-15 3.678183854966821220e-14 2.987746200239932859e-13 2.272920201767474626e-12 1.463403831390625707e-11 8.103460235076101202e-11 3.594462050866369685e-10 1.199363109839276203e-09 2.666561318488601258e-09 3.381214633373091472e-09 3.381133323233462033e-09 2.665642751000185393e-09 1.198376628513012809e-09 3.587451970625761245e-10 8.039627071647706045e-11 1.446313978945043653e-11 2.172526621362402073e-12 2.763518635743416077e-13 2.909660103433834225e-14 2.217748956043331248e-15 1.997938978251334611e-17 -3.738018531010115449e-17 -1.026578043161291395e-17 -2.001711844057261181e-18 -3.336692647260570417e-19 -5.008849381973429934e-20 -6.885641873046313924e-21 -8.645229049248864936e-22 -9.628011243340653507e-23 -8.536132455704393722e-24 -2.833386642297250305e-25 1.238571515535525893e-25 4.630882828679543573e-26 1.173192904340051493e-26 0.000000000000000000e+00
0.000000000000000000e+00 2.258370913991165083e-26 -1.519587217040332714e-25 1.025905974934182794e-24 -6.337680025730011514e-24 3.651569316057262764e-23 -1.843190383098333461e-22 9.776718495841506082e-22 -2.736883757857000293e-21 3.228845929349450076e-20 1.805193139423120660e-19 3.331543549744678035e-18 3.775526524017389012e-17 4.688669358491423266e-16 4.919150110956259015e-15 5.204423492156715692e-14 4.720476888289687194e-13 4.086507005082547061e-12 3.055515377117007669e-11 2.034000018964397576e-10 1.135734822091274025e-09 5.143555250573050158e-09 1.745799660121149746e-08 3.934075083450545015e-08 4.976249893592757849e-08 4.976268901885050361e-08 3.934572226632448090e-08 1.746325655304121273e-08 5.147432853242641841e-09 1.139461605169960518e-09 2.042592655985474355e-10 3.116129726952136203e-11 4.199939899814888366e-12 5.175593573132191044e-13 6.060063257636299616e-14 7.056221475864219049e-15 8.533148854297279979e-16 1.092826305673357519e-16 1.457937040230612598e-17 1.950803834183927588e-18 2.518507308555791497e-19 3.030519771672942028e-20 3.256344482828716324e-21 2.833980026779361669e-22 1.204692458444668503e-23 -2.532178079023867007e-24 -9.917397645945902617e-25 -2.366013057350155493e-25 -4.898464861409876604e-26 0.000000000000000000e+00
0.000000000000000000e+00 -7.970127876752238605e-26 5.196371413900934980e-25 -3.378068566550437923e-24 2.050296673270490990e-23 -1.089610920431612942e-22 6.172586472283421288e-22 -1.772387217366540749e-21 2.380510826799218645e-20 1.480340787797060427e-19 2.870841692590544203e-18 3.500967522987062663e-17 4.688669358491409461e-16 5.337337431460926751e-15 6.174338384149561122e-14 6.172502008570142814e-13 5.967340481644553814e-12 5.054806021459463327e-11 3.902969473924072068e-10 2.606962239485377763e-09 1.483197182307265405e-08 6.815878272112971692e-08 2.352267888156176247e-07 5.370597290807537282e-07 6.771934741567540281e-07 6.771940717453290015e-07 5.370373618953833936e-07 2.352036506714306234e-07 6.814093328094949589e-08 1.481382785886295908e-08 2.603616402699505832e-09 3.871948025680930163e-10 5.011971614400196780e-11 5.737649938185182072e-12 5.830579967164362786e-13 5.181235529590534897e-14 3.796347257689075316e-15 1.804210098845097741e-16 -5.071039462352318376e-18 -2.605158251617496672e-18 -3.600995719331256984e-19 -2.152108072393776670e-20 3.577459055681952894e-21 1.589154670777632113e-21 3.752824591096544472e-22 7.176326960035400941e-23 1.228892563974691155e-23 1.973130377332542166e-24 3.057855227058736198e-25 0.000000000000000000e+00
0.000000000000000000e+00 2.434055259980188909e-25 -1.524485323080089695e-24 9.751841476083534682e-24 -5.429543781977001688e-23 3.288393930158869140e-22 -9.396891226327460039e-22 1.496071136085490901e-20 1.058581098403731298e-19 2.125565373960930974e-18 2.786760053960835020e-17 4.002532107616048336e-16 4.919150110956285048e-15 6.174338384149552287e-14 6.742664967858581734e-13 7.183814702661433980e-12 6.775447041260775200e-11 5.916946345302316395e-10 4.562305081510053507e-09 3.093230280422427826e-08 1.776459668367965909e-07 8.275442956682092307e-07 2.896853154182261012e-06 6.691757208693758760e-06 8.406790309987024646e-06 8.406780902290667077e-06 6.691839119153046314e-06 2.896934963960028034e-06 8.276111684428547510e-07 1.777180837750925997e-07 3.094131508819875824e-08 4.575600301456642612e-09 5.926489498323388567e-10 6.873993706430873900e-11 7.268171231437017359e-12 7.117202568851912725e-13 6.541081309257148403e-14 5.661610455560464401e-15 4.463373239088335537e-16 2.661162178966147113e-17 -3.956669775564664698e-19 -5.756111790142237931e-19 -1.481852328264254250e-19 -2.919550938100528741e-20 -5.051548301329669599e-21 -8.021907697345023430e-22 -1.194434650567679397e-22 -1.690801181713964448e-23 -2.292099057992900271e-24 0.000000000000000000e+00
0.000000000000000000e+00 -6.239317093225024304e-25 3.844831340782793995e-24 -2.236145419502042528e-23 1.453470163540867060e-22 -3.924597009145631192e-22 7.943960664469338972e-21 6.553991663812964993e-20 1.344354466796515757e-18 1.894736732536806902e-17 2.905549979048896097e-16 3.842492893959340331e-15 5.204423492156696760e-14 6.172502008570143824e-13 7.183814702661436404e-12 7.459041896178410119e-11 7.244393866924399500e-10 6.295078957224034452e-09 4.906663751764459675e-08 3.336750760379960314e-07 1.929842565564545621e-06 9.064456714053544014e-06 3.207034933542875807e-05 7.478046436677697711e-05 9.352525132112177414e-05 9.352530882934422852e-05 7.478022783616888902e-05 3.207012654386053046e-05 9.064259799804716183e-06 1.929616065873699936e-06 3.336651758386779895e-07 4.901968222661650108e-08 6.295930398085946161e-09 7.208442616060065398e-10 7.463347706960422644e-11 7.071604042338673153e-12 6.217117850403303902e-13 5.210032007563003807e-14 4.451582936781234427e-15 4.434140277059455061e-16 5.769110722079200541e-17 9.212834544315258322e-18 1.565544499357087712e-18 2.604947024259849698e-19 4.127780466295437896e-20 6.198649733181535523e-21 8.842859989674526327e-22 1.203596058351031259e-22 1.562092204280380799e-23 0.000000000000000000e+00
0.000000000000000000e+00 1.332327036288917367e-24 -7.344407511949588157e-24 5.192308397203123017e-23 -1.181283876387108940e-22 3.520900606540042987e-21 3.477070158733064933e-20 7.199516684714909181e-19 1.091194141121239264e-17 1.779804691342987415e-16 2.526860957780425881e-15 3.678183854966797239e-14 4.720476888289697291e-13 5.967340481644552199e-12 6.775447041260780370e-11 7.244393866924398466e-10 6.991594839336787160e-09 6.124846757806719729e-08 4.762300303155573332e-07 3.236265188909807163e-06 1.868594661288802193e-05 8.785633047173913317e-05 3.122161871435120929e-04 7.317227757446992430e-04 9.100856125500570489e-04 9.100853819848420167e-04 7.317232876241855236e-04 3.122166183056588771e-04 8.785675931368189771e-05 1.868647851901953115e-05 3.236222870091821110e-06 4.763638260291913169e-07 6.122959967214588349e-08 7.002779084911207170e-09 7.227441413286711266e-10 6.801710882295529565e-11 5.865939482792434810e-12 4.596152945427799398e-13 3.098459403864703148e-14 1.332760441586671147e-15 -9.211580805419398631e-17 -4.055963256190705957e-17 -8.592416416002942316e-18 -1.510350014172315084e-18 -2.411453246281866032e-19 -3.599251131864127385e-20 -5.084450319246312774e-21 -6.844034972356979523e-22 -8.769126888160584136e-23 0.000000000000000000e+00
0.000000000000000000e+00 -1.995663315112069363e-24 1.430306575790345715e-23 -1.826507987987432002e-23 1.282514677290108814e-21 1.558565216829502468e-20 3.225655023117433162e-19 5.259518197018198368e-18 9.092142670525420043e-17 1.383330405606919272e-15 2.156655771048595050e-14 2.987746200239943461e-13 4.086507005082543830e-12 5.054806021459465266e-11 5.916946345302316395e-10 6.295078957224036933e-09 6.124846757806719729e-08 5.340719800479815575e-07 4.127198705304984290e-06 2.772305808050383821e-05 1.579744013053348717e-04 7.342435904722989688e-04 2.592593841729327539e-03 6.059225465824985037e-03 7.482806420101314679e-03 7.482807061989805823e-03 6.059224707304872864e-03 2.592593360672113944e-03 7.342429842941746712e-04 1.579735664025423811e-04 2.772331619003808921e-05 4.126899553432487190e-06 5.341648438669609379e-07 6.121881539554476338e-08 6.304880343309210603e-09 5.912065158038833333e-10 5.115617193771022507e-11 4.161010339903403613e-12 3.297504329442077936e-13 2.745160940740124733e-14 2.697135083486363651e-15 3.338464826169065077e-16 4.860385638636308701e-17 7.456656981239031813e-18 1.129880587944287111e-18 1.649619624572078993e-19 2.305242582171293275e-20 3.082756591711803300e-21 3.929803811320019434e-22 0.000000000000000000e+00
0.000000000000000000e+00 2.986691858729230591e-24 3.760429397097969012e-24 3.769647166239108291e-22 5.792096357869118331e-21 1.190135076729392844e-19 2.087457970119409495e-18 3.811126958715777188e-17 6.204009781500703002e-16 1.032414582659948126e-14 1.540929199814677839e-13 2.272920201767472203e-12 3.055515377117007023e-11 3.902969473924071034e-10 4.562305081510054334e-09 4.906663751764459675e-08 4.762300303155573332e-07 4.127198705304984290e-06 3.139045783462333803e-05 2.057490941971399680e-04 1.135872207949336797e-03 5.108732129799187401e-03 1.757024813146167153e-02 4.032814844773496138e-02 4.931933713553245113e-02 4.931933594987273489e-02 4.032814908760948974e-02 1.757024814758006981e-02 5.108732470559921267e-03 1.135872821799700349e-03 2.057484417716321163e-04 3.139096295080205326e-05 4.126923457290424832e-06 4.762954921978436054e-07 4.903155675714833479e-08 4.563101681781702091e-09 3.879319151404231877e-10 3.028687969257063019e-11 2.155649197791090865e-12 1.333178548491438901e-13 5.575626544279440321e-15 -2.357006717149211812e-16 -1.147691699714687162e-16 -2.291122050225854137e-17 -3.767525460336509768e-18 -5.647453912045347392e-19 -7.954660574133764503e-20 -1.065469852021734918e-20 -1.357524854428970964e-21 0.000000000000000000e+00
0.000000000000000000e+00 3.407240466807412964e-24 8.779016625569137832e-23 1.739565899400892556e-21 3.542474683663299306e-20 6.675159581460037012e-19 1.282426280664416009e-17 2.230040203205316303e-16 3.946067487992712171e-15 6.333206310902184651e-14 1.003902164612174018e-12 1.463403831390626354e-11 2.034000018964395767e-10 2.606962239485379831e-09 3.093230280422427826e-08 3.336750760379960314e-07 3.236265188909807163e-06 2.772305808050383821e-05 2.057490941971399680e-04 1.293664214345773694e-03 6.729308406174838372e-03 2.820090466863102788e-02 9.084253264397575134e-02 1.981612327414940533e-01 2.387021961756366772e-01 2.387021973824846599e-01 1.981612325059813329e-01 9.084253330040105434e-02 2.820090503398981624e-02 6.729308749344849010e-03 1.293664958260378741e-03 2.057484925305851737e-04 2.772358505800381906e-05 3.236154458285377896e-06 3.337610473589881588e-07 3.093104964213731172e-08 2.613412815918276155e-09 2.040457949642908375e-10 1.495390894068153923e-11 1.055822335958732474e-12 7.581677354241965345e-14 6.120547572537873678e-15 6.152771553936121381e-16 7.633207545707666646e-17 1.052415099945115374e-17 1.477814277908442171e-18 2.029864543241669583e-19 2.689828234203617961e-20 3.408813151708077326e-21 0.000000000000000000e+00
0.000000000000000000e+00 1.597725865152160417e-23 4.074814672578529434e-22 8.279742095824926562e-21 1.669789181783478617e-19 3.363007396050397535e-18 6.235987947993452526e-17 1.167952990775528003e-15 2.011361382615996707e-14 3.411520807127707341e-13 5.377726645575526047e-12 8.103460235076098617e-11 1.135734822091274852e-09 1.483197182307264578e-08 1.776459668367965644e-07 1.929842565564546045e-06 1.868594661288802870e-05 1.579744013053348717e-04 1.135872207949337230e-03 6.729308406174839240e-03 3.173371999149101480e-02 1.158616575622017641e-01 3.215200531525043703e-01 6.138367495951990715e-01 7.178674627697174682e-01 7.178674626354329957e-01 6.138367500270491828e-01 3.215200528606239061e-01 1.158616571860914823e-01 3.173371933272968459e-02 6.729308524043135092e-03 1.135872602470186380e-03 1.579737990928923880e-04 1.868605932766010809e-05 1.929706117565157729e-06 1.776474854825084422e-07 1.482042792774190441e-08 1.134797054472977653e-09 8.045939374254986844e-11 5.296751040062864250e-12 3.197678436096478134e-13 1.662479541011405579e-14 5.236238526453366894e-16 -3.959133132678986556e-17 -1.243876428844544874e-17 -2.123484671817079248e-18 -3.091291556927486612e-19 -4.160655657448317384e-20 -5.280427644570801058e-21 0.000000000000000000e+00
0.000000000000000000e+00 7.058332002233733649e-23 1.465511941620316923e-21 3.136601363217896267e-20 6.596376518839131557e-19 1.301535827942824967e-17 2.564995166320029007e-16 4.727788301244199865e-15 8.532426378717106933e-14 1.449174806106024046e-12 2.355353653050653875e-11 3.594462050866368134e-10 5.143555250573053466e-09 6.815878272112967721e-08 8.275442956682098660e-07 9.064456714053544014e-06 8.785633047173917382e-05 7.342435904722988604e-04 5.108732129799190003e-03 2.820090466863100359e-02 1.158616575622017225e-01 3.317916332901713616e-01 6.646924999106168519e-01 8.701881864603860928e-01 9.309943020976882977e-01 9.309943012981345412e-01 8.701881856446772590e-01 6.646924992745573135e-01 3.317916326943195493e-01 1.158616569423633336e-01 2.820090384093271521e-02 5.108732296455317269e-03 7.342438314255703017e-04 8.785632735955026826e-05 9.064552218043421127e-06 8.275428911245822038e-07 6.816815056921518679e-08 5.143863809372501484e-09 3.599007136052988326e-10 2.359175598392708113e-11 1.463783725167924711e-12 8.714040766720789223e-14 5.101290110097426382e-15 3.088393317251722668e-16 2.107501599529469491e-17 1.756712531239250959e-18 1.770866798081285477e-19 1.979597826691084883e-20 2.262813068433406043e-21 0.000000000000000000e+00
0.000000000000000000e+00 1.869819319806166237e-22 4.178822976374125731e-21 9.134419752880741386e-20 1.911723857920725083e-18 3.932751335386863416e-17 7.730546743635142399e-16 1.473225678527158970e-14 2.681885494532450376e-13 4.667547374017244342e-12 7.705384621002523385e-11 1.199363109839276823e-09 1.745799660121148753e-08 2.352267888156178629e-07 2.896853154182259317e-06 3.207034933542875129e-05 3.122161871435120929e-04 2.592593841729327973e-03 1.757024813146167153e-02 9.084253264397580685e-02 3.215200531525043148e-01 6.646924999106168519e-01 8.815077277774210351e-01 9.657954117597914445e-01 9.867280362284238659e-01 9.867280362151692463e-01 9.657954109269558662e-01 8.815077274746354608e-01 6.646924998541559049e-01 3.215200533841356956e-01 9.084253221113942900e-02 1.757024753787304883e-02 2.592594280376076237e-03 3.122160856883244716e-04 3.207045136424480438e-05 2.896858875192062771e-06 2.352356971754961630e-07 1.745959590519210755e-08 1.199873484882829275e-09 7.716615595371108374e-11 4.690448232522475666e-12 2.728007317244660605e-13 1.552878713924738426e-14 9.103265202519128482e-16 6.074033409535737896e-17 5.145239894802721919e-18 5.510868077089066254e-19 6.683862705492729613e-20 8.310441692205604205e-21 0.000000000000000000e+00
0.000000000000000000e+00 3.669911970794101122e-22 8.274937912820815879e-21 1.824671007167198795e-19 3.875598202582416177e-18 8.061791532020965808e-17 1.604937377073529057e-15 3.101529131018998976e-14 5.716764553343433914e-13 1.009561223590539623e-11 1.688914372116063395e-10 2.666561318488602085e-09 3.934075083450546338e-08 5.370597290807538340e-07 6.691757208693757913e-06 7.478046436677699067e-05 7.317227757446989177e-04 6.059225465824981567e-03 4.032814844773494750e-02 1.981612327414939145e-01 6.138367495951988495e-01 8.701881864603858707e-01 9.657954117597910004e-01 9.922588842144410837e-01 9.977682536772329858e-01 9.977682538663932288e-01 9.922588856498285592e-01 9.657954120594525182e-01 8.701881873370810316e-01 6.138367507919987309e-01 1.981612331154375128e-01 4.032814836374306461e-02 6.059224579675329646e-03 7.317227286781818928e-04 7.478022593566596775e-05 6.691742296510517699e-06 5.370367782806204358e-07 3.933849885228263035e-08 2.665342919547884585e-09 1.687290394202747944e-10 1.005065678622290268e-11 5.647975576801139742e-13 2.970845848456680437e-14 1.404722801231238092e-15 4.949181446582168940e-17 -5.734978626538499233e-19 -4.305195910135181312e-19 -7.211824552065377495e-20 -9.697637063025894771e-21 0.000000000000000000e+00
0.000000000000000000e+00 4.652851123174189390e-22 1.066014591921500590e-20 2.320162135687816771e-19 4.986959642610758485e-18 1.026413271223231386e-16 2.057162814727957343e-15 3.952066332283794183e-14 7.297339670435070401e-13 1.284677424319880814e-11 2.147004312527294385e-10 3.381214633373088163e-09 4.976249893592759172e-08 6.771934741567541340e-07 8.406790309987019564e-06 9.352525132112178769e-05 9.100856125500556395e-04 7.482806420101313812e-03 4.931933713553244419e-02 2.387021961756364274e-01 7.178674627697165800e-01 9.309943020976875205e-01 9.867280362284231998e-01 9.977682536772325417e-01 9.995577109500483060e-01 9.995577121798437936e-01 9.977682547034247840e-01 9.867280375252915903e-01 9.309943033907315257e-01 7.178674642243620951e-01 2.387021977475996537e-01 4.931933729610043365e-02 7.482806680915140077e-03 9.100856227079728985e-04 9.352524967487429119e-05 8.406786927953403593e-06 6.771911460374264873e-07 4.976172024061024621e-08 3.380998423596289103e-09 2.146373516663312556e-10 1.283428184151166236e-11 7.267866485375126286e-13 3.900527074230158563e-14 1.959607516590930458e-15 8.690513412331400664e-17 2.463895515922473977e-18 -1.412971069217143128e-19 -4.254377049451984740e-20 -6.696037150226716490e-21 0.000000000000000000e+00
0.000000000000000000e+00 4.608076631652562176e-22 1.072090587574027495e-20 2.307386876062075638e-19 5.009332207313998443e-18 1.023079436094329053e-16 2.061391174135018298e-15 3.947517320870095659e-14 7.301456358074174970e-13 1.284369238259364155e-11 2.147188793732573046e-10 3.381133323233461205e-09 4.976268901885050361e-08 6.771940717453290015e-07 8.406780902290661995e-06 9.352530882934416076e-05 9.100853819848423419e-04 7.482807061989808425e-03 4.931933594987274183e-02 2.387021973824844656e-01 7.178674626354327737e-01 9.309943012981323207e-01 9.867280362151690243e-01 9.977682538663935619e-01 9.995577121798445708e-01 9.995577115272481494e-01 9.977682564480322425e-01 9.867280380350030855e-01 9.309943031731739982e-01 7.178674647289088329e-01 2.387021987213396867e-01 4.931933811076048835e-02 7.482807144813212810e-03 9.100858290705890214e-04 9.352532625686369838e-05 8.406811542123004713e-06 6.771981624520768948e-07 4.976352313775141802e-08 3.381421000862773782e-09 2.147285325850304130e-10 1.285252865476470451e-11 7.301942970939957624e-13 3.960234134296123974e-14 2.058218543608748352e-15 1.023201949546873795e-16 4.753083081489362688e-18 1.827179046307941599e-19 1.290172124015918669e-21 -1.043378817758034170e-21 0.000000000000000000e+00
0.000000000000000000e+00 3.559295771100272006e-22 8.459280053855477827e-21 1.780811781558580073e-19 3.958097089200613714e-18 7.930327111132077179e-17 1.622931635238638339e-15 3.080282892083696311e-14 5.738416414232762889e-13 1.007660374967121009e-11 1.690345923980355866e-10 2.665642751000184566e-09 3.934572226632448090e-08 5.370373618953833936e-07 6.691839119153044619e-06 7.478022783616879415e-05 7.317232876241856320e-04 6.059224707304870262e-03 4.032814908760950362e-02 1.981612325059811941e-01 6.138367500270490718e-01 8.701881856446763708e-01 9.657954109269550891e-01 9.922588856498294474e-01 9.977682547034255611e-01 9.977682564480327976e-01 9.922588863735081199e-01 9.657954127832758529e-01 8.701881872695359510e-01 6.138367512845550600e-01 1.981612348902285492e-01 4.032815043957144185e-02 6.059226061259871329e-03 7.317235006330059582e-04 7.478054566559599946e-05 6.691852941381324610e-06 5.370698328919470317e-07 3.934722290412024765e-08 2.667412367704454691e-09 1.691761442763635254e-10 1.013957106042684061e-11 5.812138787046876295e-13 3.254258653576323393e-14 1.864990102695550671e-15 1.201678193307072957e-16 9.733282469035149997e-18 1.002436412132872953e-18 1.184269119776943887e-19 1.448331230217183492e-20 0.000000000000000000e+00
0.000000000000000000e+00 1.758966716486946417e-22 4.372115734944171832e-21 8.658915301439634167e-20 2.002015913822068025e-18 3.788392740692989494e-17 7.928318677613820262e-16 1.449888517878619875e-14 2.705617650700764345e-13 4.646795663597633404e-12 7.720911993516208755e-11 1.198376628513012188e-09 1.746325655304121934e-08 2.352036506714305440e-07 2.896934963960028034e-06 3.207012654386053724e-05 3.122166183056587145e-04 2.592593360672114378e-03 1.757024814758006634e-02 9.084253330040102659e-02 3.215200528606240171e-01 6.646924992745567584e-01 8.815077274746349056e-01 9.657954120594520742e-01 9.867280375252919233e-01 9.867280380350034186e-01 9.657954127832754088e-01 8.815077305608081115e-01 6.646925021445612147e-01 3.215200554840708103e-01 9.084253480724338581e-02 1.757024996704323674e-02 2.592595909041717824e-03 3.122169212224449870e-04 3.207079837855738696e-05 2.896980332961208520e-06 2.352725685016020982e-07 1.746951265487003703e-08 1.202275152496072933e-09 7.769661254817360936e-11 4.798398757502528475e-12 2.932125033656618487e-13 1.914000608902723185e-14 1.511653015375097907e-15 1.554611918183833771e-16 1.932136181493247008e-17 2.574578319963170408e-18 3.431884876614414705e-19 4.432912834976271736e-20 0.000000000000000000e+00
0.000000000000000000e+00 5.422981578957098462e-23 1.628329433466576877e-21 2.821066580054364310e-20 7.168260099990957884e-19 1.210346654599819333e-17 2.691094796413676052e-16 4.576865042998512232e-15 8.688632783465600490e-14 1.435224255701309502e-12 2.366058707656895097e-11 3.587451970625760211e-10 5.147432853242642668e-09 6.814093328094946942e-08 8.276111684428545393e-07 9.064259799804717877e-06 8.785675931368192482e-05 7.342429842941744543e-04 5.108732470559920399e-03 2.820090503398980236e-02 1.158616571860914685e-01 3.317916326943194383e-01 6.646924998541559049e-01 8.701881873370812537e-01 9.309943033907327470e-01 9.309943031731735541e-01 8.701881872695357290e-01 6.646925021445612147e-01 3.317916344507647053e-01 1.158616584652047143e-01 2.820090630863450465e-02 5.108734985924911348e-03 7.342457924401010749e-04 8.785739081474341038e-05 9.065012764117398510e-06 8.277096881893425931e-07 6.822029097314826962e-08 5.158255294640547176e-09 3.634685258534473528e-10 2.439681878224345335e-11 1.630889832669335337e-12 1.193248425943579868e-13 1.089438941551755352e-14 1.289275246325043929e-15 1.779011080193175512e-16 2.557163004177019221e-17 3.623783417683312380e-18 4.967705571818539080e-19 6.519765200197511644e-20 0.000000000000000000e+00
0.000000000000000000e+00 4.519826185069454842e-24 5.079643935101293023e-22 6.331446891934012296e-21 2.038147881594698625e-19 2.747154791028559430e-18 7.129275738225230874e-17 1.055752722557788746e-15 2.133331449737343587e-14 3.296996884756492029e-13 5.470223887329625343e-12 8.039627071647702168e-11 1.139461605169960725e-09 1.481382785886294419e-08 1.777180837750927849e-07 1.929616065873699513e-06 1.868647851901953454e-05 1.579735664025423269e-04 1.135872821799700783e-03 6.729308749344851612e-03 3.173371933272967765e-02 1.158616569423632781e-01 3.215200533841356401e-01 6.138367507919986199e-01 7.178674642243620951e-01 7.178674647289081667e-01 6.138367512845545049e-01 3.215200554840707547e-01 1.158616584652047421e-01 3.173372050480218615e-02 6.729311033441144792e-03 1.135875527857606532e-03 1.579759654044618619e-04 1.868723581874024974e-05 1.930214058456566561e-06 1.778306274739690345e-07 1.487741096648146546e-08 1.150456855272012478e-09 8.432689705142632917e-11 6.166689517728395769e-12 4.998944209518022486e-13 5.125494239518870829e-14 6.749928765791090856e-15 1.013643217382014070e-15 1.560502572683079722e-16 2.347977399123459442e-17 3.400853868644611958e-18 4.726760069874365439e-19 6.271697114392952117e-20 0.000000000000000000e+00
0.000000000000000000e+00 -8.364956500123529216e-24 1.640874903377561174e-22 7.694863597860902089e-22 5.092476791715570611e-20 4.246765911997651860e-19 1.620386966683917802e-17 1.822983421681811926e-16 4.366791886641520701e-15 5.962490301267892278e-14 1.031492914413802047e-12 1.446313978945044300e-11 2.042592655985474613e-10 2.603616402699503351e-09 3.094131508819877148e-08 3.336651758386779366e-07 3.236222870091820263e-06 2.772331619003806888e-05 2.057484417716322789e-04 1.293664958260379392e-03 6.729308524043133358e-03 2.820090384093270133e-02 9.084253221113937349e-02 1.981612331154375128e-01 2.387021977475997092e-01 2.387021987213394647e-01 1.981612348902284659e-01 9.084253480724338581e-02 2.820090630863450118e-02 6.729311033441147394e-03 1.293667786548077618e-03 2.057508275376510216e-04 2.772501320774826619e-05 3.236849111931953540e-06 3.340423314388769701e-07 3.102888585505387200e-08 2.643312931287827227e-09 2.122137960839530197e-10 1.697538593235156820e-11 1.514000964418502412e-12 1.717750018399416165e-13 2.482942913629270262e-14 4.032540432905723163e-15 6.642715322249919108e-16 1.062558753926534973e-16 1.629063469732580966e-17 2.389013553015724269e-18 3.355252317912902518e-19 4.495290283664201116e-20 0.000000000000000000e+00
0.000000000000000000e+00 -8.378599814106463751e-24 6.598676511567420430e-23 -1.478603512084456453e-22 1.229781564161596168e-20 2.370354961157603641e-20 3.426454017413876016e-18 2.136190125643929602e-17 8.033397577578719230e-16 8.589695699239649231e-15 1.683149235517187857e-13 2.172526621362404093e-12 3.116129726952134264e-11 3.871948025680928095e-10 4.575600301456643439e-09 4.901968222661649446e-08 4.763638260291915287e-07 4.126899553432485496e-06 3.139096295080207359e-05 2.057484925305852821e-04 1.135872602470186813e-03 5.108732296455318136e-03 1.757024753787304189e-02 4.032814836374306461e-02 4.931933729610043365e-02 4.931933811076043284e-02 4.032815043957143492e-02 1.757024996704323674e-02 5.108734985924915685e-03 1.135875527857607833e-03 2.057508275376510759e-04 3.139266600610750275e-05 4.127906497264913857e-06 4.767628237167003173e-07 4.921901213349505541e-08 4.628006709503166013e-09 4.077097441895621256e-10 3.567623597085281606e-11 3.486245771916578444e-12 4.342041643987422934e-13 6.845552464311364392e-14 1.200082907620207805e-14 2.116898408529887528e-15 3.606325820541390046e-16 5.864631890438550121e-17 9.091955733129513389e-18 1.346194467096568115e-18 1.908298753085005690e-19 2.580175450348095124e-20 0.000000000000000000e+00
0.000000000000000000e+00 -5.465292910598596944e-24 3.128426065370374515e-23 -1.585091433438031082e-22 3.113315764000627702e-21 -1.225004474883048595e-20 7.163228219273512239e-19 3.973539617777611133e-19 1.425017666484989542e-16 9.170848249494590854e-16 2.511952627098246280e-14 2.763518635743420621e-13 4.199939899814884327e-12 5.011971614400192256e-11 5.926489498323390635e-10 6.295930398085941198e-09 6.122959967214592319e-08 5.341648438669609379e-07 4.126923457290426526e-06 2.772358505800381906e-05 1.579737990928924423e-04 7.342438314255707353e-04 2.592594280376075370e-03 6.059224579675327911e-03 7.482806680915140077e-03 7.482807144813203269e-03 6.059226061259868727e-03 2.592595909041717824e-03 7.342457924401019423e-04 1.579759654044621600e-04 2.772501320774829330e-05 4.127906497264914704e-06 5.346707458163250501e-07 6.143690148495058980e-08 6.386752505797560916e-09 6.183587914398927411e-10 5.921424953887272822e-11 6.325223721715599115e-12 8.609259213335226601e-13 1.475927527437742248e-13 2.792120960314382452e-14 5.280919112340560555e-15 9.599498260370682787e-16 1.659169873896024585e-16 2.724632464123265596e-17 4.260478761625810388e-18 6.362089902476782375e-19 9.097263713402189450e-20 1.240834372992852445e-20 0.000000000000000000e+00
0.000000000000000000e+00 -2.893234622088463446e-24 1.487274027302498369e-23 -8.251909037112979198e-23 8.623448910757533790e-22 -6.275255606090667890e-21 1.520300789800877778e-19 -6.672466057124153513e-19 2.570469173787516536e-17 4.013125439893304813e-17 3.637142319553765987e-15 2.909660103433842429e-14 5.175593573132187005e-13 5.737649938185175610e-12 6.873993706430882947e-11 7.208442616060057126e-10 7.002779084911213788e-09 6.121881539554475014e-08 4.762954921978437642e-07 3.236154458285377472e-06 1.868605932766010470e-05 8.785632735955030892e-05 3.122160856883246342e-04 7.317227286781813507e-04 9.100856227079732238e-04 9.100858290705885877e-04 7.317235006330056329e-04 3.122169212224450954e-04 8.785739081474357301e-05 1.868723581874028023e-05 3.236849111931957775e-06 4.767628237167005291e-07 6.143690148495058980e-08 7.093641643145853676e-09 7.571492495312582381e-10 7.947927731587808026e-11 9.275977438362399561e-12 1.376779037284623621e-12 2.563175640595598533e-13 5.234868096169311944e-14 1.063168727733131541e-14 2.065930321010709859e-15 3.802456704542855269e-16 6.626914038414222441e-17 1.096381743660821473e-17 1.727406447103293166e-18 2.599980039814362409e-19 3.748635522158458058e-20 5.156273731166670849e-21 0.000000000000000000e+00
0.000000000000000000e+00 -1.317350493110356359e-24 6.520748341658262837e-24 -3.541884623338145642e-23 2.589732270302741054e-22 -2.057918550812411654e-21 3.261709922897472009e-20 -2.506868481234403928e-19 4.791621400813406360e-18 -1.297246620938151273e-17 5.401414454556918848e-16 2.217748956043348998e-15 6.060063257636295829e-14 5.830579967164353698e-13 7.268171231437032707e-12 7.463347706960414889e-11 7.227441413286721606e-10 6.304880343309210603e-09 4.903155675714834802e-08 3.337610473589880529e-07 1.929706117565158153e-06 9.064552218043422821e-06 3.207045136424481794e-05 7.478022593566589998e-05 9.352524967487429119e-05 9.352532625686358996e-05 7.478054566559597235e-05 3.207079837855739374e-05 9.065012764117418839e-06 1.930214058456570373e-06 3.340423314388776583e-07 4.921901213349512158e-08 6.386752505797566706e-09 7.571492495312586517e-10 8.752863526354300106e-11 1.118441721708304964e-11 1.810520160619897971e-12 3.661062321734022433e-13 8.080832109256499326e-14 1.765180188082668191e-14 3.673565239001820694e-15 7.213930229728793385e-16 1.336793512368133304e-16 2.344241992973114600e-17 3.903736689674612931e-18 6.193867789936054226e-19 9.392964660686046523e-20 1.365086536330575185e-20 1.893076185916446902e-21 0.000000000000000000e+00
0.000000000000000000e+00 -5.297902167076061087e-25 2.582664623116832508e-24 -1.359348131032390085e-23 8.088488446801665526e-23 -5.848800490137537434e-22 6.979209116424083428e-21 -6.498926032133134693e-20 9.061158319668661784e-19 -5.110544485754375104e-18 8.469617568371627207e-17 1.997938978251828882e-17 7.056221475864208005e-15 5.181235529590519751e-14 7.117202568851932920e-13 7.071604042338661844e-12 6.801710882295545074e-11 5.912065158038831265e-10 4.563101681781704572e-09 3.093104964213729849e-08 1.776474854825084157e-07 8.275428911245828391e-07 2.896858875192063619e-06 6.691742296510510075e-06 8.406786927953396817e-06 8.406811542122997937e-06 6.691852941381325457e-06 2.896980332961208943e-06 8.277096881893447107e-07 1.778306274739695109e-07 3.102888585505396464e-08 4.628006709503179248e-09 6.183587914398940853e-10 7.947927731587820950e-11 1.118441721708305449e-11 1.980962059411472031e-12 4.360317458217927997e-13 1.042367051954491239e-13 2.454375026234490053e-14 5.482233209763442068e-15 1.150994981040651584e-15 2.272300755431435846e-16 4.231596755720874298e-17 7.461037369282674222e-18 1.250022821086768506e-18 1.996689304943622099e-19 3.049999806256169273e-20 4.466930969766885611e-21 6.244220041251684460e-22 0.000000000000000000e+00
0.000000000000000000e+00 -1.913523920574869547e-25 9.254965421405614331e-25 -4.757182325840514076e-24 2.514030837393129574e-23 -1.571257373868203351e-22 1.479888545386134446e-21 -1.430595570442207568e-20 1.689144938126770018e-19 -1.235878083202189141e-18 1.387003170600757123e-17 -3.738018531009998353e-17 8.533148854297246453e-16 3.796347257689051650e-15 6.541081309257187531e-14 6.217117850403282698e-13 5.865939482792455005e-12 5.115617193771017337e-11 3.879319151404237564e-10 2.613412815918274501e-09 1.482042792774190276e-08 6.816815056921525296e-08 2.352356971754963218e-07 5.370367782806195888e-07 6.771911460374260638e-07 6.771981624520762595e-07 5.370698328919475611e-07 2.352725685016020453e-07 6.822029097314837550e-08 1.487741096648150351e-08 2.643312931287835498e-09 4.077097441895637282e-10 5.921424953887294794e-11 9.275977438362418948e-12 1.810520160619898375e-12 4.360317458217925473e-13 1.133564236878521410e-13 2.886859303303827276e-14 6.940947524532519214e-15 1.561966710113929282e-15 3.292736171060945476e-16 6.525331088944067891e-17 1.220540642149943027e-17 2.163158495279139348e-18 3.645542855891588250e-19 5.861212984579983131e-20 9.016781374112433719e-21 1.330599986320843288e-21 1.874696838913703021e-22 0.000000000000000000e+00
0.000000000000000000e+00 -6.283415560175224056e-26 3.021951662551734621e-25 -1.528392933491468297e-24 7.535587283561787112e-24 -4.109345647366370826e-23 3.115438431450237060e-22 -2.859911807881350954e-21 3.040687954177830990e-20 -2.474712686434690515e-19 2.293831997847979221e-18 -1.026578043161271212e-17 1.092826305673351479e-16 1.804210098845059284e-16 5.661610455560533821e-15 5.210032007562957737e-14 4.596152945427828681e-13 4.161010339903395535e-12 3.028687969257069481e-11 2.040457949642906307e-10 1.134797054472978481e-09 5.143863809372508101e-09 1.745959590519211417e-08 3.933849885228255094e-08 4.976172024061020650e-08 4.976352313775136508e-08 3.934722290412031382e-08 1.746951265487003372e-08 5.158255294640552139e-09 1.150456855272014753e-09 2.122137960839537177e-10 3.567623597085293884e-11 6.325223721715615271e-12 1.376779037284625035e-12 3.661062321734024957e-13 1.042367051954490986e-13 2.886859303303827276e-14 7.503475583387450973e-15 1.816240003923175385e-15 4.100442252852964586e-16 8.669445680834753560e-17 1.724158811089885075e-17 3.239034352766030339e-18 5.770037654100535144e-19 9.781020543907425695e-20 1.582744321382130128e-20 2.451981533543355573e-21 3.645655720119164514e-22 5.176955798088759856e-23 0.000000000000000000e+00
0.000000000000000000e+00 -1.893840278960430375e-26 9.059455882218217014e-26 -4.528471960071008694e-25 2.139326897885660122e-24 -1.048197989453906213e-23 6.530687267756048523e-23 -5.367241076682567941e-22 5.233521946941394770e-21 -4.423055266325049763e-20 3.713055760437425994e-19 -2.001711844057233833e-18 1.457937040230606435e-17 -5.071039462352996303e-18 4.463373239088455839e-16 4.451582936781151597e-15 3.098459403864749849e-14 3.297504329442059760e-13 2.155649197791099347e-12 1.495390894068150045e-11 8.045939374254999769e-11 3.599007136052991945e-10 1.199873484882829895e-09 2.665342919547880035e-09 3.380998423596288276e-09 3.381421000862771300e-09 2.667412367704459655e-09 1.202275152496071486e-09 3.634685258534471460e-10 8.432689705142639379e-11 1.697538593235161020e-11 3.486245771916584502e-12 8.609259213335228621e-13 2.563175640595597523e-13 8.080832109256493015e-14 2.454375026234488160e-14 6.940947524532519214e-15 1.816240003923175780e-15 4.409192505541053275e-16 9.978978368620259243e-17 2.116117599305010508e-17 4.224247598769760416e-18 7.971634556559872562e-19 1.427520308449907911e-19 2.434123453007277254e-20 3.964439460652933766e-21 6.185029954610198805e-22 9.265886045042687704e-23 1.326362214070229019e-23 0.000000000000000000e+00
0.000000000000000000e+00 -5.279962325617506201e-27 2.510599055958093102e-26 -1.242613443452915871e-25 5.701828997297055027e-25 -2.581158721362908218e-24 1.358806022295474370e-23 -9.629297323440114198e-23 8.579424970453703588e-22 -7.264782527626764949e-21 5.767147942542878236e-20 -3.336692647260552121e-19 1.950803834183929129e-18 -2.605158251617631488e-18 2.661162178966346485e-17 4.434140277059322927e-16 1.332760441586743723e-15 2.745160940740095072e-14 1.333178548491450766e-13 1.055822335958728233e-12 5.296751040062877175e-12 2.359175598392711991e-11 7.716615595371109667e-11 1.687290394202744325e-10 2.146373516663312298e-10 2.147285325850303096e-10 1.691761442763637581e-10 7.769661254817346719e-11 2.439681878224340811e-11 6.166689517728390115e-12 1.514000964418503624e-12 4.342041643987423943e-13 1.475927527437740986e-13 5.234868096169309420e-14 1.765180188082666613e-14 5.482233209763438913e-15 1.561966710113928887e-15 4.100442252852965079e-16 9.978978368620256778e-17 2.264744638825790033e-17 4.818967518503966676e-18 9.659349649785261360e-19 1.831579381292090069e-19 3.297753435501620611e-20 5.657131036299635003e-21 9.274741202876485018e-22 1.457387944437368423e-22 2.200342247200719451e-23 3.176014351876892727e-24 0.000000000000000000e+00
0.000000000000000000e+00 -1.370286474012748024e-27 6.468898097476708230e-27 -3.170403771857826936e-26 1.421436142455230618e-25 -6.059373346123674709e-25 2.772786450596043175e-24 -1.661063784997941886e-23 1.333860251384719917e-22 -1.108819133061712270e-21 8.496442022834672387e-21 -5.008849381973444981e-20 2.518507308555817979e-19 -3.600995719331541540e-19 -3.956669775561429136e-19 5.769110722078999628e-17 -9.211580805418343529e-17 2.697135083486318686e-15 5.575626544279589416e-15 7.581677354241916120e-14 3.197678436096488736e-13 1.463783725167927336e-12 4.690448232522474858e-12 1.005065678622287521e-11 1.283428184151165913e-11 1.285252865476471905e-11 1.013957106042685031e-11 4.798398757502515551e-12 1.630889832669329077e-12 4.998944209518007340e-13 1.717750018399414398e-13 6.845552464311355557e-14 2.792120960314379297e-14 1.063168727733130279e-14 3.673565239001817539e-15 1.150994981040650006e-15 3.292736171060942025e-16 8.669445680834753560e-17 2.116117599305009275e-17 4.818967518503966676e-18 1.029465712271289072e-18 2.072924127181300774e-19 3.950853496734684390e-20 7.154166839949121663e-21 1.234968002480257544e-21 2.038578025579335150e-22 3.227243806089104976e-23 4.912194638767904203e-24 7.153733177407871349e-25 0.000000000000000000e+00
0.000000000000000000e+00 -3.327861697306561889e-28 1.557226702314827079e-27 -7.547471475099539540e-27 3.310156169299629452e-26 -1.341217588254654888e-25 5.444153771282790932e-25 -2.728609030521158763e-24 1.940858240439685300e-23 -1.568805367196183876e-22 1.175423593790814919e-21 -6.885641873046399688e-21 3.030519771673026890e-20 -2.152108072394348732e-20 -5.756111790141722745e-19 9.212834544314960959e-18 -4.055963256190558046e-17 3.338464826169006898e-16 -2.357006717149037769e-16 6.120547572537827135e-15 1.662479541011413468e-14 8.714040766720813205e-14 2.728007317244658081e-13 5.647975576801119547e-13 7.267866485375119218e-13 7.301942970939985897e-13 5.812138787046881343e-13 2.932125033656604855e-13 1.193248425943572043e-13 5.125494239518846847e-14 2.482942913629263635e-14 1.200082907620205281e-14 5.280919112340554244e-15 2.065930321010707098e-15 7.213930229728788454e-16 2.272300755431433380e-16 6.525331088944067891e-17 1.724158811089885075e-17 4.224247598769758105e-18 9.659349649785253656e-19 2.072924127181299811e-19 4.195080182376717229e-20 8.039860027971009028e-21 1.464671807562274785e-21 2.545052375968113068e-22 4.231441650053282010e-23 6.751730586606342416e-24 1.036685169964564634e-24 1.524626899705799060e-25 0.000000000000000000e+00
0.000000000000000000e+00 -7.596033185523093434e-29 3.515949970302010155e-28 -1.681157651930184923e-27 7.195786717702894811e-27 -2.772441366992082094e-26 1.003230734402224364e-25 -4.128232815681701536e-25 2.540715951025208888e-24 -2.008892730187346575e-23 1.499754243649714106e-22 -8.645229049249094392e-22 3.256344482828903651e-21 3.577459055680899651e-21 -1.481852328264174083e-19 1.565544499357044379e-18 -8.592416416002735856e-18 4.860385638636236595e-17 -1.147691699714666701e-16 6.152771553936074050e-16 5.236238526453410281e-16 5.101290110097447681e-15 1.552878713924737164e-14 2.970845848456665291e-14 3.900527074230151621e-14 3.960234134296159946e-14 3.254258653576329073e-14 1.914000608902711825e-14 1.089438941551747305e-14 6.749928765791059301e-15 4.032540432905713696e-15 2.116898408529883978e-15 9.599498260370678843e-16 3.802456704542851817e-16 1.336793512368132318e-16 4.231596755720871833e-17 1.220540642149942410e-17 3.239034352766030724e-18 7.971634556559870636e-19 1.831579381292089828e-19 3.950853496734684992e-20 8.039860027971009028e-21 1.550057023505089425e-21 2.842127024411797305e-22 4.973350495350482653e-23 8.332663159044339059e-24 1.340978830979623525e-24 2.078918130297908844e-25 3.091779433276010756e-26 0.000000000000000000e+00
0.000000000000000000e+00 -1.635469032914698646e-29 7.468598834486518024e-29 -3.510458714685545880e-28 1.458299370161670263e-27 -5.296253737474476175e-27 1.675468215099990175e-26 -5.269082592736465400e-26 2.630499978903589670e-25 -2.143298096981228360e-24 1.684247824805666527e-23 -9.628011243341091966e-23 2.833980026779711026e-22 1.589154670777453250e-21 -2.919550938100406565e-20 2.604947024259792883e-19 -1.510350014172286388e-18 7.456656981238943991e-18 -2.291122050225828561e-17 7.633207545707609946e-17 -3.959133132678968067e-17 3.088393317251740911e-16 9.103265202519132426e-16 1.404722801231223892e-15 1.959607516590925725e-15 2.058218543608787401e-15 1.864990102695559348e-15 1.511653015375088638e-15 1.289275246325035252e-15 1.013643217382009731e-15 6.642715322249903331e-16 3.606325820541384129e-16 1.659169873896023845e-16 6.626914038414219975e-17 2.344241992973111518e-17 7.461037369282663437e-18 2.163158495279138193e-18 5.770037654100530329e-19 1.427520308449907189e-19 3.297753435501620611e-20 7.154166839949121663e-21 1.464671807562274597e-21 2.842127024411797305e-22 5.247641137698551896e-23 9.252763945525344352e-24 1.563383815362806917e-24 2.540021982499264841e-25 3.981238759183962879e-26 5.999396571674813382e-27 0.000000000000000000e+00
0.000000000000000000e+00 -3.331220103962892414e-30 1.495945652399635189e-29 -6.877172916381211724e-29 2.746540256693996607e-28 -9.204426157328743023e-28 2.371705768548360149e-27 -3.957032652110322672e-27 7.971643289136488415e-27 -1.254742424245642154e-25 1.412944977499081780e-24 -8.536132455705126937e-24 1.204692458445243467e-23 3.752824591096256711e-22 -5.051548301329495814e-21 4.127780466295356646e-20 -2.411453246281829439e-19 1.129880587944274977e-18 -3.767525460336478953e-18 1.052415099945109673e-17 -1.243876428844543179e-17 2.107501599529483050e-17 6.074033409535751455e-17 4.949181446582047529e-17 8.690513412331369849e-17 1.023201949546910773e-16 1.201678193307084050e-16 1.554611918183825636e-16 1.779011080193166144e-16 1.560502572683075531e-16 1.062558753926532754e-16 5.864631890438541493e-17 2.724632464123264056e-17 1.096381743660820703e-17 3.903736689674609079e-18 1.250022821086766773e-18 3.645542855891586806e-19 9.781020543907424491e-20 2.434123453007277254e-20 5.657131036299636508e-21 1.234968002480257920e-21 2.545052375968113068e-22 4.973350495350482653e-23 9.252763945525341414e-24 1.645206491384895182e-24 2.806200238640700718e-25 4.609239934567067799e-26 7.318234757690366544e-27 1.120534272825305548e-27 0.000000000000000000e+00
0.000000000000000000e+00 -6.433632525789128092e-31 2.829137966172248747e-30 -1.263076522005377220e-29 4.774677690512648806e-29 -1.411172459168694693e-28 2.291667631486025112e-28 5.904157036225111066e-28 -6.421295362239522238e-27 2.298947333475977476e-26 5.799280559685421124e-28 -2.833386642298371617e-25 -2.532178079023014774e-24 7.176326960034966009e-23 -8.021907697344797735e-22 6.198649733181422675e-21 -3.599251131864079236e-20 1.649619624572064067e-19 -5.647453912045309836e-19 1.477814277908436778e-18 -2.123484671817075781e-18 1.756712531239255967e-18 5.145239894802745030e-18 -5.734978626539538272e-19 2.463895515922453177e-18 4.753083081489707045e-18 9.733282469035276338e-18 1.932136181493238380e-17 2.557163004177007203e-17 2.347977399123454820e-17 1.629063469732579733e-17 9.091955733129508767e-18 4.260478761625811928e-18 1.727406447103292395e-18 6.193867789936050374e-19 1.996689304943620414e-19 5.861212984579975908e-20 1.582744321382130128e-20 3.964439460652934518e-21 9.274741202876486899e-22 2.038578025579334915e-22 4.231441650053282010e-23 8.332663159044340528e-24 1.563383815362806550e-24 2.806200238640700718e-25 4.838862394961885472e-26 8.050884500425526918e-27 1.298285333918111330e-27 2.027446367751097518e-28 0.000000000000000000e+00
0.000000000000000000e+00 -1.180001698655407961e-31 5.053085315806332719e-31 -2.168281705697039659e-30 7.553524733350249186e-30 -1.764225848298337084e-29 -8.067227271022110152e-30 3.885233753835739649e-28 -2.671821671173423251e-27 1.201335608233494562e-26 -3.929541323589374990e-26 1.238571515535365869e-25 -9.917397645944778550e-25 1.228892563974629001e-23 -1.194434650567650715e-22 8.842859989674375864e-22 -5.084450319246251836e-21 2.305242582171273414e-20 -7.954660574133724780e-20 2.029864543241662601e-19 -3.091291556927479871e-19 1.770866798081282347e-19 5.510868077089098032e-19 -4.305195910135268460e-19 -1.412971069217161665e-19 1.827179046308250229e-19 1.002436412132886049e-18 2.574578319963161548e-18 3.623783417683299283e-18 3.400853868644606181e-18 2.389013553015723499e-18 1.346194467096567730e-18 6.362089902476783338e-19 2.599980039814361446e-19 9.392964660686046523e-20 3.049999806256169273e-20 9.016781374112426196e-21 2.451981533543355949e-21 6.185029954610199745e-22 1.457387944437369128e-22 3.227243806089107915e-23 6.751730586606345355e-24 1.340978830979623892e-24 2.540021982499263922e-25 4.609239934567067225e-26 8.050884500425522613e-27 1.360516362667711896e-27 2.236268827743998513e-28 3.578887990452535312e-29 0.000000000000000000e+00
0.000000000000000000e+00 -2.056243836629226926e-32 8.510843917299367152e-32 -3.455019896730199224e-31 1.053912086118536073e-30 -1.286861976621127072e-30 -1.212839448319386883e-29 1.258720996328895122e-28 -7.577672576007435694e-28 3.481252991646927054e-27 -1.308396186617011268e-26 4.630882828679327759e-26 -2.366013057350018658e-25 1.973130377332459882e-24 -1.690801181713928890e-23 1.203596058351012216e-22 -6.844034972356905232e-22 3.082756591711780731e-21 -1.065469852021730103e-20 2.689828234203607729e-20 -4.160655657448305347e-20 1.979597826691074050e-20 6.683862705492775354e-20 -7.211824552065450921e-20 -4.254377049452004601e-20 1.290172124018640362e-21 1.184269119776955683e-19 3.431884876614407001e-19 4.967705571818523672e-19 4.726760069874357735e-19 3.355252317912902999e-19 1.908298753085005690e-19 9.097263713402190654e-20 3.748635522158459262e-20 1.365086536330576087e-20 4.466930969766885611e-21 1.330599986320842724e-21 3.645655720119165454e-22 9.265886045042685353e-23 2.200342247200719451e-23 4.912194638767904938e-24 1.036685169964565553e-24 2.078918130297909763e-25 3.981238759183962305e-26 7.318234757690363674e-27 1.298285333918110971e-27 2.236268827743998064e-28 3.763335243090112420e-29 6.206864336247358802e-30 0.000000000000000000e+00
0.000000000000000000e+00 -3.403894090994904245e-33 1.347521589272123664e-32 -5.024406150898985098e-32 1.174685317716906259e-31 1.770665716630083437e-31 -4.343497565653758980e-30 3.335062749488393286e-29 -1.863688371209254728e-28 8.492962955048562378e-28 -3.292228422771186869e-27 1.173192904340021790e-26 -4.898464861409718188e-26 3.057855227058631965e-25 -2.292099057992856557e-24 1.562092204280359052e-23 -8.769126888160499500e-23 3.929803811319993103e-22 -1.357524854428965133e-21 3.408813151708065289e-21 -5.280427644570786012e-21 2.262813068433387987e-21 8.310441692205655362e-21 -9.697637063025960975e-21 -6.696037150226736802e-21 -1.043378817757797378e-21 1.448331230217193122e-20 4.432912834976263912e-20 6.519765200197499607e-20 6.271697114392943691e-20 4.495290283664204126e-20 2.580175450348095726e-20 1.240834372992852445e-20 5.156273731166670097e-21 1.893076185916447278e-21 6.244220041251684460e-22 1.874696838913703021e-22 5.176955798088761032e-23 1.326362214070228725e-23 3.176014351876892727e-24 7.153733177407869512e-25 1.524626899705799979e-25 3.091779433276012478e-26 5.999396571674814817e-27 1.120534272825305548e-27 2.027446367751096621e-28 3.578887990452534191e-29 6.206864336247358101e-30 1.063585754724904034e-30 0.000000000000000000e+00
0.000000000000000000e+00 0.000000000000000000e+00 0.000000000000000000e+00 0.000000000000000000e+00 0.000000000000000000e+00 0.000000000000000000e+00 0.000000000000000000e+00 0.000000000000000000e+00 0.000000000000000000e+00 0.000000000000000000e+00 0.000000000000000000e+00 0.000000000000000000e+00 0.000000000000000000e+00 0.000000000000000000e+00 0.000000000000000000e+00 0.000000000000000000e+00 0.000000000000000000e+00 0.000000000000000000e+00 0.000000000000000000e+00 0.000000000000000000e+00 0.000000000000000000e+00 0.000000000000000000e+00 0.000000000000000000e+00 0.000000000000000000e+00 0.000000000000000000e+00 0.000000000000000000e+00 0.000000000000000000e+00 0.000000000000000000e+00 0.000000000000000000e+00 0.000000000000000000e+00 0.000000000000000000e+00 0.000000000000000000e+00 0.000000000000000000e+00 0.000000000000000000e+00 0.000000000000000000e+00 0.000000000000000000e+00 0.000000000000000000e+00 0.000000000000000000e+00 0.000000000000000000e+00 0.000000000000000000e+00 0.000000000000000000e+00 0.000000000000000000e+00 0.000000000000000000e+00 0.000000000000000000e+00 0.000000000000000000e+00 0.000000000000000000e+00 0.000000000000000000e+00 0.000000000000000000e+00 0.000000000000000000e+00 0.000000000000000000e+00
