0.000000000000000000e+00 0.000000000000000000e+00 0.000000000000000000e+00 0.000000000000000000e+00 0.000000000000000000e+00 0.000000000000000000e+00 0.000000000000000000e+00 0.000000000000000000e+00 0.000000000000000000e+00 0.000000000000000000e+00 0.000000000000000000e+00 0.000000000000000000e+00 0.000000000000000000e+00 0.000000000000000000e+00 0.000000000000000000e+00 0.000000000000000000e+00 0.000000000000000000e+00 0.000000000000000000e+00 0.000000000000000000e+00 0.000000000000000000e+00 0.000000000000000000e+00 0.000000000000000000e+00 0.000000000000000000e+00 0.000000000000000000e+00 0.000000000000000000e+00 0.000000000000000000e+00 0.000000000000000000e+00 0.000000000000000000e+00 0.000000000000000000e+00 0.000000000000000000e+00 0.000000000000000000e+00 0.000000000000000000e+00 0.000000000000000000e+00 0.000000000000000000e+00 0.000000000000000000e+00 0.000000000000000000e+00 0.000000000000000000e+00 0.000000000000000000e+00 0.000000000000000000e+00 0.000000000000000000e+00 0.000000000000000000e+00 0.000000000000000000e+00 0.000000000000000000e+00 0.000000000000000000e+00 0.000000000000000000e+00 0.000000000000000000e+00 0.000000000000000000e+00 0.000000000000000000e+00 0.000000000000000000e+00 0.000000000000000000e+00
0.000000000000000000e+00 -5.341222550057515859e-34 2.159502182556053426e-33 -9.316678473929613467e-33 3.853861874323566741e-32 -1.599110849191479649e-31 7.031812422718469380e-31 -3.408942698291466018e-30 1.792056633383743116e-29 -9.575013307187922042e-29 4.913999723101305040e-28 -2.300597365679405751e-27 9.806425270442412586e-27 -3.536664271520373115e-26 1.213312735877740849e-25 -2.654820514994880253e-25 1.018299118931445338e-24 9.740164888028709631e-25 1.352642163666999142e-23 6.018920175241419657e-23 2.525025147474947146e-22 8.636173492095169381e-22 2.244921518959426871e-21 4.193456415729283145e-21 5.350464782190538550e-21 5.348627396078943897e-21 4.189720929810318612e-21 2.240850414401169711e-21 8.544746447140827322e-22 2.448357464911916588e-22 5.177025612264915859e-23 5.355767423044263859e-24 -2.200731054476225780e-24 -1.986875053342515011e-24 -1.029050530966395744e-24 -4.356449879442905049e-25 -1.622442419090269202e-25 -5.460852586906074691e-26 -1.684440185128199457e-26 -4.805311496744525896e-27 -1.276557463024765468e-27 -3.175471608321915381e-28 -7.430348923858779067e-29 -1.641740173428966458e-29 -3.436220812271909398e-30 -6.830848225894731521e-31 -1.292309420336260357e-31 -2.329182665304236166e-32 -3.991649383517570135e-33 0.000000000000000000e+00
0.000000000000000000e+00 2.159502182556057189e-33 -8.742478105348052020e-33 3.829252504416445188e-32 -1.675471425462480064e-31 7.787457991360792533e-31 -3.996137906405851773e-30 2.229097563415697119e-29 -1.269088329053677050e-28 6.983575076520051160e-28 -3.529969781159954776e-27 1.640748147229453362e-26 -6.516448740176204936e-26 2.503392668088670044e-25 -6.299372480289435457e-25 2.751425403272156385e-24 2.033683128630389370e-24 4.646429135981069001e-23 2.250547426823077840e-22 1.172400278518289981e-21 4.989179008478281563e-21 1.716141876176751304e-20 4.539324738804040582e-20 8.555837465637372893e-20 1.092463323458472688e-19 1.092549792945835154e-19 8.557359054077765078e-20 4.540696716735030752e-20 1.719934761197800010e-20 5.018452084228371448e-21 1.210039657107849031e-21 2.635697936488932231e-22 6.026341709611429367e-23 1.708696699051778626e-23 5.967592030780034498e-24 2.216204912384880321e-24 7.910964611927796659e-25 2.622566932741302652e-25 8.028992440147738332e-26 2.276896866130875966e-26 6.010201122313735168e-27 1.483764179712287675e-27 3.440123806801238118e-28 7.516554485794200107e-29 1.552035967782888853e-29 3.034735315817003695e-30 5.626485399014353976e-31 9.891662854646344468e-32 1.646070744227428044e-32 0.000000000000000000e+00
0.000000000000000000e+00 -9.316678473929607993e-33 3.829252504416473104e-32 -1.775671995442184123e-31 8.696637336421983116e-31 -4.707681143019637814e-30 2.775709699933043654e-29 -1.677097314328642165e-28 9.845725869419106306e-28 -5.344583714577913550e-27 2.685657304900641594e-26 -1.166289022967580891e-25 4.920103887422494179e-25 -1.419186911165062214e-24 6.666173937119383427e-24 2.483321221027781588e-24 1.331136800451900585e-22 6.828006599253641765e-22 4.301348044339406683e-21 2.187083130464959652e-20 9.461187004353164969e-20 3.316748306262513654e-19 8.891286656651433746e-19 1.691811130863087232e-18 2.160289322884401149e-18 2.160006652234633609e-18 1.690984462503358045e-18 8.882413193274505187e-19 3.309610278086714506e-19 9.416973775227145294e-20 2.154845966735978350e-20 4.055707047483619364e-21 6.026052477520076049e-22 4.784044112393425541e-23 -1.270755906652205151e-23 -9.278536776819641596e-24 -3.851193466911670810e-24 -1.330015345019589810e-24 -4.111828249539540560e-25 -1.165706028181245202e-25 -3.063546370432758460e-26 -7.510587681708014481e-27 -1.725028729394349624e-27 -3.723217751300261930e-28 -7.567071702272034615e-29 -1.449626680728915917e-29 -2.616811586163124098e-30 -4.440711596953835375e-31 -7.031985400888033839e-32 0.000000000000000000e+00
0.000000000000000000e+00 3.853861874323652132e-32 -1.675471425462482035e-31 8.696637336422067194e-31 -4.962246154761596416e-30 3.088940920164427658e-29 -1.975508781243763858e-28 1.232293151417573214e-27 -7.143750994025196180e-27 3.854525097484477585e-26 -1.812905124478959932e-25 8.318512208911391688e-25 -2.686694840223062006e-24 1.359206652472169874e-23 9.896892837099111441e-25 3.194664916078035148e-22 1.725150542095674457e-21 1.282789586405067772e-20 7.565925795202030145e-20 3.958783763868994789e-19 1.741838981495131685e-18 6.203558574970426215e-18 1.687001804721994812e-17 3.241743621590173176e-17 4.141073103413462438e-17 4.141698088476082550e-17 3.243759734396594871e-17 1.689215268246810592e-17 6.218443287849265864e-18 1.750918088960430280e-18 4.003787870092238306e-19 7.790904130384955730e-20 1.351497303891065064e-20 2.239373723858692518e-21 3.991991826296174458e-22 8.721613750233242571e-23 2.340568259645231406e-23 6.857045819543744030e-24 1.989849403782672498e-24 5.483169454365708772e-25 1.416084372113377994e-25 3.418964911675526140e-26 7.720707679239624566e-27 1.631911261293095651e-27 3.227998379498085836e-28 5.963578031223717517e-29 1.023807016376365400e-29 1.615741447118425861e-30 2.277348942668262964e-31 0.000000000000000000e+00
0.000000000000000000e+00 -1.599110849191477897e-31 7.787457991361017617e-31 -4.707681143019693165e-30 3.088940920164438868e-29 -2.086079758174798003e-28 1.377934526311698907e-27 -8.492109940364426469e-27 4.893121115220573227e-26 -2.474178762741617738e-25 1.225409074378134320e-24 -4.360776219679371951e-24 2.371193182763643690e-23 -4.270309098374301595e-24 6.507915310417383643e-22 3.689955941915619984e-21 3.171789466817464751e-20 2.123023714915750828e-19 1.304221462877394351e-18 6.915887398446879083e-18 3.096071964499722980e-17 1.120466656814123310e-16 3.093809891792033227e-16 6.004199199189799587e-16 7.666988045199923707e-16 7.665856507404514625e-16 6.000336719620111994e-16 3.089534275958496029e-16 1.117663584972441881e-16 3.078314230448163736e-17 6.838336894317737119e-18 1.272771166421013175e-18 2.026921238209040208e-19 2.752959792726694536e-20 2.965593738147449191e-21 1.432815247282876738e-22 -5.179507261375418264e-23 -2.589665689722106725e-23 -8.388156088707092804e-24 -2.341430075563015243e-24 -5.963439327323601964e-25 -1.407099746473024478e-25 -3.086359849884298007e-26 -6.284796645377531454e-27 -1.181979882843048576e-27 -2.030046711554685790e-28 -3.107251408193375565e-29 -3.990502918142338838e-30 -3.351911789233875848e-31 0.000000000000000000e+00
0.000000000000000000e+00 7.031812422718736503e-31 -3.996137906405883303e-30 2.775709699933070559e-29 -1.975508781243759374e-28 1.377934526311696217e-27 -8.994052019636703616e-27 5.509223896821761512e-26 -2.976867919472730317e-25 1.581713485547083934e-24 -6.125925589751788666e-24 3.572341574470650764e-23 -1.394672033787576228e-23 1.136588016234888489e-21 6.766870484864761629e-21 6.602513180888580520e-20 4.933173243780881230e-19 3.476828371210635455e-18 2.155599810847543352e-17 1.164061646885557942e-16 5.295775333592210555e-16 1.950309125676260963e-15 5.462734642549134077e-15 1.071082024977557373e-14 1.367819270536244314e-14 1.367990012329131275e-14 1.071697135356942208e-14 5.469573163998934399e-15 1.954819480666460237e-15 5.325660715197979350e-16 1.176570412347237462e-16 2.204261929331366558e-17 3.627548105099750260e-18 5.417879198761725252e-19 7.627188740122785702e-20 1.067280993368932474e-20 1.596448109385877243e-21 2.730897390630489366e-22 5.395054540449889670e-23 1.165372567817630838e-23 2.571332047814797108e-24 5.520872191575097876e-25 1.119045703318885269e-25 2.091531676378111645e-26 3.499135365443586904e-27 4.930423592594949263e-28 4.762569128016589054e-29 -1.355714493015518891e-30 -2.393482322269723807e-30 0.000000000000000000e+00
0.000000000000000000e+00 -3.408942698291569715e-30 2.229097563415719539e-29 -1.677097314328632748e-28 1.232293151417568191e-27 -8.492109940364324589e-27 5.509223896821739701e-26 -3.165339496386549958e-25 1.795425677152962756e-24 -7.494259399896376833e-24 4.678429250337308266e-23 -2.616485526333729382e-23 1.715168979738318063e-21 1.074290632611753283e-20 1.170987029630278418e-19 9.643308171969392887e-19 7.656123222485947812e-18 5.423183054600743683e-17 3.425592029036872271e-16 1.878458814430440430e-15 8.701523971513840164e-15 3.254714123006219650e-14 9.260470723275179067e-14 1.834666727137014372e-13 2.341345523784681704e-13 2.341129584014990847e-13 1.833839472275144267e-13 9.251248220366033003e-14 3.248543710005749860e-14 8.658731712069910150e-15 1.861031479277093309e-15 3.356917969870371415e-16 5.209728630858493413e-17 7.032579769712798274e-18 8.182197125866257610e-19 7.736210965124365754e-20 4.360746101810894501e-21 -4.092628544922431380e-22 -2.148787984082733737e-22 -5.500563403683701878e-23 -1.171843196311506713e-23 -2.264139572688206185e-24 -3.993137254394697223e-25 -6.184220524471506617e-26 -7.397246392513798448e-27 -2.729864994829174159e-28 2.079242340811910204e-28 9.280419194087856454e-29 2.786629843123524159e-29 0.000000000000000000e+00
0.000000000000000000e+00 1.792056633383703599e-29 -1.269088329053674136e-28 9.845725869418952051e-28 -7.143750994024975201e-27 4.893121115220521569e-26 -2.976867919472673379e-25 1.795425677152951369e-24 -8.012179669174157460e-24 5.348467163478165273e-23 -3.663014303001252307e-23 2.249377278591020098e-21 1.487103669221429184e-20 1.785679560336375558e-19 1.605024351110183506e-18 1.414641281320452182e-17 1.124534056909697122e-16 8.115685990214517189e-16 5.199088548745204816e-15 2.901882169767201443e-14 1.364825140867363590e-13 5.195498414793823051e-13 1.500022065754506863e-12 3.003147749894051104e-12 3.830804439181615303e-12 3.831033341231294202e-12 3.004092659873259185e-12 1.501077277989972706e-12 5.202687428804766110e-13 1.370044993015135441e-13 2.922510041345789512e-14 5.282986557302625140e-15 8.374632963451998351e-16 1.198772724531372599e-16 1.595396288104904264e-17 2.039903449691278664e-18 2.600381451041093220e-19 3.422642943910098753e-20 4.747572635631041521e-21 6.919420648698040438e-22 1.035079153972379616e-22 1.531258470033082988e-23 2.117825036587700272e-24 2.425480225800359003e-25 1.242293398716502459e-26 -4.667722347527973514e-27 -2.293582800587363757e-27 -6.986447857211180764e-28 -1.798805770530170156e-28 0.000000000000000000e+00
0.000000000000000000e+00 -9.575013307187905226e-29 6.983575076519727404e-28 -5.344583714577734901e-27 3.854525097484351885e-26 -2.474178762741529117e-25 1.581713485547062812e-24 -7.494259399896337160e-24 5.348467163478198187e-23 -4.077432600924554185e-23 2.573517842886677989e-21 1.803916821928572647e-20 2.357071306931857659e-19 2.295070172541406927e-18 2.219500886958715719e-17 1.952418334868790526e-16 1.580844865617569599e-15 1.155375009303191000e-14 7.526685827483909051e-14 4.260401177496810422e-13 2.039332228834763303e-12 7.883004409097032231e-12 2.311360955414428740e-11 4.676939047472564904e-11 5.959750206337251564e-11 5.959547941057977018e-11 4.676021308456084724e-11 2.310335490577075214e-11 7.875867874782139316e-12 2.033904383660739087e-12 4.239758888874197580e-13 7.438951178583626612e-14 1.128784331684818062e-14 1.504037828548587913e-15 1.763344942269953982e-16 1.781388979072402327e-17 1.422917203289921673e-18 5.446659115789974921e-20 -1.006447923298294248e-20 -3.386512677600977284e-21 -6.709564730664614006e-22 -1.089107600060016863e-22 -1.520319567853702220e-23 -1.715023098282732165e-24 -9.881846531303981277e-26 2.327095949006938052e-26 1.194706454925554919e-26 3.552267380347696161e-27 8.883284301095667977e-28 0.000000000000000000e+00
0.000000000000000000e+00 4.913999723100989355e-28 -3.529969781159766800e-27 2.685657304900468254e-26 -1.812905124478875443e-25 1.225409074378091708e-24 -6.125925589751743116e-24 4.678429250337350584e-23 -3.663014303001998746e-23 2.573517842886724633e-21 1.923237221363318772e-20 2.705073541847477595e-19 2.837270307601778390e-18 2.982609181353054411e-17 2.871774649524072596e-16 2.572025453670067028e-15 2.105829334594453575e-14 1.563097754206120657e-13 1.030951443219845072e-12 5.932749990705634796e-12 2.880636017287161758e-11 1.131998039743262499e-10 3.367811123267031204e-10 6.886378887211308188e-10 8.765502257874097758e-10 8.765649326309382668e-10 6.887135204787321837e-10 3.368655489652212736e-10 1.132600398684731407e-10 2.885438139137214925e-11 5.950119093531125684e-12 1.038775631710294956e-12 1.586051005172596967e-13 2.173592707943793532e-14 2.738193456704502208e-15 3.253474725086648609e-16 3.759110193319281132e-17 4.371316669501025489e-18 5.270032895576328160e-19 6.662480221833636540e-20 8.719382961809514034e-21 1.146216545125816952e-21 1.453580216954690824e-22 1.671507350804268502e-23 1.483841482617894252e-24 1.619811720763761179e-26 -3.856053991435638290e-26 -1.370018916683069860e-26 -3.572826569178251347e-27 0.000000000000000000e+00
0.000000000000000000e+00 -2.300597365679221721e-27 1.640748147229294372e-26 -1.166289022967505356e-25 8.318512208910917817e-25 -4.360776219679353583e-24 3.572341574470686029e-23 -2.616485526335334226e-23 2.249377278591127679e-21 1.803916821928499522e-20 2.705073541847506484e-19 3.043841174106060645e-18 3.452618447252824824e-17 3.608073911332787758e-16 3.535570729556143316e-15 3.197803679830159494e-14 2.655532912702967484e-13 1.991953254724498278e-12 1.333376404148875643e-11 7.767350208445393261e-11 3.829932186440111046e-10 1.526943878516671621e-09 4.608898448930031951e-09 9.521928061704443764e-09 1.210122330992951446e-08 1.210113759906324226e-08 9.521402026301801178e-09 4.608312852638921491e-09 1.526513822864955760e-09 3.826335546076324259e-10 7.755176600515069026e-11 1.327449749120657390e-11 1.975471517131053789e-12 2.604982470658512251e-13 3.076145329312301349e-14 3.255155182086349252e-15 3.036158194258222205e-16 2.347719434677826501e-17 1.148094197336007652e-18 -5.794965733974985241e-20 -2.818229422325828605e-20 -5.481054712167377393e-21 -8.323229402686753809e-22 -1.075624994546259063e-22 -1.146424736784444083e-23 -7.639020023670776844e-25 6.472178423237870939e-26 4.208133946477225068e-26 1.216628726745233666e-26 0.000000000000000000e+00
0.000000000000000000e+00 9.806425270441273252e-27 -6.516448740175521909e-26 4.920103887422137857e-25 -2.686694840223018659e-24 2.371193182763706873e-23 -1.394672033789288629e-23 1.715168979738447837e-21 1.487103669221309415e-20 2.357071306931926511e-19 2.837270307601750271e-18 3.452618447252830987e-17 3.891169478081859736e-16 4.137416892657083757e-15 4.090672978538673160e-14 3.748493850218051671e-13 3.140328270778769322e-12 2.386033766529658411e-11 1.612646533180270978e-10 9.517720361668691343e-10 4.750512548973525887e-09 1.920542288637147453e-08 5.874656482758373063e-08 1.225618307560153408e-07 1.554647933148045194e-07 1.554651712228709197e-07 1.225648904758441151e-07 5.874995138557093375e-08 1.920799696854257414e-08 4.752773256477131204e-09 9.524714157507719916e-10 1.616435625976054464e-10 2.395700101111090766e-11 3.171970141165467861e-12 3.821485390588681169e-13 4.261343025663582246e-14 4.480419502534070933e-15 4.543221636162397190e-16 4.567116653577325457e-17 4.682147435501213053e-18 4.984902620420656494e-19 5.494124244442360148e-20 6.107360815472112107e-21 6.545161226905981477e-22 6.250348617269690514e-23 4.182423727947023174e-24 -1.590387973683780300e-25 -1.461749644331506066e-25 -4.177140976916985854e-26 0.000000000000000000e+00
0.000000000000000000e+00 -3.536664271519857688e-26 2.503392668088474434e-25 -1.419186911165013541e-24 1.359206652472258036e-23 -4.270309098387061586e-24 1.136588016235021837e-21 1.074290632611637427e-20 1.785679560336456929e-19 2.295070172541367253e-18 2.982609181353070434e-17 3.608073911332790716e-16 4.137416892657079024e-15 4.437335825666584704e-14 4.442037651804742478e-13 4.101387191759958089e-12 3.474421233848314937e-11 2.658715028566584180e-10 1.815274159044571445e-09 1.080705189703298463e-08 5.453148661538288594e-08 2.229983484547311609e-07 6.903079451541885858e-07 1.453072833275952462e-06 1.838690659754305038e-06 1.838689599960390027e-06 1.453058158402114656e-06 6.902918682919233630e-07 2.229856105503275203e-07 5.451972147957874707e-08 1.080384830093569508e-08 1.813248832864012656e-09 2.654238031822143997e-10 3.457956153253869449e-11 4.066630470888991804e-12 4.357847077738170163e-13 4.275834148321203438e-14 3.837249240987694008e-15 3.116707003881838734e-16 2.225439504593618570e-17 1.295666880410710052e-18 4.766439744402673213e-20 -5.838948988235572602e-22 -9.737913830904801571e-23 6.344238708579163200e-23 2.518716703968136594e-23 6.134314303410420512e-24 1.242578391083077247e-24 2.304206098956400431e-25 0.000000000000000000e+00
0.000000000000000000e+00 1.213312735877643733e-25 -6.299372480289251786e-25 6.666173937120168070e-24 9.896892837012102818e-25 6.507915310418503654e-22 6.766870484863932577e-21 1.170987029630352085e-19 1.605024351110149803e-18 2.219500886958736365e-17 2.871774649524076047e-16 3.535570729556139766e-15 4.090672978538676946e-14 4.442037651804740459e-13 4.478527657131132299e-12 4.177177560619452845e-11 3.557150302073020347e-10 2.742354767812040378e-09 1.881483065368043410e-08 1.127385223897738849e-07 5.727269344810209210e-07 2.362249927114720839e-06 7.382126677652125701e-06 1.565383511441552816e-05 1.974794302567875796e-05 1.974794312577249564e-05 1.565389191907529972e-05 7.382187816753800113e-06 2.362300934190979272e-06 5.727765902308266849e-07 1.127496224771624640e-07 1.882376040641112296e-08 2.743877591195118466e-09 3.564193351914348027e-10 4.189400940721416320e-11 4.510993837244939727e-12 4.496340112017805874e-13 4.186519401012305112e-14 3.666507779246578769e-15 3.022885707663561713e-16 2.305043720704268664e-17 1.500378918961022336e-18 5.270359578380884696e-20 -7.577128396807363097e-21 -2.538987464724778414e-21 -5.024068986059946779e-22 -8.431629457870891031e-23 -1.300124967644975937e-23 -1.894571890755422657e-24 0.000000000000000000e+00
0.000000000000000000e+00 -2.654820514994953262e-25 2.751425403272669562e-24 2.483321221021657997e-24 3.194664916078752670e-22 3.689955941915076060e-21 6.602513180889082466e-20 9.643308171969165627e-19 1.414641281320469131e-17 1.952418334868792498e-16 2.572025453670064661e-15 3.197803679830165173e-14 3.748493850218046118e-13 4.101387191759956474e-12 4.177177560619454138e-11 3.913750658287986145e-10 3.352194339731666827e-09 2.589012280060909774e-08 1.779787855475133317e-07 1.067248396544955517e-06 5.432044580473069779e-06 2.248591446439006470e-05 7.066403806615068159e-05 1.505603522924720450e-04 1.892037336329625776e-04 1.892037513058451577e-04 1.505601806796437675e-04 7.066385913863585506e-05 2.248575476475642048e-05 5.431880080764964121e-06 1.067222801812827579e-06 1.779469029595928399e-07 2.588711005139710306e-08 3.349746336538968545e-09 3.911264884393224600e-10 4.168092240876521395e-11 4.092954770287489217e-12 3.737432848128344212e-13 3.209308860489234936e-14 2.642535887685262103e-15 2.173911550419871537e-16 1.932081838690125612e-17 2.036254331442091619e-18 2.597917534453581781e-19 3.719449783325435323e-20 5.487111626208451161e-21 7.960362921752920227e-22 1.116125607541376852e-22 1.497045283335763620e-23 0.000000000000000000e+00
0.000000000000000000e+00 1.018299118931718641e-24 2.033683128626558728e-24 1.331136800452261697e-22 1.725150542095339300e-21 3.171789466817721742e-20 4.933173243780734860e-19 7.656123222486044879e-18 1.124534056909696629e-16 1.580844865617569993e-15 2.105829334594455784e-14 2.655532912702965969e-13 3.140328270778769726e-12 3.474421233848314291e-11 3.557150302073021381e-10 3.352194339731666414e-09 2.873031309205726160e-08 2.216931423344009422e-07 1.517178877852296608e-06 9.044677334680893503e-06 4.575526369364723141e-05 1.886474034943757270e-04 5.923718425992839220e-04 1.262582992628885712e-03 1.578666469263186739e-03 1.578666362543421986e-03 1.262583375036849514e-03 5.923722165207493274e-04 1.886477714695970656e-04 4.575566796455346567e-05 9.044697728818454271e-06 1.517268830362328161e-06 2.216910773388250219e-07 2.873717774538572259e-08 3.351947563162225949e-09 3.558607910529819495e-10 3.470788421645672167e-11 3.131101265115146227e-12 2.618971629239210799e-13 2.014514995822657796e-14 1.369733257973198883e-15 6.941525782079908080e-17 -4.512195543489926584e-19 -9.127695580953462160e-19 -1.988633673736830576e-19 -3.349046606682734634e-20 -5.049240492853134643e-21 -7.108536641502417166e-22 -9.433638387178044832e-23 0.000000000000000000e+00
0.000000000000000000e+00 9.740164888010825586e-25 4.646429135982648278e-23 6.828006599251965040e-22 1.282789586405175955e-20 2.123023714915673310e-19 3.476828371210672433e-18 5.423183054600739369e-17 8.115685990214527050e-16 1.155375009303191158e-14 1.563097754206121415e-13 1.991953254724496662e-12 2.386033766529657765e-11 2.658715028566584180e-10 2.742354767812040378e-09 2.589012280060909444e-08 2.216931423344010216e-07 1.699407144700993732e-06 1.150003272110103961e-05 6.748106471205351890e-05 3.353084137582060102e-04 1.359892595694371350e-03 4.220818148202514809e-03 8.929748521378998508e-03 1.108922412216208249e-02 1.108922448567847656e-02 8.929747958358198387e-03 4.220817684345103127e-03 1.359892048499634779e-03 3.353077584183225220e-04 6.748116357360852899e-05 1.149983818146518446e-05 1.699447947155880696e-06 2.216775012143481174e-07 2.589459820135813683e-08 2.742440250950998352e-09 2.662266169566039077e-10 2.393489336493854978e-11 2.015715411842804191e-12 1.616668067032976575e-13 1.273046300683376953e-14 1.042979442859017837e-15 9.673888444457162658e-17 1.074973170817098503e-17 1.386254195316086828e-18 1.914392058637159057e-19 2.662776371579527980e-20 3.620418699778788436e-21 4.723753959026271515e-22 0.000000000000000000e+00
0.000000000000000000e+00 1.352642163667594530e-23 2.250547426822475517e-22 4.301348044339809173e-21 7.565925795201724404e-20 1.304221462877402825e-18 2.155599810847544585e-17 3.425592029036869313e-16 5.199088548745206394e-15 7.526685827483909051e-14 1.030951443219844264e-12 1.333376404148875966e-11 1.612646533180270461e-10 1.815274159044570825e-09 1.881483065368044072e-08 1.779787855475133582e-07 1.517178877852296608e-06 1.150003272110104130e-05 7.627726372162492972e-05 4.347937653901700760e-04 2.083963964248044566e-03 8.142210626412295718e-03 2.450104393550869147e-02 5.070967216595528154e-02 6.235074588645402038e-02 6.235074512226938120e-02 5.070967257601304706e-02 2.450104402530255826e-02 8.142210944381346113e-03 2.083964436288369363e-03 4.347933561537045601e-04 7.627757606968694961e-05 1.149987387999163715e-05 1.517208531514054750e-06 1.779585338343014984e-07 1.881350937321857650e-08 1.813675297663153390e-09 1.609521318635264825e-10 1.323517899349845407e-11 1.009689643257444347e-12 7.062157331320634928e-14 4.299020268147604850e-15 1.783250054892464479e-16 -6.400656615744646240e-18 -3.185432157851408979e-18 -6.063941308141557081e-19 -9.435086639952102675e-20 -1.337263740835466276e-20 -1.771905570655069744e-21 0.000000000000000000e+00
0.000000000000000000e+00 6.018920175239985554e-23 1.172400278518408471e-21 2.187083130464887128e-20 3.958783763869011641e-19 6.915887398446901424e-18 1.164061646885554245e-16 1.878458814430443980e-15 2.901882169767201443e-14 4.260401177496807897e-13 5.932749990705639643e-12 7.767350208445388091e-11 9.517720361668695479e-10 1.080705189703298959e-08 1.127385223897738981e-07 1.067248396544956364e-06 9.044677334680896892e-06 6.748106471205351890e-05 4.347937653901702928e-04 2.367820360237710836e-03 1.065698194023988361e-02 3.869592348734732234e-02 1.088123277530597260e-01 2.138492096884363203e-01 2.587240853866521473e-01 2.587240862323446633e-01 2.138492096843756796e-01 1.088123283114129231e-01 3.869592386571563125e-02 1.065698230271630575e-02 2.367820943830633521e-03 4.347934025872290660e-04 6.748140923838834824e-05 9.044631656069970253e-06 1.067304193080373684e-06 1.127428101259537775e-07 1.081178454698895945e-08 9.526369239243498229e-10 7.795890555870427106e-11 5.991921185300864063e-12 4.391288413069526630e-13 3.152315611246384212e-14 2.335129262731702526e-15 1.938307085611438956e-16 1.931646378957941420e-17 2.276173807351398428e-18 2.931273065577613239e-19 3.852655244909911896e-20 4.952473480607624394e-21 0.000000000000000000e+00
0.000000000000000000e+00 2.525025147475127231e-22 4.989179008478186771e-21 9.461187004353170988e-20 1.741838981495138233e-18 3.096071964499711887e-17 5.295775333592220416e-16 8.701523971513830697e-15 1.364825140867363842e-13 2.039332228834764111e-12 2.880636017287160466e-11 3.829932186440111563e-10 4.750512548973526714e-09 5.453148661538286609e-08 5.727269344810211328e-07 5.432044580473070626e-06 4.575526369364722463e-05 3.353084137582062270e-04 2.083963964248045000e-03 1.065698194023987841e-02 4.344036584793908168e-02 1.378686530064433535e-01 3.363363681948555173e-01 5.857203470890667285e-01 6.863651638260401810e-01 6.863651637656387194e-01 5.857203473480114830e-01 3.363363679361224823e-01 1.378686525971827836e-01 4.344036524514451741e-02 1.065698200132769724e-02 2.083964234729995205e-03 3.353079902971057864e-04 4.575530519029420424e-05 5.431947316605028583e-06 5.727189086962055145e-07 5.452240747021505849e-08 4.749002107148685815e-09 3.824541242217784806e-10 2.870119908659100404e-11 2.015471139598353190e-12 1.320231004851440537e-13 7.887823325044439535e-15 3.928859750036386162e-16 9.179914228243197308e-18 -1.541499536092626748e-18 -3.764067474499153091e-19 -5.955411199717654472e-20 -8.156527414937802423e-21 0.000000000000000000e+00
0.000000000000000000e+00 8.636173492095270943e-22 1.716141876176734753e-20 3.316748306262536284e-19 6.203558574970403874e-18 1.120466656814123310e-16 1.950309125676261357e-15 3.254714123006217757e-14 5.195498414793823051e-13 7.883004409097030615e-12 1.131998039743263016e-10 1.526943878516672034e-09 1.920542288637146791e-08 2.229983484547312403e-07 2.362249927114721686e-06 2.248591446439006809e-05 1.886474034943758083e-04 1.359892595694370916e-03 8.142210626412295718e-03 3.869592348734732234e-02 1.378686530064433813e-01 3.498858162873190181e-01 6.443210761123492336e-01 8.425049801511269587e-01 9.098090607113364925e-01 9.098090600195678501e-01 8.425049793168216672e-01 6.443210754104353732e-01 3.498858156422419707e-01 1.378686523368560513e-01 3.869592272014334144e-02 8.142210700868266621e-03 1.359892794985938323e-03 1.886474248028019419e-04 2.248599358202834104e-05 2.362256710647195966e-06 2.230064379985381858e-07 1.920644939125018047e-08 1.527391891219776226e-09 1.132717588926531282e-10 7.900623027147078186e-12 5.225419581781394602e-13 3.309183148447646308e-14 2.037514361799763134e-15 1.255544313290736223e-16 8.168195276968871546e-18 6.040695633392611020e-19 5.321393726909148342e-20 5.397759041346169699e-21 0.000000000000000000e+00
0.000000000000000000e+00 2.244921518959383989e-21 4.539324738804077897e-20 8.891286656651397154e-19 1.687001804721999126e-17 3.093809891792028789e-16 5.462734642549135655e-15 9.260470723275177805e-14 1.500022065754507267e-12 2.311360955414430032e-11 3.367811123267028102e-10 4.608898448930034433e-09 5.874656482758373725e-08 6.903079451541883740e-07 7.382126677652123160e-06 7.066403806615069515e-05 5.923718425992837051e-04 4.220818148202515677e-03 2.450104393550868800e-02 1.088123277530597122e-01 3.363363681948552952e-01 6.443210761123495667e-01 8.577202914501516062e-01 9.524266750760527200e-01 9.795209155635661302e-01 9.795209154615308611e-01 9.524266743870488661e-01 8.577202911134921282e-01 6.443210760820027305e-01 3.363363683995476694e-01 1.088123273366169014e-01 2.450104342979008906e-02 4.220818420487426441e-03 5.923717840881013693e-04 7.066410774494154918e-05 7.382136932674819868e-06 6.903152100094765965e-07 5.874839058430121028e-08 4.609415109084952876e-09 3.369071132031950147e-10 2.314036798640489196e-11 1.505536754212954257e-12 9.361812682587591797e-14 5.641218179448105930e-15 3.386085150096767743e-16 2.142303274836489755e-17 1.561926609578584980e-18 1.402820161187676121e-19 1.495771636605296972e-20 0.000000000000000000e+00
0.000000000000000000e+00 4.193456415729244024e-21 8.555837465637407800e-20 1.691811130863085306e-18 3.241743621590170711e-17 6.004199199189805503e-16 1.071082024977555638e-14 1.834666727137017149e-13 3.003147749894048277e-12 4.676939047472565550e-11 6.886378887211309222e-10 9.521928061704447073e-09 1.225618307560153408e-07 1.453072833275951615e-06 1.565383511441552816e-05 1.505603522924719908e-04 1.262582992628885278e-03 8.929748521378993303e-03 5.070967216595525379e-02 2.138492096884361815e-01 5.857203470890659514e-01 8.425049801511262926e-01 9.524266750760520539e-01 9.875344446325773351e-01 9.959393575461223946e-01 9.959393578763217070e-01 9.875344459399050256e-01 9.524266756066548378e-01 8.425049811435423308e-01 5.857203483614329409e-01 2.138492101935433876e-01 5.070967205459669253e-02 8.929747806554637346e-03 1.262582869355180016e-03 1.505601479408488839e-04 1.565380360673037163e-05 1.453051567779401679e-06 1.225581201613985711e-07 9.520642955950597559e-09 6.883980187820305117e-10 4.671417398798755889e-11 2.993150340744662620e-12 1.816397476217958396e-13 1.040828931464705681e-14 5.524765371955153578e-16 2.524728066984020673e-17 6.695450235074457723e-19 -5.362649900449545507e-20 -1.384131325517667985e-20 0.000000000000000000e+00
0.000000000000000000e+00 5.350464782190709326e-21 1.092463323458458484e-19 2.160289322884406927e-18 4.141073103413467369e-17 7.666988045199906944e-16 1.367819270536246365e-14 2.341345523784678674e-13 3.830804439181616111e-12 5.959750206337251564e-11 8.765502257874100860e-10 1.210122330992950619e-08 1.554647933148045458e-07 1.838690659754303980e-06 1.974794302567875796e-05 1.892037336329624420e-04 1.578666469263186089e-03 1.108922412216207729e-02 6.235074588645399263e-02 2.587240853866518142e-01 6.863651638260392929e-01 9.098090607113358264e-01 9.795209155635654641e-01 9.959393575461221726e-01 9.990603035874042748e-01 9.990603046320922775e-01 9.959393589322442786e-01 9.795209170822379852e-01 9.098090622978139974e-01 6.863651655862803569e-01 2.587240870425041583e-01 6.235074633899920921e-02 1.108922433428731306e-02 1.578666523041952468e-03 1.892037223220154713e-04 1.974793970362697377e-05 1.838687163129256580e-06 1.554636977563317140e-07 1.210088634379684649e-08 8.764575487453638131e-10 5.957688095752712409e-11 3.826195415548172039e-12 2.332526192506826584e-13 1.351385054311853596e-14 7.387008040967186720e-16 3.685919273459893794e-17 1.462523434481226277e-18 7.257457702850405473e-21 -8.765687667154073604e-21 0.000000000000000000e+00
0.000000000000000000e+00 5.348627396079040194e-21 1.092549792945826487e-19 2.160006652234643238e-18 4.141698088476074538e-17 7.665856507404520542e-16 1.367990012329130328e-14 2.341129584014989837e-13 3.831033341231294202e-12 5.959547941057973140e-11 8.765649326309387837e-10 1.210113759906323895e-08 1.554651712228707873e-07 1.838689599960390027e-06 1.974794312577248887e-05 1.892037513058451035e-04 1.578666362543422854e-03 1.108922448567847482e-02 6.235074512226936733e-02 2.587240862323446078e-01 6.863651637656376092e-01 9.098090600195666289e-01 9.795209154615303060e-01 9.959393578763217070e-01 9.990603046320932767e-01 9.990603045315904485e-01 9.959393603750228419e-01 9.795209176549454222e-01 9.098090622240214698e-01 6.863651660964995571e-01 2.587240880510843777e-01 6.235074725866892459e-02 1.108922490509233263e-02 1.578666797789574257e-03 1.892038316724730881e-04 1.974797707396776036e-05 1.838698404183313389e-06 1.554667266707239231e-07 1.210162713491153497e-08 8.766237097853402225e-10 5.961135048199441299e-11 3.832855046997790636e-12 2.344580724262020706e-13 1.371932363604732170e-14 7.718290168194730081e-16 4.193120850238445885e-17 2.202486961044776058e-18 1.104257183550608057e-19 4.923223650584447411e-21 0.000000000000000000e+00
0.000000000000000000e+00 4.189720929810211031e-21 8.557359054077844522e-20 1.690984462503353422e-18 3.243759734396593638e-17 6.000336719620119883e-16 1.071697135356939841e-14 1.833839472275146791e-13 3.004092659873255954e-12 4.676021308456087956e-11 6.887135204787318735e-10 9.521402026301797869e-09 1.225648904758440886e-07 1.453058158402113173e-06 1.565389191907528955e-05 1.505601806796436591e-04 1.262583375036850164e-03 8.929747958358196652e-03 5.070967257601306788e-02 2.138492096843756518e-01 5.857203473480112610e-01 8.425049793168211121e-01 9.524266743870479779e-01 9.875344459399054697e-01 9.959393589322453888e-01 9.959393603750231749e-01 9.875344471259408508e-01 9.524266766184008581e-01 8.425049814093579226e-01 5.857203491751930002e-01 2.138492122369841653e-01 5.070967438152178264e-02 8.929749498768981691e-03 1.262583779798623308e-03 1.505605393876143210e-04 1.565394456389581287e-05 1.453095434570700799e-06 1.225701863663514159e-07 9.523626290428942715e-09 6.890697695133805942e-10 4.685336909479065702e-11 3.019920530737035761e-12 1.864522153696245657e-13 1.122181176018032778e-14 6.824561306984725884e-16 4.496247334994411196e-17 3.519367006268381061e-18 3.402061693849447352e-19 3.799238452562486568e-20 0.000000000000000000e+00
0.000000000000000000e+00 2.240850414401058745e-21 4.540696716735110197e-20 8.882413193274485928e-19 1.689215268246805970e-17 3.089534275958504904e-16 5.469573163998920988e-15 9.251248220366051935e-14 1.501077277989969475e-12 2.310335490577077476e-11 3.368655489652208600e-10 4.608312852638921491e-09 5.874995138557091390e-08 6.902918682919233630e-07 7.382187816753796725e-06 7.066385913863586861e-05 5.923722165207493274e-04 4.220817684345103127e-03 2.450104402530255479e-02 1.088123283114128814e-01 3.363363679361224823e-01 6.443210754104345961e-01 8.577202911134917951e-01 9.524266756066539497e-01 9.795209170822373190e-01 9.795209176549452001e-01 9.524266766184009692e-01 8.577202944034613141e-01 6.443210786338532392e-01 3.363363708007801600e-01 1.088123303090927918e-01 2.450104627960243697e-02 4.220820400728891170e-03 5.923728412096612543e-04 7.066456519987221506e-05 7.382303797736203489e-06 6.903679890435348644e-07 5.876317383102702926e-08 4.613141492324820347e-09 3.377632057564639474e-10 2.332146151521807180e-11 1.541105914847279021e-12 1.001504798916121492e-13 6.769611742765480933e-15 5.228751764759254336e-16 4.999445198907567118e-17 5.784503686350462439e-18 7.369872255620999530e-19 9.524357043505416223e-20 0.000000000000000000e+00
0.000000000000000000e+00 8.544746447140091933e-22 1.719934761197875542e-20 3.309610278086658173e-19 6.218443287849302071e-18 1.117663584972440155e-16 1.954819480666459449e-15 3.248543710005751122e-14 5.202687428804764090e-13 7.875867874782142547e-12 1.132600398684730115e-10 1.526513822864955967e-09 1.920799696854255759e-08 2.229856105503275468e-07 2.362300934190978001e-06 2.248575476475641710e-05 1.886477714695970385e-04 1.359892048499634779e-03 8.142210944381346113e-03 3.869592386571561043e-02 1.378686525971827559e-01 3.498858156422415822e-01 6.443210760820026195e-01 8.425049811435424418e-01 9.098090622978147746e-01 9.098090622240209147e-01 8.425049814093578116e-01 6.443210786338532392e-01 3.498858178473057690e-01 1.378686543190039415e-01 3.869592564539777596e-02 8.142213845981590911e-03 1.359895130999693152e-03 1.886487292910126172e-04 2.248657777839564110e-05 2.362475899998434755e-06 2.230774727378657507e-07 1.922678048931852929e-08 1.532618108111647458e-09 1.144942526126105391e-10 8.163589053401183926e-12 5.750077856697432662e-13 4.287053893766270497e-14 3.750429742008433290e-15 4.090077464663297456e-16 5.267801379349477687e-17 7.262145591597879301e-18 1.005048376516533015e-18 1.348560387304107439e-19 0.000000000000000000e+00
0.000000000000000000e+00 2.448357464911570993e-22 5.018452084228798764e-21 9.416973775226784182e-20 1.750918088960466488e-18 3.078314230448139701e-17 5.325660715197995128e-16 8.658731712069902261e-15 1.370044993015136451e-13 2.033904383660737471e-12 2.885438139137213309e-11 3.826335546076324776e-10 4.752773256477127068e-09 5.451972147957871399e-08 5.727765902308270025e-07 5.431880080764963274e-06 4.575566796455346567e-05 3.353077584183226305e-04 2.083964436288369797e-03 1.065698230271630402e-02 4.344036524514449660e-02 1.378686523368559402e-01 3.363363683995477804e-01 5.857203483614328299e-01 6.863651655862804679e-01 6.863651660964991130e-01 5.857203491751926672e-01 3.363363708007799935e-01 1.378686543190039138e-01 4.344036694156483414e-02 1.065698497059131868e-02 2.083967571760348639e-03 3.353104918411559782e-04 4.575670203791391366e-05 5.432571176600688586e-06 5.729522079770111232e-07 5.459777864866625399e-08 4.770517012221880643e-09 3.879731531169464945e-10 2.999029530513587765e-11 2.292526624818887631e-12 1.872852097055449007e-13 1.819069983222137667e-14 2.199089743654179286e-15 3.084607180661715420e-16 4.553644923472414467e-17 6.681215957545027776e-18 9.520006996025633871e-19 1.298128247911609515e-19 0.000000000000000000e+00
0.000000000000000000e+00 5.177025612263710390e-23 1.210039657108014917e-21 2.154845966735844137e-20 4.003787870092394788e-19 6.838336894317630807e-18 1.176570412347246090e-16 1.861031479277088181e-15 2.922510041345793299e-14 4.239758888874194550e-13 5.950119093531124877e-12 7.755176600515071611e-11 9.524714157507719916e-10 1.080384830093568515e-08 1.127496224771625302e-07 1.067222801812826944e-06 9.044697728818452577e-06 6.748116357360852899e-05 4.347933561537045601e-04 2.367820943830633521e-03 1.065698200132768510e-02 3.869592272014332757e-02 1.088123273366168597e-01 2.138492101935433598e-01 2.587240870425042694e-01 2.587240880510842667e-01 2.138492122369841097e-01 1.088123303090927779e-01 3.869592564539775514e-02 1.065698497059131521e-02 2.367824184972474547e-03 4.347961683843054571e-04 6.748317620655961508e-05 9.045529884788345876e-06 1.067683660847948779e-06 1.128802322658885226e-07 1.085543244888241444e-08 9.650099220192659712e-10 8.113248228166873105e-11 6.736623263851510017e-12 6.004591623633534073e-13 6.403488661877087910e-14 8.469100100366910530e-15 1.283285326343021538e-15 2.023413284492124227e-16 3.148073215044932292e-17 4.735555573609090831e-18 6.846860430532285809e-19 9.436792329706046487e-20 0.000000000000000000e+00
0.000000000000000000e+00 5.355767423040004162e-24 2.635697936489430640e-22 4.055707047483198819e-21 7.790904130385426380e-20 1.272771166420980627e-18 2.204261929331393059e-17 3.356917969870356130e-16 5.282986557302636184e-15 7.438951178583617777e-14 1.038775631710295360e-12 1.327449749120657067e-11 1.616435625976056015e-10 1.813248832864011829e-09 1.882376040641112958e-08 1.779469029595927870e-07 1.517268830362327526e-06 1.149983818146519124e-05 7.627757606968694961e-05 4.347934025872292286e-04 2.083964234729994772e-03 8.142210700868263151e-03 2.450104342979007518e-02 5.070967205459669253e-02 6.235074633899919533e-02 6.235074725866886908e-02 5.070967438152175488e-02 2.450104627960243350e-02 8.142213845981592646e-03 2.083967571760348639e-03 4.347961683843055655e-04 7.627962394209350017e-05 1.150108470831439226e-05 1.517800565699860480e-06 1.782035364269699690e-07 1.890120855104487580e-08 1.841337383890939195e-09 1.687599190228410989e-10 1.523248608444749151e-11 1.477652776236702119e-12 1.719317820354166237e-13 2.471625542395328478e-14 4.033038874416543448e-15 6.790914159776190478e-16 1.121803722861116192e-16 1.784405308830986478e-17 2.719931352897005251e-18 3.972727045444632456e-19 5.524947353292339532e-20 0.000000000000000000e+00
0.000000000000000000e+00 -2.200731054477885064e-24 6.026341709612700076e-23 6.026052477518756675e-22 1.351497303891174150e-20 2.026921238208943671e-19 3.627548105099811119e-18 5.209728630858451505e-17 8.374632963452025961e-16 1.128784331684815222e-14 1.586051005172598986e-13 1.975471517131050558e-12 2.395700101111093674e-11 2.654238031822142446e-10 2.743877591195118880e-09 2.588711005139710637e-08 2.216910773388250484e-07 1.699447947155881755e-06 1.149987387999163885e-05 6.748140923838842956e-05 3.353079902971057322e-04 1.359892794985938756e-03 4.220818420487424706e-03 8.929747806554639081e-03 1.108922433428730960e-02 1.108922490509231876e-02 8.929749498768981691e-03 4.220820400728889435e-03 1.359895130999693585e-03 3.353104918411562493e-04 6.748317620655966929e-05 1.150108470831439565e-05 1.700102272046810660e-06 2.219719840595591140e-07 2.600983234453729391e-08 2.782203144151191114e-09 2.784836285336749121e-10 2.734901102222710782e-11 2.883639141941221088e-12 3.647744135703191478e-13 5.681001591269989701e-14 9.972136275961585398e-15 1.794520390169227771e-15 3.152479673139883893e-16 5.312293797411796001e-17 8.551075759353207696e-18 1.315566841118793271e-18 1.938013401846210107e-19 2.717607030857723024e-20 0.000000000000000000e+00
0.000000000000000000e+00 -1.986875053343123329e-24 1.708696699052094246e-23 4.784044112389485872e-23 2.239373723858905423e-21 2.752959792726437545e-20 5.417879198761849474e-19 7.032579769712698125e-18 1.198772724531378022e-16 1.504037828548582588e-15 2.173592707943798896e-14 2.604982470658507202e-13 3.171970141165471092e-12 3.457956153253866218e-11 3.564193351914348544e-10 3.349746336538970199e-09 2.873717774538572590e-08 2.216775012143482233e-07 1.517208531514054538e-06 9.044631656069977030e-06 4.575530519029419747e-05 1.886474248028021045e-04 5.923717840881015861e-04 1.262582869355179799e-03 1.578666523041952034e-03 1.578666797789572956e-03 1.262583779798623091e-03 5.923728412096610375e-04 1.886487292910127528e-04 4.575670203791399498e-05 9.045529884788359429e-06 1.517800565699861115e-06 2.219719840595591404e-07 2.886327564181880767e-08 3.401050025872699911e-09 3.727252987946460239e-10 3.988784069439207876e-11 4.570654439574051437e-12 6.274810070222276717e-13 1.057089145671807466e-13 1.996095571805457357e-14 3.843278737601745145e-15 7.191874777641626150e-16 1.286218886484435880e-16 2.190378705379722369e-17 3.555091934594694665e-18 5.512085948152768184e-19 8.183844420908834840e-20 1.156638050243961221e-20 0.000000000000000000e+00
0.000000000000000000e+00 -1.029050530966588782e-24 5.967592030780902160e-24 -1.270755906653251635e-23 3.991991826296569894e-22 2.965593738146860879e-21 7.627188740123004776e-20 8.182197125866052498e-19 1.595396288104912276e-17 1.763344942269948805e-16 2.738193456704508519e-15 3.076145329312295669e-14 3.821485390588686722e-13 4.066630470888986957e-12 4.189400940721418259e-11 3.911264884393225634e-10 3.351947563162228844e-09 2.589459820135814345e-08 1.779585338343014984e-07 1.067304193080373896e-06 5.431947316605027736e-06 2.248599358202835459e-05 7.066410774494156274e-05 1.505601479408487755e-04 1.892037223220153358e-04 1.892038316724728713e-04 1.505605393876141584e-04 7.066456519987225572e-05 2.248657777839567159e-05 5.432571176600702139e-06 1.067683660847950685e-06 1.782035364269701543e-07 2.600983234453731376e-08 3.401050025872701152e-09 4.101269426472743244e-10 4.798434102631921058e-11 5.984424220447308249e-12 8.915775512663138795e-13 1.624422378148427345e-13 3.301971567278816580e-14 6.811823785834588438e-15 1.360154035466911867e-15 2.586367027568531109e-16 4.668097778054766131e-17 8.006922584708397769e-18 1.308528978127911104e-18 2.043262182250359872e-19 3.056223588597181174e-20 4.352234969248079740e-21 0.000000000000000000e+00
0.000000000000000000e+00 -4.356449879443450552e-25 2.216204912385137828e-24 -9.278536776822038135e-24 8.721613750234100682e-23 1.432815247281784469e-22 1.067280993368971594e-20 7.736210965124063624e-20 2.039903449691286367e-18 1.781388979072405717e-17 3.253474725086646143e-16 3.255155182086352407e-15 4.261343025663583508e-14 4.357847077738168648e-13 4.510993837244940535e-12 4.168092240876523980e-11 3.558607910529820012e-10 2.742440250950999179e-09 1.881350937321857650e-08 1.127428101259537908e-07 5.727189086962055145e-07 2.362256710647196813e-06 7.382136932674828338e-06 1.565380360673035469e-05 1.974793970362696699e-05 1.974797707396772648e-05 1.565394456389579254e-05 7.382303797736206030e-06 2.362475899998438567e-06 5.729522079770124996e-07 1.128802322658888006e-07 1.890120855104491551e-08 2.782203144151196491e-09 3.727252987946464891e-10 4.798434102631924289e-11 6.539346163709654110e-12 1.059443294171820976e-12 2.090394281656936702e-13 4.581202459078249878e-14 1.014451518921759779e-14 2.165591207960785026e-15 4.386704863493677772e-16 8.406933354694976681e-17 1.526605566975872389e-17 2.634082974883097420e-18 4.331832232805701118e-19 6.809751805210144794e-20 1.025886597066915015e-20 1.471730326383420405e-21 0.000000000000000000e+00
0.000000000000000000e+00 -1.622442419090408792e-25 7.910964611928544200e-25 -3.851193466912153497e-24 2.340568259645452692e-23 -5.179507261376932301e-23 1.596448109385953039e-21 4.360746101810681596e-21 2.600381451041087924e-19 1.422917203289951718e-18 3.759110193319252166e-17 3.036158194258246856e-16 4.480419502534058311e-15 4.275834148321214167e-14 4.496340112017802340e-13 4.092954770287493256e-12 3.470788421645672813e-11 2.662266169566039077e-10 1.813675297663153390e-09 1.081178454698895780e-08 5.452240747021509820e-08 2.230064379985380534e-07 6.903152100094770200e-07 1.453051567779401044e-06 1.838687163129254886e-06 1.838698404183310001e-06 1.453095434570699740e-06 6.903679890435347586e-07 2.230774727378660154e-07 5.459777864866641281e-08 1.085543244888245084e-08 1.841337383890944779e-09 2.784836285336755325e-10 3.988784069439216923e-11 5.984424220447315519e-12 1.059443294171821582e-12 2.271598368649280412e-13 5.382996849460633593e-14 1.282889500239923128e-14 2.935018668587155598e-15 6.347501510065762426e-16 1.294337705875841561e-16 2.493064036250878411e-17 4.549872309639093170e-18 7.893545954137328628e-19 1.305931658320318955e-19 2.066396819558553713e-20 3.134879133967997799e-21 4.530040151244750025e-22 0.000000000000000000e+00
0.000000000000000000e+00 -5.460852586906417926e-26 2.622566932741498721e-25 -1.330015345019684584e-24 6.857045819544286227e-24 -2.589665689722258657e-23 2.730897390630610677e-22 -4.092628544922126691e-22 3.422642943910033753e-20 5.446659115790917423e-20 4.371316669500932274e-18 2.347719434677897067e-17 4.543221636162357747e-16 3.837249240987720830e-15 4.186519401012295015e-14 3.737432848128349766e-13 3.131101265115148247e-12 2.393489336493853040e-11 1.609521318635265600e-10 9.526369239243496161e-10 4.749002107148693260e-09 1.920644939125017386e-08 5.874839058430125660e-08 1.225581201613984652e-07 1.554636977563316610e-07 1.554667266707236584e-07 1.225701863663514688e-07 5.876317383102700280e-08 1.922678048931854584e-08 4.770517012221893051e-09 9.650099220192692800e-10 1.687599190228416935e-10 2.734901102222717567e-11 4.570654439574062746e-12 8.915775512663152931e-13 2.090394281656936954e-13 5.382996849460636118e-14 1.386344334726894668e-14 3.410692952409350486e-15 7.898051074471703820e-16 1.717927321176262539e-16 3.517716571442351378e-17 6.804088747196008906e-18 1.247610510322283547e-18 2.176000165544644018e-19 3.621343409160844583e-20 5.767139240090551109e-21 8.810062194754880890e-22 1.282343598241969838e-22 0.000000000000000000e+00
0.000000000000000000e+00 -1.684440185128281535e-26 8.028992440148192917e-26 -4.111828249539738925e-25 1.989849403782787476e-24 -8.388156088707227986e-24 5.395054540450008395e-23 -2.148787984082586565e-22 4.747572635630819588e-21 -1.006447923298066747e-20 5.270032895576115345e-19 1.148094197336164808e-18 4.567116653577237327e-17 3.116707003881888038e-16 3.666507779246562991e-15 3.209308860489238722e-14 2.618971629239213828e-13 2.015715411842800556e-12 1.323517899349847507e-11 7.795890555870418058e-11 3.824541242217792561e-10 1.527391891219775812e-09 4.609415109084954530e-09 9.520642955950585978e-09 1.210088634379684980e-08 1.210162713491151346e-08 9.523626290428955950e-09 4.613141492324817038e-09 1.532618108111647872e-09 3.879731531169473216e-10 8.113248228166896370e-11 1.523248608444753028e-11 2.883639141941225934e-12 6.274810070222283785e-13 1.624422378148428607e-13 4.581202459078253664e-14 1.282889500239923444e-14 3.410692952409350880e-15 8.490483944087354931e-16 1.976474752409839687e-16 4.314572133142852985e-17 8.866488370712214978e-18 1.722016805668836787e-18 3.172449610139852061e-19 5.562781704933579542e-20 9.312621474305790247e-21 1.492680395045600484e-21 2.296213820996142633e-22 3.366852475377167369e-23 0.000000000000000000e+00
0.000000000000000000e+00 -4.805311496744712437e-27 2.276896866130977272e-26 -1.165706028181288364e-25 5.483169454365929177e-25 -2.341430075563040589e-24 1.165372567817630397e-23 -5.500563403683352757e-23 6.919420648697513816e-22 -3.386512677600524766e-21 6.662480221833224872e-20 -5.794965733972092735e-20 4.682147435501052816e-18 2.225439504593703311e-17 3.022885707663536568e-16 2.642535887685266836e-15 2.014514995822663160e-14 1.616668067032971274e-13 1.009689643257447174e-12 5.991921185300852754e-12 2.870119908659106220e-11 1.132717588926531799e-10 3.369071132031950664e-10 6.883980187820293743e-10 8.764575487453648470e-10 8.766237097853388784e-10 6.890697695133820417e-10 3.377632057564636372e-10 1.144942526126104874e-10 2.999029530513590996e-11 6.736623263851522942e-12 1.477652776236703331e-12 3.647744135703191478e-13 1.057089145671807466e-13 3.301971567278815949e-14 1.014451518921759148e-14 2.935018668587153626e-15 7.898051074471703820e-16 1.976474752409839687e-16 4.616618571146231339e-17 1.011079905321223707e-17 2.085455296900803450e-18 4.067650013333332104e-19 7.530466727521806321e-20 1.327682971364608644e-20 2.236104459000797013e-21 3.607790558751337312e-22 5.589580753547136467e-23 8.258169580448174019e-24 0.000000000000000000e+00
0.000000000000000000e+00 -1.276557463024806543e-27 6.010201122313935341e-27 -3.063546370432855461e-26 1.416084372113420698e-25 -5.963439327323685534e-25 2.571332047814776537e-24 -1.171843196311437800e-23 1.035079153972277936e-22 -6.709564730663814670e-22 8.719382961808815884e-21 -2.818229422325353141e-20 4.984902620420399383e-19 1.295666880410842942e-18 2.305043720704228913e-17 2.173911550419879425e-16 1.369733257973204800e-15 1.273046300683370642e-14 7.062157331320670269e-14 4.391288413069512998e-13 2.015471139598357229e-12 7.900623027147086264e-12 2.314036798640488873e-11 4.671417398798747488e-11 5.957688095752722748e-11 5.961135048199437421e-11 4.685336909479077980e-11 2.332146151521805888e-11 8.163589053401175848e-12 2.292526624818886823e-12 6.004591623633536092e-13 1.719317820354164722e-13 5.681001591269984653e-14 1.996095571805456411e-14 6.811823785834582916e-15 2.165591207960782265e-15 6.347501510065754538e-16 1.717927321176262785e-16 4.314572133142851752e-17 1.011079905321223244e-17 2.222221497495750569e-18 4.602118283604394407e-19 9.017663273150351728e-20 1.678054244832770760e-20 2.975424509889452843e-21 5.042593919439187701e-22 8.191373749656318204e-23 1.278539936355388147e-23 1.904158448770509809e-24 0.000000000000000000e+00
0.000000000000000000e+00 -3.175471608321998787e-28 1.483764179712329467e-27 -7.510587681708212501e-27 3.418964911675615106e-26 -1.407099746473046519e-25 5.520872191575084101e-25 -2.264139572688089003e-24 1.531258470032921358e-23 -1.089107600059884503e-22 1.146216545125711252e-21 -5.481054712166652912e-21 5.494124244441994221e-20 4.766439744404590717e-20 1.500378918960965521e-18 1.932081838690137938e-17 6.941525782079959849e-17 1.042979442859010934e-15 4.299020268147641138e-15 3.152315611246372853e-14 1.320231004851443566e-13 5.225419581781402680e-13 1.505536754212952641e-12 2.993150340744656158e-12 3.826195415548180117e-12 3.832855046997792252e-12 3.019920530737042627e-12 1.541105914847278011e-12 5.750077856697424584e-13 1.872852097055445473e-13 6.403488661877079075e-14 2.471625542395323744e-14 9.972136275961577509e-15 3.843278737601743567e-15 1.360154035466912459e-15 4.386704863493675800e-16 1.294337705875841807e-16 3.517716571442352611e-17 8.866488370712211896e-18 2.085455296900801909e-18 4.602118283604391518e-19 9.573650439126170382e-20 1.885266261735443351e-20 3.527446814100322199e-21 6.292229906956799101e-22 1.073376143304064084e-22 1.756172292112275332e-23 2.762813957830671819e-24 4.150789196442374053e-25 0.000000000000000000e+00
0.000000000000000000e+00 -7.430348923858932649e-29 3.440123806801319730e-28 -1.725028729394388368e-27 7.720707679239819717e-27 -3.086359849884352535e-26 1.119045703318894682e-25 -3.993137254394542021e-25 2.117825036587481703e-24 -1.520319567853503561e-23 1.453580216954542477e-22 -8.323229402685725956e-22 6.107360815471626863e-21 -5.838948988210146189e-22 5.270359578380152241e-20 2.036254331442108568e-18 -4.512195543489463398e-19 9.673888444457102261e-17 1.783250054892496526e-16 2.335129262731693060e-15 7.887823325044463201e-15 3.309183148447652619e-14 9.361812682587581700e-14 1.816397476217953852e-13 2.332526192506831633e-13 2.344580724262026259e-13 1.864522153696250706e-13 1.001504798916120609e-13 4.287053893766259138e-14 1.819069983222132618e-14 8.469100100366896330e-15 4.033038874416535559e-15 1.794520390169226193e-15 7.191874777641625164e-16 2.586367027568530123e-16 8.406933354694976681e-17 2.493064036250877487e-17 6.804088747196009676e-18 1.722016805668836787e-18 4.067650013333333067e-19 9.017663273150351728e-20 1.885266261735443351e-20 3.732595802762683543e-21 7.024965049984157101e-22 1.261129316100755645e-22 2.166405402489529350e-23 3.571936477903031591e-24 5.667998781726140890e-25 8.599256026437879386e-26 0.000000000000000000e+00
0.000000000000000000e+00 -1.641740173428994203e-29 7.516554485794355931e-29 -3.723217751300333228e-28 1.631911261293134395e-27 -6.284796645377669924e-27 2.091531676378155840e-26 -6.184220524471397562e-26 2.425480225800124363e-25 -1.715023098282465475e-24 1.671507350804085125e-23 -1.075624994546123881e-22 6.545161226905403134e-22 -9.737913830873687411e-23 -7.577128396808154534e-21 2.597917534453604410e-19 -9.127695580953410160e-19 1.074973170817093726e-17 -6.400656615744387395e-18 1.938307085611429834e-16 3.928859750036400954e-16 2.037514361799769445e-15 5.641218179448093308e-15 1.040828931464702210e-14 1.351385054311856436e-14 1.371932363604739112e-14 1.122181176018037353e-14 6.769611742765480144e-15 3.750429742008423034e-15 2.199089743654172975e-15 1.283285326343019960e-15 6.790914159776180618e-16 3.152479673139881921e-16 1.286218886484435880e-16 4.668097778054761201e-17 1.526605566975871464e-17 4.549872309639089319e-18 1.247610510322282969e-18 3.172449610139849654e-19 7.530466727521805118e-20 1.678054244832770459e-20 3.527446814100321446e-21 7.024965049984156161e-22 1.330528935617069285e-22 2.405087599886967170e-23 4.163006831250632263e-24 6.922460761403823738e-25 1.109144008472385096e-25 1.701936097096199490e-26 0.000000000000000000e+00
0.000000000000000000e+00 -3.436220812271954239e-30 1.552035967782916879e-29 -7.567071702272164656e-29 3.227998379498159825e-28 -1.181979882843079068e-27 3.499135365443716048e-27 -7.397246392513962030e-27 1.242293398716370015e-26 -9.881846531300992032e-26 1.483841482617701948e-24 -1.146424736784281864e-23 6.250348617269088661e-23 6.344238708582518061e-23 -2.538987464724849132e-21 3.719449783325456388e-20 -1.988633673736824076e-19 1.386254195316082399e-18 -3.185432157851389720e-18 1.931646378957933716e-17 9.179914228243274345e-18 1.255544313290741647e-16 3.386085150096757882e-16 5.524765371955123995e-16 7.387008040967203483e-16 7.718290168194808967e-16 6.824561306984771243e-16 5.228751764759257294e-16 4.090077464663286609e-16 3.084607180661707038e-16 2.023413284492121762e-16 1.121803722861114713e-16 5.312293797411796001e-17 2.190378705379722060e-17 8.006922584708396228e-18 2.634082974883095879e-18 7.893545954137323813e-19 2.176000165544643536e-19 5.562781704933578338e-20 1.327682971364608644e-20 2.975424509889453595e-21 6.292229906956800041e-22 1.261129316100755645e-22 2.405087599886966583e-23 4.380417837125166303e-24 7.646289506049732066e-25 1.283737448841018670e-25 2.079989118218028906e-26 3.235111619163236130e-27 0.000000000000000000e+00
0.000000000000000000e+00 -6.830848225894807717e-31 3.034735315817048886e-30 -1.449626680728938619e-29 5.963578031223857647e-29 -2.030046711554748119e-28 4.930423592595260464e-28 -2.729864994830098344e-28 -4.667722347527745360e-27 2.327095949007171372e-26 1.619811720762287794e-26 -7.639020023669076969e-25 4.182423727946495671e-24 2.518716703968419594e-23 -5.024068986059996620e-22 5.487111626208454922e-21 -3.349046606682717783e-20 1.914392058637152317e-19 -6.063941308141537822e-19 2.276173807351391495e-18 -1.541499536092625592e-18 8.168195276968923931e-18 2.142303274836482052e-17 2.524728066983996021e-17 3.685919273459903039e-17 4.193120850238522922e-17 4.496247334994454337e-17 4.999445198907570816e-17 5.267801379349465978e-17 4.553644923472405838e-17 3.148073215044931676e-17 1.784405308830985553e-17 8.551075759353213859e-18 3.555091934594695435e-18 1.308528978127910912e-18 4.331832232805699192e-19 1.305931658320317270e-19 3.621343409160843379e-20 9.312621474305787237e-21 2.236104459000798141e-21 5.042593919439188641e-22 1.073376143304063849e-22 2.166405402489528762e-23 4.163006831250632998e-24 7.646289506049732984e-25 1.347550678022962983e-25 2.287800115696359301e-26 3.756422871611040551e-27 5.939793925922727270e-28 0.000000000000000000e+00
0.000000000000000000e+00 -1.292309420336272399e-31 5.626485399014426668e-31 -2.616811586163161232e-30 1.023807016376388662e-29 -3.107251408193495517e-29 4.762569128017251588e-29 2.079242340811650123e-28 -2.293582800587257572e-27 1.194706454925551188e-26 -3.856053991435649769e-26 6.472178423239187630e-26 -1.590387973684098280e-25 6.134314303410521899e-24 -8.431629457870885154e-23 7.960362921752876969e-22 -5.049240492853106055e-21 2.662776371579517448e-20 -9.435086639952077397e-20 2.931273065577608425e-19 -3.764067474499157425e-19 6.040695633392654353e-19 1.561926609578579395e-18 6.695450235074254537e-19 1.462523434481229937e-18 2.202486961044848858e-18 3.519367006268421891e-18 5.784503686350466291e-18 7.262145591597865435e-18 6.681215957545018531e-18 4.735555573609090831e-18 2.719931352897004481e-18 1.315566841118794234e-18 5.512085948152768184e-19 2.043262182250359872e-19 6.809751805210143590e-20 2.066396819558553412e-20 5.767139240090550357e-21 1.492680395045600296e-21 3.607790558751340604e-22 8.191373749656322906e-23 1.756172292112276508e-23 3.571936477903033795e-24 6.922460761403827411e-25 1.283737448841018670e-25 2.287800115696358153e-26 3.936127209289398914e-27 6.568047031638839419e-28 1.059987879338945887e-28 0.000000000000000000e+00
0.000000000000000000e+00 -2.329182665304257513e-32 9.891662854646451755e-32 -4.440711596953896682e-31 1.615741447118463696e-30 -3.990502918142563747e-30 -1.355714493014237229e-30 9.280419194087271272e-29 -6.986447857210909024e-28 3.552267380347627284e-27 -1.370018916683042309e-26 4.208133946477240565e-26 -1.461749644331496652e-25 1.242578391083054656e-24 -1.300124967644964623e-23 1.116125607541365567e-22 -7.108536641502362623e-22 3.620418699778768876e-21 -1.337263740835463117e-20 3.852655244909904674e-20 -5.955411199717655676e-20 5.321393726909180842e-20 1.402820161187673954e-19 -5.362649900449706803e-20 7.257457702850486723e-21 1.104257183550672817e-19 3.402061693849488760e-19 7.369872255621000493e-19 1.005048376516531089e-18 9.520006996025622315e-19 6.846860430532285809e-19 3.972727045444632938e-19 1.938013401846210829e-19 8.183844420908836044e-20 3.056223588597181776e-20 1.025886597066915617e-20 3.134879133967998551e-21 8.810062194754882771e-22 2.296213820996143103e-22 5.589580753547136467e-23 1.278539936355388294e-23 2.762813957830674757e-24 5.667998781726144563e-25 1.109144008472385096e-25 2.079989118218028045e-26 3.756422871611037681e-27 6.568047031638837626e-28 1.117904339129631765e-28 1.850139350445216375e-29 0.000000000000000000e+00
0.000000000000000000e+00 -3.991649383517605715e-33 1.646070744227445013e-32 -7.031985400888127989e-32 2.277348942668327336e-31 -3.351911789234268649e-31 -2.393482322269487337e-30 2.786629843123408132e-29 -1.798805770530114105e-28 8.883284301095463500e-28 -3.572826569178171709e-27 1.216628726745210133e-26 -4.177140976916901480e-26 2.304206098956326503e-25 -1.894571890755394004e-24 1.497045283335743343e-23 -9.433638387177963723e-23 4.723753959026243303e-22 -1.771905570655064478e-21 4.952473480607611605e-21 -8.156527414937794900e-21 5.397759041346187755e-21 1.495771636605298175e-20 -1.384131325517681827e-20 -8.765687667154084137e-21 4.923223650585010896e-21 3.799238452562526291e-20 9.524357043505415019e-20 1.348560387304105995e-19 1.298128247911608793e-19 9.436792329706047691e-20 5.524947353292339532e-20 2.717607030857723626e-20 1.156638050243961372e-20 4.352234969248081997e-21 1.471730326383421157e-21 4.530040151244750025e-22 1.282343598241970308e-22 3.366852475377167957e-23 8.258169580448171080e-24 1.904158448770509442e-24 4.150789196442375889e-25 8.599256026437881681e-26 1.701936097096200064e-26 3.235111619163234695e-27 5.939793925922724580e-28 1.059987879338945663e-28 1.850139350445216095e-29 3.162327184000251918e-30 0.000000000000000000e+00
0.000000000000000000e+00 0.000000000000000000e+00 0.000000000000000000e+00 0.000000000000000000e+00 0.000000000000000000e+00 0.000000000000000000e+00 0.000000000000000000e+00 0.000000000000000000e+00 0.000000000000000000e+00 0.000000000000000000e+00 0.000000000000000000e+00 0.000000000000000000e+00 0.000000000000000000e+00 0.000000000000000000e+00 0.000000000000000000e+00 0.000000000000000000e+00 0.000000000000000000e+00 0.000000000000000000e+00 0.000000000000000000e+00 0.000000000000000000e+00 0.000000000000000000e+00 0.000000000000000000e+00 0.000000000000000000e+00 0.000000000000000000e+00 0.000000000000000000e+00 0.000000000000000000e+00 0.000000000000000000e+00 0.000000000000000000e+00 0.000000000000000000e+00 0.000000000000000000e+00 0.000000000000000000e+00 0.000000000000000000e+00 0.000000000000000000e+00 0.000000000000000000e+00 0.000000000000000000e+00 0.000000000000000000e+00 0.000000000000000000e+00 0.000000000000000000e+00 0.000000000000000000e+00 0.000000000000000000e+00 0.000000000000000000e+00 0.000000000000000000e+00 0.000000000000000000e+00 0.000000000000000000e+00 0.000000000000000000e+00 0.000000000000000000e+00 0.000000000000000000e+00 0.000000000000000000e+00 0.000000000000000000e+00 0.000000000000000000e+00
