0.000000000000000000e+00 0.000000000000000000e+00 0.000000000000000000e+00 0.000000000000000000e+00 0.000000000000000000e+00 0.000000000000000000e+00 0.000000000000000000e+00 0.000000000000000000e+00 0.000000000000000000e+00 0.000000000000000000e+00 0.000000000000000000e+00 0.000000000000000000e+00 0.000000000000000000e+00 0.000000000000000000e+00 0.000000000000000000e+00 0.000000000000000000e+00 0.000000000000000000e+00 0.000000000000000000e+00 0.000000000000000000e+00 0.000000000000000000e+00 0.000000000000000000e+00 0.000000000000000000e+00 0.000000000000000000e+00 0.000000000000000000e+00 0.000000000000000000e+00 0.000000000000000000e+00 0.000000000000000000e+00 0.000000000000000000e+00 0.000000000000000000e+00 0.000000000000000000e+00 0.000000000000000000e+00 0.000000000000000000e+00 0.000000000000000000e+00 0.000000000000000000e+00 0.000000000000000000e+00 0.000000000000000000e+00 0.000000000000000000e+00 0.000000000000000000e+00 0.000000000000000000e+00 0.000000000000000000e+00 0.000000000000000000e+00 0.000000000000000000e+00 0.000000000000000000e+00 0.000000000000000000e+00 0.000000000000000000e+00 0.000000000000000000e+00 0.000000000000000000e+00 0.000000000000000000e+00 0.000000000000000000e+00 0.000000000000000000e+00
0.000000000000000000e+00 4.045725138780151770e-34 4.755212278389731547e-33 5.055161676226912259e-32 5.292573489205449140e-31 5.282022812403777076e-30 5.081613667968466835e-29 4.673868320935061576e-28 4.107228731612913225e-27 3.433988001659000709e-26 2.722428574316785286e-25 2.037532609729839333e-24 1.432633200547249285e-23 9.408995506219546316e-23 5.733487370440129803e-22 3.215769499596613579e-21 1.644304917079238743e-20 7.576182751246297895e-20 3.100835834333670782e-19 1.107548083026583702e-18 3.376867023292828112e-18 8.553709199907264623e-18 1.744500593945434251e-17 2.782672064720823344e-17 3.450185446795266246e-17 3.450185369184371843e-17 2.782671857176512424e-17 1.744500326489553773e-17 8.553706463682551152e-18 3.376864711319180405e-18 1.107546277396850381e-18 3.100822670658060604e-19 7.576106190484778344e-20 1.644260331958661438e-20 3.215558761766850530e-21 5.732522800448841067e-22 9.405159817256155346e-23 1.431196033487963417e-23 2.032642548447210146e-24 2.706818245761542401e-25 3.387769635542683547e-26 3.977960987217813502e-27 4.335175148960541733e-28 4.235542329647730018e-29 3.290631539118352381e-30 7.873533414671836469e-32 -4.590420571979094428e-32 -1.519152007669960733e-32 -3.423947476296008274e-33 0.000000000000000000e+00
0.000000000000000000e+00 4.755212278390857786e-33 5.320941229774463413e-32 5.816938838540775198e-31 6.088701696754478181e-30 6.152216449970220030e-29 5.960929866575043977e-28 5.533530676876336577e-27 4.903805842563030101e-26 4.136136619406009191e-25 3.307713598174415307e-24 2.497482480985816119e-23 1.771656427870190874e-22 1.174044058019707472e-21 7.219346696758859781e-21 4.086550264867102074e-20 2.109079384347951379e-19 9.809286060576868658e-19 4.052735187572128845e-18 1.461045707236312795e-17 4.494578213803738298e-17 1.147772451441461289e-16 2.356309289244295464e-16 3.773714151417938510e-16 4.683430646276738974e-16 4.683430635692030145e-16 3.773714122614871152e-16 2.356309260602383021e-16 1.147772444825311501e-16 4.494578312735283623e-17 1.461045924431642016e-17 4.052737656886208783e-18 9.809302587944480342e-19 2.109090391971739501e-19 4.086603796781404844e-20 7.219600686420727112e-21 1.174144893227919892e-21 1.772034608087619242e-22 2.498753804488652846e-23 3.311724093747118832e-24 4.147813053967555159e-25 4.935939374351863358e-26 5.616107679664668545e-27 6.163740701462908869e-28 6.619698411267408304e-29 7.129290699347016205e-30 7.997023259862230634e-31 9.763518833872423179e-32 1.323920576289507104e-32 0.000000000000000000e+00
0.000000000000000000e+00 5.055161676225524097e-32 5.816938838541260398e-31 6.368903656498598515e-30 6.745712676215796103e-29 6.866755112075965563e-28 6.714540591032405794e-27 6.286052680718150187e-26 5.619477308353671094e-25 4.780824318953322570e-24 3.856635753441890066e-23 2.937404906828665810e-22 2.102096767293162059e-21 1.405402361589112467e-20 8.719741783982896829e-20 4.980814255462897673e-19 2.594338178861386331e-18 1.217876879177926116e-17 5.078834719119002974e-17 1.847957024170812771e-16 5.735704639769883999e-16 1.476693856307319655e-15 3.051720878173048686e-15 4.907207387422978378e-15 6.095655658897277497e-15 6.095655660636464146e-15 4.907207392809948572e-15 3.051720881184350853e-15 1.476693847627091445e-15 5.735704488802830289e-16 1.847956827675502161e-16 5.078832787776175471e-17 1.217875651180332581e-17 2.594330085311463252e-18 4.980775717750793234e-19 8.719557224309422350e-20 1.405329608078901230e-20 2.101821558305093399e-21 2.936478959238920242e-22 3.853698558331273537e-23 4.772236597393464435e-24 5.595773695312765145e-25 6.224840050771867584e-26 6.564133472165837482e-27 6.518691283594641228e-28 5.972836344480421107e-29 4.746986158115814432e-30 2.531057077609175245e-31 -1.180429834674324298e-32 0.000000000000000000e+00
0.000000000000000000e+00 5.292573489206766361e-31 6.088701696753968108e-30 6.745712676215955290e-29 7.197530722759402905e-28 7.393989957817060110e-27 7.290894858090243055e-26 6.884696942392103236e-25 6.207021056706192396e-24 5.325753022823900297e-23 4.332760005338055567e-22 3.328194963596918108e-21 2.402134922022461745e-20 1.619848211946743709e-19 1.013775495717728252e-18 5.841869853553874481e-18 3.070037815699736742e-17 1.454239474072989667e-16 6.119851114665816663e-16 2.246943597978196758e-15 7.035402935188201070e-15 1.825931049907077273e-14 3.798315124108419159e-14 6.132160793606943595e-14 7.623548371000364074e-14 7.623548369997132426e-14 6.132160790256414041e-14 3.798315121682421334e-14 1.825931053905758612e-14 7.035403010360452779e-15 2.246943703808439710e-15 6.119852183852713278e-16 1.454240149139458472e-16 3.070042407312027016e-17 5.841891348381981727e-18 1.013786023959992587e-18 1.619889243771134643e-19 2.402291876223895040e-20 3.328720245586258994e-21 4.334431663079561297e-22 5.330628084127196773e-23 6.220457818054860313e-24 6.919307304599607727e-25 7.375542106656101003e-26 7.589055064883946115e-27 7.627362332658187122e-28 7.641448140134023058e-29 7.883447042214636605e-30 8.662929902517186230e-31 0.000000000000000000e+00
0.000000000000000000e+00 5.282022812402897761e-30 6.152216449970632572e-29 6.866755112075805030e-28 7.393989957817111768e-27 7.659485729646865392e-26 7.617627980657249823e-25 7.253755135280249554e-24 6.594662428642765802e-23 5.705406112821822513e-22 4.680087387363040095e-21 3.624658841143076393e-20 2.637719006529451498e-19 1.793451154742727303e-18 1.131801930518688740e-17 6.577105840959537772e-17 3.486052128999902780e-16 1.665665657696970186e-15 7.071240632064917559e-15 2.619072379632084013e-14 8.270798700556588513e-14 2.163532142679923028e-13 4.529775162294828658e-13 7.341742229579836972e-13 9.133994087751723697e-13 9.133994088177754025e-13 7.341742231181840047e-13 4.529775163558616645e-13 2.163532140737879755e-13 8.270798664288825778e-14 2.619072325908287576e-14 7.071240083415000244e-15 1.665665316228261322e-15 3.486049732074946623e-16 6.577094893026928226e-17 1.131796420622197485e-17 1.793430059562267434e-18 2.637637101914204306e-19 3.624387329337365676e-20 4.679219158496848097e-21 5.702887527028295329e-22 6.587732043214246883e-23 7.235993697907484522e-24 7.574457550789950284e-25 7.560733593174516113e-26 7.178701582103369442e-27 6.423358404224475610e-28 5.278181282985937503e-29 3.670709762187757087e-30 0.000000000000000000e+00
0.000000000000000000e+00 5.081613667968988118e-29 5.960929866574776721e-28 6.714540591032537808e-27 7.290894858090190250e-26 7.617627980657263598e-25 7.639498434973546498e-24 7.335133341951264000e-23 6.723286031910877957e-22 5.863849554322761919e-21 4.848581839443410724e-20 3.784997335206089993e-19 2.776153857352414155e-18 1.902472987853220946e-17 1.210111653748878835e-16 7.088396181760739775e-16 3.787503453281841506e-15 1.824614593003735969e-14 7.810801916711315684e-14 2.917307474875357627e-13 9.288539868350910846e-13 2.448383088422013032e-12 5.158554586521602339e-12 8.392680593841201791e-12 1.044799241411695147e-11 1.044799241350137561e-11 8.392680591937550624e-12 5.158554584566384862e-12 2.448383088327397383e-12 9.288539879017729982e-13 2.917307497319171841e-13 7.810802162751708158e-14 1.824614745988001164e-14 3.787504579324153751e-15 7.088401170813518878e-16 1.210114259807639007e-16 1.902482707870299908e-17 2.776192406940972634e-18 3.785123065120036345e-19 4.848986784679027547e-20 5.865012154967503423e-21 6.726476723860242765e-22 7.343230173058001153e-23 7.658981043796870643e-24 7.661578447009235684e-25 7.384997435790369495e-26 6.904058212209074671e-27 6.323595217837066919e-28 5.725348389013784814e-29 0.000000000000000000e+00
0.000000000000000000e+00 4.673868320934783558e-28 5.533530676876494420e-27 6.286052680718062943e-26 6.884696942392130787e-25 7.253755135280243677e-24 7.335133341951259298e-23 7.100305995849656418e-22 6.560207095593907741e-21 5.766545770388875607e-20 4.804916803349491336e-19 3.779351160588795938e-18 2.792757206377171951e-17 1.928042514547399692e-16 1.235447242192441762e-15 7.290576750096176369e-15 3.924829192381580999e-14 1.905241731767769936e-13 8.219561163228321049e-13 3.094203901235052662e-12 9.928667394431967451e-12 2.636276802415845443e-11 5.588174610220148468e-11 9.124750230215617956e-11 1.136492502182716216e-10 1.136492502285957791e-10 9.124750233209960075e-11 5.588174613674069550e-11 2.636276804564436098e-11 9.928667404456632303e-12 3.094203899429093626e-12 8.219561093246432993e-13 1.905241681375518579e-13 3.924828751178951900e-14 7.290574828496267402e-15 1.235446158340472219e-15 1.928038595953635286e-16 2.792741059938067840e-17 3.779299759460269687e-18 4.804748999534371863e-19 5.766072558453883395e-20 6.558912842720446315e-21 7.097081094331519024e-22 7.327505980514142485e-23 7.237001689417343431e-24 6.850027397730834203e-25 6.219426303844853951e-26 5.414055187521360829e-27 4.481216713525570264e-28 0.000000000000000000e+00
0.000000000000000000e+00 4.107228731613029454e-27 4.903805842562949745e-26 5.619477308353710583e-25 6.207021056706186518e-24 6.594662428642752872e-23 6.723286031910891123e-22 6.560207095593902475e-21 6.108458612056104548e-20 5.410224679203948043e-19 4.541268529845956685e-18 3.597619284079197501e-17 2.677069319066832924e-16 1.860848047547883276e-15 1.200458153900726552e-14 7.131855941003951710e-14 3.865449331473195353e-13 1.889377473489507950e-12 8.208742534769996884e-12 3.112421354332289707e-11 1.005917571306624559e-10 2.689214136994301620e-10 5.733037745649179275e-10 9.393188274632198457e-10 1.170314452918481836e-09 1.170314452994714594e-09 9.393188276302191327e-10 5.733037747142902025e-10 2.689214137564507719e-10 1.005917571074836919e-10 3.112421353251047677e-11 8.208742544074239121e-12 1.889377482342654832e-12 3.865449461022764524e-13 7.131856491885024991e-14 1.200458527114095531e-14 1.860849345431147958e-15 2.677075130502209359e-16 3.597637164375078850e-17 4.541328785790649394e-18 5.410389679821943670e-19 6.108909128373403736e-20 6.561292072001667183e-21 6.725772989057943008e-22 6.599824722417671097e-23 6.216908999866937355e-24 5.636231438210992227e-25 4.928016072510071671e-26 4.130978624607642456e-27 0.000000000000000000e+00
0.000000000000000000e+00 3.433988001658961105e-26 4.136136619406039496e-25 4.780824318953313019e-24 5.325753022823889717e-23 5.705406112821838499e-22 5.863849554322750634e-21 5.766545770388880422e-20 5.410224679203945154e-19 4.826806268171964880e-18 4.079981326887840060e-17 3.253912003452725645e-16 2.436920725902114543e-15 1.704428096984065953e-14 1.106163794720632278e-13 6.610441360726432508e-13 3.603915311982151389e-12 1.772043802746529351e-11 7.746126713558021229e-11 2.955577790368918957e-10 9.613593427801253292e-10 2.586008646646599281e-09 5.541914735258220604e-09 9.108034478775525502e-09 1.134939346690239367e-08 1.134939345909939712e-08 9.108034457911835116e-09 5.541914711991125515e-09 2.586008630492635421e-09 9.613593339913873623e-10 2.955577750013899994e-10 7.746126557116265204e-11 1.772043751111063681e-11 3.603915132476693573e-12 6.610440867810093157e-13 1.106163598934371083e-13 1.704427573161969327e-14 2.436918598761005222e-15 3.253906298663059571e-16 4.079962056305300788e-17 4.826757707890219520e-18 5.410093991397932175e-19 5.766256303540591846e-20 5.863234919406203783e-21 5.704325157847201856e-22 5.324210501706932887e-23 4.779842809349504046e-24 4.139488023824065893e-25 3.452862173816635499e-26 0.000000000000000000e+00
0.000000000000000000e+00 2.722428574316790796e-25 3.307713598174412736e-24 3.856635753441888303e-23 4.332760005338067792e-22 4.680087387363030315e-21 4.848581839443419752e-20 4.804916803349487484e-19 4.541268529845957456e-18 4.079981326887840676e-17 3.471558856445091771e-16 2.785915450280340012e-15 2.098586796522169746e-14 1.475795235142737263e-13 9.626951475443460829e-13 5.781190130344199467e-12 3.166817193981771551e-11 1.564541958279249312e-10 6.872634066934272412e-10 2.635777435154490062e-09 8.619280208012337041e-09 2.330831955840729611e-08 5.017868120521726617e-08 8.268488647319578875e-08 1.030210219790362723e-07 1.030210221756571965e-07 8.268488701814944373e-08 5.017868183071700465e-08 2.330832002263400621e-08 8.619280493775549634e-09 2.635777576326565082e-09 6.872634644742227968e-10 1.564542161133856183e-10 3.166817827555772803e-11 5.781191864609668608e-12 9.626956016446598385e-13 1.475796266320654904e-13 2.098589268799081566e-14 2.785920436711718944e-15 3.471570381141543415e-16 4.080003066004218058e-17 4.541314559926875333e-18 4.804992067860169810e-19 4.848694870677915291e-20 4.680141702765827987e-21 4.332423594815790576e-22 3.854760567925159324e-23 3.301271591440639443e-24 2.703969892113837060e-25 0.000000000000000000e+00
0.000000000000000000e+00 2.037532609729846313e-24 2.497482480985814356e-23 2.937404906828673804e-22 3.328194963596909833e-21 3.624658841143085421e-20 3.784997335206083733e-19 3.779351160588799020e-18 3.597619284079199350e-17 3.253912003452727617e-16 2.785915450280340012e-15 2.248420172234002974e-14 1.702415750901645700e-13 1.202704397673120571e-12 7.877663284316475918e-12 4.748082299099692476e-11 2.609687194170723960e-10 1.293493538778548193e-09 5.700922069132948987e-09 2.194250111104613496e-08 7.203549050773657595e-08 1.955931598198165520e-07 4.226048482312404140e-07 6.977725294663217033e-07 8.690201565979435520e-07 8.690201535469852979e-07 6.977725207538511339e-07 4.226048380393106528e-07 1.955931519149918449e-07 7.203548529178861811e-08 2.194249844878503690e-08 5.700920938343073529e-09 1.293493126450587153e-09 2.609685875324714857e-10 4.748078552027143568e-11 7.877653587086892060e-12 1.202702129466793412e-12 1.702410755333103911e-13 2.248410201796494306e-14 2.785896135660996092e-15 3.253878492747559843e-16 3.597562375843027318e-17 3.779269328036065527e-18 3.784895305837794303e-19 3.624610229583896401e-20 3.328413065435808665e-21 2.938537827033726834e-22 2.501115004147568114e-23 2.047358996924842415e-24 0.000000000000000000e+00
0.000000000000000000e+00 1.432633200547246347e-23 1.771656427870194166e-22 2.102096767293157169e-21 2.402134922022468667e-20 2.637719006529446202e-19 2.776153857352417622e-18 2.792757206377171335e-17 2.677069319066834403e-16 2.436920725902115331e-15 2.098586796522170692e-14 1.702415750901645952e-13 1.294693267702237095e-12 9.180075005798098813e-12 6.030437624302905719e-11 3.642840088143475206e-10 2.005603281288474748e-09 9.954292491370562267e-09 4.392927342078071618e-08 1.693392860772086516e-07 5.570239516119931428e-07 1.516067709417964434e-06 3.283256414989028751e-06 5.427258515022915710e-06 6.753629461294246596e-06 6.753629494702936195e-06 5.427258613575025481e-06 3.283256532218913812e-06 1.516067803927319568e-06 5.570240174230999527e-07 1.693393201899695596e-07 4.392928830048884396e-08 9.954298043456767308e-09 2.005605093453521152e-09 3.642845354649865486e-10 6.030451473134631928e-11 9.180108186760502866e-12 1.294700629466693805e-12 1.702430824673403627e-13 2.098615887062734599e-14 2.436972759095470129e-15 2.677157835286525912e-16 2.792895380527958401e-17 2.776354829896093497e-18 2.637967645904522649e-19 2.402359315976745765e-20 2.102043523164992228e-21 1.770696715123264918e-22 1.429290939102181976e-23 0.000000000000000000e+00
0.000000000000000000e+00 9.408995506219561597e-23 1.174044058019706532e-21 1.405402361589115476e-20 1.619848211946741061e-19 1.793451154742730769e-18 1.902472987853219713e-17 1.928042514547399692e-16 1.860848047547883671e-15 1.704428096984065637e-14 1.475795235142738525e-13 1.202704397673120974e-12 9.180075005798100429e-12 6.526367622365384866e-11 4.294024049143307107e-10 2.595385784153121539e-09 1.428431887373116719e-08 7.082468472526074363e-08 3.121391250295277705e-07 1.201772749957275993e-06 3.950397106099869202e-06 1.075238731123827883e-05 2.329675574921817935e-05 3.850666465626690753e-05 4.785201527976789073e-05 4.785201501103009315e-05 3.850666383141893901e-05 2.329675475167470087e-05 1.075238647563083194e-05 3.950396496246420842e-06 1.201772432650823299e-06 3.121389834423408854e-07 7.082463114188415841e-08 1.428430113856674260e-08 2.595380555448604735e-09 4.294010122041736895e-10 6.526333761224358199e-11 9.179999010197329403e-12 1.202688582427216939e-12 1.475764384276383775e-13 1.704371765940073276e-14 1.860750648529813730e-15 1.927884412895355960e-16 1.902229812338783142e-17 1.793104216296937760e-18 1.619393757715205009e-19 1.404896886132622669e-20 1.173667323697142256e-21 9.411260499502808254e-23 0.000000000000000000e+00
0.000000000000000000e+00 5.733487370440128863e-22 7.219346696758867305e-21 8.719741783982887199e-20 1.013775495717729215e-18 1.131801930518688278e-17 1.210111653748878835e-16 1.235447242192441959e-15 1.200458153900726079e-14 1.106163794720633287e-13 9.626951475443456790e-13 7.877663284316480765e-12 6.030437624302909596e-11 4.294024049143306590e-10 2.825693088472519495e-09 1.705633758940138022e-08 9.361561050143728180e-08 4.623334955996334273e-07 2.027967748870330381e-06 7.769719202067459720e-06 2.542897129484486817e-05 6.898748071825614478e-05 1.491472895135430494e-04 2.460683643422448535e-04 3.051467522197641880e-04 3.051467538100036299e-04 2.460683694917836892e-04 1.491472958521145086e-04 6.898748624847130591e-05 2.542897551000031114e-05 7.769721378481294030e-06 2.027968742540904027e-06 4.623338739723704293e-07 9.361573691742438076e-08 1.705637518001352422e-08 2.825703178401863868e-09 4.294048776389251386e-10 6.030493503470383275e-11 7.877780503437395351e-12 9.627181590077336348e-13 1.106206197599541720e-13 1.200532053633164760e-14 1.235568955538743157e-15 1.210302355981916206e-16 1.132084492957170504e-17 1.014171965037786330e-18 8.724914231120951023e-20 7.225469730130601199e-21 5.739399464147937058e-22 0.000000000000000000e+00
0.000000000000000000e+00 3.215769499596613955e-21 4.086550264867099065e-20 4.980814255462901525e-19 5.841869853553872170e-18 6.577105840959534075e-17 7.088396181760743719e-16 7.290576750096171636e-15 7.131855941003958020e-14 6.610441360726433518e-13 5.781190130344205121e-12 4.748082299099690537e-11 3.642840088143473138e-10 2.595385784153121952e-09 1.705633758940137691e-08 1.026052377877954176e-07 5.600487504387379278e-07 2.745090838790439071e-06 1.193183034317461786e-05 4.526546630695392774e-05 1.467430497746439208e-04 3.949081241450374245e-04 8.486128075269004905e-04 1.393871693435037341e-03 1.723105898325104791e-03 1.723105891624302768e-03 1.393871669884136962e-03 8.486127779448439596e-04 3.949080971203295406e-04 1.467430283022203908e-04 4.526545547161672263e-05 1.193182525637504499e-05 2.745088911306267942e-06 5.600481026031885062e-07 1.026050447961583737e-07 1.705628575017100298e-08 2.595373085093809617e-09 3.642811455644730032e-10 4.748022452077631886e-11 5.781073339774463585e-12 6.610227643774904931e-13 7.131486959691766958e-14 7.289974681466220614e-15 7.087462589436676325e-16 6.575732183217241766e-17 5.839945882593121102e-18 4.978268919218721650e-19 4.083392075667503485e-20 3.212249709802758642e-21 0.000000000000000000e+00
0.000000000000000000e+00 1.644304917079237840e-20 2.109079384347953064e-19 2.594338178861384790e-18 3.070037815699736125e-17 3.486052128999904752e-16 3.787503453281839928e-15 3.924829192381584155e-14 3.865449331473195857e-13 3.603915311982153004e-12 3.166817193981768966e-11 2.609687194170724994e-10 2.005603281288474748e-09 1.428431887373116884e-08 9.361561050143732151e-08 5.600487504387379278e-07 3.030659557505912228e-06 1.468079091782984590e-05 6.288527097967231360e-05 2.346562077677981893e-04 7.480332251676998596e-04 1.982862380398049164e-03 4.210515781566609786e-03 6.858169516213028817e-03 8.438463901594445149e-03 8.438463919838557967e-03 6.858169591024283231e-03 4.210515877997782729e-03 1.982862473610421446e-03 7.480333023365018071e-04 2.346562447834214490e-04 6.288528913007592478e-05 1.468079760696503153e-05 3.030661813771195037e-06 5.600494138792800511e-07 9.361578596687258173e-08 1.428436090091045119e-08 2.005612462564464485e-09 2.609705584316047009e-10 3.166851092658122487e-11 3.603972844985947045e-12 3.865539192731900149e-13 3.924957345835179295e-14 3.787668296061764757e-15 3.486235897136722625e-16 3.070198461596323821e-17 2.594395213588585955e-18 2.108905108013985115e-19 1.643714005185303660e-20 0.000000000000000000e+00
0.000000000000000000e+00 7.576182751246309932e-20 9.809286060576862880e-19 1.217876879177926116e-17 1.454239474072990653e-16 1.665665657696969199e-15 1.824614593003735969e-14 1.905241731767770188e-13 1.889377473489507546e-12 1.772043802746529675e-11 1.564541958279249312e-10 1.293493538778548607e-09 9.954292491370562267e-09 7.082468472526077010e-08 4.623334955996333214e-07 2.745090838790438224e-06 1.468079091782984251e-05 6.994885995064270676e-05 2.932983579699746223e-04 1.067067141550497771e-03 3.310351467835853830e-03 8.552113981475996038e-03 1.778290825644638501e-02 2.854517199047814854e-02 3.487452311870086613e-02 3.487452309686962099e-02 2.854517184676236274e-02 1.778290806344473562e-02 8.552113778911615838e-03 3.310351292781111426e-03 1.067067067586086352e-03 2.932983178163633920e-04 6.994884662175241492e-05 1.468078640417699212e-05 2.745089614858907080e-06 4.623332026222250095e-07 7.082462578207616452e-08 9.954283110851900158e-09 1.293492646854410661e-09 1.564542880157463719e-10 1.772051585797539772e-11 1.889403820427649096e-12 1.905310365579473457e-13 1.824768649895863531e-14 1.665977130482662799e-15 1.454818981406107219e-16 1.218883292378288348e-17 9.825736609176160973e-19 7.601333407922496210e-20 0.000000000000000000e+00
0.000000000000000000e+00 3.100835834333667411e-19 4.052735187572132697e-18 5.078834719119001742e-17 6.119851114665819622e-16 7.071240632064918348e-15 7.810801916711314422e-14 8.219561163228326098e-13 8.208742534770003347e-12 7.746126713558018644e-11 6.872634066934276548e-10 5.700922069132945678e-09 4.392927342078069633e-08 3.121391250295275058e-07 2.027967748870329957e-06 1.193183034317461278e-05 6.288527097967228649e-05 2.932983579699747849e-04 1.194678808225913295e-03 4.190652500987078651e-03 1.246908027056421557e-02 3.089227830457479118e-02 6.199525615655766819e-02 9.707353159912500418e-02 1.172913236849965901e-01 1.172913236497534623e-01 9.707353168744625727e-02 6.199525629361236218e-02 3.089227848575313434e-02 1.246908043639492238e-02 4.190652532674051141e-03 1.194678844022526581e-03 2.932983618309643295e-04 6.288527239097108513e-05 1.193182991524048794e-05 2.027967388621928616e-06 3.121389432124322286e-07 4.392920375440246078e-08 5.700899545588213479e-09 6.872570055820634838e-10 7.745963083477688636e-11 8.208360533509443921e-12 8.218737642565910975e-13 7.809148668212280792e-14 7.068128619678406838e-15 6.114328068979936636e-16 5.069548421103735252e-17 4.037888547327033751e-18 3.078487358018901316e-19 0.000000000000000000e+00
0.000000000000000000e+00 1.107548083026583702e-18 1.461045707236312795e-17 1.847957024170813511e-16 2.246943597978197153e-15 2.619072379632083066e-14 2.917307474875358132e-13 3.094203901235052662e-12 3.112421354332290353e-11 2.955577790368920508e-10 2.635777435154489649e-09 2.194250111104613496e-08 1.693392860772087045e-07 1.201772749957276416e-06 7.769719202067454638e-06 4.526546630695390741e-05 2.346562077677983248e-04 1.067067141550497771e-03 4.190652500987081253e-03 1.399186429096983993e-02 3.916363633031446495e-02 9.082062010136389418e-02 1.718074791367655285e-01 2.578951943346517450e-01 3.060286140706927616e-01 3.060286142196655956e-01 2.578951945317847216e-01 1.718074793862146010e-01 9.082062032009870223e-02 3.916363652706465054e-02 1.399186447237798711e-02 4.190652538189517697e-03 1.067067185484986847e-03 2.346562224605648053e-04 4.526547454345729890e-05 7.769722523228609091e-06 1.201774015790376343e-06 1.693397101992279062e-07 2.194262888541150772e-08 2.635812319799330342e-09 2.955664905403890000e-10 3.112622019154891130e-11 3.094633379408268477e-12 2.918167000268799630e-13 2.620689782539956625e-14 2.249819015630853764e-15 1.852806917783410940e-16 1.468832830406174982e-17 1.119329618897936015e-18 0.000000000000000000e+00
0.000000000000000000e+00 3.376867023292830808e-18 4.494578213803738298e-17 5.735704639769882027e-16 7.035402935188203436e-15 8.270798700556584727e-14 9.288539868350914885e-13 9.928667394431965836e-12 1.005917571306624688e-10 9.613593427801259496e-10 8.619280208012327115e-09 7.203549050773654948e-08 5.570239516119931428e-07 3.950397106099866661e-06 2.542897129484486817e-05 1.467430497746439479e-04 7.480332251677001849e-04 3.310351467835853830e-03 1.246908027056421557e-02 3.916363633031445801e-02 1.008619194361768112e-01 2.117761587515548938e-01 3.642140780375381359e-01 5.092375859063293930e-01 5.861623221201196499e-01 5.861623220712381954e-01 5.092375857626690872e-01 3.642140777503225513e-01 2.117761583535239522e-01 1.008619190394232368e-01 3.916363616534258157e-02 1.246908024234017962e-02 3.310351401039550966e-03 7.480331992845267591e-04 1.467430302543407139e-04 2.542896264756853582e-05 3.950393539144908569e-06 5.570227103236874249e-07 7.203510670645726511e-08 8.619173662033412495e-09 9.613324194029812084e-10 1.005854995371998647e-10 9.927318273902721053e-12 9.285822636725452406e-13 8.265655774299773715e-14 7.026208963816529202e-15 5.720112817801329345e-16 4.469407217261708409e-17 3.338573503014281748e-18 0.000000000000000000e+00
0.000000000000000000e+00 8.553709199907269245e-18 1.147772451441461042e-16 1.476693856307321035e-15 1.825931049907077588e-14 2.163532142679923785e-13 2.448383088422011820e-12 2.636276802415845766e-11 2.689214136994301620e-10 2.586008646646598454e-09 2.330831955840731265e-08 1.955931598198165256e-07 1.516067709417962740e-06 1.075238731123827713e-05 6.898748071825614478e-05 3.949081241450373703e-04 1.982862380398049164e-03 8.552113981475990834e-03 3.089227830457478771e-02 9.082062010136389418e-02 2.117761587515548938e-01 3.896208839703288462e-01 5.849207268889226041e-01 7.360518607035168026e-01 8.082897392321646279e-01 8.082897389219555473e-01 7.360518600749839102e-01 5.849207262117233075e-01 3.896208833514470116e-01 2.117761581749066924e-01 9.082061960953506652e-02 3.089227812398157025e-02 8.552113976643222967e-03 1.982862398150226496e-03 3.949081500206827466e-04 6.898749354579786729e-05 1.075239294468443861e-05 1.516069691870998514e-06 1.955937757939969342e-07 2.330849010459003355e-08 2.586051550205739108e-09 2.689313338211090901e-10 2.636489580351740024e-11 2.448809611567685581e-12 2.164336051296377344e-13 1.827363057270633740e-14 1.479115180690182435e-15 1.151672082903895606e-16 8.612946739103083486e-18 0.000000000000000000e+00
0.000000000000000000e+00 1.744500593945434251e-17 2.356309289244294971e-16 3.051720878173047897e-15 3.798315124108415373e-14 4.529775162294829668e-13 5.158554586521602339e-12 5.588174610220149115e-11 5.733037745649182377e-10 5.541914735258220604e-09 5.017868120521725956e-08 4.226048482312403081e-07 3.283256414989025787e-06 2.329675574921817935e-05 1.491472895135429410e-04 8.486128075269004905e-04 4.210515781566609786e-03 1.778290825644639889e-02 6.199525615655759186e-02 1.718074791367654730e-01 3.642140780375380249e-01 5.849207268889226041e-01 7.672542358491813985e-01 8.794203472653581155e-01 9.266327531011844254e-01 9.266327530245193067e-01 8.794203471086293744e-01 7.672542357828101567e-01 5.849207270664272817e-01 3.642140782831522761e-01 1.718074790633082605e-01 6.199525596095135233e-02 1.778290818111204208e-02 4.210515735665385992e-03 8.486127941558602129e-04 1.491472867212633498e-04 2.329675551961120667e-05 3.283256600639813200e-06 4.226049617652034059e-07 5.017872583288707738e-08 5.541928703636395687e-09 5.733075575319501461e-10 5.588266302551031897e-11 5.158757538463908069e-12 4.530190839772008956e-13 3.799110431432812874e-14 3.053152601588669472e-15 2.358747469763612881e-16 1.748387171664035053e-17 0.000000000000000000e+00
0.000000000000000000e+00 2.782672064720822728e-17 3.773714151417939496e-16 4.907207387422976012e-15 6.132160793606946119e-14 7.341742229579832933e-13 8.392680593841205022e-12 9.124750230215621833e-11 9.393188274632200525e-10 9.108034478775525502e-09 8.268488647319580199e-08 6.977725294663214915e-07 5.427258515022918251e-06 3.850666465626689398e-05 2.460683643422446908e-04 1.393871693435035607e-03 6.858169516213024480e-03 2.854517199047815895e-02 9.707353159912501805e-02 2.578951943346518005e-01 5.092375859063295040e-01 7.360518607035163585e-01 8.794203472653574494e-01 9.494700902041438573e-01 9.749026410464072256e-01 9.749026415269151924e-01 9.494700913925964159e-01 8.794203486107181611e-01 7.360518623010937622e-01 5.092375875430771304e-01 2.578951953823271914e-01 9.707353192102338713e-02 2.854517189339235428e-02 6.858169402068081850e-03 1.393871594962014203e-03 2.460683177385927095e-04 3.850664513319372665e-05 5.427251744230109182e-06 6.977704415303396555e-07 8.268430903986819672e-08 9.107888865468656008e-09 9.392849928135644690e-10 9.124019663785679009e-11 8.391204502469661014e-12 7.338935341094365892e-13 6.127112772417047978e-14 4.898584997386262333e-15 3.759680313615761245e-16 2.761127654867722327e-17 0.000000000000000000e+00
0.000000000000000000e+00 3.450185446795271177e-17 4.683430646276733058e-16 6.095655658897280652e-15 7.623548371000355238e-14 9.133994087751721678e-13 1.044799241411695147e-11 1.136492502182715957e-10 1.170314452918482456e-09 1.134939346690238705e-08 1.030210219790362193e-07 8.690201565979433403e-07 6.753629461294239820e-06 4.785201527976788396e-05 3.051467522197640796e-04 1.723105898325102839e-03 8.438463901594438210e-03 3.487452311870084531e-02 1.172913236849964930e-01 3.060286140706927616e-01 5.861623221201196499e-01 8.082897392321645169e-01 9.266327531011837593e-01 9.749026410464067816e-01 9.900716634619339818e-01 9.900716643424953833e-01 9.749026432373345541e-01 9.266327557558439176e-01 8.082897421069263899e-01 5.861623250098296767e-01 3.060286164447414969e-01 1.172913251285307712e-01 3.487452374698719187e-02 8.438464160603063521e-03 1.723105972861728842e-03 3.051467698950909935e-04 4.785201786967792766e-05 6.753629268650070567e-06 8.690198629444379356e-07 1.030208885096844311e-07 1.134934915768540377e-08 1.170302033780948413e-09 1.136461661745088850e-10 1.044729617909294696e-11 9.132542912044019761e-13 7.620726112555511937e-14 6.090494439292342937e-15 4.674505268945308518e-16 3.435740862038790707e-17 0.000000000000000000e+00
0.000000000000000000e+00 3.450185369184371843e-17 4.683430635692030145e-16 6.095655660636465724e-15 7.623548369997134950e-14 9.133994088177752005e-13 1.044799241350137077e-11 1.136492502285957274e-10 1.170314452994713974e-09 1.134939345909939381e-08 1.030210221756571568e-07 8.690201535469851920e-07 6.753629494702936195e-06 4.785201501103011348e-05 3.051467538100034673e-04 1.723105891624301467e-03 8.438463919838549293e-03 3.487452309686960711e-02 1.172913236497534067e-01 3.060286142196653181e-01 5.861623220712378624e-01 8.082897389219554363e-01 9.266327530245193067e-01 9.749026415269151924e-01 9.900716643424962715e-01 9.900716653240058118e-01 9.749026443054701341e-01 9.266327566071026478e-01 8.082897427213784347e-01 5.861623258316511764e-01 3.060286176270199388e-01 1.172913263625490615e-01 3.487452469909241293e-02 8.438464737515688832e-03 1.723106260540814691e-03 3.051468919740265499e-04 4.785206305117870062e-05 6.753644125199687056e-06 8.690242662724265470e-07 1.030220785387198227e-07 1.134964518683053534e-08 1.170370347420682385e-09 1.136608872822214879e-10 1.045027524762595354e-11 9.138231977195033068e-13 7.631022020606036720e-14 6.108218808240679945e-15 4.703613855505180824e-16 3.480865552872740954e-17 0.000000000000000000e+00
0.000000000000000000e+00 2.782671857176511191e-17 3.773714122614870659e-16 4.907207392809948572e-15 6.132160790256412779e-14 7.341742231181845096e-13 8.392680591937550624e-12 9.124750233209957490e-11 9.393188276302187191e-10 9.108034457911835116e-09 8.268488701814939080e-08 6.977725207538506045e-07 5.427258613575028869e-06 3.850666383141895934e-05 2.460683694917838518e-04 1.393871669884136962e-03 6.858169591024284098e-03 2.854517184676235927e-02 9.707353168744625727e-02 2.578951945317847216e-01 5.092375857626689761e-01 7.360518600749839102e-01 8.794203471086289303e-01 9.494700913925958607e-01 9.749026432373348872e-01 9.749026443054691349e-01 9.494700940571747516e-01 8.794203510276739078e-01 7.360518643221417578e-01 5.092375899063329436e-01 2.578951985218064791e-01 9.707353520118638945e-02 2.854517447560674451e-02 6.858170999739483277e-03 1.393872405908093155e-03 2.460686668241330774e-04 3.850677580540646204e-05 5.427295101728649528e-06 6.977833858420610648e-07 8.268782809026937695e-08 9.108768576022386273e-09 9.394888532981749408e-10 9.128428850928817615e-11 8.400156748683763154e-12 7.356083611695099706e-13 6.158237654359084992e-14 4.952318503641469749e-15 3.848175293085715619e-16 2.898691281888577222e-17 0.000000000000000000e+00
0.000000000000000000e+00 1.744500326489555314e-17 2.356309260602380063e-16 3.051720881184352825e-15 3.798315121682416285e-14 4.529775163558621189e-13 5.158554584566379208e-12 5.588174613674071489e-11 5.733037747142897889e-10 5.541914711991123861e-09 5.017868183071697818e-08 4.226048380393105470e-07 3.283256532218913388e-06 2.329675475167471103e-05 1.491472958521145899e-04 8.486127779448442848e-04 4.210515877997782729e-03 1.778290806344474950e-02 6.199525629361234136e-02 1.718074793862146010e-01 3.642140777503223847e-01 5.849207262117234185e-01 7.672542357828099346e-01 8.794203486107186052e-01 9.266327557558442507e-01 9.266327566071025368e-01 8.794203510276739078e-01 7.672542400341910707e-01 5.849207309560999768e-01 3.642140822524266297e-01 1.718074836313961407e-01 6.199526048696102354e-02 1.778291170386728237e-02 4.210517922716272739e-03 8.486139139156200634e-04 1.491477738473946657e-04 2.329693990682569810e-05 3.283318472138013918e-06 4.226236400025152949e-07 5.018385952722196583e-08 5.543225876900543435e-09 5.736113312664225933e-10 5.594904398896510241e-11 5.172371951449071008e-12 4.556529196550478238e-13 3.847383223026396414e-14 3.137291325429194668e-15 2.498627595230869685e-16 1.967782804398810163e-17 0.000000000000000000e+00
0.000000000000000000e+00 8.553706463682549611e-18 1.147772444825310761e-16 1.476693847627092037e-15 1.825931053905756404e-14 2.163532140737879503e-13 2.448383088327394960e-12 2.636276804564435451e-11 2.689214137564507719e-10 2.586008630492634594e-09 2.330832002263399629e-08 1.955931519149917919e-07 1.516067803927318721e-06 1.075238647563082855e-05 6.898748624847130591e-05 3.949080971203295406e-04 1.982862473610421013e-03 8.552113778911615838e-03 3.089227848575314128e-02 9.082062032009864672e-02 2.117761583535236747e-01 3.896208833514471226e-01 5.849207270664281699e-01 7.360518623010944284e-01 8.082897421069267230e-01 8.082897427213781016e-01 7.360518643221414248e-01 5.849207309561000878e-01 3.896208876916639197e-01 2.117761625374290635e-01 9.082062465505015558e-02 3.089228320425439767e-02 8.552117995126161734e-03 1.982864928612724890e-03 3.949094618821728450e-04 6.898807068005220831e-05 1.075261365959118990e-05 1.516144465319591268e-06 1.956165532478102259e-07 2.331480424700880767e-08 2.587660094383995543e-09 2.693109946887176773e-10 2.644849043270783370e-11 2.466080558445919813e-12 2.197986683444695009e-13 1.889465520759055228e-14 1.588090116004484906e-15 1.334036097697500392e-16 1.149088585142788937e-17 0.000000000000000000e+00
0.000000000000000000e+00 3.376864711319180791e-18 4.494578312735283623e-17 5.735704488802831275e-16 7.035403010360448046e-15 8.270798664288828302e-14 9.288539879017729982e-13 9.928667404456632303e-12 1.005917571074836272e-10 9.613593339913861216e-10 8.619280493775546325e-09 7.203548529178861811e-08 5.570240174231000586e-07 3.950396496246419995e-06 2.542897551000030776e-05 1.467430283022204992e-04 7.480333023365021324e-04 3.310351292781109258e-03 1.246908043639491891e-02 3.916363652706462278e-02 1.008619190394232229e-01 2.117761581749068867e-01 3.642140782831523871e-01 5.092375875430771304e-01 5.861623250098296767e-01 5.861623258316509544e-01 5.092375899063326106e-01 3.642140822524266297e-01 2.117761625374290635e-01 1.008619234440684409e-01 3.916364132520413349e-02 1.246908539123495023e-02 3.310355431123537112e-03 7.480357174869394117e-04 1.467443292358771711e-04 2.542953244811567101e-05 3.950611149378287901e-06 5.570964155100799033e-07 7.205757353219345632e-08 8.625410090290517085e-09 9.629241812067039286e-10 1.009620802590196582e-10 1.001045968523697961e-11 9.458114663044260044e-13 8.602450037027297567e-14 7.649941466083967016e-15 6.818653468133242157e-16 6.314839911027312596e-17 6.261993696218513237e-18 0.000000000000000000e+00
0.000000000000000000e+00 1.107546277396850959e-18 1.461045924431640783e-17 1.847956827675502407e-16 2.246943703808440104e-15 2.619072325908286314e-14 2.917307497319173356e-13 3.094203899429093222e-12 3.112421353251048324e-11 2.955577750013897926e-10 2.635777576326565082e-09 2.194249844878503359e-08 1.693393201899697449e-07 1.201772432650823299e-06 7.769721378481294030e-06 4.526545547161671585e-05 2.346562447834214761e-04 1.067067067586086136e-03 4.190652532674051141e-03 1.399186447237798017e-02 3.916363616534259545e-02 9.082061960953509427e-02 1.718074790633082327e-01 2.578951953823270804e-01 3.060286164447416080e-01 3.060286176270196612e-01 2.578951985218061460e-01 1.718074836313961407e-01 9.082062465505018334e-02 3.916364132520414737e-02 1.399186962256743910e-02 4.190657169605793361e-03 1.067070546990728144e-03 2.346582209505380598e-04 4.526647275270670885e-05 7.770151436080926553e-06 1.201935717830810734e-06 1.693940646506280116e-07 2.195913362688613719e-08 2.640388541800822991e-09 2.967354934326538761e-10 3.140342749699761931e-11 3.156046040505686167e-12 3.045978140334209310e-13 2.871770832315460318e-14 2.717350344004262892e-15 2.681051787500348700e-16 2.868730333649332143e-17 3.350520058672882471e-18 0.000000000000000000e+00
0.000000000000000000e+00 3.100822670658066381e-19 4.052737656886204932e-18 5.078832787776177320e-17 6.119852183852713278e-16 7.071240083415001033e-15 7.810802162751709420e-14 8.219561093246431983e-13 8.208742544074237505e-12 7.746126557116265204e-11 6.872634644742225900e-10 5.700920938343073529e-09 4.392928830048888367e-08 3.121389834423409384e-07 2.027968742540904874e-06 1.193182525637504838e-05 6.288528913007591123e-05 2.932983178163633920e-04 1.194678844022525714e-03 4.190652538189513360e-03 1.246908024234018135e-02 3.089227812398157372e-02 6.199525596095129681e-02 9.707353192102334549e-02 1.172913251285307296e-01 1.172913263625490060e-01 9.707353520118638945e-02 6.199526048696103742e-02 3.089228320425440460e-02 1.246908539123494503e-02 4.190657169605793361e-03 1.194682534824948947e-03 2.933008220447307622e-04 6.288665552376932041e-05 1.193249606301045610e-05 2.028246902408066175e-06 3.122427100547231780e-07 4.396374511393471664e-08 5.711327082394961033e-09 6.901395123796505012e-10 7.819526977461487569e-11 8.382906856644890970e-12 8.606114098787591636e-13 8.617520031639165998e-14 8.661569588455214045e-15 9.093268253077659040e-16 1.037032075981937848e-16 1.304044523492921937e-17 1.749744587296420765e-18 0.000000000000000000e+00
0.000000000000000000e+00 7.576106190484792789e-20 9.809302587944461083e-19 1.217875651180333198e-17 1.454240149139457733e-16 1.665665316228262308e-15 1.824614745988000533e-14 1.905241681375518831e-13 1.889377482342654429e-12 1.772043751111065297e-11 1.564542161133856183e-10 1.293493126450586740e-09 9.954298043456770617e-09 7.082463114188417165e-08 4.623338739723706940e-07 2.745088911306269636e-06 1.468079760696502475e-05 6.994884662175242847e-05 2.932983618309642753e-04 1.067067185484985546e-03 3.310351401039549665e-03 8.552113976643217763e-03 1.778290818111203861e-02 2.854517189339234734e-02 3.487452374698719881e-02 3.487452469909238517e-02 2.854517447560674104e-02 1.778291170386727890e-02 8.552117995126156530e-03 3.310355431123536678e-03 1.067070546990728144e-03 2.933008220447308164e-04 6.995039029189403811e-05 1.468160672151407562e-05 2.745469454335450628e-06 4.624883259218845271e-07 7.088116758538520589e-08 9.972878183651202268e-09 1.299063847768885073e-09 1.579878001072511123e-10 1.811118287769558898e-11 1.982106448202040032e-12 2.111363037474962074e-13 2.255894453693993407e-14 2.518795710707799738e-15 3.055887465808160492e-16 4.081434565387883381e-17 5.869477194243714297e-18 8.628964974447777640e-19 0.000000000000000000e+00
0.000000000000000000e+00 1.644260331958662642e-20 2.109090391971738057e-19 2.594330085311464792e-18 3.070042407312027632e-17 3.486049732074946130e-16 3.787504579324152173e-15 3.924828751178952531e-14 3.865449461022764524e-13 3.603915132476694785e-12 3.166817827555774095e-11 2.609685875324715374e-10 2.005605093453521565e-09 1.428430113856674921e-08 9.361573691742444693e-08 5.600481026031888239e-07 3.030661813771193766e-06 1.468078640417700228e-05 6.288527239097105803e-05 2.346562224605646427e-04 7.480331992845266507e-04 1.982862398150225195e-03 4.210515735665385124e-03 6.858169402068084453e-03 8.438464160603065256e-03 8.438464737515678424e-03 6.858170999739481542e-03 4.210517922716271004e-03 1.982864928612725758e-03 7.480357174869395201e-04 2.346582209505378700e-04 6.288665552376930686e-05 1.468160672151407392e-05 3.031077272924114863e-06 5.602366511452893583e-07 9.369071287650959043e-08 1.431127235745102445e-08 2.014372772883328357e-09 2.635776335925060151e-10 3.238328803743977163e-11 3.785735922085216311e-12 4.296804243444558666e-13 4.884730698217431867e-14 5.800463530571180008e-15 7.480462197287467138e-16 1.059803152309086129e-16 1.611339184142060794e-17 2.530181349243423229e-18 3.917831319233354313e-19 0.000000000000000000e+00
0.000000000000000000e+00 3.215558761766848649e-21 4.086603796781408455e-20 4.980775717750789382e-19 5.841891348381984038e-18 6.577094893026924528e-17 7.088401170813515919e-16 7.290574828496268980e-15 7.131856491885030040e-14 6.610440867810093157e-13 5.781191864609668608e-12 4.748078552027142275e-11 3.642845354649866003e-10 2.595380555448604735e-09 1.705637518001353084e-08 1.026050447961584531e-07 5.600494138792800511e-07 2.745089614858908774e-06 1.193182991524048455e-05 4.526547454345726502e-05 1.467430302543407952e-04 3.949081500206828008e-04 8.486127941558606466e-04 1.393871594962015070e-03 1.723105972861729276e-03 1.723106260540812956e-03 1.393872405908092938e-03 8.486139139156197381e-04 3.949094618821730619e-04 1.467443292358772253e-04 4.526647275270668174e-05 1.193249606301045441e-05 2.745469454335450628e-06 5.602366511452893583e-07 1.026876583353294412e-07 1.708864419772287841e-08 2.606813072721431084e-09 3.679634903599277137e-10 4.856777424588192614e-11 6.077831376081593731e-12 7.362993378094796743e-13 8.916345803270191119e-14 1.126517240369789944e-14 1.544006312735439176e-15 2.319806002510752126e-16 3.728085678927529143e-17 6.168102242619189726e-18 1.018221798394651774e-18 1.621701861577462900e-19 0.000000000000000000e+00
0.000000000000000000e+00 5.732522800448825081e-22 7.219600686420745167e-21 8.719557224309397072e-20 1.013786023959994513e-18 1.131796420622195173e-17 1.210114259807639500e-16 1.235446158340472022e-15 1.200458527114096320e-14 1.106163598934371209e-13 9.626956016446594346e-13 7.877653587086893676e-12 6.030451473134633220e-11 4.294010122041736378e-10 2.825703178401865522e-09 1.705628575017101290e-08 9.361578596687252879e-08 4.623332026222252213e-07 2.027967388621929040e-06 7.769722523228605703e-06 2.542896264756854937e-05 6.898749354579790795e-05 1.491472867212636209e-04 2.460683177385928721e-04 3.051467698950908851e-04 3.051468919740263331e-04 2.460686668241330774e-04 1.491477738473947199e-04 6.898807068005227607e-05 2.542953244811568795e-05 7.770151436080929941e-06 2.028246902408065751e-06 4.624883259218844212e-07 9.369071287650959043e-08 1.708864419772288172e-08 2.838158392998000855e-09 4.337581946104420128e-10 6.169436167389926234e-11 8.285722395285248759e-12 1.073620897701036006e-12 1.386999896511961454e-13 1.866082706052485015e-14 2.719226586054969756e-15 4.333847854654907766e-16 7.365769560880957268e-17 1.284696305958489117e-17 2.230117935617124400e-18 3.783098698917123200e-19 6.121847827941713843e-20 0.000000000000000000e+00
0.000000000000000000e+00 9.405159817256100098e-23 1.174144893227926099e-21 1.405329608078892503e-20 1.619889243771140902e-19 1.793430059562261656e-18 1.902482707870303298e-17 1.928038595953633561e-16 1.860849345431149141e-15 1.704427573161969643e-14 1.475796266320654652e-13 1.202702129466793210e-12 9.180108186760504482e-12 6.526333761224353030e-11 4.294048776389255005e-10 2.595373085093809617e-09 1.428436090091045284e-08 7.082462578207619098e-08 3.121389432124323874e-07 1.201774015790376131e-06 3.950393539144911957e-06 1.075239294468445046e-05 2.329675551961124394e-05 3.850664513319374021e-05 4.785201786967791410e-05 4.785206305117870062e-05 3.850677580540646882e-05 2.329693990682570826e-05 1.075261365959120176e-05 3.950611149378291289e-06 1.201935717830811581e-06 3.122427100547230192e-07 7.088116758538519266e-08 1.431127235745101783e-08 2.606813072721431498e-09 4.337581946104422713e-10 6.677105089120417660e-11 9.657589825164648674e-12 1.342167167439266390e-12 1.853669899604051107e-13 2.659544531985344024e-14 4.124045817955134081e-15 6.977693921389646991e-16 1.255356082531369612e-16 2.310784091535415525e-17 4.221770947136286455e-18 7.522266894183609453e-19 1.295837066336435051e-19 2.117908926214133239e-20 0.000000000000000000e+00
0.000000000000000000e+00 1.431196033487951074e-23 1.772034608087631702e-22 2.101821558305077976e-21 2.402291876223907679e-20 2.637637101914193713e-19 2.776192406940980338e-18 2.792741059938065991e-17 2.677075130502209359e-16 2.436918598761005222e-15 2.098589268799080935e-14 1.702410755333104416e-13 1.294700629466694613e-12 9.179999010197332634e-12 6.030493503470387152e-11 3.642811455644727964e-10 2.005612462564464071e-09 9.954283110851903467e-09 4.392920375440245416e-08 1.693397101992279327e-07 5.570227103236876367e-07 1.516069691870999149e-06 3.283256600639816588e-06 5.427251744230111723e-06 6.753629268650071414e-06 6.753644125199681127e-06 5.427295101728650375e-06 3.283318472138014765e-06 1.516144465319592750e-06 5.570964155100803269e-07 1.693940646506281969e-07 4.396374511393474311e-08 9.972878183651203923e-09 2.014372772883327530e-09 3.679634903599275586e-10 6.169436167389927527e-11 9.657589825164648674e-12 1.445118094092121695e-12 2.140010443815324489e-13 3.281354051999991897e-14 5.423212107425963863e-15 9.753893025620626324e-16 1.860031431268789840e-16 3.618574622993708946e-17 6.968110367658888208e-18 1.305400143264219724e-18 2.360232725116178696e-19 4.105203157021664203e-20 6.757639005381385216e-21 0.000000000000000000e+00
0.000000000000000000e+00 2.032642548447187738e-24 2.498753804488675475e-23 2.936478959238897202e-22 3.328720245586276298e-21 3.624387329337350027e-20 3.785123065120046456e-19 3.779299759460267376e-18 3.597637164375077618e-17 3.253906298663062036e-16 2.785920436711717366e-15 2.248410201796495569e-14 1.702430824673404384e-13 1.202688582427216737e-12 7.877780503437400197e-12 4.748022452077628654e-11 2.609705584316048043e-10 1.293492646854411074e-09 5.700899545588212652e-09 2.194262888541151102e-08 7.203510670645730482e-08 1.955937757939969078e-07 4.226049617652035647e-07 6.977704415303398673e-07 8.690198629444378298e-07 8.690242662724255941e-07 6.977833858420607472e-07 4.226236400025151890e-07 1.956165532478104906e-07 7.205757353219353573e-08 2.195913362688617359e-08 5.711327082394970960e-09 1.299063847768886107e-09 2.635776335925059117e-10 4.856777424588187444e-11 8.285722395285247144e-12 1.342167167439265784e-12 2.140010443815323984e-13 3.517933917926690562e-14 6.211925490661228704e-15 1.190002047082905017e-15 2.409775312500079121e-16 4.963552967408269155e-17 1.009162963717988207e-17 1.991027990521017938e-18 3.782466126222484487e-19 6.901279186199695127e-20 1.208683183121455536e-20 2.001321307246986729e-21 0.000000000000000000e+00
0.000000000000000000e+00 2.706818245761515310e-25 3.311724093747147484e-24 3.853698558331248852e-23 4.334431663079581045e-22 4.679219158496834555e-21 4.848986784679037779e-20 4.804748999534368974e-19 4.541328785790643231e-18 4.079962056305307567e-17 3.471570381141540457e-16 2.785896135660996486e-15 2.098615887062735546e-14 1.475764384276382008e-13 9.627181590077344426e-13 5.781073339774457122e-12 3.166851092658125718e-11 1.564542880157465012e-10 6.872570055820634838e-10 2.635812319799329928e-09 8.619173662033412495e-09 2.330849010459003355e-08 5.017872583288709723e-08 8.268430903986823643e-08 1.030208885096843252e-07 1.030220785387197565e-07 8.268782809026933725e-08 5.018385952722197245e-08 2.331480424700884406e-08 8.625410090290525357e-09 2.640388541800826300e-09 6.901395123796516386e-10 1.579878001072512674e-10 3.238328803743977163e-11 6.077831376081587269e-12 1.073620897701035198e-12 1.853669899604050350e-13 3.281354051999992528e-14 6.211925490661231859e-15 1.271117763098442941e-15 2.740256503255561724e-16 5.989621887163505460e-17 1.288460841763513581e-17 2.682329820230822000e-18 5.363686424552772038e-19 1.027774315922088073e-19 1.887446365907357066e-20 3.324543728283712425e-21 5.534048139250083297e-22 0.000000000000000000e+00
0.000000000000000000e+00 3.387769635542661736e-26 4.147813053967577200e-25 4.772236597393451945e-24 5.330628084127209704e-23 5.702887527028287806e-22 5.865012154967511698e-21 5.766072558453878580e-20 5.410389679821939818e-19 4.826757707890227994e-18 4.080003066004212511e-17 3.253878492747559843e-16 2.436972759095471312e-15 1.704371765940070751e-14 1.106206197599543109e-13 6.610227643774894834e-13 3.603972844985949872e-12 1.772051585797541064e-11 7.745963083477687344e-11 2.955664905403888966e-10 9.613324194029814152e-10 2.586051550205739935e-09 5.541928703636400650e-09 9.107888865468659317e-09 1.134934915768539550e-08 1.134964518683053037e-08 9.108768576022384619e-09 5.543225876900542608e-09 2.587660094383998438e-09 9.629241812067049626e-10 2.967354934326542897e-10 7.819526977461500493e-11 1.811118287769561483e-11 3.785735922085220350e-12 7.362993378094795733e-13 1.386999896511961201e-13 2.659544531985342446e-14 5.423212107425963863e-15 1.190002047082905017e-15 2.740256503255561231e-16 6.374958908827696740e-17 1.454758258516415490e-17 3.203088520378335765e-18 6.755836125618532997e-19 1.362091725234297931e-19 2.626089861713967275e-20 4.848636001874855668e-21 8.585004353472532990e-22 1.436437917075694577e-22 0.000000000000000000e+00
0.000000000000000000e+00 3.977960987217805610e-27 4.935939374351867950e-26 5.595773695312776166e-25 6.220457818054855170e-24 6.587732043214250410e-23 6.726476723860238063e-22 6.558912842720452334e-21 6.108909128373394106e-20 5.410093991397943731e-19 4.541314559926868400e-18 3.597562375843027318e-17 2.677157835286528377e-16 1.860750648529811364e-15 1.200532053633167127e-14 7.131486959691753074e-14 3.865539192731903179e-13 1.889403820427650711e-12 8.208360533509443921e-12 3.112622019154889191e-11 1.005854995371999423e-10 2.689313338211089350e-10 5.733075575319504563e-10 9.392849928135640555e-10 1.170302033780947586e-09 1.170370347420681764e-09 9.394888532981743204e-10 5.736113312664222832e-10 2.693109946887178841e-10 1.009620802590197358e-10 3.140342749699768393e-11 8.382906856644910357e-12 1.982106448202043263e-12 4.296804243444562705e-13 8.916345803270197430e-14 1.866082706052485331e-14 4.124045817955130926e-15 9.753893025620620408e-16 2.409775312500077149e-16 5.989621887163502994e-17 1.454758258516415798e-17 3.397457715504819033e-18 7.577310381594830620e-19 1.611013263959058068e-19 3.267268824071077166e-20 6.331516591073566825e-21 1.174822263604425407e-21 2.090785475189516336e-22 3.516555534877736653e-23 0.000000000000000000e+00
0.000000000000000000e+00 4.335175148960501376e-28 5.616107679664689351e-27 6.224840050771888247e-26 6.919307304599587524e-25 7.235993697907505093e-24 7.343230173057979994e-23 7.097081094331544415e-22 6.561292072001648375e-21 5.766256303540609901e-20 4.804992067860162106e-19 3.779269328036063216e-18 2.792895380527962099e-17 1.927884412895353741e-16 1.235568955538746510e-15 7.289974681466204837e-15 3.924957345835184343e-14 1.905310365579475224e-13 8.218737642565910975e-13 3.094633379408265650e-12 9.927318273902725899e-12 2.636489580351738731e-11 5.588266302551035775e-11 9.124019663785671254e-11 1.136461661745087816e-10 1.136608872822213587e-10 9.128428850928813738e-11 5.594904398896510887e-11 2.644849043270785309e-11 1.001045968523698446e-11 3.156046040505693033e-12 8.606114098787608802e-13 2.111363037474965608e-13 4.884730698217436915e-14 1.126517240369790891e-14 2.719226586054970150e-15 6.977693921389652908e-16 1.860031431268789594e-16 4.963552967408270388e-17 1.288460841763513427e-17 3.203088520378337306e-18 7.577310381594829657e-19 1.703393086559714151e-19 3.642500924443492185e-20 7.423910035629455106e-21 1.445535838233259581e-21 2.695432415679810022e-22 4.822029913899566516e-23 8.154473083426371522e-24 0.000000000000000000e+00
0.000000000000000000e+00 4.235542329647441350e-29 6.163740701463118728e-28 6.564133472165761430e-27 7.375542106656126258e-26 7.574457550789971406e-25 7.658981043796832440e-24 7.327505980514189505e-23 6.725772989057911035e-22 5.863234919406229362e-21 4.848694870677905661e-20 3.784895305837795266e-19 2.776354829896096964e-18 1.902229812338781293e-17 1.210302355981919657e-16 7.087462589436664492e-16 3.787668296061768702e-15 1.824768649895865109e-14 7.809148668212282054e-14 2.918167000268798620e-13 9.285822636725456445e-13 2.448809611567683158e-12 5.158757538463908877e-12 8.391204502469651321e-12 1.044729617909293727e-11 1.045027524762594546e-11 8.400156748683761539e-12 5.172371951449071816e-12 2.466080558445921024e-12 9.458114663044262063e-13 3.045978140334213349e-13 8.617520031639181144e-14 2.255894453693996878e-14 5.800463530571183952e-15 1.544006312735440163e-15 4.333847854654912204e-16 1.255356082531371338e-16 3.618574622993708946e-17 1.009162963717988361e-17 2.682329820230823926e-18 6.755836125618538775e-19 1.611013263959058068e-19 3.642500924443491583e-20 7.827207927609889270e-21 1.602768288898196302e-21 3.135795666128792456e-22 5.876984831548949026e-23 1.057146661488751750e-23 1.798126870548867724e-24 0.000000000000000000e+00
0.000000000000000000e+00 3.290631539117206118e-30 6.619698411268311861e-29 6.518691283594126447e-28 7.589055064884220187e-27 7.560733593174436905e-26 7.661578447009219153e-25 7.237001689417403675e-24 6.599824722417625252e-23 5.704325157847239472e-22 4.680141702765818207e-21 3.624610229583899411e-20 2.637967645904526020e-19 1.793104216296935834e-18 1.132084492957173431e-17 6.575732183217236835e-17 3.486235897136723118e-16 1.665977130482664968e-15 7.068128619678402894e-15 2.620689782539958203e-14 8.265655774299774977e-14 2.164336051296374820e-13 4.530190839772008956e-13 7.338935341094358824e-13 9.132542912044009664e-13 9.138231977195024990e-13 7.356083611695097687e-13 4.556529196550479248e-13 2.197986683444696523e-13 8.602450037027297567e-14 2.871770832315463474e-14 8.661569588455223511e-15 2.518795710707801316e-15 7.480462197287467138e-16 2.319806002510751633e-16 7.365769560880963431e-17 2.310784091535418606e-17 6.968110367658894371e-18 1.991027990521018708e-18 5.363686424552773964e-19 1.362091725234298654e-19 3.267268824071078370e-20 7.423910035629455106e-21 1.602768288898196302e-21 3.297591157650199323e-22 6.484088274348365462e-23 1.221796966275252357e-23 2.210728094494837753e-24 3.784191740744649854e-25 0.000000000000000000e+00
0.000000000000000000e+00 7.873533414638230485e-32 7.129290699349779566e-30 5.972836344478693587e-29 7.627362332659206819e-28 7.178701582102949007e-27 7.384997435790483142e-26 6.850027397730884712e-25 6.216908999866882988e-24 5.324210501706981082e-23 4.332423594815779292e-22 3.328413065435810922e-21 2.402359315976750580e-20 1.619393757715203083e-19 1.014171965037789219e-18 5.839945882593115710e-18 3.070198461596323821e-17 1.454818981406109684e-16 6.114328068979929733e-16 2.249819015630857314e-15 7.026208963816522892e-15 1.827363057270631531e-14 3.799110431432813506e-14 6.127112772417041667e-14 7.620726112555499315e-14 7.631022020606027885e-14 6.158237654359086254e-14 3.847383223026400831e-14 1.889465520759057437e-14 7.649941466083965438e-15 2.717350344004266836e-15 9.093268253077666929e-16 3.055887465808159999e-16 1.059803152309085266e-16 3.728085678927528526e-17 1.284696305958489888e-17 4.221770947136291077e-18 1.305400143264220687e-18 3.782466126222487376e-19 1.027774315922088795e-19 2.626089861713970585e-20 6.331516591073569082e-21 1.445535838233259581e-21 3.135795666128793866e-22 6.484088274348366638e-23 1.281829327784416453e-23 2.429505800733794595e-24 4.424402717490984339e-25 7.627265364186250459e-26 0.000000000000000000e+00
0.000000000000000000e+00 -4.590420571987363184e-32 7.997023259869158303e-31 4.746986158111314862e-30 7.641448140136780813e-29 6.423358404223220944e-28 6.904058212209546763e-27 6.219426303844819512e-26 5.636231438210952737e-25 4.779842809349559147e-24 3.854760567925150507e-23 2.938537827033728714e-22 2.102043523164997118e-21 1.404896886132619961e-20 8.724914231120976300e-20 4.978268919218717798e-19 2.594395213588584415e-18 1.218883292378291738e-17 5.069548421103724158e-17 1.852806917783415624e-16 5.720112817801323429e-16 1.479115180690181054e-15 3.053152601588669472e-15 4.898584997386256811e-15 6.090494439292332682e-15 6.108218808240671268e-15 4.952318503641476060e-15 3.137291325429201373e-15 1.588090116004487075e-15 6.818653468133243143e-16 2.681051787500352152e-16 1.037032075981938834e-16 4.081434565387881532e-17 1.611339184142060178e-17 6.168102242619190496e-18 2.230117935617125170e-18 7.522266894183615230e-19 2.360232725116180622e-19 6.901279186199701146e-20 1.887446365907359172e-20 4.848636001874858677e-21 1.174822263604425784e-21 2.695432415679809082e-22 5.876984831548947851e-23 1.221796966275252798e-23 2.429505800733795330e-24 4.634502157562768633e-25 8.501003878051387699e-26 1.477409485352331460e-26 0.000000000000000000e+00
0.000000000000000000e+00 -1.519152007671760252e-32 9.763518833887605373e-32 2.531057077599131000e-31 7.883447042220901811e-30 5.278181282982945450e-29 6.323595217838332348e-28 5.414055187521094649e-27 4.928016072510097500e-26 4.139488023824120076e-25 3.301271591440633198e-24 2.501115004147570172e-23 1.770696715123270090e-22 1.173667323697139059e-21 7.225469730130625273e-21 4.083392075667498671e-20 2.108905108013983670e-19 9.825736609176189862e-19 4.037888547327022195e-18 1.468832830406178063e-17 4.469407217261702863e-17 1.151672082903894127e-16 2.358747469763614853e-16 3.759680313615759273e-16 4.674505268945298657e-16 4.703613855505173922e-16 3.848175293085720056e-16 2.498627595230876587e-16 1.334036097697502857e-16 6.314839911027315061e-17 2.868730333649333375e-17 1.304044523492922245e-17 5.869477194243710445e-18 2.530181349243422073e-18 1.018221798394652352e-18 3.783098698917121756e-19 1.295837066336435773e-19 4.105203157021666611e-20 1.208683183121456289e-20 3.324543728283713929e-21 8.585004353472536752e-22 2.090785475189516571e-22 4.822029913899567103e-23 1.057146661488752191e-23 2.210728094494838855e-24 4.424402717490984339e-25 8.501003878051386551e-26 1.572159422143154367e-26 2.758155407562228446e-27 0.000000000000000000e+00
0.000000000000000000e+00 -3.423947476299642207e-33 1.323920576292567244e-32 -1.180429834694878500e-32 8.662929902530090437e-31 3.670709762181402198e-30 5.725348389016615437e-29 4.481216713524786433e-28 4.130978624607831867e-27 3.452862173816667641e-26 2.703969892113839815e-25 2.047358996924840211e-24 1.429290939102189617e-23 9.411260499502758883e-23 5.739399464147966211e-22 3.212249709802751119e-21 1.643714005185302155e-20 7.601333407922520284e-20 3.078487358018889279e-19 1.119329618897939289e-18 3.338573503014277896e-18 8.612946739103075782e-18 1.748387171664037518e-17 2.761127654867722019e-17 3.435740862038783312e-17 3.480865552872739105e-17 2.898691281888580920e-17 1.967782804398817867e-17 1.149088585142792018e-17 6.261993696218517089e-18 3.350520058672882856e-18 1.749744587296420765e-18 8.628964974447772825e-19 3.917831319233355276e-19 1.621701861577464344e-19 6.121847827941713843e-20 2.117908926214133841e-20 6.757639005381385216e-21 2.001321307246986729e-21 5.534048139250084237e-22 1.436437917075695517e-22 3.516555534877739592e-23 8.154473083426374460e-24 1.798126870548867724e-24 3.784191740744651231e-25 7.627265364186252754e-26 1.477409485352331173e-26 2.758155407562228805e-27 4.894574623983735516e-28 0.000000000000000000e+00
0.000000000000000000e+00 0.000000000000000000e+00 0.000000000000000000e+00 0.000000000000000000e+00 0.000000000000000000e+00 0.000000000000000000e+00 0.000000000000000000e+00 0.000000000000000000e+00 0.000000000000000000e+00 0.000000000000000000e+00 0.000000000000000000e+00 0.000000000000000000e+00 0.000000000000000000e+00 0.000000000000000000e+00 0.000000000000000000e+00 0.000000000000000000e+00 0.000000000000000000e+00 0.000000000000000000e+00 0.000000000000000000e+00 0.000000000000000000e+00 0.000000000000000000e+00 0.000000000000000000e+00 0.000000000000000000e+00 0.000000000000000000e+00 0.000000000000000000e+00 0.000000000000000000e+00 0.000000000000000000e+00 0.000000000000000000e+00 0.000000000000000000e+00 0.000000000000000000e+00 0.000000000000000000e+00 0.000000000000000000e+00 0.000000000000000000e+00 0.000000000000000000e+00 0.000000000000000000e+00 0.000000000000000000e+00 0.000000000000000000e+00 0.000000000000000000e+00 0.000000000000000000e+00 0.000000000000000000e+00 0.000000000000000000e+00 0.000000000000000000e+00 0.000000000000000000e+00 0.000000000000000000e+00 0.000000000000000000e+00 0.000000000000000000e+00 0.000000000000000000e+00 0.000000000000000000e+00 0.000000000000000000e+00 0.000000000000000000e+00
